ExampleFiles/niche_identity/models/ENFA/normalized_grids/Anolis_chlorocyanus.asc
ncols        743
nrows        319
xllcorner    -74.500956448335
yllcorner    17.448920549066
cellsize     0.008333333333
NODATA_value  -9999
[rows 184 to 206 of 318, columns 676 to 727 of 743]
2.55175022058e-05 2.58286912571e-05 2.58286912571e-05 2.60361506246e-05 2.55175022058e-05 2.55175022058e-05 2.55175022058e-05 2.55175022058e-05 2.57249615733e-05 2.58286912571e-05 2.58286912571e-05 2.55175022058e-05 2.56212318896e-05 2.55175022058e-05 2.55175022058e-05 2.55175022058e-05 2.55175022058e-05 2.51025834708e-05 2.51025834708e-05 2.39615569494e-05 2.37540975818e-05 2.29242601117e-05 2.42727460007e-05 2.47913944195e-05 2.43764756844e-05 2.37540975818e-05 2.30279897955e-05 2.17832335903e-05 2.08496664365e-05 2.19906929579e-05 2.18869632741e-05 2.12645851715e-05 2.16795039066e-05 2.04347477014e-05 2.08496664365e-05 1.96049102313e-05 1.80489649748e-05 1.99160992826e-05 1.96049102313e-05 1.96049102313e-05 2.16795039066e-05 1.97086399151e-05 1.5351993197e-05 1.54557228808e-05 1.76340462398e-05 2.1472044539e-05 1.32773995217e-05 1.37960479405e-05 1.73228571885e-05 1.7115397821e-05 1.52482635132e-05 1.09953464789e-05
2.58286912571e-05 2.55175022058e-05 2.59324209409e-05 2.58286912571e-05 2.55175022058e-05 2.55175022058e-05 2.55175022058e-05 2.4998853787e-05 2.55175022058e-05 2.55175022058e-05 2.58286912571e-05 2.57249615733e-05 2.55175022058e-05 2.55175022058e-05 2.51025834708e-05 2.54137725221e-05 2.54137725221e-05 2.54137725221e-05 2.41690163169e-05 2.51025834708e-05 2.4998853787e-05 2.37540975818e-05 2.29242601117e-05 2.37540975818e-05 2.29242601117e-05 2.43764756844e-05 2.37540975818e-05 2.25093413767e-05 2.20944226416e-05 2.26130710604e-05 2.12645851715e-05 2.19906929579e-05 2.16795039066e-05 2.1472044539e-05 1.97086399151e-05 1.8878802445e-05 1.8878802445e-05 1.7530316556e-05 2.04347477014e-05 1.8878802445e-05 2.07459367527e-05 2.12645851715e-05 1.95011805475e-05 1.52482635132e-05 1.54557228808e-05 1.67004790859e-05 2.04347477014e-05 1.29662104704e-05 1.47296150944e-05 1.25512917354e-05 1.29662104704e-05 1.13065355302e-05
2.57249615733e-05 2.55175022058e-05 2.51025834708e-05 2.58286912571e-05 2.47913944195e-05 2.55175022058e-05 2.55175022058e-05 2.57249615733e-05 2.55175022058e-05 2.57249615733e-05 2.55175022058e-05 2.55175022058e-05 2.55175022058e-05 2.55175022058e-05 2.55175022058e-05 2.55175022058e-05 2.55175022058e-05 2.53100428383e-05 2.51025834708e-05 2.51025834708e-05 2.47913944195e-05 2.4998853787e-05 2.40652866331e-05 2.34429085305e-05 2.17832335903e-05 2.16795039066e-05 2.29242601117e-05 2.30279897955e-05 2.37540975818e-05 2.26130710604e-05 2.26130710604e-05 2.08496664365e-05 2.25093413767e-05 2.25093413767e-05 2.12645851715e-05 1.98123695988e-05 2.26130710604e-05 2.16795039066e-05 2.02272883339e-05 1.70116681372e-05 1.82564243424e-05 2.1057125804e-05 1.95011805475e-05 1.7530316556e-05 1.76340462398e-05 1.54557228808e-05 2.07459367527e-05 1.54557228808e-05 1.61818306671e-05 1.61818306671e-05 9.02448248742e-06 1.20326433166e-05
2.51025834708e-05 2.55175022058e-05 2.4998853787e-05 2.55175022058e-05 2.55175022058e-05 2.55175022058e-05 2.55175022058e-05 2.57249615733e-05 2.56212318896e-05 2.55175022058e-05 2.55175022058e-05 2.56212318896e-05 2.55175022058e-05 2.55175022058e-05 2.55175022058e-05 2.55175022058e-05 2.55175022058e-05 2.54137725221e-05 2.51025834708e-05 2.42727460007e-05 2.42727460007e-05 2.39615569494e-05 2.41690163169e-05 2.43764756844e-05 2.37540975818e-05 2.15757742228e-05 2.16795039066e-05 2.26130710604e-05 2.37540975818e-05 2.30279897955e-05 2.19906929579e-05 2.12645851715e-05 1.929372118e-05 2.16795039066e-05 2.26130710604e-05 2.15757742228e-05 2.02272883339e-05 1.73228571885e-05 2.12645851715e-05 1.98123695988e-05 1.93974508638e-05 1.76340462398e-05 1.99160992826e-05 1.74265868723e-05 1.96049102313e-05 1.42109666756e-05 1.54557228808e-05 1.7115397821e-05 1.12028058465e-05 1.12028058465e-05 7.98718564979e-06 1.09953464789e-05
2.54137725221e-05 2.55175022058e-05 2.55175022058e-05 2.58286912571e-05 2.57249615733e-05 2.55175022058e-05 2.58286912571e-05 2.56212318896e-05 2.58286912571e-05 2.55175022058e-05 2.55175022058e-05 2.55175022058e-05 2.55175022058e-05 2.55175022058e-05 2.55175022058e-05 2.55175022058e-05 2.51025834708e-05 2.51025834708e-05 2.51025834708e-05 2.41690163169e-05 2.46876647357e-05 2.20944226416e-05 2.39615569494e-05 2.41690163169e-05 2.37540975818e-05 2.30279897955e-05 2.26130710604e-05 2.12645851715e-05 2.1472044539e-05 2.17832335903e-05 2.38578272656e-05 2.30279897955e-05 2.12645851715e-05 2.16795039066e-05 2.07459367527e-05 1.98123695988e-05 2.12645851715e-05 2.15757742228e-05 1.76340462398e-05 1.72191275047e-05 1.99160992826e-05 1.79452352911e-05 1.82564243424e-05 2.16795039066e-05 1.62855603509e-05 1.5351993197e-05 1.43146963594e-05 1.70116681372e-05 8.40210438484e-06 8.71329343613e-06 1.1825183949e-05 8.92075280366e-06
2.57249615733e-05 2.57249615733e-05 2.51025834708e-05 2.58286912571e-05 2.57249615733e-05 2.58286912571e-05 2.58286912571e-05 2.58286912571e-05 2.58286912571e-05 2.58286912571e-05 2.55175022058e-05 2.55175022058e-05 2.55175022058e-05 2.55175022058e-05 2.55175022058e-05 2.55175022058e-05 2.52063131545e-05 2.45839350519e-05 2.43764756844e-05 2.51025834708e-05 2.43764756844e-05 2.39615569494e-05 2.29242601117e-05 2.37540975818e-05 2.34429085305e-05 2.30279897955e-05 2.38578272656e-05 2.30279897955e-05 2.26130710604e-05 2.16795039066e-05 2.12645851715e-05 2.37540975818e-05 2.25093413767e-05 2.15757742228e-05 2.08496664365e-05 1.97086399151e-05 2.02272883339e-05 1.79452352911e-05 2.02272883339e-05 1.929372118e-05 1.43146963594e-05 1.77377759236e-05 1.54557228808e-05 1.929372118e-05 2.12645851715e-05 1.93974508638e-05 1.26550214191e-05 1.50408041457e-05 1.34848588893e-05 1.01655090088e-05 1.03729683763e-05 9.02448248742e-06
2.60361506246e-05 2.58286912571e-05 2.51025834708e-05 2.55175022058e-05 2.58286912571e-05 2.55175022058e-05 2.58286912571e-05 2.55175022058e-05 2.58286912571e-05 2.55175022058e-05 2.55175022058e-05 2.55175022058e-05 2.55175022058e-05 2.54137725221e-05 2.55175022058e-05 2.54137725221e-05 2.4998853787e-05 2.41690163169e-05 2.42727460007e-05 2.43764756844e-05 2.45839350519e-05 2.46876647357e-05 2.42727460007e-05 2.30279897955e-05 2.26130710604e-05 2.17832335903e-05 2.23018820091e-05 2.30279897955e-05 2.19906929579e-05 2.29242601117e-05 2.04347477014e-05 2.29242601117e-05 2.17832335903e-05 2.25093413767e-05 2.16795039066e-05 1.97086399151e-05 2.23018820091e-05 1.95011805475e-05 2.00198289664e-05 1.78415056073e-05 2.02272883339e-05 1.44184260431e-05 1.76340462398e-05 1.40035073081e-05 1.7530316556e-05 2.02272883339e-05 1.52482635132e-05 1.65967494022e-05 1.3588588573e-05 1.02692386926e-05 9.02448248742e-06 1.19289136328e-05
2.58286912571e-05 2.55175022058e-05 2.55175022058e-05 2.58286912571e-05 2.57249615733e-05 2.58286912571e-05 2.58286912571e-05 2.55175022058e-05 2.57249615733e-05 2.55175022058e-05 2.55175022058e-05 2.55175022058e-05 2.55175022058e-05 2.55175022058e-05 2.55175022058e-05 2.53100428383e-05 2.51025834708e-05 2.47913944195e-05 2.37540975818e-05 2.38578272656e-05 2.37540975818e-05 2.38578272656e-05 2.37540975818e-05 2.30279897955e-05 2.31317194793e-05 2.25093413767e-05 2.25093413767e-05 2.15757742228e-05 2.30279897955e-05 2.29242601117e-05 2.29242601117e-05 2.15757742228e-05 2.12645851715e-05 2.25093413767e-05 2.08496664365e-05 2.20944226416e-05 2.19906929579e-05 1.87750727612e-05 1.70116681372e-05 2.08496664365e-05 1.76340462398e-05 1.76340462398e-05 1.43146963594e-05 1.7530316556e-05 2.02272883339e-05 1.7530316556e-05 2.04347477014e-05 1.82564243424e-05 1.26550214191e-05 1.56631822483e-05 1.22401026841e-05 1.23438323679e-05
2.55175022058e-05 2.55175022058e-05 2.55175022058e-05 2.57249615733e-05 2.58286912571e-05 2.58286912571e-05 2.58286912571e-05 2.55175022058e-05 2.56212318896e-05 2.55175022058e-05 2.55175022058e-05 2.55175022058e-05 2.55175022058e-05 2.55175022058e-05 2.55175022058e-05 2.55175022058e-05 2.4998853787e-05 2.40652866331e-05 2.33391788468e-05 2.37540975818e-05 2.37540975818e-05 2.30279897955e-05 2.37540975818e-05 2.30279897955e-05 2.2820530428e-05 2.39615569494e-05 2.37540975818e-05 2.19906929579e-05 2.17832335903e-05 2.23018820091e-05 2.2820530428e-05 2.25093413767e-05 2.25093413767e-05 2.02272883339e-05 2.1472044539e-05 2.04347477014e-05 2.1472044539e-05 1.99160992826e-05 2.1472044539e-05 1.76340462398e-05 1.54557228808e-05 1.7530316556e-05 1.15139948977e-05 1.67004790859e-05 1.51445338295e-05 1.70116681372e-05 1.76340462398e-05 1.72191275047e-05 1.29662104704e-05 1.70116681372e-05 1.59743712996e-05 1.21363730003e-05
2.55175022058e-05 2.55175022058e-05 2.55175022058e-05 2.58286912571e-05 2.58286912571e-05 2.58286912571e-05 2.58286912571e-05 2.57249615733e-05 2.56212318896e-05 2.55175022058e-05 2.55175022058e-05 2.51025834708e-05 2.54137725221e-05 2.55175022058e-05 2.55175022058e-05 2.51025834708e-05 2.46876647357e-05 2.43764756844e-05 2.51025834708e-05 2.38578272656e-05 2.42727460007e-05 2.30279897955e-05 2.19906929579e-05 2.17832335903e-05 2.16795039066e-05 2.25093413767e-05 2.23018820091e-05 2.16795039066e-05 2.29242601117e-05 2.15757742228e-05 2.19906929579e-05 2.23018820091e-05 2.25093413767e-05 2.12645851715e-05 2.08496664365e-05 2.04347477014e-05 2.02272883339e-05 2.19906929579e-05 2.07459367527e-05 2.07459367527e-05 1.74265868723e-05 1.70116681372e-05 1.98123695988e-05 1.7530316556e-05 1.61818306671e-05 1.73228571885e-05 1.98123695988e-05 1.77377759236e-05 1.00617793251e-05 1.28624807867e-05 1.48333447782e-05 1.03729683763e-05
2.51025834708e-05 2.56212318896e-05 2.55175022058e-05 2.55175022058e-05 2.57249615733e-05 2.55175022058e-05 2.55175022058e-05 2.56212318896e-05 2.56212318896e-05 2.55175022058e-05 2.55175022058e-05 2.47913944195e-05 2.51025834708e-05 2.51025834708e-05 2.52063131545e-05 2.47913944195e-05 2.29242601117e-05 2.51025834708e-05 2.51025834708e-05 2.42727460007e-05 2.29242601117e-05 2.37540975818e-05 2.29242601117e-05 2.20944226416e-05 2.30279897955e-05 2.17832335903e-05 2.16795039066e-05 2.17832335903e-05 2.12645851715e-05 2.25093413767e-05 2.07459367527e-05 2.25093413767e-05 2.25093413767e-05 2.25093413767e-05 2.16795039066e-05 2.12645851715e-05 1.98123695988e-05 2.01235586501e-05 2.12645851715e-05 2.15757742228e-05 2.04347477014e-05 1.59743712996e-05 1.76340462398e-05 2.12645851715e-05 2.05384773852e-05 2.00198289664e-05 1.47296150944e-05 1.42109666756e-05 1.26550214191e-05 1.32773995217e-05 1.45221557269e-05 9.02448248742e-06
2.58286912571e-05 2.58286912571e-05 2.57249615733e-05 2.58286912571e-05 2.57249615733e-05 2.55175022058e-05 2.56212318896e-05 2.55175022058e-05 2.55175022058e-05 2.55175022058e-05 2.51025834708e-05 2.54137725221e-05 2.55175022058e-05 2.54137725221e-05 2.42727460007e-05 2.39615569494e-05 2.46876647357e-05 2.51025834708e-05 2.37540975818e-05 2.40652866331e-05 2.37540975818e-05 2.40652866331e-05 2.19906929579e-05 2.29242601117e-05 2.23018820091e-05 2.26130710604e-05 2.19906929579e-05 2.17832335903e-05 2.12645851715e-05 2.16795039066e-05 2.17832335903e-05 2.12645851715e-05 2.08496664365e-05 2.17832335903e-05 2.08496664365e-05 2.16795039066e-05 1.87750727612e-05 1.76340462398e-05 2.12645851715e-05 2.1057125804e-05 2.1472044539e-05 2.02272883339e-05 1.54557228808e-05 1.58706416158e-05 2.16795039066e-05 2.02272883339e-05 1.95011805475e-05 1.54557228808e-05 1.7115397821e-05 1.15139948977e-05 1.73228571885e-05 9.33567153871e-06
2.55175022058e-05 2.58286912571e-05 2.58286912571e-05 2.57249615733e-05 2.55175022058e-05 2.55175022058e-05 2.55175022058e-05 2.55175022058e-05 2.55175022058e-05 2.55175022058e-05 2.55175022058e-05 2.51025834708e-05 2.51025834708e-05 2.43764756844e-05 2.4998853787e-05 2.51025834708e-05 2.55175022058e-05 2.51025834708e-05 2.42727460007e-05 2.37540975818e-05 2.42727460007e-05 2.41690163169e-05 2.37540975818e-05 2.29242601117e-05 2.26130710604e-05 2.26130710604e-05 2.26130710604e-05 2.23018820091e-05 2.12645851715e-05 2.04347477014e-05 2.20944226416e-05 2.25093413767e-05 2.16795039066e-05 1.99160992826e-05 2.1057125804e-05 2.16795039066e-05 2.1472044539e-05 1.73228571885e-05 1.7530316556e-05 2.12645851715e-05 1.70116681372e-05 1.86713430774e-05 1.62855603509e-05 1.54557228808e-05 1.73228571885e-05 2.00198289664e-05 2.08496664365e-05 1.70116681372e-05 1.54557228808e-05 1.7115397821e-05 1.73228571885e-05 8.29837470108e-06
2.55175022058e-05 2.55175022058e-05 2.51025834708e-05 2.55175022058e-05 2.56212318896e-05 2.55175022058e-05 2.55175022058e-05 2.55175022058e-05 2.55175022058e-05 2.55175022058e-05 2.55175022058e-05 2.55175022058e-05 2.54137725221e-05 2.51025834708e-05 2.51025834708e-05 2.53100428383e-05 2.55175022058e-05 2.43764756844e-05 2.42727460007e-05 2.39615569494e-05 2.30279897955e-05 2.39615569494e-05 2.37540975818e-05 2.37540975818e-05 2.41690163169e-05 2.18869632741e-05 2.25093413767e-05 2.25093413767e-05 2.30279897955e-05 2.02272883339e-05 2.04347477014e-05 2.12645851715e-05 2.02272883339e-05 2.29242601117e-05 1.99160992826e-05 1.99160992826e-05 2.05384773852e-05 2.02272883339e-05 1.96049102313e-05 1.82564243424e-05 1.72191275047e-05 2.1472044539e-05 1.5351993197e-05 1.70116681372e-05 1.28624807867e-05 1.7530316556e-05 2.08496664365e-05 1.58706416158e-05 1.40035073081e-05 1.03729683763e-05 1.61818306671e-05 1.52482635132e-05
2.55175022058e-05 2.55175022058e-05 2.55175022058e-05 2.55175022058e-05 2.55175022058e-05 2.55175022058e-05 2.55175022058e-05 2.55175022058e-05 2.55175022058e-05 2.55175022058e-05 2.55175022058e-05 2.55175022058e-05 2.52063131545e-05 2.47913944195e-05 2.51025834708e-05 2.55175022058e-05 2.55175022058e-05 2.55175022058e-05 2.46876647357e-05 2.42727460007e-05 2.26130710604e-05 2.25093413767e-05 2.26130710604e-05 2.40652866331e-05 2.31317194793e-05 2.29242601117e-05 2.16795039066e-05 2.25093413767e-05 2.30279897955e-05 2.25093413767e-05 2.30279897955e-05 2.04347477014e-05 2.1472044539e-05 2.29242601117e-05 1.98123695988e-05 1.7115397821e-05 2.13683148553e-05 2.16795039066e-05 1.76340462398e-05 1.58706416158e-05 2.16795039066e-05 1.96049102313e-05 1.93974508638e-05 1.44184260431e-05 1.06841574276e-05 1.73228571885e-05 1.76340462398e-05 1.55594525645e-05 1.42109666756e-05 1.23438323679e-05 1.37960479405e-05 1.58706416158e-05
2.51025834708e-05 2.53100428383e-05 2.55175022058e-05 2.54137725221e-05 2.54137725221e-05 2.54137725221e-05 2.4998853787e-05 2.51025834708e-05 2.51025834708e-05 2.51025834708e-05 2.51025834708e-05 2.51025834708e-05 2.53100428383e-05 2.55175022058e-05 2.51025834708e-05 2.51025834708e-05 2.47913944195e-05 2.47913944195e-05 2.37540975818e-05 2.51025834708e-05 2.33391788468e-05 2.25093413767e-05 2.30279897955e-05 2.29242601117e-05 2.25093413767e-05 2.37540975818e-05 2.37540975818e-05 2.25093413767e-05 2.16795039066e-05 2.16795039066e-05 2.29242601117e-05 2.26130710604e-05 1.96049102313e-05 2.29242601117e-05 2.29242601117e-05 1.93974508638e-05 1.74265868723e-05 2.1472044539e-05 2.00198289664e-05 1.63892900346e-05 1.43146963594e-05 1.37960479405e-05 2.06422070689e-05 1.7530316556e-05 1.54557228808e-05 1.61818306671e-05 1.37960479405e-05 1.7115397821e-05 1.42109666756e-05 9.33567153871e-06 1.5351993197e-05 1.32773995217e-05
2.43764756844e-05 2.39615569494e-05 2.51025834708e-05 2.51025834708e-05 2.51025834708e-05 2.4998853787e-05 2.45839350519e-05 2.43764756844e-05 2.43764756844e-05 2.51025834708e-05 2.51025834708e-05 2.51025834708e-05 2.51025834708e-05 2.51025834708e-05 2.46876647357e-05 2.51025834708e-05 2.51025834708e-05 2.51025834708e-05 2.41690163169e-05 2.51025834708e-05 2.51025834708e-05 2.40652866331e-05 2.30279897955e-05 2.16795039066e-05 2.29242601117e-05 2.29242601117e-05 2.30279897955e-05 2.2820530428e-05 2.12645851715e-05 2.25093413767e-05 2.25093413767e-05 2.30279897955e-05 2.27168007442e-05 2.05384773852e-05 2.29242601117e-05 2.30279897955e-05 2.29242601117e-05 2.02272883339e-05 2.13683148553e-05 2.02272883339e-05 1.3588588573e-05 1.5351993197e-05 1.5351993197e-05 1.5351993197e-05 1.12028058465e-05 1.28624807867e-05 1.61818306671e-05 1.42109666756e-05 1.29662104704e-05 1.72191275047e-05 1.04766980601e-05 1.70116681372e-05
2.41690163169e-05 2.39615569494e-05 2.43764756844e-05 2.51025834708e-05 2.51025834708e-05 2.51025834708e-05 2.39615569494e-05 2.42727460007e-05 2.42727460007e-05 2.42727460007e-05 2.39615569494e-05 2.51025834708e-05 2.47913944195e-05 2.45839350519e-05 2.42727460007e-05 2.51025834708e-05 2.39615569494e-05 2.51025834708e-05 2.42727460007e-05 2.43764756844e-05 2.51025834708e-05 2.37540975818e-05 2.47913944195e-05 2.30279897955e-05 2.17832335903e-05 2.19906929579e-05 2.25093413767e-05 2.37540975818e-05 2.29242601117e-05 2.17832335903e-05 2.16795039066e-05 2.25093413767e-05 2.30279897955e-05 2.17832335903e-05 1.96049102313e-05 2.16795039066e-05 2.30279897955e-05 2.1472044539e-05 2.02272883339e-05 2.19906929579e-05 2.16795039066e-05 1.62855603509e-05 1.74265868723e-05 2.04347477014e-05 1.67004790859e-05 1.70116681372e-05 1.30699401542e-05 1.52482635132e-05 9.54313090624e-06 1.29662104704e-05 1.29662104704e-05 -9999
2.39615569494e-05 2.37540975818e-05 2.41690163169e-05 2.51025834708e-05 2.43764756844e-05 2.43764756844e-05 2.39615569494e-05 2.29242601117e-05 2.30279897955e-05 2.40652866331e-05 2.40652866331e-05 2.45839350519e-05 2.40652866331e-05 2.43764756844e-05 2.51025834708e-05 2.38578272656e-05 2.37540975818e-05 2.51025834708e-05 2.51025834708e-05 2.51025834708e-05 2.51025834708e-05 2.51025834708e-05 2.37540975818e-05 2.25093413767e-05 2.29242601117e-05 2.20944226416e-05 2.08496664365e-05 2.25093413767e-05 2.40652866331e-05 2.19906929579e-05 2.1472044539e-05 2.29242601117e-05 2.16795039066e-05 2.2820530428e-05 2.16795039066e-05 2.15757742228e-05 2.09533961202e-05 2.26130710604e-05 1.79452352911e-05 2.02272883339e-05 1.82564243424e-05 1.95011805475e-05 1.7115397821e-05 1.52482635132e-05 1.97086399151e-05 1.89825321287e-05 1.73228571885e-05 1.3588588573e-05 1.29662104704e-05 8.60956375237e-06 4.97902482065e-06 -9999
2.43764756844e-05 2.43764756844e-05 2.45839350519e-05 2.46876647357e-05 2.41690163169e-05 2.41690163169e-05 2.37540975818e-05 2.31317194793e-05 2.25093413767e-05 2.29242601117e-05 2.37540975818e-05 2.37540975818e-05 2.42727460007e-05 2.37540975818e-05 2.40652866331e-05 2.41690163169e-05 2.41690163169e-05 2.42727460007e-05 2.42727460007e-05 2.41690163169e-05 2.51025834708e-05 2.46876647357e-05 2.37540975818e-05 2.39615569494e-05 2.29242601117e-05 2.07459367527e-05 2.1472044539e-05 2.26130710604e-05 2.16795039066e-05 2.17832335903e-05 2.12645851715e-05 2.02272883339e-05 2.12645851715e-05 2.12645851715e-05 2.04347477014e-05 2.16795039066e-05 1.90862618125e-05 2.16795039066e-05 1.80489649748e-05 1.99160992826e-05 2.02272883339e-05 1.72191275047e-05 2.19906929579e-05 2.16795039066e-05 2.12645851715e-05 1.72191275047e-05 1.29662104704e-05 2.07459367527e-05 7.98718564979e-06 6.43124039334e-06 -9999 -9999
2.37540975818e-05 2.40652866331e-05 2.41690163169e-05 2.37540975818e-05 2.39615569494e-05 2.30279897955e-05 2.37540975818e-05 2.38578272656e-05 2.18869632741e-05 2.37540975818e-05 2.34429085305e-05 2.38578272656e-05 2.29242601117e-05 2.37540975818e-05 2.37540975818e-05 2.41690163169e-05 2.45839350519e-05 2.51025834708e-05 2.51025834708e-05 2.26130710604e-05 2.31317194793e-05 2.35466382143e-05 2.37540975818e-05 2.30279897955e-05 2.25093413767e-05 2.23018820091e-05 2.00198289664e-05 2.20944226416e-05 2.26130710604e-05 2.15757742228e-05 2.12645851715e-05 2.12645851715e-05 2.20944226416e-05 2.02272883339e-05 2.19906929579e-05 1.96049102313e-05 2.09533961202e-05 2.08496664365e-05 2.16795039066e-05 1.61818306671e-05 2.02272883339e-05 1.5351993197e-05 1.73228571885e-05 2.18869632741e-05 1.77377759236e-05 1.37960479405e-05 1.42109666756e-05 1.7530316556e-05 1.21363730003e-05 9.54313090624e-06 -9999 -9999
2.29242601117e-05 2.2820530428e-05 2.20944226416e-05 2.2820530428e-05 2.38578272656e-05 2.37540975818e-05 2.31317194793e-05 2.30279897955e-05 2.29242601117e-05 2.30279897955e-05 2.30279897955e-05 2.15757742228e-05 2.29242601117e-05 2.25093413767e-05 2.29242601117e-05 2.37540975818e-05 2.37540975818e-05 2.41690163169e-05 2.42727460007e-05 2.39615569494e-05 2.26130710604e-05 2.38578272656e-05 2.43764756844e-05 2.37540975818e-05 2.17832335903e-05 1.99160992826e-05 1.929372118e-05 2.08496664365e-05 2.16795039066e-05 1.99160992826e-05 2.12645851715e-05 2.1472044539e-05 2.02272883339e-05 2.16795039066e-05 2.16795039066e-05 1.96049102313e-05 1.90862618125e-05 2.00198289664e-05 2.09533961202e-05 1.5351993197e-05 1.42109666756e-05 1.97086399151e-05 1.5351993197e-05 1.98123695988e-05 1.82564243424e-05 1.40035073081e-05 1.63892900346e-05 1.54557228808e-05 1.7115397821e-05 7.77972628226e-06 -9999 -9999
2.12645851715e-05 2.17832335903e-05 2.23018820091e-05 2.31317194793e-05 2.30279897955e-05 2.30279897955e-05 2.23018820091e-05 2.25093413767e-05 2.07459367527e-05 2.21981523254e-05 2.12645851715e-05 2.25093413767e-05 2.25093413767e-05 2.37540975818e-05 2.26130710604e-05 2.2820530428e-05 2.33391788468e-05 2.41690163169e-05 2.42727460007e-05 2.43764756844e-05 2.37540975818e-05 2.25093413767e-05 2.37540975818e-05 2.05384773852e-05 2.16795039066e-05 2.23018820091e-05 2.17832335903e-05 2.04347477014e-05 2.29242601117e-05 2.29242601117e-05 2.02272883339e-05 2.1057125804e-05 2.12645851715e-05 1.84638837099e-05 2.09533961202e-05 1.72191275047e-05 2.04347477014e-05 2.15757742228e-05 2.00198289664e-05 2.12645851715e-05 2.07459367527e-05 1.47296150944e-05 1.7530316556e-05 1.40035073081e-05 2.16795039066e-05 2.02272883339e-05 1.46258854107e-05 1.84638837099e-05 1.67004790859e-05 8.60956375237e-06 -9999 -9999
