ExampleFiles/niche_identity/models/ENFA/normalized_grids/Anolis_chlorocyanus.asc
ncols        743
nrows        319
xllcorner    -74.500956448335
yllcorner    17.448920549066
cellsize     0.008333333333
NODATA_value  -9999
[rows 161 to 183 of 318, columns 624 to 675 of 743]
2.17832335903e-05 2.30279897955e-05 2.25093413767e-05 2.26130710604e-05 2.04347477014e-05 2.25093413767e-05 2.04347477014e-05 2.01235586501e-05 1.929372118e-05 2.41690163169e-05 2.26130710604e-05 2.30279897955e-05 2.42727460007e-05 2.39615569494e-05 2.19906929579e-05 2.42727460007e-05 2.47913944195e-05 2.47913944195e-05 2.51025834708e-05 2.42727460007e-05 2.51025834708e-05 2.55175022058e-05 2.55175022058e-05 2.55175022058e-05 2.55175022058e-05 2.57249615733e-05 2.55175022058e-05 2.58286912571e-05 2.58286912571e-05 2.55175022058e-05 2.58286912571e-05 2.58286912571e-05 2.58286912571e-05 2.58286912571e-05 2.55175022058e-05 2.55175022058e-05 2.55175022058e-05 2.55175022058e-05 2.55175022058e-05 2.15757742228e-05 2.17832335903e-05 2.37540975818e-05 2.30279897955e-05 2.45839350519e-05 2.55175022058e-05 2.58286912571e-05 2.39615569494e-05 2.51025834708e-05 2.58286912571e-05 2.51025834708e-05 2.41690163169e-05 2.37540975818e-05
2.20944226416e-05 2.2820530428e-05 2.16795039066e-05 2.15757742228e-05 2.30279897955e-05 2.00198289664e-05 1.76340462398e-05 2.08496664365e-05 2.1057125804e-05 2.17832335903e-05 2.16795039066e-05 2.26130710604e-05 2.25093413767e-05 2.43764756844e-05 2.45839350519e-05 2.51025834708e-05 2.55175022058e-05 2.54137725221e-05 2.55175022058e-05 2.52063131545e-05 2.47913944195e-05 2.51025834708e-05 2.51025834708e-05 2.44802053682e-05 2.42727460007e-05 2.58286912571e-05 2.57249615733e-05 2.58286912571e-05 2.57249615733e-05 2.57249615733e-05 2.55175022058e-05 2.55175022058e-05 2.55175022058e-05 2.58286912571e-05 2.56212318896e-05 2.58286912571e-05 2.55175022058e-05 2.41690163169e-05 2.39615569494e-05 1.7530316556e-05 2.29242601117e-05 2.30279897955e-05 2.51025834708e-05 2.43764756844e-05 2.30279897955e-05 2.37540975818e-05 2.51025834708e-05 2.51025834708e-05 2.57249615733e-05 2.42727460007e-05 2.30279897955e-05 1.98123695988e-05
2.16795039066e-05 2.20944226416e-05 2.29242601117e-05 2.23018820091e-05 2.16795039066e-05 2.25093413767e-05 2.04347477014e-05 2.07459367527e-05 2.20944226416e-05 2.19906929579e-05 2.39615569494e-05 2.37540975818e-05 2.23018820091e-05 2.41690163169e-05 2.38578272656e-05 2.51025834708e-05 2.51025834708e-05 2.42727460007e-05 2.41690163169e-05 2.55175022058e-05 2.51025834708e-05 2.40652866331e-05 2.54137725221e-05 2.51025834708e-05 2.55175022058e-05 2.55175022058e-05 2.55175022058e-05 2.55175022058e-05 2.42727460007e-05 2.58286912571e-05 2.57249615733e-05 2.58286912571e-05 2.55175022058e-05 2.55175022058e-05 2.58286912571e-05 2.39615569494e-05 2.37540975818e-05 2.56212318896e-05 2.2820530428e-05 2.25093413767e-05 1.72191275047e-05 2.55175022058e-05 2.47913944195e-05 2.58286912571e-05 2.43764756844e-05 2.47913944195e-05 2.58286912571e-05 2.41690163169e-05 2.54137725221e-05 2.43764756844e-05 2.19906929579e-05 2.25093413767e-05
2.2820530428e-05 2.37540975818e-05 2.37540975818e-05 2.25093413767e-05 2.23018820091e-05 2.07459367527e-05 2.09533961202e-05 2.08496664365e-05 2.26130710604e-05 2.30279897955e-05 2.30279897955e-05 2.30279897955e-05 2.25093413767e-05 2.43764756844e-05 2.42727460007e-05 2.4998853787e-05 2.51025834708e-05 2.55175022058e-05 2.55175022058e-05 2.51025834708e-05 2.54137725221e-05 2.51025834708e-05 2.51025834708e-05 2.43764756844e-05 2.51025834708e-05 2.51025834708e-05 2.55175022058e-05 2.43764756844e-05 2.38578272656e-05 2.55175022058e-05 2.55175022058e-05 2.51025834708e-05 2.55175022058e-05 2.58286912571e-05 2.55175022058e-05 2.37540975818e-05 2.42727460007e-05 2.4998853787e-05 2.26130710604e-05 2.51025834708e-05 2.26130710604e-05 2.31317194793e-05 2.55175022058e-05 2.58286912571e-05 2.58286912571e-05 2.58286912571e-05 2.58286912571e-05 2.46876647357e-05 2.51025834708e-05 2.46876647357e-05 2.54137725221e-05 2.41690163169e-05
2.39615569494e-05 2.37540975818e-05 2.41690163169e-05 2.23018820091e-05 2.41690163169e-05 2.16795039066e-05 2.17832335903e-05 2.42727460007e-05 2.42727460007e-05 2.37540975818e-05 2.37540975818e-05 2.43764756844e-05 2.37540975818e-05 2.4998853787e-05 2.51025834708e-05 2.43764756844e-05 2.51025834708e-05 2.55175022058e-05 2.51025834708e-05 2.54137725221e-05 2.55175022058e-05 2.55175022058e-05 2.56212318896e-05 2.51025834708e-05 2.43764756844e-05 2.42727460007e-05 2.55175022058e-05 2.51025834708e-05 2.51025834708e-05 2.55175022058e-05 2.55175022058e-05 2.58286912571e-05 2.58286912571e-05 2.55175022058e-05 2.58286912571e-05 2.41690163169e-05 2.29242601117e-05 2.39615569494e-05 2.55175022058e-05 2.57249615733e-05 2.31317194793e-05 2.15757742228e-05 2.39615569494e-05 2.51025834708e-05 2.56212318896e-05 2.55175022058e-05 2.45839350519e-05 2.58286912571e-05 2.04347477014e-05 2.42727460007e-05 2.4998853787e-05 2.51025834708e-05
2.51025834708e-05 2.40652866331e-05 2.51025834708e-05 2.45839350519e-05 2.45839350519e-05 2.41690163169e-05 2.31317194793e-05 2.37540975818e-05 2.31317194793e-05 2.51025834708e-05 2.39615569494e-05 2.41690163169e-05 2.42727460007e-05 2.37540975818e-05 2.41690163169e-05 2.51025834708e-05 2.51025834708e-05 2.55175022058e-05 2.55175022058e-05 2.54137725221e-05 2.40652866331e-05 2.2820530428e-05 2.55175022058e-05 2.44802053682e-05 2.58286912571e-05 2.43764756844e-05 2.55175022058e-05 2.47913944195e-05 2.58286912571e-05 2.51025834708e-05 2.40652866331e-05 2.4998853787e-05 2.58286912571e-05 2.58286912571e-05 2.56212318896e-05 2.55175022058e-05 2.46876647357e-05 2.42727460007e-05 1.99160992826e-05 2.39615569494e-05 2.55175022058e-05 2.29242601117e-05 2.41690163169e-05 2.55175022058e-05 2.58286912571e-05 2.55175022058e-05 2.60361506246e-05 2.4998853787e-05 2.42727460007e-05 2.37540975818e-05 2.44802053682e-05 2.45839350519e-05
2.46876647357e-05 2.43764756844e-05 2.51025834708e-05 2.47913944195e-05 2.31317194793e-05 2.30279897955e-05 2.20944226416e-05 2.45839350519e-05 2.51025834708e-05 2.38578272656e-05 2.39615569494e-05 2.37540975818e-05 2.51025834708e-05 2.37540975818e-05 2.46876647357e-05 2.26130710604e-05 2.55175022058e-05 2.55175022058e-05 2.55175022058e-05 2.55175022058e-05 2.55175022058e-05 2.58286912571e-05 2.51025834708e-05 2.46876647357e-05 2.55175022058e-05 2.43764756844e-05 2.23018820091e-05 2.58286912571e-05 2.58286912571e-05 2.43764756844e-05 2.4998853787e-05 2.55175022058e-05 2.58286912571e-05 2.58286912571e-05 2.58286912571e-05 2.39615569494e-05 2.51025834708e-05 2.39615569494e-05 2.37540975818e-05 2.07459367527e-05 2.23018820091e-05 2.2820530428e-05 2.26130710604e-05 2.55175022058e-05 2.51025834708e-05 2.45839350519e-05 2.41690163169e-05 2.02272883339e-05 1.7115397821e-05 2.16795039066e-05 2.51025834708e-05 2.39615569494e-05
2.55175022058e-05 2.55175022058e-05 2.55175022058e-05 2.55175022058e-05 2.41690163169e-05 2.51025834708e-05 2.46876647357e-05 2.43764756844e-05 2.30279897955e-05 2.37540975818e-05 2.44802053682e-05 2.4998853787e-05 2.20944226416e-05 2.25093413767e-05 2.37540975818e-05 2.42727460007e-05 2.54137725221e-05 2.43764756844e-05 2.51025834708e-05 2.41690163169e-05 2.55175022058e-05 2.30279897955e-05 2.54137725221e-05 2.43764756844e-05 2.29242601117e-05 2.39615569494e-05 2.43764756844e-05 2.51025834708e-05 2.55175022058e-05 2.54137725221e-05 2.29242601117e-05 2.51025834708e-05 2.57249615733e-05 2.42727460007e-05 2.4998853787e-05 2.31317194793e-05 2.39615569494e-05 2.40652866331e-05 2.41690163169e-05 2.12645851715e-05 2.51025834708e-05 2.58286912571e-05 2.55175022058e-05 2.58286912571e-05 2.55175022058e-05 2.4998853787e-05 2.55175022058e-05 2.2820530428e-05 1.73228571885e-05 2.02272883339e-05 2.51025834708e-05 2.58286912571e-05
2.55175022058e-05 2.58286912571e-05 2.58286912571e-05 2.41690163169e-05 2.38578272656e-05 2.51025834708e-05 2.51025834708e-05 2.51025834708e-05 2.55175022058e-05 2.54137725221e-05 2.37540975818e-05 2.37540975818e-05 2.40652866331e-05 2.43764756844e-05 2.30279897955e-05 2.16795039066e-05 2.51025834708e-05 2.29242601117e-05 2.51025834708e-05 2.55175022058e-05 2.55175022058e-05 2.45839350519e-05 2.43764756844e-05 2.38578272656e-05 2.43764756844e-05 2.4998853787e-05 2.30279897955e-05 2.51025834708e-05 2.55175022058e-05 2.30279897955e-05 2.20944226416e-05 2.26130710604e-05 2.57249615733e-05 2.51025834708e-05 2.43764756844e-05 2.19906929579e-05 2.25093413767e-05 2.25093413767e-05 2.12645851715e-05 2.12645851715e-05 2.40652866331e-05 2.40652866331e-05 2.58286912571e-05 2.47913944195e-05 2.59324209409e-05 2.47913944195e-05 2.58286912571e-05 2.57249615733e-05 2.02272883339e-05 1.929372118e-05 2.41690163169e-05 2.58286912571e-05
2.58286912571e-05 2.55175022058e-05 2.58286912571e-05 2.51025834708e-05 2.46876647357e-05 2.47913944195e-05 2.55175022058e-05 2.55175022058e-05 2.55175022058e-05 2.58286912571e-05 2.47913944195e-05 2.43764756844e-05 2.12645851715e-05 2.30279897955e-05 2.42727460007e-05 2.25093413767e-05 2.39615569494e-05 2.55175022058e-05 2.55175022058e-05 2.46876647357e-05 2.26130710604e-05 2.51025834708e-05 2.52063131545e-05 2.26130710604e-05 2.39615569494e-05 2.54137725221e-05 2.51025834708e-05 2.47913944195e-05 2.55175022058e-05 2.55175022058e-05 2.55175022058e-05 2.45839350519e-05 2.51025834708e-05 2.45839350519e-05 2.29242601117e-05 2.08496664365e-05 2.26130710604e-05 2.37540975818e-05 2.47913944195e-05 2.54137725221e-05 2.58286912571e-05 2.37540975818e-05 2.57249615733e-05 2.37540975818e-05 2.30279897955e-05 2.40652866331e-05 2.54137725221e-05 2.51025834708e-05 2.55175022058e-05 1.929372118e-05 2.23018820091e-05 2.12645851715e-05
2.58286912571e-05 2.58286912571e-05 2.58286912571e-05 2.51025834708e-05 2.55175022058e-05 2.54137725221e-05 2.55175022058e-05 2.51025834708e-05 2.4998853787e-05 2.51025834708e-05 2.51025834708e-05 2.12645851715e-05 2.29242601117e-05 2.30279897955e-05 2.45839350519e-05 2.55175022058e-05 2.39615569494e-05 2.51025834708e-05 2.30279897955e-05 2.43764756844e-05 2.34429085305e-05 2.19906929579e-05 2.55175022058e-05 2.55175022058e-05 2.38578272656e-05 2.38578272656e-05 2.41690163169e-05 2.55175022058e-05 2.55175022058e-05 2.35466382143e-05 2.47913944195e-05 2.25093413767e-05 2.55175022058e-05 2.35466382143e-05 2.37540975818e-05 2.12645851715e-05 2.51025834708e-05 2.25093413767e-05 2.23018820091e-05 2.51025834708e-05 2.51025834708e-05 2.55175022058e-05 2.4998853787e-05 2.4998853787e-05 2.39615569494e-05 2.29242601117e-05 2.37540975818e-05 2.24056116929e-05 2.58286912571e-05 2.51025834708e-05 2.46876647357e-05 2.47913944195e-05
2.60361506246e-05 2.60361506246e-05 2.55175022058e-05 2.55175022058e-05 2.55175022058e-05 2.47913944195e-05 2.55175022058e-05 2.58286912571e-05 2.55175022058e-05 2.41690163169e-05 2.43764756844e-05 2.34429085305e-05 2.16795039066e-05 2.54137725221e-05 2.55175022058e-05 2.18869632741e-05 2.43764756844e-05 2.42727460007e-05 2.25093413767e-05 2.43764756844e-05 2.23018820091e-05 2.37540975818e-05 2.51025834708e-05 2.26130710604e-05 2.25093413767e-05 2.18869632741e-05 2.30279897955e-05 2.39615569494e-05 2.42727460007e-05 2.43764756844e-05 2.51025834708e-05 2.39615569494e-05 2.45839350519e-05 2.41690163169e-05 2.29242601117e-05 2.1057125804e-05 2.46876647357e-05 2.29242601117e-05 2.51025834708e-05 2.39615569494e-05 2.43764756844e-05 2.39615569494e-05 2.55175022058e-05 2.29242601117e-05 2.43764756844e-05 2.55175022058e-05 2.39615569494e-05 2.54137725221e-05 2.58286912571e-05 2.41690163169e-05 2.55175022058e-05 2.56212318896e-05
2.59324209409e-05 2.60361506246e-05 2.60361506246e-05 2.59324209409e-05 2.58286912571e-05 2.60361506246e-05 2.58286912571e-05 2.58286912571e-05 2.55175022058e-05 2.51025834708e-05 2.29242601117e-05 2.15757742228e-05 2.19906929579e-05 2.41690163169e-05 2.41690163169e-05 2.37540975818e-05 2.41690163169e-05 2.37540975818e-05 2.55175022058e-05 2.52063131545e-05 2.46876647357e-05 2.39615569494e-05 2.55175022058e-05 2.44802053682e-05 2.43764756844e-05 2.51025834708e-05 2.53100428383e-05 2.30279897955e-05 2.17832335903e-05 2.41690163169e-05 2.26130710604e-05 2.08496664365e-05 2.07459367527e-05 2.12645851715e-05 2.44802053682e-05 2.18869632741e-05 2.55175022058e-05 2.16795039066e-05 2.23018820091e-05 2.15757742228e-05 2.4998853787e-05 2.37540975818e-05 2.4998853787e-05 2.55175022058e-05 2.55175022058e-05 2.58286912571e-05 2.58286912571e-05 2.2820530428e-05 2.39615569494e-05 2.47913944195e-05 2.58286912571e-05 2.55175022058e-05
2.56212318896e-05 2.60361506246e-05 2.60361506246e-05 2.60361506246e-05 2.58286912571e-05 2.58286912571e-05 2.55175022058e-05 2.55175022058e-05 2.31317194793e-05 2.47913944195e-05 2.39615569494e-05 2.46876647357e-05 2.2820530428e-05 2.08496664365e-05 2.54137725221e-05 2.42727460007e-05 2.4998853787e-05 2.51025834708e-05 2.51025834708e-05 2.29242601117e-05 2.47913944195e-05 2.4998853787e-05 2.38578272656e-05 2.47913944195e-05 2.39615569494e-05 2.30279897955e-05 2.51025834708e-05 2.29242601117e-05 2.56212318896e-05 2.51025834708e-05 2.44802053682e-05 2.42727460007e-05 2.37540975818e-05 2.19906929579e-05 2.2820530428e-05 2.43764756844e-05 2.37540975818e-05 2.39615569494e-05 2.55175022058e-05 2.51025834708e-05 2.37540975818e-05 2.29242601117e-05 2.46876647357e-05 2.58286912571e-05 2.57249615733e-05 2.58286912571e-05 2.51025834708e-05 2.37540975818e-05 2.41690163169e-05 2.29242601117e-05 2.60361506246e-05 2.55175022058e-05
2.59324209409e-05 2.60361506246e-05 2.60361506246e-05 2.58286912571e-05 2.58286912571e-05 2.60361506246e-05 2.58286912571e-05 2.55175022058e-05 2.37540975818e-05 2.37540975818e-05 2.41690163169e-05 2.43764756844e-05 2.08496664365e-05 2.38578272656e-05 2.15757742228e-05 2.41690163169e-05 2.29242601117e-05 2.29242601117e-05 2.43764756844e-05 2.26130710604e-05 2.37540975818e-05 2.25093413767e-05 2.38578272656e-05 2.1472044539e-05 2.30279897955e-05 2.39615569494e-05 2.40652866331e-05 2.29242601117e-05 2.31317194793e-05 2.29242601117e-05 2.27168007442e-05 2.30279897955e-05 2.26130710604e-05 2.23018820091e-05 2.37540975818e-05 2.25093413767e-05 2.15757742228e-05 2.15757742228e-05 2.16795039066e-05 2.29242601117e-05 2.43764756844e-05 2.26130710604e-05 2.45839350519e-05 2.47913944195e-05 2.53100428383e-05 2.51025834708e-05 2.51025834708e-05 2.55175022058e-05 2.58286912571e-05 2.51025834708e-05 2.55175022058e-05 2.60361506246e-05
2.58286912571e-05 2.60361506246e-05 2.60361506246e-05 2.58286912571e-05 2.58286912571e-05 2.59324209409e-05 2.58286912571e-05 2.55175022058e-05 2.51025834708e-05 2.41690163169e-05 2.30279897955e-05 2.25093413767e-05 2.30279897955e-05 2.45839350519e-05 2.25093413767e-05 2.31317194793e-05 2.30279897955e-05 2.25093413767e-05 2.30279897955e-05 2.12645851715e-05 2.1472044539e-05 2.27168007442e-05 2.18869632741e-05 2.31317194793e-05 2.16795039066e-05 2.12645851715e-05 2.19906929579e-05 1.62855603509e-05 2.25093413767e-05 2.23018820091e-05 2.25093413767e-05 2.37540975818e-05 2.38578272656e-05 2.21981523254e-05 2.37540975818e-05 2.29242601117e-05 2.26130710604e-05 2.16795039066e-05 2.58286912571e-05 2.42727460007e-05 2.29242601117e-05 2.45839350519e-05 2.45839350519e-05 2.51025834708e-05 2.47913944195e-05 2.58286912571e-05 2.58286912571e-05 2.30279897955e-05 2.58286912571e-05 2.60361506246e-05 2.58286912571e-05 2.60361506246e-05
2.55175022058e-05 2.55175022058e-05 2.58286912571e-05 2.59324209409e-05 2.60361506246e-05 2.60361506246e-05 2.55175022058e-05 2.51025834708e-05 2.43764756844e-05 2.43764756844e-05 2.25093413767e-05 2.37540975818e-05 2.42727460007e-05 2.41690163169e-05 2.37540975818e-05 2.26130710604e-05 2.51025834708e-05 2.41690163169e-05 2.37540975818e-05 2.51025834708e-05 2.12645851715e-05 1.8878802445e-05 2.12645851715e-05 2.16795039066e-05 1.62855603509e-05 2.20944226416e-05 2.09533961202e-05 2.29242601117e-05 2.35466382143e-05 2.00198289664e-05 1.97086399151e-05 2.09533961202e-05 2.08496664365e-05 2.17832335903e-05 2.29242601117e-05 2.26130710604e-05 2.02272883339e-05 2.23018820091e-05 2.33391788468e-05 2.30279897955e-05 2.37540975818e-05 2.31317194793e-05 2.51025834708e-05 2.30279897955e-05 2.42727460007e-05 2.58286912571e-05 2.58286912571e-05 2.51025834708e-05 2.45839350519e-05 2.58286912571e-05 2.59324209409e-05 2.55175022058e-05
2.58286912571e-05 2.60361506246e-05 2.60361506246e-05 2.58286912571e-05 2.60361506246e-05 2.51025834708e-05 2.55175022058e-05 2.4998853787e-05 2.43764756844e-05 2.37540975818e-05 2.27168007442e-05 2.29242601117e-05 2.33391788468e-05 2.2820530428e-05 2.51025834708e-05 2.51025834708e-05 2.39615569494e-05 2.26130710604e-05 2.05384773852e-05 2.12645851715e-05 2.16795039066e-05 2.17832335903e-05 2.15757742228e-05 1.73228571885e-05 2.08496664365e-05 2.20944226416e-05 1.96049102313e-05 2.1472044539e-05 2.46876647357e-05 1.96049102313e-05 1.97086399151e-05 1.7530316556e-05 2.39615569494e-05 2.25093413767e-05 2.24056116929e-05 2.37540975818e-05 2.26130710604e-05 2.25093413767e-05 2.33391788468e-05 2.31317194793e-05 2.41690163169e-05 2.25093413767e-05 2.55175022058e-05 2.43764756844e-05 2.37540975818e-05 2.55175022058e-05 2.58286912571e-05 2.51025834708e-05 2.55175022058e-05 2.60361506246e-05 2.40652866331e-05 2.51025834708e-05
2.55175022058e-05 2.60361506246e-05 2.58286912571e-05 2.60361506246e-05 2.58286912571e-05 2.58286912571e-05 2.55175022058e-05 2.43764756844e-05 2.30279897955e-05 2.41690163169e-05 2.37540975818e-05 2.30279897955e-05 2.17832335903e-05 2.16795039066e-05 2.26130710604e-05 2.41690163169e-05 2.30279897955e-05 2.16795039066e-05 2.1472044539e-05 2.15757742228e-05 2.02272883339e-05 2.02272883339e-05 1.73228571885e-05 1.7530316556e-05 1.96049102313e-05 2.1472044539e-05 2.16795039066e-05 2.19906929579e-05 2.02272883339e-05 1.97086399151e-05 2.02272883339e-05 1.98123695988e-05 2.54137725221e-05 2.25093413767e-05 2.29242601117e-05 2.25093413767e-05 2.23018820091e-05 2.19906929579e-05 2.31317194793e-05 2.31317194793e-05 2.2820530428e-05 2.33391788468e-05 2.42727460007e-05 2.37540975818e-05 2.30279897955e-05 2.55175022058e-05 2.53100428383e-05 2.58286912571e-05 2.51025834708e-05 2.55175022058e-05 2.55175022058e-05 2.56212318896e-05
2.58286912571e-05 2.58286912571e-05 2.58286912571e-05 2.58286912571e-05 2.58286912571e-05 2.58286912571e-05 2.51025834708e-05 2.30279897955e-05 2.29242601117e-05 2.16795039066e-05 2.07459367527e-05 2.37540975818e-05 2.26130710604e-05 2.17832335903e-05 2.17832335903e-05 2.25093413767e-05 2.12645851715e-05 2.09533961202e-05 2.16795039066e-05 2.17832335903e-05 1.82564243424e-05 1.62855603509e-05 2.00198289664e-05 2.07459367527e-05 2.1057125804e-05 2.00198289664e-05 1.54557228808e-05 1.97086399151e-05 2.1472044539e-05 1.98123695988e-05 1.98123695988e-05 2.04347477014e-05 2.37540975818e-05 2.16795039066e-05 2.29242601117e-05 2.16795039066e-05 2.02272883339e-05 2.00198289664e-05 2.30279897955e-05 2.16795039066e-05 2.23018820091e-05 2.43764756844e-05 2.38578272656e-05 2.51025834708e-05 2.39615569494e-05 2.51025834708e-05 2.55175022058e-05 2.57249615733e-05 2.55175022058e-05 2.54137725221e-05 2.47913944195e-05 2.51025834708e-05
2.58286912571e-05 2.55175022058e-05 2.51025834708e-05 2.51025834708e-05 2.51025834708e-05 2.55175022058e-05 2.43764756844e-05 2.37540975818e-05 2.39615569494e-05 2.38578272656e-05 2.29242601117e-05 2.25093413767e-05 2.29242601117e-05 2.12645851715e-05 2.1472044539e-05 2.00198289664e-05 2.17832335903e-05 2.37540975818e-05 2.20944226416e-05 2.1057125804e-05 2.16795039066e-05 1.82564243424e-05 2.16795039066e-05 2.16795039066e-05 2.05384773852e-05 2.07459367527e-05 1.82564243424e-05 2.25093413767e-05 1.7530316556e-05 2.05384773852e-05 2.13683148553e-05 2.07459367527e-05 2.12645851715e-05 2.16795039066e-05 1.82564243424e-05 2.00198289664e-05 1.82564243424e-05 1.98123695988e-05 2.04347477014e-05 2.23018820091e-05 2.30279897955e-05 2.23018820091e-05 2.37540975818e-05 2.51025834708e-05 2.37540975818e-05 2.39615569494e-05 2.58286912571e-05 2.55175022058e-05 2.58286912571e-05 2.55175022058e-05 2.55175022058e-05 2.45839350519e-05
2.58286912571e-05 2.56212318896e-05 2.55175022058e-05 2.41690163169e-05 2.37540975818e-05 2.34429085305e-05 2.18869632741e-05 2.39615569494e-05 2.15757742228e-05 2.16795039066e-05 2.19906929579e-05 2.25093413767e-05 2.15757742228e-05 2.18869632741e-05 2.1472044539e-05 2.38578272656e-05 2.39615569494e-05 2.37540975818e-05 1.8878802445e-05 2.12645851715e-05 2.17832335903e-05 1.74265868723e-05 2.1472044539e-05 2.05384773852e-05 2.25093413767e-05 2.16795039066e-05 2.15757742228e-05 2.12645851715e-05 2.12645851715e-05 2.02272883339e-05 2.16795039066e-05 2.12645851715e-05 2.02272883339e-05 2.07459367527e-05 1.74265868723e-05 2.09533961202e-05 1.95011805475e-05 2.25093413767e-05 2.29242601117e-05 2.51025834708e-05 2.37540975818e-05 2.23018820091e-05 2.25093413767e-05 2.37540975818e-05 2.26130710604e-05 2.55175022058e-05 2.43764756844e-05 2.47913944195e-05 2.44802053682e-05 2.57249615733e-05 2.55175022058e-05 2.56212318896e-05
2.58286912571e-05 2.54137725221e-05 2.51025834708e-05 2.37540975818e-05 2.33391788468e-05 2.30279897955e-05 2.16795039066e-05 2.1472044539e-05 1.98123695988e-05 1.93974508638e-05 1.79452352911e-05 2.16795039066e-05 1.929372118e-05 2.07459367527e-05 1.99160992826e-05 2.29242601117e-05 2.25093413767e-05 1.96049102313e-05 2.1472044539e-05 1.7530316556e-05 1.929372118e-05 1.7530316556e-05 2.00198289664e-05 2.00198289664e-05 1.96049102313e-05 1.7530316556e-05 2.02272883339e-05 1.73228571885e-05 1.96049102313e-05 2.09533961202e-05 1.79452352911e-05 1.929372118e-05 1.62855603509e-05 1.7115397821e-05 2.07459367527e-05 2.02272883339e-05 2.17832335903e-05 2.25093413767e-05 2.15757742228e-05 2.02272883339e-05 2.25093413767e-05 2.31317194793e-05 2.26130710604e-05 2.30279897955e-05 2.15757742228e-05 2.55175022058e-05 2.51025834708e-05 2.51025834708e-05 2.39615569494e-05 2.56212318896e-05 2.58286912571e-05 2.58286912571e-05
