ExampleFiles/niche_identity/models/ENFA/normalized_grids/Anolis_coelestinus_0.asc
ncols        743
nrows        319
xllcorner    -74.500956448335
yllcorner    17.448920549066
cellsize     0.008333333333
NODATA_value  -9999
[rows 138 to 160 of 318, columns 612 to 662 of 743]
1.21781287557e-05 1.23248531985e-05 1.24715776414e-05 1.26183020842e-05 1.17379554272e-05 1.24715776414e-05 1.30584754127e-05 1.30584754127e-05 1.21781287557e-05 1.39388220698e-05 1.24715776414e-05 1.36453731841e-05 1.43789953983e-05 1.39388220698e-05 1.42322709554e-05 1.36453731841e-05 1.37920976269e-05 1.26183020842e-05 1.24715776414e-05 1.36453731841e-05 1.37920976269e-05 1.32051998556e-05 1.43789953983e-05 1.30584754127e-05 1.26183020842e-05 1.32051998556e-05 1.24715776414e-05 1.33519242984e-05 1.26183020842e-05 1.21781287557e-05 1.12977820987e-05 1.01239865559e-05 1.14445065415e-05 1.42322709554e-05 1.32051998556e-05 1.11510576558e-05 1.36453731841e-05 1.51126176125e-05 1.5552790941e-05 1.49658931696e-05 1.48191687268e-05 1.30584754127e-05 1.2765026527e-05 1.42322709554e-05 1.56995153838e-05 1.51126176125e-05 1.42322709554e-05 1.49658931696e-05 1.52593420553e-05 1.56995153838e-05 1.86340042406e-05
1.24715776414e-05 1.24715776414e-05 1.24715776414e-05 1.21781287557e-05 1.34986487412e-05 1.36453731841e-05 1.37920976269e-05 1.37920976269e-05 1.26183020842e-05 1.42322709554e-05 1.32051998556e-05 1.30584754127e-05 1.34986487412e-05 1.37920976269e-05 1.4672444284e-05 1.42322709554e-05 1.40855465126e-05 1.36453731841e-05 1.30584754127e-05 1.43789953983e-05 1.36453731841e-05 1.30584754127e-05 1.37920976269e-05 1.36453731841e-05 1.36453731841e-05 1.37920976269e-05 1.37920976269e-05 1.11510576558e-05 1.11510576558e-05 1.04174354416e-05 1.08576087701e-05 1.11510576558e-05 1.08576087701e-05 1.24715776414e-05 1.37920976269e-05 1.14445065415e-05 1.24715776414e-05 1.21781287557e-05 1.45257198411e-05 1.42322709554e-05 1.49658931696e-05 1.52593420553e-05 1.37920976269e-05 1.26183020842e-05 1.56995153838e-05 1.68733109266e-05 1.62864131552e-05 1.59929642695e-05 1.71667598122e-05 1.79003820264e-05 1.89274531263e-05
1.30584754127e-05 1.36453731841e-05 1.33519242984e-05 1.42322709554e-05 1.30584754127e-05 1.37920976269e-05 1.4672444284e-05 1.37920976269e-05 1.51126176125e-05 1.52593420553e-05 1.52593420553e-05 1.48191687268e-05 1.36453731841e-05 1.37920976269e-05 1.42322709554e-05 1.42322709554e-05 1.39388220698e-05 1.37920976269e-05 1.26183020842e-05 1.34986487412e-05 1.26183020842e-05 1.24715776414e-05 1.24715776414e-05 1.33519242984e-05 1.24715776414e-05 1.21781287557e-05 1.56995153838e-05 1.37920976269e-05 1.20314043128e-05 1.08576087701e-05 1.11510576558e-05 1.05641598845e-05 1.04174354416e-05 1.11510576558e-05 1.12977820987e-05 1.14445065415e-05 1.11510576558e-05 1.1004333213e-05 1.49658931696e-05 1.56995153838e-05 1.56995153838e-05 1.56995153838e-05 1.56995153838e-05 1.4672444284e-05 1.68733109266e-05 1.76069331408e-05 1.77536575836e-05 1.62864131552e-05 1.90741775691e-05 1.79003820264e-05 1.9220902012e-05
1.5552790941e-05 1.51126176125e-05 1.4672444284e-05 1.40855465126e-05 1.48191687268e-05 1.51126176125e-05 1.51126176125e-05 1.51126176125e-05 1.62864131552e-05 1.48191687268e-05 1.56995153838e-05 1.56995153838e-05 1.52593420553e-05 1.52593420553e-05 1.54060664982e-05 1.48191687268e-05 1.48191687268e-05 1.37920976269e-05 1.36453731841e-05 1.2765026527e-05 1.33519242984e-05 1.23248531985e-05 1.188467987e-05 1.24715776414e-05 1.26183020842e-05 1.23248531985e-05 1.188467987e-05 1.21781287557e-05 1.14445065415e-05 1.15912309843e-05 1.12977820987e-05 1.11510576558e-05 1.08576087701e-05 1.08576087701e-05 1.11510576558e-05 1.1004333213e-05 1.11510576558e-05 1.04174354416e-05 1.56995153838e-05 1.59929642695e-05 1.68733109266e-05 1.34986487412e-05 1.56995153838e-05 1.59929642695e-05 1.56995153838e-05 1.51126176125e-05 1.71667598122e-05 1.77536575836e-05 1.89274531263e-05 1.9220902012e-05 1.90741775691e-05
1.77536575836e-05 1.76069331408e-05 1.56995153838e-05 1.56995153838e-05 1.62864131552e-05 1.56995153838e-05 1.56995153838e-05 1.62864131552e-05 1.56995153838e-05 1.49658931696e-05 1.51126176125e-05 1.56995153838e-05 1.56995153838e-05 1.56995153838e-05 1.59929642695e-05 1.56995153838e-05 1.56995153838e-05 1.49658931696e-05 1.43789953983e-05 1.30584754127e-05 1.33519242984e-05 1.23248531985e-05 1.23248531985e-05 1.23248531985e-05 1.24715776414e-05 1.21781287557e-05 1.21781287557e-05 1.21781287557e-05 1.188467987e-05 1.15912309843e-05 1.14445065415e-05 1.11510576558e-05 1.11510576558e-05 1.02707109988e-05 8.95019101322e-06 1.1004333213e-05 1.05641598845e-05 1.24715776414e-05 1.37920976269e-05 1.56995153838e-05 1.4672444284e-05 1.56995153838e-05 1.73134842551e-05 1.61396887124e-05 1.51126176125e-05 1.90741775691e-05 1.74602086979e-05 1.79003820264e-05 1.84872797978e-05 1.9220902012e-05 1.9220902012e-05
1.77536575836e-05 1.62864131552e-05 1.77536575836e-05 1.68733109266e-05 1.68733109266e-05 1.62864131552e-05 1.68733109266e-05 1.68733109266e-05 1.65798620409e-05 1.68733109266e-05 1.68733109266e-05 1.68733109266e-05 1.59929642695e-05 1.56995153838e-05 1.59929642695e-05 1.61396887124e-05 1.62864131552e-05 1.59929642695e-05 1.62864131552e-05 1.59929642695e-05 1.59929642695e-05 1.56995153838e-05 1.45257198411e-05 1.37920976269e-05 1.23248531985e-05 1.24715776414e-05 1.24715776414e-05 1.21781287557e-05 1.188467987e-05 1.12977820987e-05 1.11510576558e-05 1.11510576558e-05 1.11510576558e-05 1.11510576558e-05 1.11510576558e-05 1.11510576558e-05 1.05641598845e-05 1.21781287557e-05 1.33519242984e-05 1.02707109988e-05 1.05641598845e-05 1.21781287557e-05 1.6433137598e-05 1.21781287557e-05 1.20314043128e-05 1.77536575836e-05 1.86340042406e-05 1.9220902012e-05 1.56995153838e-05 1.43789953983e-05 1.90741775691e-05
1.71667598122e-05 1.79003820264e-05 1.8340555355e-05 1.79003820264e-05 1.77536575836e-05 1.77536575836e-05 1.79003820264e-05 1.73134842551e-05 1.73134842551e-05 1.4672444284e-05 1.68733109266e-05 1.68733109266e-05 1.68733109266e-05 1.71667598122e-05 1.6433137598e-05 1.56995153838e-05 1.62864131552e-05 1.56995153838e-05 1.67265864837e-05 1.67265864837e-05 1.56995153838e-05 1.56995153838e-05 1.56995153838e-05 1.56995153838e-05 1.59929642695e-05 1.51126176125e-05 1.33519242984e-05 1.23248531985e-05 1.11510576558e-05 1.17379554272e-05 1.12977820987e-05 1.12977820987e-05 1.12977820987e-05 1.11510576558e-05 1.11510576558e-05 1.1004333213e-05 1.11510576558e-05 1.08576087701e-05 1.04174354416e-05 1.08576087701e-05 1.14445065415e-05 1.8340555355e-05 1.74602086979e-05 1.01239865559e-05 9.68381322741e-06 1.51126176125e-05 2.0101248669e-05 1.95143508977e-05 1.74602086979e-05 1.11510576558e-05 1.93676264548e-05
1.68733109266e-05 1.77536575836e-05 1.56995153838e-05 1.70200353694e-05 1.77536575836e-05 1.68733109266e-05 1.77536575836e-05 1.71667598122e-05 1.76069331408e-05 1.52593420553e-05 1.73134842551e-05 1.77536575836e-05 1.73134842551e-05 1.70200353694e-05 1.73134842551e-05 1.73134842551e-05 1.56995153838e-05 1.68733109266e-05 1.77536575836e-05 1.62864131552e-05 1.56995153838e-05 1.56995153838e-05 1.61396887124e-05 1.56995153838e-05 1.43789953983e-05 1.51126176125e-05 1.36453731841e-05 1.26183020842e-05 1.21781287557e-05 1.21781287557e-05 1.17379554272e-05 1.188467987e-05 1.11510576558e-05 1.12977820987e-05 1.14445065415e-05 1.11510576558e-05 1.1004333213e-05 1.11510576558e-05 1.12977820987e-05 1.11510576558e-05 1.1004333213e-05 1.32051998556e-05 1.37920976269e-05 1.23248531985e-05 1.12977820987e-05 1.11510576558e-05 1.4672444284e-05 1.89274531263e-05 1.90741775691e-05 1.42322709554e-05 1.56995153838e-05
1.90741775691e-05 1.61396887124e-05 1.68733109266e-05 1.68733109266e-05 1.56995153838e-05 1.77536575836e-05 1.68733109266e-05 1.62864131552e-05 1.56995153838e-05 1.6433137598e-05 1.77536575836e-05 1.80471064693e-05 1.77536575836e-05 1.77536575836e-05 1.74602086979e-05 1.68733109266e-05 1.77536575836e-05 1.70200353694e-05 1.56995153838e-05 1.77536575836e-05 1.61396887124e-05 1.56995153838e-05 1.68733109266e-05 1.56995153838e-05 1.52593420553e-05 1.45257198411e-05 1.33519242984e-05 1.33519242984e-05 1.21781287557e-05 1.14445065415e-05 1.2765026527e-05 1.26183020842e-05 1.4672444284e-05 1.61396887124e-05 1.23248531985e-05 1.21781287557e-05 9.83053767025e-06 1.14445065415e-05 1.12977820987e-05 1.2765026527e-05 1.37920976269e-05 1.11510576558e-05 1.11510576558e-05 1.14445065415e-05 1.05641598845e-05 1.11510576558e-05 1.34986487412e-05 1.21781287557e-05 1.188467987e-05 1.11510576558e-05 9.39036434174e-06
1.90741775691e-05 1.68733109266e-05 1.68733109266e-05 1.77536575836e-05 1.6433137598e-05 1.68733109266e-05 1.56995153838e-05 1.70200353694e-05 1.79003820264e-05 1.77536575836e-05 1.73134842551e-05 1.68733109266e-05 1.68733109266e-05 1.68733109266e-05 1.70200353694e-05 1.62864131552e-05 1.59929642695e-05 1.56995153838e-05 1.6433137598e-05 1.74602086979e-05 1.68733109266e-05 1.79003820264e-05 1.77536575836e-05 1.73134842551e-05 1.62864131552e-05 1.59929642695e-05 1.37920976269e-05 1.36453731841e-05 1.33519242984e-05 1.2765026527e-05 1.21781287557e-05 1.42322709554e-05 1.56995153838e-05 1.68733109266e-05 1.77536575836e-05 1.56995153838e-05 1.23248531985e-05 1.12977820987e-05 1.23248531985e-05 1.48191687268e-05 1.37920976269e-05 1.02707109988e-05 1.37920976269e-05 1.24715776414e-05 9.39036434174e-06 1.08576087701e-05 1.11510576558e-05 1.11510576558e-05 1.12977820987e-05 1.17379554272e-05 1.12977820987e-05
1.9220902012e-05 1.9220902012e-05 1.90741775691e-05 1.81938309121e-05 1.77536575836e-05 1.76069331408e-05 1.90741775691e-05 1.70200353694e-05 1.74602086979e-05 1.77536575836e-05 1.79003820264e-05 1.77536575836e-05 1.77536575836e-05 1.80471064693e-05 1.79003820264e-05 1.62864131552e-05 1.56995153838e-05 1.56995153838e-05 1.73134842551e-05 1.59929642695e-05 1.58462398267e-05 1.49658931696e-05 1.9220902012e-05 1.80471064693e-05 1.77536575836e-05 1.68733109266e-05 1.68733109266e-05 1.4672444284e-05 1.39388220698e-05 1.42322709554e-05 1.32051998556e-05 1.21781287557e-05 1.68733109266e-05 1.68733109266e-05 1.77536575836e-05 1.77536575836e-05 1.24715776414e-05 1.2765026527e-05 1.68733109266e-05 1.56995153838e-05 1.52593420553e-05 1.21781287557e-05 1.68733109266e-05 1.59929642695e-05 1.26183020842e-05 9.83053767025e-06 1.11510576558e-05 1.12977820987e-05 1.12977820987e-05 1.30584754127e-05 1.12977820987e-05
1.95143508977e-05 1.95143508977e-05 1.90741775691e-05 1.90741775691e-05 1.95143508977e-05 1.95143508977e-05 1.93676264548e-05 1.89274531263e-05 1.89274531263e-05 1.89274531263e-05 1.8340555355e-05 1.79003820264e-05 1.90741775691e-05 1.56995153838e-05 1.70200353694e-05 1.77536575836e-05 1.79003820264e-05 1.68733109266e-05 1.68733109266e-05 1.56995153838e-05 1.77536575836e-05 1.70200353694e-05 1.90741775691e-05 1.89274531263e-05 1.90741775691e-05 1.77536575836e-05 1.56995153838e-05 1.43789953983e-05 1.33519242984e-05 1.24715776414e-05 1.59929642695e-05 1.188467987e-05 1.15912309843e-05 1.76069331408e-05 1.90741775691e-05 1.90741775691e-05 1.68733109266e-05 1.76069331408e-05 1.89274531263e-05 1.77536575836e-05 1.36453731841e-05 1.68733109266e-05 1.84872797978e-05 1.61396887124e-05 1.12977820987e-05 1.12977820987e-05 1.32051998556e-05 1.11510576558e-05 1.20314043128e-05 1.67265864837e-05 1.23248531985e-05
2.08348708832e-05 1.99545242262e-05 1.90741775691e-05 1.9220902012e-05 1.95143508977e-05 1.68733109266e-05 1.95143508977e-05 1.93676264548e-05 1.90741775691e-05 1.95143508977e-05 1.95143508977e-05 1.95143508977e-05 1.90741775691e-05 1.49658931696e-05 1.77536575836e-05 1.73134842551e-05 1.62864131552e-05 1.56995153838e-05 1.56995153838e-05 1.68733109266e-05 1.77536575836e-05 1.86340042406e-05 1.68733109266e-05 1.9220902012e-05 1.95143508977e-05 1.86340042406e-05 1.43789953983e-05 1.56995153838e-05 1.52593420553e-05 1.2765026527e-05 1.90741775691e-05 1.8340555355e-05 1.30584754127e-05 1.70200353694e-05 1.79003820264e-05 1.95143508977e-05 1.95143508977e-05 1.9220902012e-05 1.95143508977e-05 1.90741775691e-05 1.90741775691e-05 1.73134842551e-05 1.95143508977e-05 1.59929642695e-05 1.21781287557e-05 1.36453731841e-05 1.37920976269e-05 1.21781287557e-05 1.51126176125e-05 1.90741775691e-05 1.56995153838e-05
2.12750442117e-05 2.03946975547e-05 1.95143508977e-05 2.12750442117e-05 1.99545242262e-05 1.95143508977e-05 2.08348708832e-05 1.95143508977e-05 2.11283197689e-05 1.95143508977e-05 2.02479731119e-05 2.06881464404e-05 1.86340042406e-05 1.59929642695e-05 1.56995153838e-05 1.56995153838e-05 1.67265864837e-05 1.56995153838e-05 1.77536575836e-05 1.93676264548e-05 1.73134842551e-05 1.86340042406e-05 1.95143508977e-05 1.99545242262e-05 1.99545242262e-05 1.95143508977e-05 1.42322709554e-05 1.56995153838e-05 1.89274531263e-05 1.4672444284e-05 2.05414219975e-05 1.93676264548e-05 1.51126176125e-05 1.2765026527e-05 1.56995153838e-05 1.90741775691e-05 1.90741775691e-05 1.86340042406e-05 1.73134842551e-05 1.65798620409e-05 1.68733109266e-05 2.08348708832e-05 1.93676264548e-05 1.39388220698e-05 1.20314043128e-05 1.37920976269e-05 1.56995153838e-05 1.62864131552e-05 1.6433137598e-05 1.90741775691e-05 1.36453731841e-05
1.95143508977e-05 2.06881464404e-05 1.84872797978e-05 1.90741775691e-05 2.12750442117e-05 1.95143508977e-05 2.05414219975e-05 2.12750442117e-05 2.11283197689e-05 2.11283197689e-05 2.11283197689e-05 2.12750442117e-05 1.89274531263e-05 1.56995153838e-05 1.49658931696e-05 1.39388220698e-05 1.77536575836e-05 1.95143508977e-05 1.79003820264e-05 1.56995153838e-05 1.95143508977e-05 2.08348708832e-05 1.95143508977e-05 1.95143508977e-05 2.08348708832e-05 2.08348708832e-05 1.56995153838e-05 1.59929642695e-05 1.56995153838e-05 1.42322709554e-05 1.95143508977e-05 1.95143508977e-05 1.99545242262e-05 1.99545242262e-05 1.95143508977e-05 2.08348708832e-05 1.56995153838e-05 1.81938309121e-05 2.12750442117e-05 1.95143508977e-05 2.11283197689e-05 1.99545242262e-05 2.09815953261e-05 2.05414219975e-05 1.21781287557e-05 1.4672444284e-05 1.95143508977e-05 1.79003820264e-05 1.95143508977e-05 1.61396887124e-05 1.49658931696e-05
1.95143508977e-05 1.9220902012e-05 1.9220902012e-05 1.62864131552e-05 2.05414219975e-05 2.12750442117e-05 2.12750442117e-05 1.90741775691e-05 1.77536575836e-05 1.68733109266e-05 2.15684930974e-05 2.08348708832e-05 1.61396887124e-05 1.68733109266e-05 1.56995153838e-05 1.68733109266e-05 1.68733109266e-05 1.95143508977e-05 1.8340555355e-05 1.90741775691e-05 1.84872797978e-05 2.11283197689e-05 1.84872797978e-05 2.08348708832e-05 2.11283197689e-05 2.05414219975e-05 1.59929642695e-05 1.9220902012e-05 1.79003820264e-05 1.45257198411e-05 1.62864131552e-05 2.11283197689e-05 2.06881464404e-05 2.12750442117e-05 2.14217686546e-05 2.08348708832e-05 1.95143508977e-05 2.05414219975e-05 2.15684930974e-05 1.80471064693e-05 1.86340042406e-05 2.08348708832e-05 1.4672444284e-05 1.90741775691e-05 1.86340042406e-05 1.68733109266e-05 1.90741775691e-05 1.56995153838e-05 1.95143508977e-05 1.80471064693e-05 1.23248531985e-05
2.08348708832e-05 1.9220902012e-05 1.9220902012e-05 2.08348708832e-05 2.15684930974e-05 2.06881464404e-05 2.12750442117e-05 2.09815953261e-05 1.86340042406e-05 1.51126176125e-05 1.90741775691e-05 1.9220902012e-05 1.90741775691e-05 1.68733109266e-05 2.08348708832e-05 1.9220902012e-05 1.62864131552e-05 2.05414219975e-05 2.12750442117e-05 1.56995153838e-05 1.89274531263e-05 2.05414219975e-05 2.11283197689e-05 2.11283197689e-05 1.95143508977e-05 1.90741775691e-05 2.06881464404e-05 1.77536575836e-05 1.99545242262e-05 1.90741775691e-05 1.9220902012e-05 1.95143508977e-05 1.95143508977e-05 2.15684930974e-05 2.15684930974e-05 2.12750442117e-05 2.17152175403e-05 1.9220902012e-05 1.74602086979e-05 2.08348708832e-05 2.06881464404e-05 2.12750442117e-05 1.73134842551e-05 1.9220902012e-05 1.26183020842e-05 1.68733109266e-05 2.11283197689e-05 1.9220902012e-05 1.68733109266e-05 1.95143508977e-05 1.70200353694e-05
2.05414219975e-05 2.05414219975e-05 2.12750442117e-05 1.95143508977e-05 2.17152175403e-05 2.15684930974e-05 2.15684930974e-05 2.08348708832e-05 1.77536575836e-05 2.03946975547e-05 1.79003820264e-05 1.56995153838e-05 1.89274531263e-05 1.90741775691e-05 1.90741775691e-05 1.95143508977e-05 1.95143508977e-05 2.15684930974e-05 1.95143508977e-05 2.11283197689e-05 1.90741775691e-05 2.05414219975e-05 2.06881464404e-05 2.12750442117e-05 2.12750442117e-05 1.99545242262e-05 2.17152175403e-05 2.11283197689e-05 1.90741775691e-05 2.11283197689e-05 2.15684930974e-05 2.03946975547e-05 2.08348708832e-05 1.80471064693e-05 1.79003820264e-05 1.96610753405e-05 2.14217686546e-05 2.17152175403e-05 2.12750442117e-05 2.15684930974e-05 1.98077997833e-05 2.12750442117e-05 2.12750442117e-05 1.9220902012e-05 1.95143508977e-05 1.9220902012e-05 1.9220902012e-05 1.9220902012e-05 2.15684930974e-05 2.17152175403e-05 2.15684930974e-05
2.15684930974e-05 2.11283197689e-05 2.12750442117e-05 1.9220902012e-05 2.08348708832e-05 2.21553908688e-05 2.12750442117e-05 2.17152175403e-05 2.17152175403e-05 1.9220902012e-05 1.81938309121e-05 2.08348708832e-05 2.11283197689e-05 1.71667598122e-05 2.15684930974e-05 2.12750442117e-05 1.9220902012e-05 2.11283197689e-05 2.12750442117e-05 1.95143508977e-05 2.12750442117e-05 2.12750442117e-05 2.15684930974e-05 1.9220902012e-05 2.11283197689e-05 2.12750442117e-05 1.95143508977e-05 1.8340555355e-05 2.18619419831e-05 2.15684930974e-05 1.99545242262e-05 2.12750442117e-05 1.95143508977e-05 2.17152175403e-05 2.08348708832e-05 2.17152175403e-05 1.79003820264e-05 1.86340042406e-05 2.05414219975e-05 2.12750442117e-05 2.15684930974e-05 2.11283197689e-05 1.89274531263e-05 1.95143508977e-05 2.18619419831e-05 1.99545242262e-05 2.18619419831e-05 1.32051998556e-05 1.90741775691e-05 1.9220902012e-05 1.99545242262e-05
2.11283197689e-05 2.05414219975e-05 1.95143508977e-05 2.08348708832e-05 1.90741775691e-05 2.15684930974e-05 2.11283197689e-05 2.15684930974e-05 2.17152175403e-05 2.18619419831e-05 2.08348708832e-05 2.12750442117e-05 2.12750442117e-05 2.18619419831e-05 2.12750442117e-05 1.90741775691e-05 2.11283197689e-05 1.99545242262e-05 1.9220902012e-05 1.9220902012e-05 2.12750442117e-05 2.11283197689e-05 1.95143508977e-05 2.08348708832e-05 2.11283197689e-05 2.17152175403e-05 2.18619419831e-05 2.18619419831e-05 2.09815953261e-05 2.18619419831e-05 2.17152175403e-05 2.12750442117e-05 2.17152175403e-05 2.17152175403e-05 1.90741775691e-05 2.17152175403e-05 1.90741775691e-05 1.95143508977e-05 2.17152175403e-05 2.21553908688e-05 2.15684930974e-05 2.20086664259e-05 2.21553908688e-05 2.12750442117e-05 2.18619419831e-05 1.76069331408e-05 2.15684930974e-05 1.95143508977e-05 1.79003820264e-05 2.08348708832e-05 1.99545242262e-05
2.12750442117e-05 1.68733109266e-05 2.02479731119e-05 2.18619419831e-05 2.18619419831e-05 2.21553908688e-05 2.23021153116e-05 2.21553908688e-05 2.18619419831e-05 2.15684930974e-05 2.21553908688e-05 2.15684930974e-05 1.8340555355e-05 2.08348708832e-05 1.99545242262e-05 2.12750442117e-05 2.08348708832e-05 1.95143508977e-05 1.90741775691e-05 2.0101248669e-05 2.08348708832e-05 2.12750442117e-05 1.95143508977e-05 1.56995153838e-05 2.21553908688e-05 2.21553908688e-05 2.14217686546e-05 2.15684930974e-05 1.98077997833e-05 2.21553908688e-05 2.21553908688e-05 2.18619419831e-05 2.17152175403e-05 2.09815953261e-05 2.18619419831e-05 2.14217686546e-05 2.23021153116e-05 2.18619419831e-05 2.15684930974e-05 1.95143508977e-05 2.15684930974e-05 1.99545242262e-05 2.21553908688e-05 2.17152175403e-05 2.03946975547e-05 2.11283197689e-05 2.20086664259e-05 2.18619419831e-05 2.17152175403e-05 2.15684930974e-05 1.56995153838e-05
1.95143508977e-05 2.05414219975e-05 2.14217686546e-05 2.11283197689e-05 2.23021153116e-05 1.93676264548e-05 2.18619419831e-05 2.18619419831e-05 2.20086664259e-05 2.20086664259e-05 2.12750442117e-05 2.08348708832e-05 2.12750442117e-05 1.99545242262e-05 2.05414219975e-05 1.95143508977e-05 2.08348708832e-05 2.11283197689e-05 2.05414219975e-05 2.06881464404e-05 2.15684930974e-05 1.90741775691e-05 2.12750442117e-05 2.12750442117e-05 2.12750442117e-05 2.15684930974e-05 2.17152175403e-05 2.02479731119e-05 2.05414219975e-05 2.08348708832e-05 2.14217686546e-05 2.21553908688e-05 2.18619419831e-05 2.23021153116e-05 2.24488397545e-05 2.21553908688e-05 1.89274531263e-05 2.12750442117e-05 2.21553908688e-05 2.05414219975e-05 2.17152175403e-05 2.23021153116e-05 2.21553908688e-05 2.17152175403e-05 2.15684930974e-05 2.12750442117e-05 2.12750442117e-05 1.95143508977e-05 1.77536575836e-05 1.76069331408e-05 1.36453731841e-05
2.25955641973e-05 2.24488397545e-05 2.11283197689e-05 2.25955641973e-05 2.24488397545e-05 2.24488397545e-05 2.17152175403e-05 2.15684930974e-05 2.21553908688e-05 2.23021153116e-05 2.23021153116e-05 2.17152175403e-05 1.95143508977e-05 1.62864131552e-05 2.08348708832e-05 1.68733109266e-05 2.05414219975e-05 2.15684930974e-05 1.95143508977e-05 2.18619419831e-05 1.95143508977e-05 2.12750442117e-05 2.17152175403e-05 1.98077997833e-05 2.08348708832e-05 2.17152175403e-05 2.17152175403e-05 2.18619419831e-05 2.18619419831e-05 2.20086664259e-05 2.24488397545e-05 2.17152175403e-05 2.18619419831e-05 2.20086664259e-05 2.17152175403e-05 2.02479731119e-05 2.15684930974e-05 2.17152175403e-05 2.12750442117e-05 2.21553908688e-05 2.17152175403e-05 2.11283197689e-05 2.11283197689e-05 1.96610753405e-05 2.17152175403e-05 2.15684930974e-05 2.06881464404e-05 1.90741775691e-05 2.21553908688e-05 1.95143508977e-05 1.59929642695e-05
