ExampleFiles/niche_identity/models/ENFA/normalized_grids/Anolis_chlorocyanus.asc
ncols        743
nrows        319
xllcorner    -74.500956448335
yllcorner    17.448920549066
cellsize     0.008333333333
NODATA_value  -9999
[rows 92 to 114 of 318, columns 208 to 259 of 743]
-9999 7.77972628226e-06 8.40210438484e-06 8.40210438484e-06 8.40210438484e-06 8.40210438484e-06 8.92075280366e-06 9.02448248742e-06 9.02448248742e-06 9.33567153871e-06 9.54313090624e-06 9.64686059e-06 1.02692386926e-05 1.03729683763e-05 1.06841574276e-05 9.33567153871e-06 1.01655090088e-05 9.75059027377e-06 1.02692386926e-05 1.27587511029e-05 1.24475620516e-05 1.32773995217e-05 1.27587511029e-05 1.42109666756e-05 1.40035073081e-05 1.44184260431e-05 1.58706416158e-05 1.47296150944e-05 1.52482635132e-05 3.31934988043e-06 6.43124039334e-06 7.6759965985e-06 6.43124039334e-06 7.77972628226e-06 5.08275450441e-06 7.98718564979e-06 7.36480754721e-06 7.88345596602e-06 8.40210438484e-06 1.00617793251e-05 1.00617793251e-05 1.21363730003e-05 8.40210438484e-06 1.05804277439e-05 8.50583406861e-06 1.28624807867e-05 1.3173669838e-05 1.40035073081e-05 9.33567153871e-06 9.02448248742e-06 1.61818306671e-05 1.97086399151e-05
-9999 7.98718564979e-06 8.40210438484e-06 8.40210438484e-06 8.40210438484e-06 8.40210438484e-06 8.71329343613e-06 9.33567153871e-06 9.54313090624e-06 9.54313090624e-06 9.64686059e-06 1.00617793251e-05 1.02692386926e-05 1.02692386926e-05 1.05804277439e-05 9.85431995753e-06 9.02448248742e-06 1.02692386926e-05 1.00617793251e-05 1.21363730003e-05 1.12028058465e-05 1.12028058465e-05 1.37960479405e-05 1.5351993197e-05 1.50408041457e-05 1.5351993197e-05 8.29837470108e-06 9.54313090624e-06 1.1825183949e-05 1.12028058465e-05 6.32751070957e-06 6.43124039334e-06 1.00617793251e-05 7.98718564979e-06 7.77972628226e-06 6.43124039334e-06 8.92075280366e-06 8.71329343613e-06 8.40210438484e-06 6.43124039334e-06 6.43124039334e-06 8.29837470108e-06 9.75059027377e-06 9.02448248742e-06 8.50583406861e-06 1.37960479405e-05 1.34848588893e-05 1.42109666756e-05 1.52482635132e-05 1.04766980601e-05 1.54557228808e-05 1.42109666756e-05
-9999 -9999 -9999 -9999 -9999 9.02448248742e-06 8.92075280366e-06 9.02448248742e-06 9.02448248742e-06 9.54313090624e-06 9.85431995753e-06 1.00617793251e-05 1.02692386926e-05 1.03729683763e-05 1.03729683763e-05 9.54313090624e-06 9.12821217119e-06 9.23194185495e-06 1.01655090088e-05 1.21363730003e-05 1.24475620516e-05 1.26550214191e-05 1.27587511029e-05 1.43146963594e-05 1.29662104704e-05 7.6759965985e-06 6.43124039334e-06 8.40210438484e-06 1.09953464789e-05 1.29662104704e-05 1.01655090088e-05 6.01632165828e-06 8.29837470108e-06 4.97902482065e-06 6.43124039334e-06 1.02692386926e-05 6.22378102581e-06 1.01655090088e-05 8.71329343613e-06 7.88345596602e-06 8.40210438484e-06 7.88345596602e-06 1.02692386926e-05 1.12028058465e-05 9.33567153871e-06 1.29662104704e-05 1.61818306671e-05 1.37960479405e-05 1.40035073081e-05 1.36923182568e-05 1.37960479405e-05 1.5351993197e-05
-9999 -9999 -9999 8.92075280366e-06 8.92075280366e-06 9.23194185495e-06 9.02448248742e-06 9.54313090624e-06 9.54313090624e-06 9.54313090624e-06 1.00617793251e-05 1.02692386926e-05 1.03729683763e-05 1.06841574276e-05 1.03729683763e-05 1.03729683763e-05 1.02692386926e-05 9.02448248742e-06 1.02692386926e-05 1.23438323679e-05 1.29662104704e-05 1.26550214191e-05 1.27587511029e-05 1.02692386926e-05 1.37960479405e-05 1.29662104704e-05 6.5349700771e-06 4.97902482065e-06 1.02692386926e-05 1.32773995217e-05 9.02448248742e-06 6.43124039334e-06 7.05361849592e-06 6.22378102581e-06 6.43124039334e-06 7.98718564979e-06 6.12005134205e-06 6.5349700771e-06 8.40210438484e-06 1.01655090088e-05 9.33567153871e-06 7.88345596602e-06 7.05361849592e-06 1.04766980601e-05 1.07878871114e-05 1.23438323679e-05 1.05804277439e-05 1.02692386926e-05 1.40035073081e-05 1.42109666756e-05 1.76340462398e-05 1.40035073081e-05
-9999 -9999 -9999 -9999 -9999 -9999 9.54313090624e-06 9.75059027377e-06 9.75059027377e-06 9.85431995753e-06 1.01655090088e-05 1.03729683763e-05 1.03729683763e-05 1.07878871114e-05 1.09953464789e-05 1.19289136328e-05 1.12028058465e-05 1.12028058465e-05 1.06841574276e-05 1.28624807867e-05 1.21363730003e-05 1.12028058465e-05 1.06841574276e-05 1.12028058465e-05 1.33811292055e-05 1.26550214191e-05 6.63869976086e-06 6.22378102581e-06 4.97902482065e-06 7.98718564979e-06 1.37960479405e-05 9.75059027377e-06 8.40210438484e-06 1.15139948977e-05 7.98718564979e-06 7.05361849592e-06 8.29837470108e-06 6.43124039334e-06 1.20326433166e-05 1.02692386926e-05 1.28624807867e-05 9.75059027377e-06 6.43124039334e-06 6.12005134205e-06 1.02692386926e-05 1.3588588573e-05 1.52482635132e-05 1.58706416158e-05 1.29662104704e-05 1.61818306671e-05 1.72191275047e-05 1.69079384534e-05
-9999 -9999 -9999 -9999 -9999 -9999 9.75059027377e-06 1.01655090088e-05 9.75059027377e-06 1.01655090088e-05 1.02692386926e-05 1.02692386926e-05 1.05804277439e-05 1.09953464789e-05 1.12028058465e-05 1.12028058465e-05 1.23438323679e-05 1.26550214191e-05 1.01655090088e-05 9.33567153871e-06 1.28624807867e-05 1.21363730003e-05 1.29662104704e-05 1.32773995217e-05 1.3588588573e-05 1.42109666756e-05 1.22401026841e-05 7.77972628226e-06 7.36480754721e-06 9.75059027377e-06 1.09953464789e-05 1.05804277439e-05 1.21363730003e-05 1.36923182568e-05 1.26550214191e-05 1.37960479405e-05 7.77972628226e-06 4.97902482065e-06 8.29837470108e-06 9.02448248742e-06 1.09953464789e-05 1.38997776243e-05 8.40210438484e-06 8.92075280366e-06 1.09953464789e-05 1.05804277439e-05 1.52482635132e-05 1.58706416158e-05 1.52482635132e-05 1.52482635132e-05 1.54557228808e-05 1.54557228808e-05
-9999 -9999 -9999 9.33567153871e-06 -9999 -9999 1.00617793251e-05 1.01655090088e-05 1.02692386926e-05 1.02692386926e-05 1.03729683763e-05 1.04766980601e-05 1.05804277439e-05 1.05804277439e-05 1.00617793251e-05 9.23194185495e-06 1.21363730003e-05 1.04766980601e-05 1.12028058465e-05 1.24475620516e-05 1.22401026841e-05 1.28624807867e-05 1.28624807867e-05 1.29662104704e-05 1.26550214191e-05 1.40035073081e-05 1.03729683763e-05 7.36480754721e-06 6.43124039334e-06 4.66783576936e-06 5.3939435557e-06 1.28624807867e-05 7.88345596602e-06 8.40210438484e-06 8.40210438484e-06 8.92075280366e-06 1.06841574276e-05 1.02692386926e-05 6.12005134205e-06 1.05804277439e-05 1.29662104704e-05 1.3588588573e-05 1.37960479405e-05 9.02448248742e-06 9.12821217119e-06 1.02692386926e-05 1.09953464789e-05 1.29662104704e-05 1.3588588573e-05 1.40035073081e-05 1.61818306671e-05 1.77377759236e-05
8.50583406861e-06 8.60956375237e-06 8.60956375237e-06 8.71329343613e-06 8.92075280366e-06 9.54313090624e-06 1.01655090088e-05 1.02692386926e-05 1.02692386926e-05 1.02692386926e-05 1.05804277439e-05 1.05804277439e-05 1.08916167952e-05 9.33567153871e-06 1.04766980601e-05 1.02692386926e-05 1.08916167952e-05 1.05804277439e-05 1.08916167952e-05 1.07878871114e-05 1.09953464789e-05 1.05804277439e-05 1.15139948977e-05 1.23438323679e-05 1.26550214191e-05 1.22401026841e-05 1.12028058465e-05 1.05804277439e-05 8.29837470108e-06 7.05361849592e-06 6.43124039334e-06 7.6759965985e-06 1.3588588573e-05 7.88345596602e-06 6.43124039334e-06 8.71329343613e-06 5.3939435557e-06 1.04766980601e-05 6.43124039334e-06 6.5349700771e-06 1.40035073081e-05 1.25512917354e-05 1.25512917354e-05 1.36923182568e-05 1.01655090088e-05 1.21363730003e-05 1.26550214191e-05 1.26550214191e-05 1.34848588893e-05 1.77377759236e-05 1.8878802445e-05 1.62855603509e-05
8.40210438484e-06 8.50583406861e-06 8.50583406861e-06 8.60956375237e-06 8.40210438484e-06 8.60956375237e-06 9.33567153871e-06 1.02692386926e-05 1.02692386926e-05 1.03729683763e-05 1.06841574276e-05 1.08916167952e-05 1.05804277439e-05 1.02692386926e-05 8.60956375237e-06 9.12821217119e-06 8.92075280366e-06 9.75059027377e-06 8.92075280366e-06 1.02692386926e-05 1.23438323679e-05 1.02692386926e-05 1.21363730003e-05 9.02448248742e-06 8.60956375237e-06 8.29837470108e-06 1.01655090088e-05 1.05804277439e-05 1.04766980601e-05 1.05804277439e-05 1.24475620516e-05 1.37960479405e-05 9.33567153871e-06 1.21363730003e-05 8.92075280366e-06 9.02448248742e-06 8.40210438484e-06 1.46258854107e-05 8.60956375237e-06 8.40210438484e-06 4.97902482065e-06 1.27587511029e-05 1.22401026841e-05 1.09953464789e-05 8.92075280366e-06 8.92075280366e-06 8.71329343613e-06 1.29662104704e-05 1.40035073081e-05 1.15139948977e-05 1.73228571885e-05 1.40035073081e-05
9.02448248742e-06 9.02448248742e-06 9.12821217119e-06 9.02448248742e-06 9.33567153871e-06 9.75059027377e-06 1.02692386926e-05 1.03729683763e-05 1.05804277439e-05 1.05804277439e-05 1.04766980601e-05 1.05804277439e-05 1.05804277439e-05 1.09953464789e-05 1.00617793251e-05 8.40210438484e-06 8.71329343613e-06 9.54313090624e-06 9.12821217119e-06 1.16177245815e-05 1.20326433166e-05 1.28624807867e-05 9.54313090624e-06 9.33567153871e-06 8.40210438484e-06 9.02448248742e-06 9.75059027377e-06 9.54313090624e-06 1.21363730003e-05 1.06841574276e-05 7.77972628226e-06 1.26550214191e-05 1.15139948977e-05 7.77972628226e-06 9.33567153871e-06 1.21363730003e-05 1.29662104704e-05 9.12821217119e-06 8.71329343613e-06 8.40210438484e-06 8.29837470108e-06 8.71329343613e-06 1.32773995217e-05 1.02692386926e-05 1.29662104704e-05 8.29837470108e-06 1.24475620516e-05 9.54313090624e-06 1.62855603509e-05 1.29662104704e-05 1.54557228808e-05 1.42109666756e-05
9.33567153871e-06 9.33567153871e-06 9.54313090624e-06 9.33567153871e-06 9.75059027377e-06 9.54313090624e-06 1.03729683763e-05 1.05804277439e-05 1.05804277439e-05 1.08916167952e-05 1.07878871114e-05 1.15139948977e-05 1.21363730003e-05 1.22401026841e-05 1.15139948977e-05 9.33567153871e-06 9.54313090624e-06 1.01655090088e-05 1.20326433166e-05 1.15139948977e-05 1.22401026841e-05 1.06841574276e-05 1.01655090088e-05 9.75059027377e-06 1.02692386926e-05 8.50583406861e-06 1.30699401542e-05 1.29662104704e-05 1.04766980601e-05 7.88345596602e-06 8.40210438484e-06 8.71329343613e-06 8.40210438484e-06 8.09091533355e-06 8.92075280366e-06 1.01655090088e-05 7.88345596602e-06 9.02448248742e-06 7.88345596602e-06 7.26107786344e-06 8.40210438484e-06 6.43124039334e-06 9.54313090624e-06 1.47296150944e-05 9.54313090624e-06 1.1825183949e-05 7.88345596602e-06 8.40210438484e-06 1.29662104704e-05 1.26550214191e-05 1.42109666756e-05 1.03729683763e-05
9.33567153871e-06 9.02448248742e-06 9.75059027377e-06 1.01655090088e-05 1.02692386926e-05 9.54313090624e-06 1.03729683763e-05 1.05804277439e-05 1.08916167952e-05 1.1410265214e-05 1.09953464789e-05 1.09953464789e-05 1.06841574276e-05 1.12028058465e-05 1.15139948977e-05 1.1410265214e-05 9.54313090624e-06 1.02692386926e-05 1.09953464789e-05 9.75059027377e-06 1.00617793251e-05 9.75059027377e-06 1.1410265214e-05 8.40210438484e-06 1.01655090088e-05 1.01655090088e-05 1.22401026841e-05 1.00617793251e-05 1.02692386926e-05 8.40210438484e-06 8.40210438484e-06 8.92075280366e-06 1.02692386926e-05 8.60956375237e-06 7.36480754721e-06 7.88345596602e-06 8.40210438484e-06 1.06841574276e-05 1.05804277439e-05 7.88345596602e-06 8.40210438484e-06 8.19464501731e-06 6.43124039334e-06 1.01655090088e-05 8.40210438484e-06 1.23438323679e-05 1.28624807867e-05 8.40210438484e-06 1.26550214191e-05 1.21363730003e-05 1.3588588573e-05 8.92075280366e-06
-9999 1.02692386926e-05 1.01655090088e-05 1.03729683763e-05 1.03729683763e-05 1.05804277439e-05 1.06841574276e-05 1.08916167952e-05 1.12028058465e-05 1.15139948977e-05 1.15139948977e-05 1.17214542653e-05 1.21363730003e-05 1.09953464789e-05 1.12028058465e-05 1.08916167952e-05 9.12821217119e-06 9.75059027377e-06 1.16177245815e-05 1.02692386926e-05 1.28624807867e-05 1.37960479405e-05 1.36923182568e-05 1.26550214191e-05 1.02692386926e-05 8.71329343613e-06 8.71329343613e-06 8.92075280366e-06 1.21363730003e-05 9.02448248742e-06 1.02692386926e-05 9.33567153871e-06 8.92075280366e-06 8.60956375237e-06 7.26107786344e-06 6.43124039334e-06 1.05804277439e-05 1.07878871114e-05 1.25512917354e-05 8.40210438484e-06 9.85431995753e-06 8.29837470108e-06 1.02692386926e-05 8.71329343613e-06 8.92075280366e-06 1.00617793251e-05 6.43124039334e-06 8.71329343613e-06 1.01655090088e-05 9.85431995753e-06 1.15139948977e-05 9.54313090624e-06
9.02448248742e-06 1.02692386926e-05 1.02692386926e-05 9.85431995753e-06 1.05804277439e-05 1.05804277439e-05 1.06841574276e-05 1.09953464789e-05 1.1410265214e-05 1.08916167952e-05 1.12028058465e-05 1.21363730003e-05 1.20326433166e-05 1.26550214191e-05 1.24475620516e-05 1.26550214191e-05 1.02692386926e-05 1.03729683763e-05 1.02692386926e-05 1.09953464789e-05 1.26550214191e-05 1.33811292055e-05 1.16177245815e-05 1.22401026841e-05 9.33567153871e-06 8.60956375237e-06 9.02448248742e-06 1.12028058465e-05 9.33567153871e-06 9.12821217119e-06 8.40210438484e-06 8.40210438484e-06 9.75059027377e-06 7.88345596602e-06 6.43124039334e-06 6.43124039334e-06 4.97902482065e-06 7.77972628226e-06 1.24475620516e-05 1.22401026841e-05 1.40035073081e-05 1.29662104704e-05 1.56631822483e-05 1.28624807867e-05 1.23438323679e-05 1.56631822483e-05 8.40210438484e-06 6.43124039334e-06 8.29837470108e-06 6.43124039334e-06 7.57226691473e-06 7.88345596602e-06
9.02448248742e-06 9.02448248742e-06 9.75059027377e-06 1.02692386926e-05 1.06841574276e-05 1.06841574276e-05 1.08916167952e-05 1.09953464789e-05 1.09953464789e-05 1.16177245815e-05 1.15139948977e-05 1.24475620516e-05 1.22401026841e-05 1.12028058465e-05 1.07878871114e-05 1.16177245815e-05 1.23438323679e-05 9.85431995753e-06 1.26550214191e-05 1.26550214191e-05 1.32773995217e-05 1.26550214191e-05 1.22401026841e-05 1.12028058465e-05 1.02692386926e-05 8.71329343613e-06 8.40210438484e-06 9.33567153871e-06 1.06841574276e-05 1.05804277439e-05 8.40210438484e-06 6.32751070957e-06 6.43124039334e-06 4.97902482065e-06 4.46037640183e-06 4.14918735054e-06 7.98718564979e-06 4.14918735054e-06 4.97902482065e-06 8.09091533355e-06 1.05804277439e-05 8.40210438484e-06 9.33567153871e-06 1.21363730003e-05 1.3588588573e-05 1.02692386926e-05 1.25512917354e-05 1.42109666756e-05 7.88345596602e-06 6.43124039334e-06 6.43124039334e-06 4.46037640183e-06
8.71329343613e-06 9.33567153871e-06 9.33567153871e-06 1.02692386926e-05 1.05804277439e-05 1.09953464789e-05 1.09953464789e-05 1.12028058465e-05 1.1825183949e-05 1.21363730003e-05 1.07878871114e-05 1.25512917354e-05 1.03729683763e-05 1.06841574276e-05 1.07878871114e-05 1.15139948977e-05 1.28624807867e-05 1.29662104704e-05 1.28624807867e-05 1.27587511029e-05 1.28624807867e-05 1.28624807867e-05 1.09953464789e-05 1.15139948977e-05 1.08916167952e-05 1.03729683763e-05 1.05804277439e-05 8.92075280366e-06 8.40210438484e-06 8.40210438484e-06 7.05361849592e-06 6.12005134205e-06 5.18648418817e-06 4.97902482065e-06 6.43124039334e-06 4.46037640183e-06 6.32751070957e-06 3.21562019667e-06 8.29837470108e-06 1.01655090088e-05 1.21363730003e-05 1.03729683763e-05 1.30699401542e-05 7.77972628226e-06 7.88345596602e-06 8.40210438484e-06 7.98718564979e-06 1.03729683763e-05 9.12821217119e-06 7.77972628226e-06 6.43124039334e-06 8.09091533355e-06
9.33567153871e-06 9.75059027377e-06 9.54313090624e-06 1.02692386926e-05 1.03729683763e-05 1.06841574276e-05 1.1410265214e-05 1.21363730003e-05 1.1825183949e-05 1.15139948977e-05 1.15139948977e-05 1.21363730003e-05 1.15139948977e-05 1.05804277439e-05 1.21363730003e-05 1.37960479405e-05 1.38997776243e-05 1.37960479405e-05 1.3173669838e-05 1.30699401542e-05 1.36923182568e-05 1.24475620516e-05 1.05804277439e-05 1.05804277439e-05 9.85431995753e-06 9.33567153871e-06 9.33567153871e-06 8.50583406861e-06 7.88345596602e-06 7.77972628226e-06 4.46037640183e-06 4.97902482065e-06 6.43124039334e-06 6.43124039334e-06 6.43124039334e-06 5.18648418817e-06 4.2529170343e-06 4.97902482065e-06 4.97902482065e-06 4.46037640183e-06 1.16177245815e-05 1.27587511029e-05 9.02448248742e-06 9.33567153871e-06 6.22378102581e-06 6.43124039334e-06 6.43124039334e-06 9.02448248742e-06 1.29662104704e-05 8.09091533355e-06 8.29837470108e-06 6.12005134205e-06
9.75059027377e-06 1.05804277439e-05 1.05804277439e-05 1.05804277439e-05 1.08916167952e-05 1.09953464789e-05 1.1410265214e-05 1.21363730003e-05 1.22401026841e-05 1.21363730003e-05 1.25512917354e-05 1.21363730003e-05 1.22401026841e-05 1.22401026841e-05 1.26550214191e-05 1.37960479405e-05 1.50408041457e-05 1.22401026841e-05 1.37960479405e-05 1.09953464789e-05 1.17214542653e-05 1.15139948977e-05 8.40210438484e-06 1.20326433166e-05 1.09953464789e-05 1.03729683763e-05 8.29837470108e-06 7.26107786344e-06 6.22378102581e-06 4.97902482065e-06 4.87529513688e-06 6.43124039334e-06 6.43124039334e-06 7.88345596602e-06 4.97902482065e-06 4.97902482065e-06 3.52680924796e-06 7.77972628226e-06 4.46037640183e-06 4.56410608559e-06 8.8170231199e-06 1.37960479405e-05 1.08916167952e-05 9.02448248742e-06 4.77156545312e-06 2.48951241032e-06 5.3939435557e-06 4.97902482065e-06 8.09091533355e-06 1.01655090088e-05 6.43124039334e-06 5.18648418817e-06
1.28624807867e-05 1.29662104704e-05 1.26550214191e-05 1.08916167952e-05 1.08916167952e-05 1.12028058465e-05 1.12028058465e-05 1.21363730003e-05 1.24475620516e-05 1.26550214191e-05 1.29662104704e-05 1.29662104704e-05 1.26550214191e-05 1.29662104704e-05 1.40035073081e-05 1.37960479405e-05 1.47296150944e-05 1.29662104704e-05 1.21363730003e-05 1.15139948977e-05 1.09953464789e-05 1.22401026841e-05 1.02692386926e-05 1.08916167952e-05 9.33567153871e-06 7.98718564979e-06 6.43124039334e-06 6.43124039334e-06 7.26107786344e-06 7.77972628226e-06 6.43124039334e-06 6.43124039334e-06 4.97902482065e-06 6.01632165828e-06 5.70513260699e-06 5.18648418817e-06 5.3939435557e-06 6.43124039334e-06 4.35664671807e-06 4.2529170343e-06 3.73426861549e-06 3.63053893172e-06 1.32773995217e-05 9.54313090624e-06 7.98718564979e-06 2.59324209409e-06 2.90443114538e-06 4.2529170343e-06 5.18648418817e-06 7.77972628226e-06 7.88345596602e-06 7.46853723097e-06
1.26550214191e-05 1.42109666756e-05 1.3173669838e-05 1.46258854107e-05 1.37960479405e-05 1.29662104704e-05 1.28624807867e-05 1.1825183949e-05 1.24475620516e-05 1.29662104704e-05 1.29662104704e-05 1.37960479405e-05 1.23438323679e-05 1.40035073081e-05 1.42109666756e-05 1.42109666756e-05 1.30699401542e-05 1.38997776243e-05 1.26550214191e-05 1.06841574276e-05 1.28624807867e-05 1.24475620516e-05 1.07878871114e-05 8.40210438484e-06 7.88345596602e-06 5.18648418817e-06 5.18648418817e-06 6.12005134205e-06 6.94988881215e-06 6.5349700771e-06 7.88345596602e-06 7.15734817968e-06 4.97902482065e-06 3.31934988043e-06 4.2529170343e-06 6.12005134205e-06 4.97902482065e-06 2.48951241032e-06 2.69697177785e-06 2.48951241032e-06 3.21562019667e-06 4.97902482065e-06 8.8170231199e-06 1.08916167952e-05 8.40210438484e-06 6.43124039334e-06 2.07459367527e-06 2.07459367527e-06 3.94172798301e-06 6.12005134205e-06 7.46853723097e-06 8.40210438484e-06
1.15139948977e-05 1.52482635132e-05 1.06841574276e-05 1.42109666756e-05 1.37960479405e-05 1.42109666756e-05 1.42109666756e-05 1.37960479405e-05 1.3173669838e-05 1.32773995217e-05 1.27587511029e-05 1.40035073081e-05 1.3588588573e-05 1.29662104704e-05 1.37960479405e-05 1.37960479405e-05 1.40035073081e-05 1.03729683763e-05 1.37960479405e-05 1.24475620516e-05 1.30699401542e-05 9.54313090624e-06 9.33567153871e-06 7.77972628226e-06 6.43124039334e-06 5.49767323946e-06 6.43124039334e-06 6.43124039334e-06 6.5349700771e-06 8.40210438484e-06 7.46853723097e-06 6.43124039334e-06 4.97902482065e-06 6.5349700771e-06 6.12005134205e-06 5.18648418817e-06 3.42307956419e-06 4.97902482065e-06 4.56410608559e-06 2.48951241032e-06 2.69697177785e-06 1.86713430774e-06 8.92075280366e-06 1.09953464789e-05 1.24475620516e-05 8.29837470108e-06 3.00816082914e-06 1.97086399151e-06 1.55594525645e-06 1.97086399151e-06 7.46853723097e-06 7.88345596602e-06
-9999 1.27587511029e-05 1.52482635132e-05 1.30699401542e-05 1.42109666756e-05 1.37960479405e-05 1.42109666756e-05 1.50408041457e-05 1.40035073081e-05 1.50408041457e-05 1.42109666756e-05 1.42109666756e-05 1.47296150944e-05 1.37960479405e-05 1.29662104704e-05 1.40035073081e-05 1.29662104704e-05 1.26550214191e-05 1.26550214191e-05 1.15139948977e-05 1.03729683763e-05 8.40210438484e-06 7.77972628226e-06 6.5349700771e-06 6.43124039334e-06 7.98718564979e-06 6.43124039334e-06 6.43124039334e-06 8.40210438484e-06 7.98718564979e-06 6.22378102581e-06 4.97902482065e-06 6.22378102581e-06 5.3939435557e-06 6.22378102581e-06 4.66783576936e-06 3.31934988043e-06 3.1118905129e-06 4.97902482065e-06 2.48951241032e-06 3.21562019667e-06 2.69697177785e-06 6.43124039334e-06 1.05804277439e-05 9.02448248742e-06 6.43124039334e-06 4.97902482065e-06 3.00816082914e-06 1.97086399151e-06 1.45221557269e-06 4.97902482065e-06 5.18648418817e-06
-9999 -9999 1.09953464789e-05 1.42109666756e-05 1.29662104704e-05 1.40035073081e-05 1.06841574276e-05 1.3588588573e-05 1.52482635132e-05 1.50408041457e-05 1.51445338295e-05 1.51445338295e-05 1.5351993197e-05 1.37960479405e-05 1.22401026841e-05 1.42109666756e-05 1.34848588893e-05 1.29662104704e-05 1.07878871114e-05 9.95804964129e-06 1.21363730003e-05 8.29837470108e-06 8.19464501731e-06 7.88345596602e-06 7.98718564979e-06 9.12821217119e-06 8.50583406861e-06 8.40210438484e-06 6.63869976086e-06 6.43124039334e-06 4.97902482065e-06 6.43124039334e-06 4.97902482065e-06 4.97902482065e-06 2.69697177785e-06 3.21562019667e-06 1.97086399151e-06 3.21562019667e-06 2.48951241032e-06 1.97086399151e-06 2.69697177785e-06 3.63053893172e-06 1.97086399151e-06 7.88345596602e-06 9.75059027377e-06 9.33567153871e-06 4.97902482065e-06 7.88345596602e-06 6.43124039334e-06 2.07459367527e-06 3.00816082914e-06 7.57226691473e-06
