ExampleFiles/niche_identity/models/ENFA/normalized_grids/Anolis_coelestinus_0.asc
ncols        743
nrows        319
xllcorner    -74.500956448335
yllcorner    17.448920549066
cellsize     0.008333333333
NODATA_value  -9999
[rows 92 to 114 of 318, columns 408 to 458 of 743]
3.37466218531e-06 3.37466218531e-06 3.37466218531e-06 3.37466218531e-06 3.81483551383e-06 4.25500884235e-06 2.20086664259e-06 2.34759108543e-06 2.34759108543e-06 2.34759108543e-06 1.61396887124e-06 3.08121329963e-06 1.02707109988e-06 1.90741775691e-06 1.17379554272e-06 1.90741775691e-06 3.22793774247e-06 3.08121329963e-06 1.61396887124e-06 1.61396887124e-06 1.61396887124e-06 1.61396887124e-06 1.90741775691e-06 1.61396887124e-06 1.76069331408e-06 2.34759108543e-06 1.90741775691e-06 2.34759108543e-06 1.32051998556e-06 1.17379554272e-06 1.90741775691e-06 2.34759108543e-06 1.90741775691e-06 1.32051998556e-06 1.90741775691e-06 1.90741775691e-06 1.90741775691e-06 2.34759108543e-06 1.90741775691e-06 2.49431552827e-06 1.90741775691e-06 1.90741775691e-06 1.02707109988e-06 1.76069331408e-06 1.90741775691e-06 1.4672444284e-07 7.33622214198e-07 1.90741775691e-06 2.34759108543e-06 1.90741775691e-06 1.90741775691e-06
5.28207994223e-06 3.66811107099e-06 3.08121329963e-06 4.40173328519e-06 3.08121329963e-06 2.34759108543e-06 3.08121329963e-06 2.49431552827e-06 1.90741775691e-06 2.93448885679e-06 2.49431552827e-06 2.49431552827e-06 2.34759108543e-06 2.34759108543e-06 1.90741775691e-06 1.90741775691e-06 2.34759108543e-06 3.08121329963e-06 7.33622214198e-07 2.49431552827e-06 1.61396887124e-06 2.34759108543e-06 1.90741775691e-06 1.90741775691e-06 1.17379554272e-06 1.76069331408e-06 7.33622214198e-07 1.90741775691e-06 1.90741775691e-06 2.34759108543e-06 1.90741775691e-06 1.90741775691e-06 1.90741775691e-06 1.02707109988e-06 1.02707109988e-06 1.90741775691e-06 1.90741775691e-06 2.34759108543e-06 1.02707109988e-06 1.61396887124e-06 1.90741775691e-06 7.33622214198e-07 7.33622214198e-07 7.33622214198e-07 1.90741775691e-06 7.33622214198e-07 7.33622214198e-07 1.90741775691e-06 2.64103997111e-06 3.08121329963e-06 3.08121329963e-06
3.96155995667e-06 5.13535549939e-06 3.22793774247e-06 4.69518217087e-06 3.81483551383e-06 3.08121329963e-06 4.25500884235e-06 1.90741775691e-06 3.66811107099e-06 3.08121329963e-06 3.66811107099e-06 3.08121329963e-06 2.78776441395e-06 2.49431552827e-06 1.90741775691e-06 1.61396887124e-06 2.34759108543e-06 2.64103997111e-06 1.90741775691e-06 1.90741775691e-06 1.17379554272e-06 1.90741775691e-06 1.90741775691e-06 1.90741775691e-06 1.90741775691e-06 1.90741775691e-06 1.90741775691e-06 7.33622214198e-07 7.33622214198e-07 2.34759108543e-06 1.02707109988e-06 1.32051998556e-06 7.33622214198e-07 1.4672444284e-07 1.90741775691e-06 1.90741775691e-06 1.90741775691e-06 3.08121329963e-06 1.90741775691e-06 7.33622214198e-07 1.90741775691e-06 8.80346657038e-07 7.33622214198e-07 8.80346657038e-07 1.90741775691e-06 1.90741775691e-06 1.61396887124e-06 1.90741775691e-06 1.90741775691e-06 2.78776441395e-06 1.90741775691e-06
4.40173328519e-06 4.25500884235e-06 4.25500884235e-06 4.10828439951e-06 3.08121329963e-06 3.08121329963e-06 5.28207994223e-06 3.66811107099e-06 4.40173328519e-06 3.22793774247e-06 3.08121329963e-06 1.90741775691e-06 2.64103997111e-06 3.08121329963e-06 3.37466218531e-06 1.90741775691e-06 1.90741775691e-06 1.90741775691e-06 1.90741775691e-06 1.90741775691e-06 2.49431552827e-06 1.61396887124e-06 2.93448885679e-06 2.49431552827e-06 1.90741775691e-06 1.90741775691e-06 1.90741775691e-06 1.90741775691e-06 1.02707109988e-06 1.90741775691e-06 2.34759108543e-06 1.90741775691e-06 7.33622214198e-07 1.17379554272e-06 7.33622214198e-07 1.90741775691e-06 2.05414219975e-06 1.90741775691e-06 1.90741775691e-06 7.33622214198e-07 1.02707109988e-06 1.61396887124e-06 1.61396887124e-06 1.90741775691e-06 1.76069331408e-06 2.34759108543e-06 1.90741775691e-06 1.90741775691e-06 2.34759108543e-06 1.90741775691e-06 2.49431552827e-06
4.40173328519e-06 4.84190661371e-06 3.08121329963e-06 3.08121329963e-06 4.69518217087e-06 3.08121329963e-06 5.28207994223e-06 3.81483551383e-06 3.08121329963e-06 3.08121329963e-06 4.10828439951e-06 2.78776441395e-06 2.64103997111e-06 3.81483551383e-06 3.08121329963e-06 2.20086664259e-06 1.90741775691e-06 2.34759108543e-06 2.34759108543e-06 2.34759108543e-06 2.64103997111e-06 2.34759108543e-06 2.34759108543e-06 1.90741775691e-06 1.90741775691e-06 1.90741775691e-06 1.76069331408e-06 1.90741775691e-06 1.90741775691e-06 1.90741775691e-06 1.17379554272e-06 2.34759108543e-06 1.90741775691e-06 1.32051998556e-06 1.61396887124e-06 7.33622214198e-07 2.20086664259e-06 1.02707109988e-06 1.90741775691e-06 7.33622214198e-07 1.61396887124e-06 1.61396887124e-06 2.34759108543e-06 1.90741775691e-06 1.90741775691e-06 7.33622214198e-07 1.32051998556e-06 1.90741775691e-06 1.90741775691e-06 2.34759108543e-06 1.90741775691e-06
4.25500884235e-06 5.86897771358e-06 4.84190661371e-06 4.40173328519e-06 3.08121329963e-06 3.96155995667e-06 3.08121329963e-06 4.25500884235e-06 3.66811107099e-06 2.49431552827e-06 3.81483551383e-06 2.34759108543e-06 3.08121329963e-06 3.08121329963e-06 3.08121329963e-06 3.37466218531e-06 1.90741775691e-06 2.93448885679e-06 1.90741775691e-06 1.90741775691e-06 2.34759108543e-06 3.08121329963e-06 2.20086664259e-06 1.90741775691e-06 1.90741775691e-06 1.90741775691e-06 2.34759108543e-06 3.66811107099e-06 2.34759108543e-06 1.32051998556e-06 1.02707109988e-06 2.34759108543e-06 1.90741775691e-06 2.34759108543e-06 1.76069331408e-06 1.02707109988e-06 3.08121329963e-06 2.34759108543e-06 1.90741775691e-06 1.90741775691e-06 1.90741775691e-06 1.17379554272e-06 1.90741775691e-06 2.34759108543e-06 2.34759108543e-06 7.33622214198e-07 1.02707109988e-06 2.49431552827e-06 3.08121329963e-06 2.34759108543e-06 1.90741775691e-06
4.69518217087e-06 3.81483551383e-06 6.16242659926e-06 4.10828439951e-06 4.25500884235e-06 4.10828439951e-06 3.08121329963e-06 3.08121329963e-06 3.81483551383e-06 3.08121329963e-06 3.66811107099e-06 2.34759108543e-06 4.25500884235e-06 2.34759108543e-06 3.08121329963e-06 2.34759108543e-06 2.64103997111e-06 1.90741775691e-06 1.90741775691e-06 2.78776441395e-06 3.66811107099e-06 3.08121329963e-06 3.08121329963e-06 1.90741775691e-06 2.34759108543e-06 2.49431552827e-06 2.34759108543e-06 2.34759108543e-06 1.90741775691e-06 1.90741775691e-06 2.34759108543e-06 1.90741775691e-06 2.49431552827e-06 2.34759108543e-06 1.90741775691e-06 1.61396887124e-06 7.33622214198e-07 1.90741775691e-06 7.33622214198e-07 7.33622214198e-07 1.90741775691e-06 2.64103997111e-06 2.34759108543e-06 2.34759108543e-06 7.33622214198e-07 1.76069331408e-06 1.32051998556e-06 2.64103997111e-06 3.08121329963e-06 3.08121329963e-06 2.64103997111e-06
3.08121329963e-06 3.66811107099e-06 5.13535549939e-06 4.54845772803e-06 5.13535549939e-06 3.81483551383e-06 3.08121329963e-06 2.34759108543e-06 2.34759108543e-06 1.90741775691e-06 3.22793774247e-06 2.78776441395e-06 3.37466218531e-06 2.34759108543e-06 3.08121329963e-06 3.08121329963e-06 2.34759108543e-06 2.34759108543e-06 2.49431552827e-06 3.08121329963e-06 1.90741775691e-06 1.90741775691e-06 2.93448885679e-06 2.49431552827e-06 1.90741775691e-06 1.90741775691e-06 1.90741775691e-06 1.90741775691e-06 1.61396887124e-06 2.34759108543e-06 2.49431552827e-06 2.49431552827e-06 2.34759108543e-06 1.90741775691e-06 1.90741775691e-06 1.90741775691e-06 1.90741775691e-06 3.08121329963e-06 2.34759108543e-06 2.93448885679e-06 7.33622214198e-07 1.90741775691e-06 1.90741775691e-06 3.08121329963e-06 2.34759108543e-06 5.86897771358e-07 3.08121329963e-06 3.08121329963e-06 1.90741775691e-06 3.08121329963e-06 2.34759108543e-06
1.61396887124e-06 2.34759108543e-06 3.08121329963e-06 3.81483551383e-06 3.66811107099e-06 3.96155995667e-06 4.54845772803e-06 3.08121329963e-06 1.90741775691e-06 1.61396887124e-06 1.61396887124e-06 1.90741775691e-06 1.32051998556e-06 2.34759108543e-06 3.08121329963e-06 3.08121329963e-06 3.22793774247e-06 3.08121329963e-06 4.40173328519e-06 2.34759108543e-06 3.08121329963e-06 2.78776441395e-06 2.49431552827e-06 3.08121329963e-06 1.90741775691e-06 1.17379554272e-06 2.34759108543e-06 1.02707109988e-06 1.90741775691e-06 1.90741775691e-06 1.90741775691e-06 2.34759108543e-06 2.34759108543e-06 1.61396887124e-06 2.34759108543e-06 2.93448885679e-06 2.34759108543e-06 2.34759108543e-06 1.90741775691e-06 1.90741775691e-06 1.90741775691e-06 1.61396887124e-06 7.33622214198e-07 1.90741775691e-06 1.90741775691e-06 3.08121329963e-06 2.93448885679e-06 2.64103997111e-06 2.93448885679e-06 3.08121329963e-06 2.49431552827e-06
1.90741775691e-06 7.33622214198e-07 7.33622214198e-07 2.34759108543e-06 3.08121329963e-06 4.25500884235e-06 3.08121329963e-06 4.84190661371e-06 3.22793774247e-06 2.34759108543e-06 1.90741775691e-06 2.64103997111e-06 3.66811107099e-06 2.34759108543e-06 3.08121329963e-06 2.49431552827e-06 3.66811107099e-06 3.81483551383e-06 2.34759108543e-06 3.37466218531e-06 3.37466218531e-06 3.22793774247e-06 3.22793774247e-06 3.08121329963e-06 1.90741775691e-06 2.93448885679e-06 2.34759108543e-06 2.34759108543e-06 2.34759108543e-06 3.08121329963e-06 2.34759108543e-06 2.34759108543e-06 2.49431552827e-06 1.90741775691e-06 2.34759108543e-06 2.34759108543e-06 2.34759108543e-06 2.34759108543e-06 3.08121329963e-06 2.49431552827e-06 3.08121329963e-06 3.08121329963e-06 1.90741775691e-06 1.90741775691e-06 2.20086664259e-06 2.49431552827e-06 1.90741775691e-06 2.34759108543e-06 2.34759108543e-06 2.34759108543e-06 1.90741775691e-06
7.33622214198e-07 1.90741775691e-06 1.90741775691e-06 2.34759108543e-06 4.25500884235e-06 1.90741775691e-06 4.40173328519e-06 4.40173328519e-06 3.37466218531e-06 1.90741775691e-06 2.93448885679e-07 1.90741775691e-06 2.78776441395e-06 3.08121329963e-06 2.34759108543e-06 2.34759108543e-06 2.64103997111e-06 3.66811107099e-06 3.81483551383e-06 3.66811107099e-06 3.08121329963e-06 3.22793774247e-06 1.90741775691e-06 2.93448885679e-06 2.34759108543e-06 3.37466218531e-06 3.08121329963e-06 3.08121329963e-06 3.08121329963e-06 2.34759108543e-06 1.90741775691e-06 3.08121329963e-06 2.05414219975e-06 2.64103997111e-06 2.64103997111e-06 2.34759108543e-06 3.08121329963e-06 2.93448885679e-06 2.34759108543e-06 1.90741775691e-06 3.37466218531e-06 2.34759108543e-06 2.93448885679e-06 3.22793774247e-06 2.34759108543e-06 2.34759108543e-06 3.22793774247e-06 2.34759108543e-06 1.90741775691e-06 1.90741775691e-06 3.66811107099e-06
7.33622214198e-07 2.34759108543e-06 2.49431552827e-06 3.08121329963e-06 2.34759108543e-06 3.66811107099e-06 4.25500884235e-06 3.08121329963e-06 2.49431552827e-06 2.49431552827e-06 1.90741775691e-06 1.02707109988e-06 5.86897771358e-07 7.33622214198e-07 7.33622214198e-07 2.34759108543e-06 2.93448885679e-06 3.08121329963e-06 3.37466218531e-06 3.08121329963e-06 3.37466218531e-06 3.08121329963e-06 3.66811107099e-06 1.90741775691e-06 3.08121329963e-06 2.49431552827e-06 2.34759108543e-06 3.08121329963e-06 3.08121329963e-06 2.34759108543e-06 1.90741775691e-06 1.90741775691e-06 1.90741775691e-06 2.49431552827e-06 3.08121329963e-06 3.08121329963e-06 2.34759108543e-06 2.34759108543e-06 1.90741775691e-06 1.90741775691e-06 3.08121329963e-06 2.34759108543e-06 2.78776441395e-06 3.08121329963e-06 2.34759108543e-06 3.81483551383e-06 2.34759108543e-06 2.49431552827e-06 2.93448885679e-06 1.90741775691e-06 2.49431552827e-06
2.93448885679e-07 1.17379554272e-06 2.78776441395e-06 2.49431552827e-06 1.61396887124e-06 3.37466218531e-06 2.34759108543e-06 2.64103997111e-06 1.90741775691e-06 1.90741775691e-06 1.90741775691e-06 2.34759108543e-06 5.86897771358e-07 0.0 0.0 0.0 1.90741775691e-06 2.20086664259e-06 3.22793774247e-06 2.78776441395e-06 3.22793774247e-06 3.08121329963e-06 3.37466218531e-06 2.34759108543e-06 3.66811107099e-06 2.93448885679e-06 2.49431552827e-06 1.90741775691e-06 1.90741775691e-06 1.02707109988e-06 2.34759108543e-06 2.34759108543e-06 2.34759108543e-06 2.49431552827e-06 3.08121329963e-06 3.08121329963e-06 2.93448885679e-06 3.08121329963e-06 3.08121329963e-06 2.34759108543e-06 2.49431552827e-06 3.08121329963e-06 2.64103997111e-06 2.34759108543e-06 3.08121329963e-06 3.37466218531e-06 2.64103997111e-06 2.34759108543e-06 2.34759108543e-06 1.90741775691e-06 3.08121329963e-06
1.61396887124e-06 2.93448885679e-06 3.08121329963e-06 2.64103997111e-06 1.90741775691e-06 1.17379554272e-06 2.34759108543e-06 2.34759108543e-06 1.90741775691e-06 2.20086664259e-06 7.33622214198e-07 1.90741775691e-06 7.33622214198e-07 1.4672444284e-07 1.17379554272e-06 1.90741775691e-06 2.34759108543e-06 3.08121329963e-06 3.66811107099e-06 3.66811107099e-06 3.08121329963e-06 3.08121329963e-06 3.08121329963e-06 1.90741775691e-06 2.78776441395e-06 3.08121329963e-06 3.08121329963e-06 3.08121329963e-06 2.34759108543e-06 2.64103997111e-06 1.76069331408e-06 3.08121329963e-06 1.90741775691e-06 3.08121329963e-06 2.34759108543e-06 2.64103997111e-06 1.90741775691e-06 2.34759108543e-06 3.08121329963e-06 2.49431552827e-06 2.05414219975e-06 3.08121329963e-06 3.08121329963e-06 2.34759108543e-06 1.90741775691e-06 2.34759108543e-06 2.64103997111e-06 3.08121329963e-06 2.49431552827e-06 3.08121329963e-06 3.08121329963e-06
1.90741775691e-06 1.90741775691e-06 2.34759108543e-06 1.02707109988e-06 0.0 1.90741775691e-06 2.34759108543e-06 1.17379554272e-06 5.86897771358e-07 7.33622214198e-07 1.02707109988e-06 1.90741775691e-06 7.33622214198e-07 7.33622214198e-07 1.02707109988e-06 3.08121329963e-06 3.08121329963e-06 4.40173328519e-06 4.54845772803e-06 4.25500884235e-06 4.25500884235e-06 3.96155995667e-06 3.08121329963e-06 3.22793774247e-06 3.22793774247e-06 3.08121329963e-06 3.37466218531e-06 2.64103997111e-06 3.08121329963e-06 3.08121329963e-06 3.22793774247e-06 3.08121329963e-06 3.08121329963e-06 1.90741775691e-06 2.34759108543e-06 2.49431552827e-06 2.34759108543e-06 2.34759108543e-06 3.08121329963e-06 2.64103997111e-06 3.08121329963e-06 1.90741775691e-06 2.49431552827e-06 2.64103997111e-06 3.22793774247e-06 2.34759108543e-06 2.93448885679e-06 3.08121329963e-06 2.34759108543e-06 3.08121329963e-06 3.08121329963e-06
7.33622214198e-07 1.61396887124e-06 2.34759108543e-06 5.86897771358e-07 0.0 0.0 5.86897771358e-07 1.17379554272e-06 0.0 5.86897771358e-07 1.90741775691e-06 1.90741775691e-06 1.17379554272e-06 2.78776441395e-06 4.40173328519e-06 3.81483551383e-06 4.25500884235e-06 3.37466218531e-06 2.49431552827e-06 3.08121329963e-06 3.22793774247e-06 3.08121329963e-06 3.81483551383e-06 3.66811107099e-06 3.08121329963e-06 3.08121329963e-06 3.08121329963e-06 2.49431552827e-06 3.08121329963e-06 3.08121329963e-06 3.66811107099e-06 2.34759108543e-06 3.08121329963e-06 3.66811107099e-06 1.90741775691e-06 1.90741775691e-06 2.34759108543e-06 3.08121329963e-06 3.08121329963e-06 3.08121329963e-06 2.34759108543e-06 3.08121329963e-06 2.64103997111e-06 3.08121329963e-06 2.34759108543e-06 3.08121329963e-06 1.90741775691e-06 2.34759108543e-06 2.34759108543e-06 2.34759108543e-06 1.90741775691e-06
4.40173328519e-07 1.90741775691e-06 2.93448885679e-07 5.86897771358e-07 0.0 0.0 0.0 0.0 0.0 0.0 1.02707109988e-06 1.90741775691e-06 2.34759108543e-06 3.08121329963e-06 4.69518217087e-06 3.22793774247e-06 3.08121329963e-06 2.34759108543e-06 3.66811107099e-06 3.08121329963e-06 3.22793774247e-06 3.08121329963e-06 3.08121329963e-06 2.49431552827e-06 3.08121329963e-06 3.08121329963e-06 3.08121329963e-06 3.08121329963e-06 3.08121329963e-06 2.64103997111e-06 3.81483551383e-06 2.34759108543e-06 1.90741775691e-06 2.49431552827e-06 1.17379554272e-06 7.33622214198e-07 1.90741775691e-06 1.90741775691e-06 3.08121329963e-06 3.08121329963e-06 3.08121329963e-06 3.08121329963e-06 2.49431552827e-06 2.34759108543e-06 2.49431552827e-06 3.08121329963e-06 3.08121329963e-06 3.81483551383e-06 3.08121329963e-06 3.08121329963e-06 2.34759108543e-06
0.0 1.17379554272e-06 7.33622214198e-07 5.86897771358e-07 0.0 0.0 0.0 0.0 0.0 5.86897771358e-07 7.33622214198e-07 1.90741775691e-06 3.08121329963e-06 2.34759108543e-06 3.08121329963e-06 1.90741775691e-06 2.34759108543e-06 2.34759108543e-06 2.78776441395e-06 3.81483551383e-06 2.64103997111e-06 2.49431552827e-06 2.93448885679e-06 2.64103997111e-06 1.90741775691e-06 2.34759108543e-06 3.08121329963e-06 3.08121329963e-06 2.34759108543e-06 2.34759108543e-06 2.34759108543e-06 3.81483551383e-06 1.90741775691e-06 1.32051998556e-06 1.90741775691e-06 7.33622214198e-07 1.17379554272e-06 1.90741775691e-06 3.08121329963e-06 3.08121329963e-06 2.49431552827e-06 3.08121329963e-06 3.08121329963e-06 2.34759108543e-06 3.08121329963e-06 2.64103997111e-06 3.08121329963e-06 3.08121329963e-06 3.08121329963e-06 3.08121329963e-06 2.93448885679e-06
0.0 0.0 7.33622214198e-07 0.0 0.0 0.0 0.0 0.0 0.0 0.0 7.33622214198e-07 7.33622214198e-07 2.49431552827e-06 2.34759108543e-06 1.32051998556e-06 1.90741775691e-06 1.90741775691e-06 1.76069331408e-06 2.34759108543e-06 3.22793774247e-06 3.08121329963e-06 2.64103997111e-06 1.02707109988e-06 1.90741775691e-06 1.76069331408e-06 2.34759108543e-06 3.08121329963e-06 3.81483551383e-06 3.08121329963e-06 2.34759108543e-06 1.90741775691e-06 2.78776441395e-06 3.08121329963e-06 2.34759108543e-06 2.34759108543e-06 1.90741775691e-06 2.34759108543e-06 2.34759108543e-06 2.49431552827e-06 1.90741775691e-06 2.64103997111e-06 2.34759108543e-06 3.08121329963e-06 2.49431552827e-06 2.49431552827e-06 3.08121329963e-06 2.93448885679e-06 2.34759108543e-06 3.22793774247e-06 3.66811107099e-06 3.81483551383e-06
0.0 0.0 0.0 0.0 0.0 0.0 0.0 0.0 0.0 0.0 0.0 5.86897771358e-07 2.34759108543e-06 4.25500884235e-06 1.90741775691e-06 7.33622214198e-07 1.90741775691e-06 7.33622214198e-07 1.90741775691e-06 2.49431552827e-06 1.90741775691e-06 1.90741775691e-06 0.0 7.33622214198e-07 1.90741775691e-06 2.93448885679e-06 3.81483551383e-06 2.34759108543e-06 1.90741775691e-06 7.33622214198e-07 1.90741775691e-06 1.90741775691e-06 3.08121329963e-06 2.93448885679e-06 2.34759108543e-06 3.08121329963e-06 2.49431552827e-06 3.08121329963e-06 2.64103997111e-06 3.08121329963e-06 2.78776441395e-06 1.90741775691e-06 2.64103997111e-06 3.08121329963e-06 2.64103997111e-06 3.08121329963e-06 3.08121329963e-06 3.08121329963e-06 3.22793774247e-06 3.08121329963e-06 2.34759108543e-06
0.0 0.0 0.0 0.0 0.0 0.0 0.0 7.33622214198e-07 1.90741775691e-06 7.33622214198e-07 2.93448885679e-07 7.33622214198e-07 3.66811107099e-06 3.37466218531e-06 1.90741775691e-06 7.33622214198e-07 5.86897771358e-07 7.33622214198e-07 1.90741775691e-06 1.90741775691e-06 5.86897771358e-07 7.33622214198e-07 1.61396887124e-06 1.61396887124e-06 2.34759108543e-06 3.08121329963e-06 2.20086664259e-06 2.64103997111e-06 1.90741775691e-06 7.33622214198e-07 1.61396887124e-06 2.34759108543e-06 2.34759108543e-06 7.33622214198e-07 1.76069331408e-06 2.49431552827e-06 2.93448885679e-06 2.64103997111e-06 2.34759108543e-06 3.08121329963e-06 3.08121329963e-06 4.25500884235e-06 3.66811107099e-06 2.64103997111e-06 3.22793774247e-06 2.49431552827e-06 3.08121329963e-06 3.08121329963e-06 2.34759108543e-06 1.90741775691e-06 3.08121329963e-06
0.0 0.0 0.0 0.0 0.0 0.0 0.0 5.86897771358e-07 1.32051998556e-06 2.34759108543e-06 5.86897771358e-07 1.90741775691e-06 1.90741775691e-06 7.33622214198e-07 1.90741775691e-06 4.40173328519e-07 0.0 2.93448885679e-07 1.90741775691e-06 7.33622214198e-07 5.86897771358e-07 1.02707109988e-06 1.90741775691e-06 3.08121329963e-06 2.93448885679e-06 2.34759108543e-06 2.34759108543e-06 1.17379554272e-06 1.90741775691e-06 5.86897771358e-07 1.90741775691e-06 1.90741775691e-06 2.93448885679e-06 5.86897771358e-07 1.32051998556e-06 1.90741775691e-06 2.49431552827e-06 2.78776441395e-06 3.08121329963e-06 3.08121329963e-06 3.81483551383e-06 3.08121329963e-06 3.66811107099e-06 2.93448885679e-06 4.25500884235e-06 3.66811107099e-06 3.08121329963e-06 3.08121329963e-06 3.08121329963e-06 3.08121329963e-06 3.08121329963e-06
0.0 0.0 0.0 0.0 0.0 0.0 0.0 0.0 4.40173328519e-07 2.34759108543e-06 3.08121329963e-06 2.34759108543e-06 5.86897771358e-07 5.86897771358e-07 1.90741775691e-06 5.86897771358e-07 0.0 0.0 7.33622214198e-07 1.17379554272e-06 7.33622214198e-07 1.90741775691e-06 2.34759108543e-06 2.34759108543e-06 1.90741775691e-06 1.90741775691e-06 2.49431552827e-06 1.76069331408e-06 1.02707109988e-06 7.33622214198e-07 1.32051998556e-06 1.61396887124e-06 1.90741775691e-06 1.76069331408e-06 7.33622214198e-07 7.33622214198e-07 1.90741775691e-06 1.61396887124e-06 2.34759108543e-06 3.08121329963e-06 3.22793774247e-06 3.08121329963e-06 3.37466218531e-06 2.34759108543e-06 3.08121329963e-06 3.08121329963e-06 3.08121329963e-06 3.08121329963e-06 3.81483551383e-06 3.08121329963e-06 4.40173328519e-06
