ExampleFiles/Hispaniola_PCA_20/his_pca_20_2.asc
ncols         743
nrows         319
xllcorner     -74.500956448335
yllcorner     17.448920549066
cellsize      0.0083333333333333
NODATA_value  -9999
[rows 37 to 73 of 319, columns 168 to 251 of 743]
952 966 977 978 992 980 998 1033 1048 1066 1079 1086 1088 1092 1084 1105 1078 1109 1134 1126 1095 1145 1105 1107 1161 1186 1200 1209 1226 1213 1246 1247 1275 1275 1287 1299 1313 1284 1267 1220 1242 1296 1326 1331 1345 1306 1258 1214 1185 1136 1138 1164 1213 1193 1221 1354 1355 1298 1299 1434 1608 1627 1621 1607 1671 1606 1567 1620 1611 1393 1212 1154 1147 1228 1345 1604 1663 1725 1764 1774 1771 1761 1720 1769
965 950 962 974 974 965 989 1023 1050 1050 1078 1083 1088 1086 1082 1081 1105 1090 1098 1147 1126 1104 1150 1121 1103 1156 1167 1171 1203 1225 1240 1210 1233 1261 1280 1284 1301 1282 1246 1261 1230 1304 1315 1330 1334 1309 1318 1251 1171 1100 1255 1198 1189 1137 1189 1279 1341 1273 1296 1448 1428 1536 1562 1570 1601 1541 1478 1494 1516 1417 1255 1291 1301 1382 1418 1482 1603 1672 1713 1769 1775 1797 1748 1776
922 958 968 961 987 978 992 1016 1022 1054 1071 1072 1080 1081 1074 1077 1076 1077 1092 1094 1095 1124 1133 1141 1134 1148 1141 1142 1187 1211 1232 1230 1206 1261 1270 1281 1281 1285 1301 1239 1246 1294 1324 1331 1318 1312 1256 1246 1202 1147 1225 1307 1168 1190 1125 1241 1252 1243 1196 1298 1392 1422 1514 1575 1599 1537 1530 1421 1300 1328 1321 1344 1564 1580 1661 1641 1688 1717 1760 1767 1770 1775 1690 1771
977 944 986 941 991 966 993 1037 1040 1054 1073 1065 1065 1076 1079 1055 1074 1048 1073 1092 1106 1085 1106 1128 1136 1146 1153 1132 1190 1172 1195 1186 1229 1235 1254 1248 1278 1287 1289 1293 1256 1319 1326 1330 1338 1340 1328 1248 1263 1275 1259 1361 1288 1253 1176 1110 1253 1196 1136 1168 1394 1417 1575 1560 1595 1582 1591 1561 1433 1399 1294 1347 1601 1672 1698 1701 1737 1748 1759 1769 1772 1793 1831 1774
919 968 974 992 974 962 987 1032 1060 1079 1076 1073 1061 1067 1067 1052 1028 1036 1063 1078 1068 1069 1099 1116 1131 1139 1135 1158 1153 1138 1170 1206 1224 1232 1218 1252 1256 1276 1267 1292 1277 1293 1316 1325 1326 1333 1310 1328 1321 1290 1372 1357 1351 1283 1198 1233 1214 1225 1129 1297 1438 1514 1468 1530 1474 1568 1552 1569 1435 1316 1252 1432 1564 1616 1689 1744 1736 1738 1760 1766 1774 1792 1763 1772
982 963 983 981 977 1022 1013 1044 1062 1070 1080 1063 1064 1055 1049 1037 1033 1011 1021 1045 1054 1103 1104 1083 1111 1140 1131 1117 1123 1126 1140 1176 1204 1218 1238 1205 1232 1243 1260 1283 1285 1276 1295 1307 1306 1344 1329 1337 1304 1387 1387 1206 1212 1268 1268 1209 1170 1206 1220 1217 1277 1395 1388 1527 1416 1490 1550 1418 1412 1360 1246 1464 1609 1657 1678 1724 1744 1747 1718 1762 1786 1726 1769 1776
992 958 995 1003 1001 989 1005 1056 1078 1081 1064 1069 1047 1058 1037 1044 1008 1024 1040 1025 1075 1060 1069 1087 1103 1116 1129 1121 1120 1101 1133 1107 1191 1204 1220 1228 1224 1236 1243 1255 1268 1284 1294 1295 1305 1302 1319 1353 1337 1292 1272 1197 1239 1153 1113 1173 1278 1299 1188 1148 1188 1253 1278 1365 1367 1339 1481 1344 1323 1264 1240 1560 1633 1668 1693 1706 1686 1724 1739 1759 1772 1772 1769 1775
980 973 994 972 1017 1010 978 1065 1083 1089 1085 1077 1030 1051 1039 1038 1018 1002 1007 1030 1062 1058 1056 1085 1094 1100 1131 1121 1147 1148 1106 1106 1089 1155 1211 1212 1223 1230 1242 1243 1251 1260 1274 1283 1294 1299 1306 1332 1320 1256 1224 1303 1267 1212 1185 1185 1306 1354 1324 1175 1181 1243 1342 1338 1290 1232 1293 1353 1311 1208 1396 1534 1527 1595 1630 1652 1639 1599 1710 1754 1769 1757 1775 1776
990 976 1000 1005 1011 1027 1000 1071 1102 1100 1094 1089 1072 1052 1038 1041 1037 999 1030 1026 1039 1079 1074 1070 1095 1073 1089 1070 1098 1117 1123 1108 1146 1173 1199 1202 1209 1229 1191 1231 1221 1240 1238 1269 1236 1278 1292 1331 1344 1345 1356 1372 1366 1275 1206 1162 1280 1414 1324 1245 1178 1275 1399 1421 1364 1257 1273 1390 1297 1306 1291 1517 1588 1660 1675 1598 1683 1696 1726 1734 1687 1758 1774 1779
1007 1004 987 1019 1020 1029 1039 1073 1106 1105 1108 1093 1077 1076 1026 1027 1027 1061 1020 1039 1034 1067 1036 1028 1083 1092 1087 1112 1060 1109 1097 1117 1134 1139 1146 1182 1208 1225 1266 1193 1220 1206 1233 1254 1272 1284 1284 1293 1316 1371 1306 1238 1229 1271 1223 1231 1254 1399 1286 1244 1198 1231 1425 1353 1273 1302 1415 1441 1292 1442 1386 1384 1571 1585 1609 1657 1671 1693 1696 1712 1713 1709 1771 1778
1015 1014 1021 1024 1033 1036 1036 1047 1105 1116 1108 1098 1091 1085 1058 1060 1082 1062 1075 1048 1027 1029 1035 1048 1029 1044 1048 1063 1042 1104 1047 1092 1104 1148 1172 1194 1182 1211 1221 1209 1211 1209 1222 1233 1256 1254 1269 1270 1317 1338 1344 1349 1330 1266 1322 1361 1332 1426 1419 1288 1266 1331 1411 1404 1390 1417 1512 1370 1402 1413 1378 1478 1625 1593 1548 1627 1596 1675 1686 1662 1646 1752 1757 1780
1019 1033 1041 1033 1037 1054 1059 1087 1122 1128 1127 1122 1113 1099 1084 1060 1075 1068 1166 1054 1093 1039 1034 994 1074 1103 1002 1129 1061 976 1118 1074 1073 1104 1155 1188 1158 1189 1206 1206 1211 1212 1206 1201 1213 1273 1279 1288 1281 1315 1326 1367 1389 1397 1321 1352 1403 1401 1279 1373 1366 1284 1362 1476 1511 1450 1521 1523 1538 1382 1313 1360 1552 1565 1578 1563 1581 1638 1572 1661 1677 1728 1755 1776
1030 1033 1040 1048 1061 1067 1081 1094 1120 1136 1143 1134 1128 1114 1104 1096 1080 1046 1100 1132 1118 1163 1072 1138 1084 1046 1042 1077 1051 1034 1088 1113 1098 1097 1092 1140 1163 1189 1199 1208 1215 1153 1215 1205 1189 1215 1226 1258 1260 1286 1307 1330 1326 1278 1416 1387 1371 1408 1315 1412 1469 1468 1433 1447 1502 1488 1528 1433 1466 1299 1366 1353 1484 1474 1417 1537 1562 1592 1598 1615 1631 1688 1730 1768
1028 1040 1052 1063 1079 1091 1095 1108 1135 1141 1146 1148 1147 1140 1127 1119 1106 1109 1128 1129 1122 1114 1119 1085 1115 1150 1153 1108 1067 1086 1043 1133 1134 1137 1107 1123 1140 1145 1188 1202 1195 1218 1162 1206 1206 1195 1206 1212 1236 1249 1271 1292 1315 1374 1325 1318 1344 1384 1357 1343 1424 1450 1473 1511 1471 1506 1508 1434 1377 1271 1425 1416 1496 1531 1488 1413 1448 1469 1479 1577 1536 1669 1725 1749
1033 1049 1062 1073 1090 1101 1107 1119 1136 1150 1158 1164 1161 1154 1148 1127 1123 1131 1149 1135 1138 1126 1123 1126 1130 1169 1110 1125 1064 1081 1111 1134 1128 1137 1092 1083 1145 1147 1145 1209 1204 1187 1217 1197 1224 1184 1218 1207 1207 1250 1243 1264 1300 1352 1310 1355 1405 1375 1387 1468 1426 1427 1417 1448 1460 1487 1518 1516 1413 1408 1518 1504 1549 1516 1536 1408 1236 1350 1527 1563 1603 1651 1700 1722
1030 1054 1067 1081 1095 1108 1124 1134 1142 1152 1166 1168 1172 1170 1157 1147 1150 1153 1161 1142 1143 1136 1128 1129 1125 1112 1118 1123 1109 1089 1151 1105 1079 1105 1083 1123 1100 1105 1117 1144 1189 1207 1225 1199 1219 1222 1214 1196 1191 1201 1225 1252 1277 1325 1361 1303 1301 1393 1364 1371 1326 1386 1426 1382 1440 1461 1490 1529 1510 1539 1550 1560 1551 1452 1442 1415 1267 1470 1566 1564 1615 1652 1616 1688
1011 1020 1071 1086 1100 1117 1126 1140 1153 1157 1167 1177 1183 1183 1184 1174 1171 1173 1160 1162 1153 1138 1127 1106 1064 1074 1114 1109 1118 1117 1122 1158 1162 1144 1137 1060 1132 1067 1117 1160 1148 1172 1168 1192 1230 1216 1200 1200 1201 1186 1199 1221 1249 1293 1254 1181 1380 1339 1315 1381 1396 1375 1369 1390 1391 1426 1475 1503 1505 1513 1504 1376 1334 1367 1336 1330 1291 1406 1581 1545 1500 1628 1551 1572
1049 1062 1064 1084 1106 1117 1129 1141 1152 1163 1175 1185 1193 1201 1194 1197 1186 1185 1175 1163 1155 1136 1122 1101 1086 1111 1112 1107 1097 1122 1093 1095 1102 1130 1155 1142 1096 1106 1132 1162 1109 1137 1174 1188 1203 1190 1195 1251 1209 1245 1182 1199 1208 1199 1274 1350 1217 1172 1173 1215 1357 1325 1220 1295 1404 1458 1441 1473 1467 1524 1506 1497 1367 1375 1432 1381 1285 1483 1474 1537 1615 1474 1604 1518
1064 1075 1083 1098 1084 1124 1135 1149 1159 1170 1180 1184 1188 1194 1208 1201 1193 1188 1179 1167 1158 1142 1127 1108 1112 1109 1107 1075 1095 1096 1090 1127 1125 1076 1109 1091 1147 1137 1106 1147 1140 1212 1131 1210 1168 1196 1136 1220 1218 1263 1106 1160 1192 1210 1304 1318 1267 1177 1197 1166 1331 1349 1266 1225 1337 1434 1459 1451 1460 1499 1491 1522 1411 1513 1515 1433 1293 1316 1509 1506 1451 1569 1526 1476
-9999 -9999 -9999 1102 1119 1136 1125 1109 1163 1174 1182 1191 1195 1200 1208 1209 1203 1193 1184 1176 1160 1143 1122 1087 1103 1064 1089 1084 1089 1080 1127 1083 1056 1103 1147 1109 1104 1052 1112 1095 1170 1134 1190 1162 1200 1170 1245 1220 1222 1239 1217 1135 1181 1203 1337 1309 1217 1181 1191 1304 1363 1392 1287 1235 1273 1399 1440 1438 1472 1406 1454 1486 1477 1494 1541 1365 1372 1286 1528 1583 1485 1500 1527 1584
-9999 -9999 -9999 -9999 -9999 -9999 1149 1154 1143 1170 1183 1192 1200 1202 1213 1215 1209 1203 1187 1175 1161 1129 1128 1118 1075 1082 1070 1024 1086 1091 1083 1125 1068 1108 1100 1131 1105 1122 1007 1084 1098 1157 1110 1086 1201 1208 1195 1196 1231 1200 1192 1161 1219 1167 1186 1315 1288 1163 1360 1375 1393 1296 1275 1276 1212 1275 1375 1402 1472 1477 1469 1468 1523 1511 1499 1479 1378 1322 1534 1475 1457 1475 1479 1510
-9999 -9999 -9999 -9999 -9999 -9999 -9999 1145 1176 1196 1185 1198 1202 1212 1221 1218 1215 1205 1195 1164 1136 1142 1127 1108 1095 1063 1088 1066 1058 1020 1070 1051 1101 1083 1112 1132 1138 1158 1104 1104 1108 1097 1153 1146 1144 1178 1229 1219 1202 1190 1170 1160 1234 1256 1229 1304 1323 1277 1312 1344 1360 1285 1342 1298 1280 1250 1305 1388 1324 1455 1402 1471 1448 1475 1528 1409 1399 1370 1512 1495 1477 1425 1526 1452
-9999 -9999 -9999 -9999 -9999 -9999 -9999 -9999 -9999 1173 1187 1199 -9999 1212 1220 1215 1208 1204 1195 1175 1155 1140 1122 1111 1092 1086 1070 1092 1042 1047 1040 969 1077 1062 1063 1080 1142 1140 1138 1104 1082 1074 1148 1141 1139 1171 1177 1219 1140 1165 1150 1176 1194 1221 1212 1250 1338 1250 1246 1325 1372 1323 1361 1350 1315 1252 1248 1257 1343 1282 1259 1371 1463 1444 1481 1495 1439 1327 1536 1443 1477 1473 1408 1342
-9999 -9999 -9999 -9999 -9999 -9999 -9999 -9999 -9999 -9999 -9999 -9999 1210 1221 1219 1217 1227 1204 1189 1174 1154 1134 1117 1101 1087 1072 1058 1026 1110 1073 1067 1024 974 1015 1053 1076 1061 1115 1132 1133 1106 1077 1058 1140 1135 1118 1142 1153 1184 1134 1180 1157 1112 1141 1232 1200 1138 1201 1341 1258 1259 1289 1339 1375 1289 1282 1195 1228 1269 1330 1302 1344 1458 1426 1449 1468 1509 1432 1446 1364 1504 1526 1437 1360
-9999 -9999 -9999 -9999 -9999 -9999 -9999 -9999 -9999 -9999 -9999 -9999 -9999 -9999 1218 1212 1213 1199 1181 1162 1146 1125 1111 1094 1082 1066 1055 1043 1052 1096 1134 1108 1092 1076 1075 1079 1023 1037 1119 1132 1135 1172 1035 1093 1124 1109 1177 1157 1112 1171 1170 1084 1093 1064 1127 1074 1077 1292 1270 1326 1321 1292 1260 1335 1340 1302 1229 1239 1294 1378 1424 1450 1448 1414 1433 1455 1507 1474 1420 1420 1421 1440 1441 1410
-9999 -9999 -9999 -9999 -9999 -9999 -9999 -9999 -9999 -9999 -9999 -9999 -9999 -9999 -9999 1207 1200 1187 1173 1155 1134 1112 1095 1085 1070 1052 988 1027 985 1021 1047 1122 1072 1091 1183 1137 1074 1069 1057 1094 1046 1132 1099 1122 1153 1175 1180 1179 1099 1008 1063 1088 1028 1016 1022 1050 1097 1156 1243 1288 1272 1238 1272 1213 1300 1258 1323 1219 1216 1311 1371 1400 1423 1407 1405 1426 1443 1466 1362 1379 1364 1391 1491 1412
-9999 -9999 -9999 -9999 -9999 -9999 -9999 -9999 -9999 -9999 -9999 -9999 -9999 -9999 -9999 -9999 -9999 1168 1154 1137 1120 1098 1085 1073 1040 1024 1020 1009 1002 1002 1023 1068 1057 1112 1025 1125 1096 1064 1097 1124 1046 1040 1097 1116 1087 1165 1184 1132 1074 1076 1054 1008 1016 1007 992 1005 1040 1136 1123 1292 1195 1243 1253 1241 1209 1180 1274 1264 1227 1214 1298 1372 1421 1418 1400 1407 1435 1487 1457 1393 1349 1407 1419 1371
-9999 -9999 -9999 -9999 -9999 -9999 -9999 -9999 -9999 -9999 -9999 -9999 -9999 -9999 -9999 -9999 -9999 -9999 -9999 1112 1100 1081 1069 1031 1031 1006 980 991 1009 974 1048 974 995 1032 1067 1085 1056 1015 1059 1086 1129 1142 1076 1108 1095 1170 1133 1141 1018 1044 1063 1036 1075 1007 954 974 976 1123 1328 1261 1293 1260 1242 1264 1275 1261 1221 1259 1277 1219 1252 1311 1372 1412 1397 1393 1398 1411 1412 1422 1355 1346 1348 1441
-9999 -9999 -9999 -9999 -9999 -9999 -9999 -9999 -9999 -9999 -9999 -9999 -9999 -9999 -9999 -9999 -9999 -9999 -9999 -9999 -9999 -9999 1050 1028 1013 992 994 974 967 952 1054 1050 983 994 1054 1091 1101 1117 1070 1074 1075 1129 1095 1093 1130 1138 1128 1051 1015 964 1135 1140 1058 1012 955 925 945 993 1095 1185 1209 1213 1298 1293 1277 1296 1319 1237 1329 1321 1286 1196 1246 1349 1408 1357 1403 1348 1401 1410 1369 1394 1283 1286
-9999 -9999 -9999 -9999 -9999 -9999 -9999 -9999 -9999 -9999 -9999 -9999 -9999 -9999 -9999 -9999 -9999 -9999 -9999 -9999 -9999 -9999 -9999 -9999 995 975 965 955 943 980 1025 994 996 945 982 1019 1090 1122 1102 1062 1075 1080 1110 1069 1071 1082 1051 1009 974 960 954 1062 1033 982 1022 937 903 913 985 1054 1237 1123 1281 1274 1269 1264 1200 1276 1290 1322 1241 1259 1264 1252 1335 1377 1296 1278 1378 1358 1349 1261 1346 1319
-9999 -9999 -9999 -9999 -9999 -9999 -9999 -9999 -9999 -9999 -9999 -9999 -9999 -9999 -9999 -9999 -9999 -9999 -9999 -9999 -9999 -9999 -9999 -9999 -9999 959 947 937 918 913 940 1061 1031 955 973 944 1060 1091 1073 1076 1069 1074 1114 1125 1170 1102 1081 956 910 1019 909 945 949 971 939 895 869 882 934 928 950 1110 1061 1157 1171 1206 1163 1186 1249 1262 1272 1282 1275 1277 1261 1290 1295 1261 1273 1289 1281 1256 1297 1301
-9999 -9999 -9999 -9999 -9999 -9999 -9999 -9999 -9999 -9999 -9999 -9999 -9999 -9999 -9999 -9999 -9999 -9999 -9999 -9999 -9999 -9999 -9999 -9999 -9999 -9999 -9999 -9999 -9999 879 904 863 976 917 906 911 997 1056 1083 1137 1104 1081 1095 1104 1110 1058 1129 1002 897 900 917 889 852 882 833 820 843 855 883 955 1004 982 959 1152 1111 1269 1263 1239 1265 1297 1263 1273 1266 1262 1283 1198 1237 1332 1258 1232 1251 1277 1261 1263
-9999 -9999 -9999 -9999 -9999 -9999 -9999 -9999 -9999 -9999 -9999 -9999 -9999 -9999 -9999 -9999 -9999 -9999 -9999 -9999 -9999 -9999 -9999 -9999 -9999 -9999 -9999 -9999 -9999 -9999 -9999 833 831 870 866 853 899 1103 1123 1092 1082 1073 1102 1038 1063 1019 997 1012 938 875 821 810 820 821 824 795 820 824 875 920 1020 948 985 1012 1027 1156 1163 1251 1249 1275 1264 1280 1275 1268 1267 1286 1172 1254 1247 1192 1193 1226 1231 1258
-9999 -9999 -9999 -9999 -9999 -9999 -9999 -9999 -9999 -9999 -9999 -9999 -9999 -9999 -9999 -9999 -9999 -9999 -9999 -9999 -9999 -9999 -9999 -9999 -9999 -9999 -9999 -9999 -9999 -9999 -9999 -9999 808 785 916 782 876 1050 1089 1153 1082 1091 1093 1074 1078 1053 1056 1030 941 906 794 791 771 759 768 766 782 805 827 1062 998 1100 1022 1001 1010 1029 1102 1151 1076 1201 1187 1287 1255 1253 1307 1246 1249 1232 1185 1210 1203 1226 1244 1279
-9999 -9999 -9999 -9999 -9999 -9999 -9999 -9999 -9999 -9999 -9999 -9999 -9999 -9999 -9999 -9999 -9999 -9999 -9999 -9999 -9999 -9999 -9999 -9999 -9999 -9999 -9999 -9999 -9999 -9999 -9999 -9999 -9999 -9999 764 755 855 999 967 1114 1066 1087 1099 1083 1021 926 1068 1027 960 847 824 751 722 730 730 740 754 778 798 836 1211 1079 1084 1050 1030 1071 969 997 1032 1028 1083 1159 1211 1265 1228 1243 1245 1279 1233 1247 1221 1172 1268 1248
-9999 -9999 -9999 -9999 -9999 -9999 -9999 -9999 -9999 -9999 -9999 -9999 -9999 -9999 -9999 -9999 -9999 -9999 -9999 -9999 -9999 -9999 -9999 -9999 -9999 -9999 -9999 -9999 -9999 -9999 -9999 -9999 -9999 -9999 -9999 731 727 766 879 1012 1118 1069 1079 1072 952 861 780 772 793 750 755 707 701 706 691 714 723 740 753 808 942 1171 1094 1094 1143 1117 1152 1108 1149 1146 1133 1097 1121 1187 1223 1223 1283 1252 1258 1263 1255 1259 1132 1265
-9999 -9999 -9999 -9999 -9999 -9999 -9999 -9999 -9999 -9999 -9999 -9999 -9999 -9999 -9999 -9999 -9999 -9999 -9999 -9999 -9999 -9999 -9999 -9999 -9999 -9999 -9999 -9999 -9999 -9999 -9999 -9999 -9999 -9999 -9999 -9999 702 719 759 932 1052 1066 1069 1021 898 709 714 701 675 702 690 674 698 673 681 692 704 720 743 761 816 888 1115 1113 1149 1198 1190 1179 1161 1172 1169 1127 1082 1217 1198 1230 1205 1228 1220 1238 1257 1269 1181 1223
