ExampleFiles/Hispaniola_PCA_20/his_pca_20_2.asc
ncols         743
nrows         319
xllcorner     -74.500956448335
yllcorner     17.448920549066
cellsize      0.0083333333333333
NODATA_value  -9999
[rows 74 to 110 of 319, columns 420 to 503 of 743]
774 777 781 787 813 836 852 862 861 941 881 912 902 856 876 879 873 877 880 874 877 884 881 889 886 891 897 903 902 893 891 885 882 878 881 878 898 910 933 964 984 1010 1020 1044 1055 1075 1095 1119 1142 1140 1168 1172 1185 1140 1160 1126 1188 1182 1188 1158 1059 985 1055 1098 1124 1088 1215 1220 1231 1180 1195 1226 1161 1133 1083 1099 1113 1139 1112 1111 1178 1252 1303 1297
776 779 783 792 797 813 821 832 851 863 961 999 945 884 926 866 865 870 878 870 871 874 874 873 875 876 875 887 888 875 870 859 869 868 860 874 874 889 915 935 957 975 997 1019 1030 1052 1068 1089 1091 1113 1149 1175 1171 1202 1171 1152 1172 1206 1215 1186 1153 1015 1077 1107 1071 1192 1202 1173 1217 1252 1238 1190 1193 1161 1136 1076 1096 1094 1085 1088 1174 1242 1278 1283
794 791 794 795 816 815 822 829 844 908 876 1008 954 989 989 985 861 886 875 871 872 873 865 861 864 863 854 873 878 849 854 848 857 872 862 854 859 868 902 911 930 959 971 989 1005 1031 1048 1061 1075 1093 1110 1149 1180 1145 1155 1149 1183 1199 1180 1193 1188 1183 1201 1204 1143 1137 1134 1180 1231 1199 1215 1227 1183 1186 1107 1128 1079 1077 1183 1184 1218 1235 1269 1281
781 800 798 801 806 782 811 821 842 849 870 883 917 883 988 999 860 876 980 828 860 871 866 857 859 851 856 856 857 862 855 853 863 861 854 843 837 846 884 896 911 927 950 970 994 1009 1031 1040 1061 1073 1092 1107 1123 1151 1173 1188 1163 1155 1161 1206 1205 1187 1209 1198 1204 1197 1154 1163 1196 1208 1176 1226 1202 1167 1094 1114 1108 1126 1175 1232 1260 1244 1279 1285
839 757 822 819 799 801 932 977 847 853 930 883 939 896 886 911 870 934 977 975 934 875 868 855 860 848 847 841 852 848 846 857 850 832 842 821 818 859 872 880 898 913 935 955 971 989 1009 1026 1043 1060 1079 1092 1104 1122 1142 1140 1151 1172 1157 1177 1201 1182 1168 1179 1206 1191 1177 1167 1177 1146 1168 1203 1126 1142 1145 1117 1112 1103 1143 1206 1254 1260 1278 1282
955 890 795 806 802 852 1037 997 969 998 1028 1005 1051 1030 990 1045 999 1036 1035 935 907 899 872 859 855 846 839 837 837 832 828 830 827 840 802 825 819 854 844 862 882 902 920 941 957 976 995 1014 1030 1049 1062 1086 1093 1108 1122 1133 1140 1155 1161 1180 1178 1197 1196 1195 1192 1206 1204 1192 1139 1163 1172 1183 1140 1140 1128 1102 1114 1157 1183 1230 1230 1262 1260 1263
911 831 848 825 812 826 847 868 943 989 996 1005 1022 1028 1041 1043 1026 1032 994 1010 925 929 894 871 853 842 835 834 830 830 838 824 816 814 811 825 811 820 839 856 879 892 911 933 948 969 984 1003 1017 1038 1052 1069 1084 1096 1108 1119 1132 1140 1156 1160 1171 1171 1193 1182 1200 1207 1205 1211 1215 1181 1224 1171 1226 1138 1183 1171 1148 1192 1222 1229 1228 1256 1248 1257
880 856 824 812 841 848 846 876 888 935 994 998 1009 1021 1027 1018 1018 1018 1008 1014 1016 1007 938 877 858 847 838 836 838 825 837 834 804 818 818 824 827 834 855 867 883 887 907 923 943 960 978 993 1010 1028 1045 1059 1072 1086 1098 1109 1122 1129 1143 1153 1158 1173 1184 1186 1200 1210 1202 1219 1228 1176 1217 1214 1229 1203 1231 1187 1165 1233 1227 1229 1238 1235 1241 1239
876 861 835 809 855 840 862 869 907 954 941 1013 974 959 1019 1001 1008 1012 1021 992 1018 990 1000 927 854 846 834 825 836 827 833 867 855 826 831 812 836 860 856 874 888 900 895 921 936 954 973 988 1005 1021 1036 1056 1065 1077 1092 1101 1114 1125 1136 1146 1151 1162 1164 1175 1180 1194 1193 1207 1211 1202 1206 1216 1204 1190 1243 1238 1244 1213 1181 1198 1215 1235 1226 1236
897 864 841 806 833 853 862 884 883 933 913 933 939 953 981 994 1003 1012 982 984 959 972 972 961 860 856 845 835 832 847 857 852 830 831 822 844 846 868 878 888 889 888 901 913 935 949 967 983 998 1014 1031 1043 1057 1071 1083 1096 1105 1120 1130 1134 1146 1152 1166 1169 1185 1180 1186 1199 1199 1211 1221 1218 1223 1234 1218 1212 1236 1252 1260 1225 1186 1193 1235 1239
937 910 857 830 823 818 830 831 884 898 898 916 939 922 960 947 1004 981 993 965 959 955 949 959 870 850 832 830 835 860 848 844 855 829 823 914 882 881 878 881 882 888 898 913 930 950 966 981 995 1013 1025 1040 1054 1065 1076 1089 1098 1112 1121 1131 1138 1157 1159 1165 1171 1175 1182 1187 1192 1202 1203 1214 1225 1229 1245 1241 1251 1237 1235 1253 1209 1249 1200 1215
966 964 927 893 903 852 809 811 863 883 905 894 926 956 951 975 981 968 970 967 967 973 978 1001 973 908 808 848 876 873 851 840 839 817 822 898 894 896 897 877 883 889 898 913 929 943 964 978 993 1012 1022 1035 1050 1062 1079 1095 1096 1105 1117 1125 1137 1145 1151 1158 1164 1172 1178 1181 1188 1198 1197 1208 1215 1225 1233 1235 1238 1244 1264 1241 1230 1219 1203 1221
973 984 974 950 927 886 919 924 908 888 925 921 914 937 963 967 991 986 980 987 991 979 1010 989 1038 907 869 868 897 877 865 849 845 793 837 869 889 903 923 899 894 896 898 913 924 942 959 974 987 1009 1025 1039 1054 1061 1067 1080 1092 1104 1112 1122 1132 1136 1146 1155 1159 1167 1173 1178 1184 1188 1194 1203 1209 1219 1227 1236 1248 1254 1268 1271 1259 1276 1267 1233
981 986 982 1048 888 894 984 935 951 932 948 948 978 914 967 984 974 989 1007 987 984 965 981 974 909 834 903 896 888 890 879 816 861 880 856 885 919 883 941 933 882 896 900 914 923 940 955 970 985 996 1005 1013 1028 1049 1071 1083 1095 1101 1109 1119 1135 1146 1143 1150 1161 1164 1171 1179 1187 1189 1195 1196 1207 1216 1229 1237 1251 1268 1273 1276 1279 1283 1287 1282
1024 975 979 1035 978 965 962 973 976 954 950 947 968 953 919 981 984 962 965 964 965 939 950 926 868 897 954 895 864 880 882 904 915 898 828 917 991 947 959 963 964 912 919 920 914 942 946 959 980 985 1005 1010 1020 1043 1063 1083 1091 1100 1104 1120 1132 1132 1142 1150 1155 1164 1164 1180 1179 1185 1194 1200 1206 1220 1235 1247 1255 1271 1277 1280 1292 1293 1305 1296
935 1045 973 974 981 963 973 969 976 979 975 939 969 955 976 1011 995 943 973 955 962 950 917 877 889 967 945 931 915 891 844 900 914 875 906 945 1049 944 942 940 906 912 916 921 929 944 949 966 979 989 1001 1013 1030 1046 1068 1085 1091 1098 1108 1116 1131 1134 1145 1151 1152 1163 1166 1181 1189 1185 1207 1204 1221 1230 1240 1251 1262 1268 1277 1288 1293 1301 1302 1307
942 934 917 1014 982 982 950 962 969 970 968 967 979 984 962 976 958 945 961 958 949 951 909 938 950 977 974 959 862 886 943 936 944 852 895 895 924 959 935 915 920 923 926 937 930 947 946 950 973 990 999 1014 1029 1047 1065 1080 1088 1100 1110 1119 1134 1138 1146 1153 1153 1172 1175 1187 1185 1196 1210 1216 1224 1237 1245 1256 1268 1280 1284 1293 1298 1305 1309 1313
931 909 934 923 980 968 963 972 968 969 967 973 961 967 961 972 975 952 979 958 952 951 936 966 963 948 960 963 910 915 926 899 888 848 869 932 993 968 896 930 936 941 933 945 944 945 962 966 983 989 1006 1013 1034 1047 1065 1085 1089 1101 1113 1123 1136 1143 1148 1157 1163 1172 1189 1194 1192 1200 1220 1211 1227 1239 1257 1263 1272 1289 1298 1301 1313 1317 1320 1324
935 911 930 911 986 980 982 958 961 957 958 962 959 977 962 971 945 956 967 963 937 950 949 963 988 981 942 971 969 938 899 894 889 869 852 920 957 957 983 945 927 943 929 935 946 947 957 972 982 991 1003 1024 1034 1046 1071 1078 1088 1106 1115 1126 1134 1145 1155 1162 1178 1178 1190 1199 1199 1210 1228 1222 1241 1243 1256 1270 1284 1296 1306 1315 1321 1324 1336 1338
939 931 986 953 903 927 924 934 977 960 948 953 953 953 954 967 957 964 958 945 946 954 938 938 925 936 928 922 897 883 858 842 873 862 858 901 972 1010 944 960 961 949 941 942 934 945 960 976 988 993 1007 1019 1031 1042 1062 1075 1090 1105 1117 1130 1147 1150 1158 1168 1183 1185 1195 1208 1209 1217 1232 1238 1241 1252 1266 1276 1285 1306 1317 1323 1329 1338 1342 1349
944 938 945 933 958 990 928 948 917 972 955 944 938 950 957 968 965 940 921 939 919 911 913 939 943 931 923 846 881 862 866 870 905 905 858 884 913 966 980 971 956 945 948 947 970 957 965 978 988 1004 1011 1025 1042 1048 1059 1075 1097 1111 1119 1133 1142 1153 1166 1174 1185 1197 1203 1213 1218 1227 1235 1247 1255 1265 1275 1285 1293 1312 1318 1329 1334 1347 1353 1363
915 923 934 945 927 952 932 929 926 940 924 949 947 959 924 926 923 932 925 915 936 918 924 909 875 926 921 896 911 904 870 921 925 888 923 934 905 953 996 991 962 946 972 946 946 961 987 963 987 1005 1016 1024 1040 1056 1070 1089 1103 1113 1131 1139 1150 1159 1172 1180 1196 1201 1205 1218 1226 1238 1245 1261 1271 1278 1288 1296 1308 1317 1333 1337 1342 1352 1364 1368
915 925 932 923 916 935 943 938 911 918 922 922 926 917 935 925 920 927 958 969 971 957 913 882 898 909 846 883 898 894 907 891 919 903 902 933 942 948 971 1002 995 969 959 955 955 978 987 993 985 1010 1025 1005 990 1039 1075 1090 1100 1117 1129 1149 1156 1165 1174 1184 1200 1209 1214 1227 1236 1249 1256 1269 1280 1290 1298 1309 1319 1328 1335 1345 1353 1362 1372 1377
867 904 909 910 925 960 920 914 908 905 909 911 916 918 919 948 928 965 968 970 921 907 882 862 944 922 894 909 904 895 931 939 910 902 912 939 981 962 959 983 985 977 987 955 954 986 996 986 995 1004 1026 1010 1045 1031 1069 1088 1107 1119 1134 1155 1159 1168 1181 1194 1205 1212 1224 1236 1244 1253 1269 1277 1286 1296 1307 1319 1329 1337 1341 1351 1361 1368 1373 1382
856 895 914 918 897 914 901 904 889 884 893 896 916 924 925 933 917 929 911 896 923 921 1011 891 802 901 889 922 916 868 907 926 911 923 907 976 989 991 983 980 979 983 989 940 985 995 1007 999 1005 1011 1023 1035 1070 1032 1066 1094 1115 1129 1141 1158 1169 1178 1189 1200 1209 1222 1232 1244 1255 1264 1275 1287 1295 1306 1316 1330 1333 1342 1350 1357 1365 1378 1385 1388
851 832 891 864 882 871 890 897 869 866 878 895 901 928 924 888 902 888 897 930 946 920 928 906 888 927 973 891 922 933 906 955 931 900 921 951 967 979 977 996 981 977 978 962 993 999 1001 995 997 1021 1034 1041 1045 1067 1054 1099 1122 1137 1149 1165 1175 1184 1197 1208 1220 1232 1241 1252 1262 1272 1283 1291 1303 1313 1322 1335 1341 1347 1356 1362 1374 1384 1391 1396
650 721 830 864 864 867 904 856 863 850 875 876 893 910 895 855 922 877 886 890 944 915 909 906 902 925 959 886 899 841 926 902 935 935 907 929 941 961 975 992 1000 987 989 979 1010 1003 1013 1045 1020 1011 1039 1059 1057 1056 1103 1090 1135 1145 1157 1173 1185 1194 1204 1218 1231 1238 1250 1263 1271 1284 1288 1302 1311 1321 1332 1337 1346 1359 1367 1371 1378 1387 1398 1404
798 797 819 796 855 864 845 859 831 846 858 870 907 907 867 850 900 858 886 879 912 909 891 883 886 891 930 947 894 924 896 901 929 973 947 959 964 912 958 975 1013 978 996 987 1022 994 1021 1029 1033 1037 1036 1067 1045 1092 1109 1123 1142 1157 1167 1185 1190 1202 1213 1222 1239 1249 1257 1269 1280 1290 1300 1310 1321 1328 1341 1345 1354 1365 1374 1381 1389 1393 1399 1404
761 758 700 773 818 831 828 844 810 816 836 853 897 847 850 819 846 846 887 935 916 879 868 858 901 921 885 946 930 876 904 956 965 973 956 924 939 933 986 980 1010 988 989 954 1000 1031 1008 1011 1023 1043 1058 1069 1089 1095 1124 1137 1153 1164 1176 1191 1202 1214 1223 1236 1244 1255 1266 1277 1291 1300 1309 1320 1328 1337 1346 1353 1364 1372 1382 1391 1397 1402 1409 1412
594 618 588 702 756 805 813 815 817 803 834 849 890 826 742 792 829 910 837 876 928 880 848 813 841 855 869 916 913 833 900 927 897 1009 933 958 947 948 979 979 999 989 1010 994 1016 989 1003 966 1063 1045 1066 1078 1098 1111 1127 1144 1161 1173 1188 1203 1210 1218 1231 1243 1255 1266 1274 1285 1297 1307 1317 1329 1336 1348 1356 1363 1372 1383 1390 1395 1403 1409 1419 1421
607 584 552 536 670 765 796 803 796 799 833 884 827 802 772 732 810 813 857 875 835 914 877 795 780 840 891 878 929 877 854 904 934 946 934 912 912 917 965 969 970 997 985 1020 980 1008 1016 1044 1018 1059 1073 1096 1113 1131 1135 1152 1167 1181 1190 1203 1219 1230 1244 1250 1263 1273 1284 1294 1303 1313 1324 1335 1345 1354 1362 1370 1376 1388 1395 1404 1412 1417 1424 1430
626 583 653 666 698 761 788 778 778 787 810 824 804 805 787 746 759 806 813 872 753 832 828 777 724 789 846 833 867 936 876 879 898 921 935 888 952 955 974 959 991 991 1004 967 990 1022 1034 1023 1041 1068 1064 1026 1102 1125 1147 1163 1176 1189 1199 1211 1225 1240 1249 1261 1271 1283 1290 1301 1314 1322 1336 1343 1352 1359 1369 1378 1387 1396 1404 1413 1421 1427 1433 1439
610 636 611 714 730 785 810 844 808 862 809 810 784 781 773 774 806 805 885 845 777 711 751 752 764 744 783 800 890 899 917 882 903 935 915 889 910 942 984 968 957 963 994 982 1011 1021 1016 1036 1073 1064 1035 1089 1072 1122 1146 1166 1182 1195 1207 1222 1234 1244 1260 1269 1279 1288 1302 1311 1323 1333 1342 1352 1359 1369 1378 1389 1395 1401 1409 1420 1427 1434 1441 1447
630 690 757 740 791 752 771 787 795 764 773 772 761 769 762 790 833 863 862 800 788 754 644 664 736 782 804 851 837 909 830 866 903 929 858 840 875 904 939 1008 925 876 969 977 959 974 1033 1050 1062 1044 1044 1069 1095 1092 1133 1176 1190 1205 1216 1230 1240 1253 1265 1278 1288 1301 1312 1319 1332 1341 1350 1360 1370 1377 1386 1395 1403 1408 1417 1424 1433 1442 1448 1456
664 713 784 744 733 712 747 764 761 755 749 747 746 750 757 792 754 768 833 672 637 705 609 583 687 674 783 821 851 868 834 862 903 916 920 882 889 915 950 1035 928 964 968 937 991 1018 1039 1013 1065 1059 1074 1042 1125 1093 1086 1184 1202 1215 1212 1240 1251 1265 1275 1289 1298 1311 1321 1330 1339 1348 1358 1368 1378 1386 1397 1404 1413 1421 1428 1432 1444 1451 1457 1467
710 721 710 640 678 669 698 752 712 703 676 695 687 688 742 731 677 701 742 768 639 604 646 585 598 673 785 841 812 809 777 811 884 873 907 904 892 930 954 990 979 1023 1000 1000 1025 1020 1074 1022 1015 1041 1056 1076 1098 1105 1108 1157 1205 1211 1220 1242 1262 1272 1279 1296 1307 1316 1329 1337 1345 1358 1367 1375 1386 1395 1405 1414 1421 1431 1436 1442 1451 1461 1468 1475
708 649 591 618 615 597 641 728 702 677 579 609 610 711 745 739 681 652 670 729 759 671 665 631 670 694 761 714 681 694 779 853 898 856 832 892 954 995 1013 969 1010 970 986 984 1018 1072 1060 1052 1017 1018 1082 1070 1096 1125 1108 1112 1198 1213 1233 1208 1268 1281 1292 1303 1315 1325 1338 1345 1358 1367 1375 1384 1395 1403 1415 1422 1430 1437 1446 1454 1458 1468 1476 1484
