ExampleFiles/Hispaniola_PCA_20/his_pca_20_2.asc
ncols         743
nrows         319
xllcorner     -74.500956448335
yllcorner     17.448920549066
cellsize      0.0083333333333333
NODATA_value  -9999
[rows 148 to 184 of 319, columns 504 to 587 of 743]
1569 1450 1748 1754 1619 1404 1668 1823 1853 1853 1776 1629 1527 1506 1493 1473 1535 1617 1618 1546 1570 1693 1677 1687 1751 1774 1813 1776 1812 1879 1881 1920 1838 1887 1917 1921 1931 1906 1902 1883 1820 1741 1813 1817 1841 1746 1836 1872 1874 1891 1879 1791 1658 1586 1629 1538 1637 1549 1432 1510 1561 1635 1763 1782 1778 1798 1727 1743 1681 1647 1680 1668 1535 1578 1572 1575 1580 1564 1547 1512 1457 1514 1525 1508
1727 1571 1669 1409 1743 1497 1400 1741 1841 1824 1769 1713 1693 1678 1537 1648 1658 1733 1768 1755 1797 1643 1635 1700 1629 1659 1783 1716 1682 1766 1908 1941 1918 1931 1925 1944 1957 1956 1948 1915 1827 1824 1885 1855 1856 1850 1865 1854 1896 1890 1901 1759 1732 1683 1712 1516 1806 1787 1596 1603 1623 1711 1782 1803 1810 1797 1776 1777 1709 1662 1724 1693 1614 1563 1562 1555 1594 1578 1548 1499 1501 1519 1524 1512
1679 1359 1418 1494 1670 1390 1253 1444 1754 1725 1769 1820 1815 1775 1731 1713 1744 1706 1833 1846 1781 1662 1615 1782 1775 1825 1790 1779 1714 1894 1925 1947 1960 1978 1973 1963 1963 1954 1961 1963 1927 1922 1914 1924 1905 1896 1907 1915 1916 1901 1912 1870 1767 1795 1852 1649 1758 1854 1812 1723 1788 1775 1803 1824 1810 1808 1800 1776 1709 1692 1733 1698 1584 1591 1542 1585 1607 1559 1537 1533 1502 1524 1529 1514
1763 1574 1390 1354 1607 1369 1147 1426 1533 1662 1817 1820 1812 1865 1864 1844 1813 1777 1844 1906 1704 1682 1652 1697 1889 1906 1889 1885 1903 1894 1958 1976 1990 1979 1948 1961 1940 1955 1963 1971 1971 1949 1944 1947 1927 1928 1922 1930 1933 1920 1927 1891 1890 1883 1875 1830 1829 1874 1854 1837 1826 1821 1812 1822 1829 1815 1786 1711 1696 1735 1738 1711 1645 1617 1591 1606 1600 1548 1571 1564 1490 1514 1532 1518
1808 1733 1559 1444 1527 1398 1219 1468 1640 1723 1819 1848 1864 1877 1881 1909 1866 1887 1883 1871 1763 1835 1772 1717 1921 1925 1953 1960 1964 1950 1962 1988 1986 1963 1939 1928 1949 1932 1961 1995 1958 1948 1963 1965 1951 1944 1939 1944 1944 1924 1922 1914 1920 1907 1902 1852 1872 1881 1877 1864 1847 1823 1809 1790 1836 1781 1734 1663 1701 1759 1692 1659 1632 1641 1601 1611 1596 1569 1585 1539 1503 1506 1542 1530
1805 1806 1736 1420 1364 1427 1382 1416 1698 1675 1808 1849 1831 1852 1847 1885 1913 1934 1920 1914 1944 1911 1765 1798 1921 1968 1970 1998 1993 1992 1983 1994 1986 1977 1950 1887 1983 1839 1953 1992 2005 1994 1989 1965 1977 1964 1957 1953 1953 1940 1944 1932 1925 1916 1908 1895 1896 1899 1888 1872 1859 1853 1833 1815 1842 1832 1800 1785 1767 1720 1676 1641 1629 1651 1630 1593 1605 1589 1527 1473 1420 1434 1547 1520
1694 1775 1733 1703 1276 1264 1486 1676 1715 1779 1817 1743 1700 1842 1789 1842 1824 1885 1919 1951 1956 1956 1935 1958 1948 1877 1971 1996 1918 1973 1999 1981 1988 1983 1972 1974 2016 1995 1955 1937 2011 2007 2004 1985 1986 1975 1968 1960 1957 1943 1941 1935 1935 1926 1918 1919 1909 1906 1901 1885 1867 1862 1857 1825 1823 1829 1812 1780 1759 1688 1657 1690 1680 1667 1644 1578 1614 1606 1596 1531 1518 1424 1542 1529
1560 1726 1682 1716 1503 1256 1257 1589 1737 1790 1820 1675 1727 1669 1650 1751 1687 1758 1897 1958 1956 1973 1978 1933 1934 1985 1982 2008 1924 1885 1966 1985 1994 1993 1918 1969 1999 2037 2031 2021 2019 2016 2010 2005 1997 1982 1980 1972 1968 1954 1949 1943 1933 1938 1929 1924 1914 1909 1906 1895 1880 1880 1868 1855 1831 1833 1820 1794 1777 1666 1649 1661 1695 1677 1660 1630 1628 1603 1601 1568 1522 1545 1545 1535
1722 1524 1755 1568 1647 1379 1318 1398 1640 1767 1813 1728 1796 1751 1865 1882 1801 1914 1950 1865 1945 1919 1856 1781 1678 1981 1948 1860 1867 1835 1842 1912 2037 2025 1977 2008 2035 2048 2042 2041 2028 2029 2021 2011 2002 1994 1981 1982 1976 1961 1957 1947 1941 1937 1931 1927 1920 1914 1912 1900 1889 1883 1879 1869 1846 1834 1822 1797 1774 1744 1689 1678 1690 1677 1660 1633 1624 1616 1595 1586 1536 1529 1544 1544
1644 1348 1687 1656 1518 1610 1597 1340 1451 1666 1722 1771 1780 1860 1910 1826 1803 1827 1651 1766 1871 1963 1988 1995 2004 1901 1804 1762 1899 1945 1947 1929 2070 2074 2069 2067 1994 2036 2046 2045 2046 2038 2031 2019 2012 2002 1994 1979 1981 1968 1960 1948 1943 1937 1933 1930 1927 1914 1907 1901 1895 1881 1879 1866 1856 1839 1816 1799 1775 1740 1710 1701 1685 1677 1640 1623 1606 1604 1597 1580 1563 1543 1510 1527
1591 1465 1627 1710 1700 1679 1703 1572 1326 1482 1582 1681 1811 1839 1861 1782 1630 1600 1692 1784 1910 1954 2005 2023 2044 2021 1873 1882 1892 2047 2074 2079 2072 2091 2083 2082 2070 2035 2061 2037 2054 2042 2035 2029 2017 2007 1966 1984 1978 1977 1968 1956 1940 1936 1932 1926 1923 1918 1906 1906 1893 1876 1875 1867 1854 1840 1817 1794 1765 1740 1704 1679 1670 1671 1638 1628 1605 1598 1591 1570 1558 1549 1534 1532
1355 1546 1625 1706 1737 1733 1750 1744 1654 1408 1542 1302 1660 1776 1858 1843 1729 1483 1541 1517 1579 1710 1796 1911 2001 2051 2075 2093 2096 2098 2086 2094 2083 2096 2096 2091 2080 2077 2070 2063 2052 2052 2039 2034 2021 1999 1991 1985 1976 1964 1969 1959 1945 1937 1931 1928 1920 1915 1906 1897 1888 1882 1872 1859 1842 1829 1803 1772 1748 1730 1708 1685 1667 1663 1627 1619 1611 1600 1582 1565 1551 1549 1533 1525
1342 1362 1435 1710 1745 1764 1766 1748 1700 1410 1320 1282 1343 1507 1734 1764 1749 1518 1523 1486 1840 1988 1733 1781 1893 1960 2059 2078 2020 2076 2106 2115 2114 2111 2109 2104 2085 2083 2072 2071 2061 2053 2046 2033 2026 2016 2001 1993 1980 1977 1964 1959 1948 1937 1925 1924 1916 1909 1901 1893 1884 1873 1859 1847 1830 1810 1764 1743 1750 1718 1700 1688 1668 1654 1631 1619 1605 1588 1568 1560 1549 1544 1533 1515
1114 1115 1382 1639 1702 1762 1780 1781 1780 1581 1414 1340 1225 1172 1378 1633 1729 1755 1768 1706 2010 2021 2048 1929 2048 2056 1994 1899 1988 2080 2084 2097 2113 2115 2115 2065 2087 2087 2080 2072 2064 2056 2044 2035 2029 2018 2005 2000 1982 1981 1961 1954 1937 1934 1925 1918 1909 1901 1895 1886 1878 1864 1849 1833 1812 1776 1761 1748 1737 1704 1693 1682 1669 1647 1625 1612 1595 1583 1564 1545 1540 1534 1525 1514
874 1100 1425 1612 1701 1730 1788 1807 1785 1703 1465 1488 1541 1338 1173 1323 1441 1722 1878 1845 1770 1735 2006 2035 2040 2091 2082 1898 2014 2070 2095 2106 2081 2088 2104 2105 2078 2082 2083 2077 2069 2059 2052 2038 2033 2013 2004 1995 1984 1974 1959 1951 1934 1931 1926 1914 1902 1896 1882 1872 1868 1847 1830 1811 1808 1775 1762 1751 1725 1703 1681 1674 1657 1638 1617 1603 1587 1575 1555 1533 1525 1527 1512 1507
855 1143 1334 1601 1685 1743 1781 1805 1801 1696 1661 1761 1763 1596 1344 1121 1219 1433 1621 1952 1659 1435 1646 1965 2034 2049 2076 2027 1789 1826 2072 2112 2120 2131 2126 2089 2116 2105 2079 2031 2067 2057 2048 2038 2022 2016 2004 1992 1983 1974 1958 1950 1939 1922 1912 1907 1900 1883 1877 1864 1856 1838 1819 1803 1778 1778 1755 1745 1721 1696 1681 1669 1640 1621 1611 1597 1577 1567 1551 1534 1513 1516 1506 1502
1062 1177 1390 1584 1675 1713 1756 1802 1789 1810 1865 1885 1875 1845 1534 1216 1049 1231 1589 1869 2000 1768 1942 1918 2041 2071 2074 2124 1984 1856 1921 1803 2038 2108 2122 2130 2117 2107 2080 2065 2073 2060 2051 2032 2021 2024 1962 1989 1981 1971 1958 1948 1936 1919 1908 1899 1890 1876 1864 1855 1842 1829 1805 1790 1769 1759 1749 1724 1710 1694 1676 1653 1629 1612 1599 1587 1569 1556 1542 1528 1505 1506 1498 1497
1095 1048 1223 1342 1573 1709 1758 1808 1814 1727 1855 1903 1835 1690 1688 1233 1086 1222 1400 1493 1918 2048 2076 2079 1856 2101 2087 2077 2129 2098 1887 1597 1796 2096 2124 2124 2116 2107 2098 2085 2085 2059 2040 2033 2022 2010 2002 1985 1978 1965 1953 1939 1926 1915 1906 1891 1885 1872 1853 1844 1829 1818 1795 1785 1755 1744 1741 1718 1700 1680 1664 1641 1615 1600 1590 1574 1556 1544 1534 1519 1500 1501 1489 1485
1125 1190 1016 1319 1511 1659 1753 1812 1814 1672 1897 1925 1798 1519 1537 1473 1198 1251 1494 1434 1474 1962 2065 2102 2094 2119 2119 2132 2139 2144 2117 2055 2006 2083 2127 2127 2121 2106 2084 2088 2066 2057 2044 2026 2014 2005 1994 1983 1969 1958 1946 1934 1921 1909 1895 1885 1872 1857 1847 1834 1822 1799 1784 1767 1745 1731 1725 1702 1688 1670 1653 1627 1614 1595 1581 1566 1545 1538 1528 1515 1497 1496 1483 1477
1270 1331 1161 1174 1421 1596 1679 1787 1824 1825 1888 1928 1960 1394 1384 1758 1599 1412 1599 1659 1469 1797 2034 2082 2073 2101 2124 2125 2051 2128 2150 2129 2086 2045 1951 2065 2110 2107 2099 2080 2062 2050 2044 2028 2010 2000 1991 1973 1959 1951 1936 1924 1910 1899 1886 1876 1864 1849 1836 1825 1801 1788 1772 1758 1736 1723 1708 1694 1676 1657 1638 1621 1605 1588 1577 1560 1541 1527 1521 1502 1489 1490 1481 1471
1187 1323 1356 1193 1264 1620 1723 1769 1811 1868 1900 1938 1970 1865 1508 1608 1856 1603 1560 1731 1569 1478 1691 1783 1873 2070 2106 2119 2133 2137 2150 2157 2097 2079 2111 2116 2110 2100 2073 2036 2060 2042 2033 2020 2006 1998 1981 1968 1954 1941 1925 1913 1905 1888 1878 1863 1851 1837 1824 1811 1800 1773 1765 1745 1729 1712 1701 1683 1662 1643 1630 1611 1597 1582 1568 1550 1536 1522 1513 1496 1487 1481 1473 1461
1243 1279 1360 1531 1459 1637 1695 1715 1760 1828 1879 1937 1974 2005 1811 1835 1936 1851 1322 1483 1857 1712 1672 1438 1505 1731 1990 2082 2117 2127 2134 2146 2156 1856 1930 2038 2094 2114 2091 2071 2067 2044 2024 2019 1989 1985 1963 1959 1947 1930 1919 1906 1890 1878 1865 1857 1842 1827 1811 1799 1780 1763 1752 1730 1721 1701 1689 1673 1653 1636 1615 1606 1587 1571 1555 1541 1527 1521 1502 1492 1483 1474 1465 1458
1089 1021 1206 1315 1276 1341 1464 1537 1743 1712 1795 1945 1983 2011 2011 2005 1911 1946 1553 1306 1518 1946 1946 1669 1313 1416 1485 1954 2053 2080 2137 2157 2151 2078 1959 2019 2022 2100 2095 2073 2053 2039 2021 2005 1990 1971 1961 1950 1933 1918 1907 1893 1883 1872 1855 1844 1828 1814 1803 1786 1767 1752 1736 1725 1708 1686 1678 1659 1640 1626 1610 1599 1580 1562 1549 1532 1524 1513 1496 1485 1468 1465 1455 1449
808 1056 1215 1255 1207 1069 1185 1442 1628 1703 1730 1947 1984 2018 2039 2019 1880 2041 1602 1225 1459 1904 1975 1627 1485 1467 1562 1859 2084 1848 1997 2129 2149 2161 2141 2127 2115 2093 2076 2065 2044 2033 2011 1996 1978 1972 1950 1939 1927 1912 1892 1884 1868 1855 1844 1831 1816 1803 1786 1769 1757 1741 1723 1708 1698 1676 1659 1646 1631 1617 1600 1586 1571 1551 1538 1532 1510 1500 1486 1476 1467 1457 1448 1434
806 896 912 1116 1230 1083 1255 1377 1581 1697 1860 1932 1982 2018 2047 2009 1965 2068 1701 1420 1391 1634 2042 1921 1975 1662 1745 1992 2092 2024 1766 1945 2110 2118 2094 2115 2101 2090 2050 2045 2027 2013 1998 1986 1972 1958 1943 1929 1914 1900 1885 1871 1857 1846 1834 1821 1805 1792 1779 1761 1742 1727 1711 1695 1685 1664 1647 1632 1619 1605 1588 1572 1555 1539 1527 1522 1502 1490 1481 1471 1463 1441 1438 1427
806 901 943 1220 983 1177 1184 1349 1624 1752 1813 1825 1974 2006 2033 2054 1969 2068 1906 1643 1742 1301 1688 2041 2047 2078 2082 2045 2083 2102 2040 1766 1851 1717 2058 2093 2086 2044 2002 2005 2004 1998 1987 1975 1956 1946 1934 1916 1903 1889 1874 1862 1847 1833 1820 1806 1791 1779 1762 1744 1731 1716 1700 1686 1666 1653 1636 1621 1607 1595 1581 1563 1547 1535 1520 1508 1495 1483 1473 1460 1441 1439 1430 1422
858 989 1138 1041 970 1153 1247 1369 1396 1629 1555 1716 1923 1986 2012 2024 1983 2003 2052 2041 1981 1647 1360 1761 1871 1735 1848 2056 2072 2089 2046 2067 2080 1972 1800 2052 2056 2043 2024 1988 1944 1982 1973 1958 1943 1925 1916 1900 1894 1878 1860 1845 1836 1821 1805 1796 1779 1762 1750 1733 1722 1700 1687 1674 1656 1640 1627 1613 1599 1581 1568 1552 1537 1522 1510 1500 1487 1470 1464 1450 1439 1432 1421 1415
858 898 860 896 897 1145 1271 1400 1353 1303 1611 1720 1792 1952 1989 2008 1999 1971 2023 2037 1882 1893 1607 1437 1981 1773 1672 1988 2037 2062 2072 2080 2049 2076 1884 1780 2008 2039 2023 2000 1983 1971 1960 1951 1931 1920 1902 1889 1873 1857 1847 1833 1821 1802 1792 1781 1765 1752 1735 1725 1706 1689 1678 1661 1640 1628 1611 1599 1585 1570 1556 1539 1526 1513 1501 1489 1475 1466 1447 1442 1435 1423 1415 1407
880 864 836 738 991 1152 1165 1345 1439 1292 1360 1710 1717 1909 1963 1984 1988 1969 1998 2024 2035 2027 1871 1568 1830 2032 1823 1890 2019 2048 1997 1971 1904 2036 2020 1866 1956 2008 2013 1998 1971 1957 1954 1931 1915 1904 1893 1875 1862 1846 1835 1821 1812 1792 1784 1767 1753 1739 1724 1707 1689 1679 1664 1647 1631 1614 1601 1584 1572 1554 1541 1528 1513 1500 1487 1473 1463 1453 1442 1433 1425 1416 1406 1401
891 871 1006 1038 884 1025 1190 1286 1477 1461 1480 1762 1803 1894 1943 1957 1954 1893 1888 1971 1994 2013 2008 1740 1546 1887 2017 2028 2028 2043 2026 2007 1988 1942 2017 2021 2008 1956 1973 1974 1970 1954 1929 1918 1900 1889 1873 1863 1850 1832 1820 1803 1794 1779 1762 1747 1740 1725 1709 1695 1681 1664 1650 1636 1615 1599 1586 1572 1555 1541 1528 1513 1501 1486 1476 1463 1452 1441 1433 1427 1417 1404 1399 1393
843 845 962 1121 1114 1140 1180 1278 1554 1395 1420 1756 1845 1865 1915 1923 1953 1909 1841 1940 1974 2004 1999 1898 1873 1661 1933 1977 2012 2027 2026 2007 2014 1996 1983 1973 1993 1973 1951 1949 1928 1923 1920 1899 1885 1872 1862 1840 1833 1819 1806 1792 1779 1763 1754 1739 1725 1714 1697 1680 1665 1651 1635 1619 1602 1587 1571 1556 1542 1527 1514 1503 1488 1472 1465 1453 1441 1436 1423 1417 1408 1396 1393 1383
745 776 860 950 1084 1219 1347 1446 1413 1624 1661 1748 1813 1852 1847 1870 1928 1933 1908 1937 1959 1969 1977 1945 1970 1980 1938 1953 2003 1998 1987 2002 2002 1998 1978 1985 1969 1955 1942 1930 1922 1910 1900 1884 1868 1851 1840 1832 1807 1801 1784 1778 1763 1749 1737 1728 1714 1693 1684 1667 1652 1631 1619 1606 1589 1573 1557 1542 1528 1512 1501 1490 1475 1466 1451 1440 1419 1422 1412 1406 1396 1388 1380 1374
885 938 927 877 1049 1124 1253 1323 1339 1532 1727 1802 1788 1827 1863 1862 1896 1911 1924 1889 1921 1942 1949 1972 1938 1964 1972 1965 1971 1981 1983 1972 1955 1975 1956 1940 1943 1940 1925 1912 1909 1889 1869 1862 1851 1841 1823 1811 1795 1784 1769 1756 1751 1738 1725 1711 1700 1683 1667 1653 1637 1623 1604 1589 1573 1557 1544 1529 1514 1500 1490 1476 1460 1451 1440 1428 1417 1410 1398 1392 1385 1376 1370 1363
850 903 1011 1086 1108 1067 1102 1186 1262 1401 1682 1743 1764 1833 1851 1847 1864 1885 1905 1888 1901 1915 1927 1939 1940 1929 1947 1946 1942 1942 1947 1946 1947 1936 1943 1908 1919 1924 1913 1901 1889 1882 1861 1844 1823 1820 1802 1788 1779 1768 1755 1741 1729 1723 1710 1698 1689 1667 1657 1639 1622 1607 1589 1571 1559 1542 1528 1515 1501 1486 1472 1458 1447 1438 1427 1415 1407 1395 1385 1379 1372 1364 1359 1354
902 853 844 977 1069 1170 1199 1226 1285 1405 1608 1585 1569 1745 1764 1809 1838 1848 1877 1887 1842 1900 1909 1915 1924 1925 1936 1930 1938 1927 1927 1917 1918 1915 1920 1916 1892 1890 1891 1879 1867 1852 1842 1834 1818 1799 1783 1774 1756 1748 1733 1727 1712 1700 1697 1686 1675 1659 1641 1623 1604 1590 1573 1554 1544 1527 1508 1497 1484 1471 1454 1442 1432 1418 1411 1402 1393 1382 1373 1367 1361 1355 1349 1342
1080 912 845 999 1085 1172 1284 1388 1393 1381 1297 1149 1439 1663 1706 1792 1821 1843 1856 1870 1847 1851 1870 1893 1890 1898 1907 1896 1895 1910 1911 1907 1890 1893 1902 1901 1872 1876 1876 1858 1850 1839 1824 1807 1795 1782 1767 1751 1740 1729 1718 1709 1697 1681 1672 1668 1652 1637 1622 1606 1589 1574 1558 1538 1522 1506 1495 1482 1468 1453 1444 1427 1416 1410 1394 1384 1377 1369 1362 1355 1349 1344 1339 1335
1074 1060 975 1003 1073 1138 1124 1250 1368 1262 1294 1273 1322 1503 1672 1755 1800 1811 1821 1850 1843 1814 1840 1863 1874 1879 1887 1891 1886 1844 1876 1875 1877 1875 1870 1875 1861 1851 1849 1844 1829 1812 1807 1790 1776 1764 1748 1731 1718 1705 1700 1688 1675 1667 1654 1645 1635 1619 1604 1587 1572 1556 1537 1517 1505 1488 1479 1460 1450 1438 1424 1414 1401 1393 1384 1377 1367 1357 1351 1344 1336 1332 1327 1319
