ExampleFiles/Hispaniola_PCA_20/his_pca_20_2.asc
ncols         743
nrows         319
xllcorner     -74.500956448335
yllcorner     17.448920549066
cellsize      0.0083333333333333
NODATA_value  -9999
[rows 185 to 221 of 319, columns 168 to 251 of 743]
-9999 -9999 -9999 -9999 -9999 -9999 -9999 -9999 -9999 -9999 -9999 -9999 -9999 -9999 -9999 -9999 -9999 -9999 -9999 -9999 -9999 -9999 -9999 -9999 -9999 -9999 -9999 -9999 -9999 -9999 -9999 -9999 -9999 -9999 -9999 -9999 -9999 -9999 -9999 -9999 -9999 -9999 -9999 -9999 -9999 -9999 -9999 -9999 -9999 -9999 -9999 -9999 -9999 -9999 -9999 -9999 -9999 -9999 -9999 -9999 -9999 -9999 1217 1214 -9999 -9999 -9999 -9999 -9999 -9999 -9999 -9999 -9999 -9999 -9999 -9999 -9999 -9999 -9999 -9999 -9999 -9999 -9999 -9999
-9999 -9999 -9999 -9999 -9999 -9999 -9999 -9999 -9999 -9999 -9999 -9999 -9999 -9999 -9999 -9999 -9999 -9999 -9999 -9999 -9999 -9999 -9999 -9999 -9999 -9999 -9999 -9999 -9999 -9999 -9999 -9999 -9999 -9999 -9999 -9999 -9999 -9999 -9999 -9999 -9999 -9999 -9999 -9999 -9999 -9999 -9999 -9999 -9999 -9999 -9999 -9999 -9999 -9999 -9999 -9999 -9999 -9999 1229 1230 1231 1236 1240 1231 1231 1226 -9999 -9999 -9999 -9999 -9999 -9999 -9999 -9999 -9999 -9999 -9999 -9999 -9999 -9999 -9999 -9999 -9999 -9999
-9999 -9999 -9999 -9999 -9999 -9999 -9999 -9999 -9999 -9999 -9999 -9999 -9999 -9999 -9999 -9999 -9999 -9999 -9999 -9999 -9999 -9999 -9999 -9999 -9999 -9999 -9999 -9999 -9999 -9999 -9999 -9999 -9999 -9999 -9999 -9999 -9999 -9999 -9999 -9999 -9999 -9999 -9999 -9999 -9999 -9999 -9999 -9999 -9999 -9999 -9999 -9999 -9999 -9999 -9999 -9999 1229 1242 1242 1252 1249 1252 1258 1251 1251 1235 1240 -9999 1236 1232 1208 1220 1222 1215 1201 1187 1180 1210 -9999 -9999 -9999 1202 1186 1191
-9999 -9999 -9999 -9999 -9999 -9999 -9999 -9999 -9999 -9999 -9999 -9999 -9999 -9999 -9999 -9999 -9999 -9999 -9999 -9999 -9999 -9999 -9999 -9999 -9999 -9999 -9999 -9999 -9999 -9999 -9999 -9999 -9999 -9999 -9999 -9999 -9999 -9999 -9999 -9999 -9999 -9999 -9999 -9999 -9999 -9999 -9999 -9999 -9999 -9999 -9999 -9999 -9999 -9999 -9999 1237 1252 1259 1264 1265 1268 1275 1269 1275 1274 1264 1258 1266 1247 1261 1281 1274 1269 1262 1249 1283 1241 1240 1259 1240 1193 1234 1231 1240
-9999 -9999 -9999 -9999 -9999 -9999 -9999 -9999 -9999 -9999 -9999 -9999 -9999 -9999 -9999 -9999 -9999 -9999 -9999 -9999 -9999 -9999 -9999 -9999 -9999 -9999 -9999 -9999 -9999 -9999 -9999 -9999 -9999 -9999 -9999 -9999 -9999 -9999 -9999 -9999 -9999 -9999 -9999 -9999 -9999 -9999 -9999 -9999 -9999 -9999 -9999 -9999 -9999 -9999 -9999 1249 1271 1282 1290 1294 1297 1297 1294 1292 1292 1288 1270 1296 1291 1300 1302 1272 1280 1289 1263 1276 1271 1270 1266 1261 1248 1244 1246 1244
-9999 -9999 -9999 -9999 -9999 -9999 -9999 -9999 -9999 -9999 -9999 -9999 -9999 -9999 -9999 -9999 -9999 -9999 -9999 -9999 -9999 -9999 -9999 -9999 -9999 -9999 -9999 -9999 -9999 -9999 -9999 -9999 -9999 -9999 -9999 -9999 -9999 -9999 -9999 -9999 -9999 -9999 -9999 -9999 -9999 -9999 -9999 -9999 -9999 -9999 -9999 -9999 -9999 -9999 1265 1275 1287 1301 1309 1314 1319 1315 1314 1313 1305 1319 1300 1323 1298 1307 1335 1319 1315 1337 1335 1316 1274 1277 1264 1284 1267 1257 1292 1239
-9999 -9999 -9999 -9999 -9999 -9999 -9999 -9999 -9999 -9999 -9999 -9999 -9999 -9999 -9999 -9999 -9999 -9999 -9999 -9999 -9999 -9999 -9999 -9999 -9999 -9999 -9999 -9999 -9999 -9999 -9999 -9999 -9999 -9999 -9999 -9999 -9999 -9999 -9999 -9999 -9999 -9999 -9999 -9999 -9999 -9999 -9999 -9999 -9999 -9999 -9999 -9999 -9999 -9999 1281 1295 1302 1313 1326 1324 1334 1335 1335 1332 1330 1316 1338 1312 1343 1311 1328 1307 1277 1316 1359 1336 1347 1344 1327 1343 1281 1268 1282 1276
-9999 -9999 -9999 -9999 -9999 -9999 -9999 -9999 -9999 -9999 -9999 -9999 -9999 -9999 -9999 -9999 -9999 -9999 -9999 -9999 -9999 -9999 -9999 -9999 -9999 -9999 -9999 -9999 -9999 -9999 -9999 -9999 -9999 -9999 -9999 -9999 -9999 -9999 -9999 -9999 -9999 -9999 -9999 -9999 -9999 -9999 -9999 -9999 -9999 -9999 -9999 -9999 -9999 1284 1294 1312 1308 1331 1338 1348 1347 1349 1353 1351 1345 1345 1321 1306 1316 1282 1321 1331 1360 1311 1332 1314 1320 1324 1328 1355 1330 1290 1313 1315
-9999 -9999 -9999 -9999 -9999 -9999 -9999 -9999 -9999 -9999 -9999 -9999 -9999 -9999 -9999 -9999 -9999 -9999 -9999 -9999 -9999 -9999 -9999 -9999 -9999 -9999 -9999 -9999 -9999 -9999 -9999 -9999 -9999 -9999 -9999 -9999 -9999 -9999 -9999 -9999 -9999 -9999 -9999 -9999 -9999 -9999 -9999 -9999 -9999 -9999 -9999 -9999 -9999 1296 1305 1316 1321 1341 1352 1356 1364 1357 1364 1369 1368 1358 1345 1334 1327 1305 1298 1287 1317 1322 1317 1301 1323 1356 1350 1337 1345 1313 1340 1285
-9999 -9999 -9999 -9999 -9999 -9999 -9999 -9999 -9999 -9999 -9999 -9999 -9999 -9999 -9999 -9999 -9999 -9999 -9999 -9999 -9999 -9999 -9999 -9999 -9999 -9999 -9999 -9999 -9999 -9999 -9999 -9999 -9999 -9999 -9999 -9999 -9999 -9999 -9999 -9999 -9999 -9999 -9999 -9999 -9999 -9999 -9999 -9999 -9999 -9999 -9999 -9999 1283 1303 1315 1332 1341 1351 1356 1365 1374 1364 1380 1375 1370 1362 1303 1322 1339 1352 1335 1317 1304 1364 1346 1315 1324 1320 1389 1363 1340 1297 1305 1387
-9999 -9999 -9999 -9999 -9999 -9999 -9999 -9999 -9999 -9999 -9999 -9999 -9999 -9999 -9999 -9999 -9999 -9999 -9999 -9999 -9999 -9999 -9999 -9999 -9999 -9999 -9999 -9999 -9999 -9999 -9999 -9999 -9999 -9999 -9999 -9999 -9999 -9999 -9999 -9999 -9999 -9999 -9999 -9999 -9999 -9999 -9999 -9999 -9999 -9999 -9999 -9999 1289 1311 1324 1335 1346 1356 1365 1374 1376 1382 1375 1379 1387 1385 1365 1382 1385 1420 1317 1454 1429 1474 1369 1510 1297 1287 1319 1306 1350 1307 1235 1206
-9999 -9999 -9999 -9999 -9999 -9999 -9999 -9999 -9999 -9999 -9999 -9999 -9999 -9999 -9999 -9999 -9999 -9999 -9999 -9999 -9999 -9999 -9999 -9999 -9999 -9999 -9999 -9999 -9999 -9999 -9999 -9999 -9999 -9999 -9999 -9999 -9999 -9999 -9999 -9999 -9999 -9999 -9999 -9999 -9999 -9999 -9999 -9999 -9999 -9999 -9999 -9999 1295 1312 1323 1330 1349 1359 1362 1379 1385 1381 1387 1386 1386 1355 1358 1331 1326 1317 1337 1268 1257 1336 1340 1360 1277 1290 1265 1288 1369 1275 1303 1310
-9999 -9999 -9999 -9999 -9999 -9999 -9999 1084 1114 1184 1194 1095 1181 1178 1166 1112 1176 -9999 -9999 -9999 -9999 -9999 -9999 -9999 -9999 -9999 -9999 -9999 -9999 -9999 -9999 -9999 -9999 -9999 -9999 -9999 -9999 -9999 -9999 -9999 -9999 -9999 -9999 -9999 -9999 -9999 -9999 -9999 -9999 -9999 -9999 1309 1310 1317 1329 1348 1355 1367 1378 1375 1380 1393 1403 1379 1398 1344 1346 1382 1375 1299 1380 1394 1326 1200 1390 1373 1273 1216 1305 1382 1284 1323 1310 1333
-9999 -9999 -9999 -9999 1120 1233 1208 1221 1232 1223 1233 1209 1225 1239 1275 1229 1244 1155 1222 1185 1113 -9999 -9999 -9999 -9999 -9999 -9999 -9999 -9999 -9999 -9999 -9999 -9999 -9999 -9999 -9999 -9999 -9999 -9999 -9999 -9999 -9999 -9999 -9999 -9999 -9999 -9999 -9999 -9999 -9999 -9999 1310 1315 1325 1350 1346 1370 1378 1379 1381 1378 1394 1401 1391 1391 1381 1324 1311 1320 1334 1339 1348 1291 1295 1350 1298 1296 1167 1294 1344 1322 1371 1193 1321
-9999 1117 1109 1100 1174 1271 1257 1227 1286 1249 1251 1302 1309 1309 1296 1316 1287 1302 1267 1296 1280 1245 1214 1156 1190 -9999 -9999 -9999 -9999 -9999 -9999 -9999 -9999 -9999 -9999 -9999 -9999 -9999 -9999 -9999 -9999 -9999 -9999 -9999 -9999 -9999 -9999 -9999 -9999 -9999 1303 1271 1312 1345 1347 1377 1366 1387 1383 1396 1398 1368 1366 1368 1315 1390 1406 1337 1324 1356 1377 1282 1294 1274 1274 1289 1318 1254 1354 1361 1315 1366 1274 1261
1256 1210 1185 1247 1246 1245 1286 1272 1265 1213 1238 1273 1306 1275 1276 1248 1275 1249 1307 1290 1197 1232 1200 1193 -9999 -9999 -9999 -9999 -9999 1231 1217 1222 1309 1329 1240 1144 -9999 -9999 -9999 -9999 -9999 -9999 -9999 -9999 -9999 -9999 -9999 -9999 1301 1366 1322 1366 1376 1370 1362 1354 1377 1378 1393 1363 1349 1376 1362 1336 1348 1377 1379 1354 1329 1348 1388 1344 1378 1277 1309 1280 1272 1219 1200 1311 1340 1343 1185 1339
1252 1228 1188 1168 1182 1195 1253 1229 1220 1264 1234 1268 1276 1257 1240 1289 1272 1257 1254 1240 1223 1204 1206 1199 -9999 -9999 -9999 1217 1223 1259 1245 1271 1284 1323 1362 1385 1148 1271 1270 1267 1266 1259 -9999 -9999 -9999 -9999 1293 1285 1361 1369 1357 1330 1416 1380 1361 1367 1348 1389 1371 1352 1320 1360 1346 1389 1340 1354 1332 1369 1319 1317 1347 1255 1264 1241 1308 1314 1323 1264 1241 1196 1281 1315 1244 1253
1237 1242 1192 1225 1172 1177 1177 1196 1200 1207 1215 1222 1213 1193 1198 1208 1232 1249 1229 1223 1221 1225 1219 1204 1202 1223 1211 1204 1233 1290 1305 1272 1309 1279 1308 1335 1323 1286 1278 1275 1283 1300 1259 1294 1297 1311 1344 1369 1317 1347 1346 1382 1377 1381 1404 1355 1367 1345 1346 1357 1310 1382 1332 1367 1367 1379 1393 1354 1350 1302 1298 1346 1329 1286 1377 1258 1373 1298 1438 1281 1265 1238 1282 1219
1220 1191 1203 1159 1173 1177 1180 1187 1183 1208 1204 1210 1198 1200 1201 1208 1221 1221 1216 1240 1224 1231 1277 1265 1271 1182 1266 1273 1287 1314 1311 1287 1294 1298 1308 1305 1322 1304 1323 1300 1323 1328 1326 1326 1340 1355 1350 1336 1366 1385 1370 1364 1336 1332 1382 1348 1360 1386 1405 1350 1377 1382 1394 1402 1421 1333 1403 1400 1381 1290 1389 1377 1384 1298 1396 1295 1247 1446 1315 1229 1228 1242 1208 1214
1231 1220 1191 1184 1180 1182 1186 1188 1190 1196 1195 1197 1201 1186 1184 1233 1246 1270 1217 1261 1271 1304 1263 1374 1294 1302 1287 1331 1307 1327 1236 1355 1328 1359 1331 1305 1341 1315 1316 1324 1350 1334 1345 1349 1344 1399 1390 1373 1371 1376 1339 1364 1307 1310 1353 1353 1321 1348 1400 1385 1413 1394 1377 1377 1359 1319 1332 1376 1380 1331 1424 1374 1423 1364 1374 1347 1378 1256 1251 1409 1333 1392 1272 1235
1244 1244 1177 1185 1184 1170 1185 1190 1188 1195 1215 1245 1243 1278 1260 1257 1260 1242 1275 1302 1326 1325 1267 1297 1373 1307 1319 1303 1256 1294 1365 1340 1363 1348 1379 1385 1332 1323 1322 1336 1323 1352 1356 1353 1353 1366 1434 1368 1375 1379 1372 1386 1413 1432 1347 1375 1364 1373 1356 1372 1404 1341 1362 1373 1358 1387 1391 1391 1388 1371 1300 1438 1395 1348 1362 1391 1412 1362 1283 1194 1229 1414 1264 1336
1242 1257 1215 1137 1177 1168 1162 1241 1238 1235 1252 1245 1308 1276 1283 1287 1263 1306 1303 1294 1268 1329 1322 1303 1271 1377 1296 1329 1289 1310 1334 1334 1270 1318 1398 1303 1325 1334 1336 1341 1344 1373 1348 1359 1371 1362 1370 1402 1397 1388 1436 1326 1386 1352 1390 1392 1374 1390 1374 1348 1444 1338 1380 1413 1409 1356 1345 1384 1372 1361 1399 1419 1365 1327 1326 1322 1381 1248 1337 1292 1235 1316 1399 1315
1245 1254 1259 1268 1236 1257 1326 1276 1270 1287 1269 1306 1242 1360 1293 1254 1321 1317 1305 1350 1351 1245 1334 1332 1326 1338 1370 1353 1338 1307 1356 1320 1302 1247 1331 1344 1316 1322 1331 1362 1363 1319 1343 1366 1352 1346 1376 1375 1397 1398 1402 1456 1368 1399 1392 1383 1318 1338 1365 1393 1401 1310 1339 1337 1317 1343 1361 1360 1408 1401 1375 1341 1368 1363 1400 1308 1212 1352 1393 1308 1374 1359 1350 1302
1267 1267 1268 1282 1301 1289 1303 1317 1277 1272 1287 1287 1337 1322 1346 1321 1350 1332 1317 1321 1328 1297 1337 1281 1263 1235 1356 1351 1339 1321 1293 1318 1311 1300 1358 1276 1369 1334 1325 1340 1343 1302 1377 1356 1324 1342 1376 1359 1352 1376 1362 1404 1370 1370 1382 1384 1324 1400 1378 1339 1381 1337 1327 1323 1346 1301 1333 1322 1382 1397 1386 1427 1390 1366 1340 1354 1442 1361 1461 1443 1323 1376 1428 1453
1265 1268 1272 1277 1293 1301 1306 1333 1332 1375 1350 1311 1340 1361 1330 1344 1347 1342 1324 1339 1350 1357 1391 1363 1313 1327 1297 1353 1324 1369 1388 1394 1354 1363 1305 1340 1390 1334 1352 1283 1319 1389 1385 1333 1341 1343 1376 1402 1336 1351 1360 1340 1396 1369 1379 1358 1387 1412 1366 1412 1409 1372 1357 1355 1305 1346 1383 1340 1364 1357 1325 1377 1413 1387 1427 1363 1367 1345 1349 1398 1377 1351 1350 1324
1252 1262 1283 1281 1284 1272 1302 1284 1350 1393 1341 1344 1357 1377 1350 1357 1335 1340 1387 1383 1377 1366 1363 1343 1405 1318 1354 1324 1336 1343 1311 1318 1278 1302 1282 1344 1377 1424 1431 1297 1375 1232 1297 1340 1362 1342 1370 1394 1405 1366 1343 1368 1353 1363 1396 1362 1401 1370 1375 1370 1383 1355 1393 1435 1458 1381 1371 1276 1356 1397 1352 1342 1352 1413 1412 1427 1409 1373 1322 1363 1357 1300 1345 1401
1254 1262 1307 1280 1245 1303 1328 1280 1297 1346 1428 1358 1360 1366 1402 1386 1382 1398 1363 1351 1369 1369 1331 1313 1330 1333 1376 1388 1391 1342 1347 1331 1312 1376 1366 1359 1401 1376 1378 1395 1304 1299 1283 1356 1300 1355 1358 1366 1348 1369 1364 1373 1370 1380 1385 1377 1382 1385 1362 1388 1390 1336 1406 1365 1429 1476 1396 1327 1385 1371 1342 1330 1404 1335 1309 1375 1368 1363 1366 1334 1305 1356 1324 1372
1266 1265 1297 1345 1277 1311 1354 1344 1377 1347 1375 1405 1380 1374 1336 1377 1356 1370 1375 1371 1409 1367 1358 1346 1384 1416 1355 1375 1347 1386 1351 1273 1267 1297 1358 1393 1357 1350 1425 1385 1370 1362 1308 1283 1272 1320 1342 1335 1359 1431 1415 1403 1403 1362 1453 1422 1423 1395 1379 1413 1365 1386 1350 1415 1349 1388 1361 1372 1344 1382 1420 1395 1328 1336 1327 1342 1264 1303 1285 1328 1320 1376 1343 1360
1242 1267 1277 1268 1287 1297 1271 1302 1372 1349 1340 1367 1360 1395 1360 1350 1370 1367 1400 1342 1355 1369 1340 1376 1377 1351 1347 1403 1387 1372 1352 1268 1362 1230 1345 1309 1347 1394 1352 1367 1384 1359 1365 1304 1306 1361 1370 1355 1387 1384 1364 1361 1436 1376 1418 1390 1392 1382 1387 1441 1402 1391 1426 1459 1364 1297 1349 1286 1356 1404 1387 1385 1390 1316 1303 1232 1304 1319 1349 1368 1302 1367 1358 1369
1268 1257 1288 1281 1312 1338 1291 1340 1353 1315 1331 1347 1390 1375 1344 1386 1407 1343 1369 1362 1379 1400 1378 1444 1358 1418 1324 1350 1366 1368 1400 1374 1369 1353 1322 1307 1321 1326 1367 1381 1350 1390 1353 1348 1348 1294 1364 1357 1351 1402 1353 1411 1376 1380 1375 1400 1384 1390 1391 1394 1403 1380 1397 1373 1361 1367 1282 1382 1389 1412 1397 1390 1399 1341 1294 1311 1221 1242 1204 1279 1256 1371 1311 1319
1317 1264 1274 1293 1314 1305 1318 1359 1353 1289 1337 1331 1368 1388 1343 1353 1347 1378 1331 1317 1355 1411 1331 1391 1350 1370 1342 1381 1349 1346 1370 1375 1467 1386 1372 1299 1230 1365 1326 1428 1380 1356 1317 1293 1325 1386 1342 1337 1352 1367 1399 1353 1365 1388 1376 1395 1352 1422 1410 1378 1379 1400 1375 1388 1365 1347 1376 1399 1370 1339 1402 1287 1257 1325 1289 1346 1357 1311 1378 1357 1309 1282 1287 1327
1304 1284 1310 1292 1282 1320 1326 1328 1341 1286 1335 1344 1337 1357 1365 1362 1369 1379 1397 1389 1381 1372 1265 1353 1373 1381 1326 1342 1339 1351 1321 1335 1287 1348 1409 1391 1427 1310 1311 1366 1430 1391 1316 1303 1324 1400 1399 1390 1369 1394 1390 1405 1429 1391 1379 1379 1395 1367 1398 1409 1404 1357 1367 1335 1335 1334 1359 1348 1346 1343 1288 1276 1297 1268 1283 1323 1350 1345 1296 1364 1361 1362 1311 1273
1281 1311 1289 1322 1301 1292 1261 1313 1338 1312 1325 1451 1368 1382 1353 1376 1407 1391 1395 1357 1409 1381 1446 1370 1414 1397 1387 1392 1354 1378 1532 1432 1325 1408 1400 1367 1385 1369 1400 1231 1431 1384 1352 1331 1330 1370 1353 1405 1356 1427 1409 1377 1388 1406 1358 1323 1362 1389 1374 1386 1406 1402 1375 1285 1311 1363 1350 1333 1362 1359 1302 1220 1360 1371 1413 1366 1375 1299 1357 1340 1343 1344 1373 1264
1271 1307 1317 1316 1330 1266 1310 1193 1276 1320 1337 1351 1354 1346 1334 1369 1384 1370 1344 1383 1253 1378 1353 1370 1396 1403 1399 1451 1347 1401 1424 1342 1390 1417 1422 1426 1395 1376 1391 1383 1319 1464 1327 1399 1365 1364 1391 1382 1409 1326 1364 1370 1405 1379 1359 1349 1290 1295 1382 1330 1379 1410 1385 1329 1359 1250 1321 1312 1288 1252 1263 1270 1391 1363 1358 1408 1346 1306 1313 1375 1320 1297 1313 1324
1299 1278 1295 1298 1267 1296 1288 1349 1359 1303 1339 1397 1366 1373 1362 1307 1376 1423 1388 1384 1398 1379 1370 1407 1394 1414 1325 1375 1372 1362 1425 1428 1352 1414 1442 1407 1392 1436 1300 1399 1449 1392 1386 1354 1372 1375 1413 1396 1375 1393 1371 1394 1381 1410 1393 1400 1387 1401 1351 1374 1268 1348 1338 1325 1279 1318 1301 1292 1253 1262 1262 1342 1376 1398 1400 1399 1390 1402 1358 1382 1369 1361 1373 1387
1311 1303 1293 1308 1288 1288 1291 1316 1342 1345 1346 1388 1387 1381 1407 1368 1376 1359 1397 1353 1380 1434 1383 1371 1371 1369 1382 1412 1373 1357 1377 1438 1378 1376 1353 1391 1428 1394 1384 1369 1439 1370 1386 1373 1408 1347 1359 1352 1369 1399 1407 1360 1345 1372 1363 1410 1395 1383 1390 1368 1356 1285 1284 1245 1264 1283 1308 1219 1243 1308 1319 1324 1377 1434 1423 1412 1412 1410 1398 1403 1400 1383 1390 1494
1289 1297 1295 1289 1279 1303 1282 1276 1321 1345 1339 1376 1420 1395 1367 1399 1320 1368 1383 1407 1375 1399 1384 1387 1373 1406 1362 1362 1318 1419 1325 1420 1392 1352 1422 1424 1389 1420 1393 1369 1391 1409 1408 1437 1393 1387 1340 1391 1401 1403 1366 1408 1436 1393 1435 1400 1360 1398 1352 1378 1322 1340 1337 1356 1253 1260 1232 1234 1218 1263 1329 1314 1335 1347 1366 1402 1420 1418 1414 1452 1407 1433 1404 1260
