ExampleFiles/niche_identity/models/RF/normalized_grids/Anolis_coelestinus_0.asc
ncols        743
nrows        319
xllcorner    -74.500956448335
yllcorner    17.448920549066
cellsize     0.008333333333
NODATA_value  -9999
[rows 184 to 206 of 318, columns 350 to 399 of 743]
1.24306283184e-05 1.27535024436e-05 1.24306283184e-05 1.32378121879e-05 1.35606853508e-05 1.42064326389e-05 1.25920648999e-05 1.21077551555e-05 1.24306283184e-05 1.19463185741e-05 1.32378121879e-05 1.30763756065e-05 1.25920648999e-05 1.2269191737e-05 1.30763756065e-05 1.16234454112e-05 1.24306283184e-05 1.21077551555e-05 1.2269191737e-05 1.35606853508e-05 1.35606853508e-05 1.33992487694e-05 1.24306283184e-05 1.30763756065e-05 1.32378121879e-05 1.30763756065e-05 1.37221228945e-05 1.33992487694e-05 1.37221228945e-05 1.27535024436e-05 1.32378121879e-05 1.2269191737e-05 1.24306283184e-05 9.04045722129e-06 1.16234454112e-05 1.01705142537e-05 1.04933874166e-05 1.25920648999e-05 1.25920648999e-05 1.14620078675e-05 1.2914939025e-05 1.2269191737e-05 1.2269191737e-05 1.14620078675e-05 1.2914939025e-05 1.27535024436e-05 1.25920648999e-05 1.25920648999e-05 1.19463185741e-05 1.2269191737e-05
1.37221228945e-05 1.3883559476e-05 1.43678692203e-05 1.21077551555e-05 1.35606853508e-05 1.27535024436e-05 1.3883559476e-05 1.46907433454e-05 1.3883559476e-05 1.30763756065e-05 1.30763756065e-05 1.17848819926e-05 1.40449960574e-05 1.35606853508e-05 1.37221228945e-05 1.3883559476e-05 1.25920648999e-05 1.11391347046e-05 1.16234454112e-05 1.27535024436e-05 1.2914939025e-05 1.35606853508e-05 1.25920648999e-05 1.33992487694e-05 1.27535024436e-05 1.2269191737e-05 1.30763756065e-05 1.30763756065e-05 1.30763756065e-05 1.33992487694e-05 1.25920648999e-05 1.21077551555e-05 1.24306283184e-05 1.27535024436e-05 1.2269191737e-05 1.19463185741e-05 9.36333038419e-06 6.78034267541e-06 1.11391347046e-05 1.21077551555e-05 1.21077551555e-05 1.24306283184e-05 1.19463185741e-05 1.21077551555e-05 1.2269191737e-05 1.16234454112e-05 1.24306283184e-05 1.2269191737e-05 1.2269191737e-05 1.21077551555e-05
1.32378121879e-05 1.11391347046e-05 1.16234454112e-05 1.42064326389e-05 1.08162615417e-05 1.32378121879e-05 1.35606853508e-05 1.35606853508e-05 1.43678692203e-05 1.33992487694e-05 1.2914939025e-05 1.37221228945e-05 1.25920648999e-05 1.19463185741e-05 1.27535024436e-05 1.35606853508e-05 1.30763756065e-05 1.35606853508e-05 1.24306283184e-05 1.3883559476e-05 1.35606853508e-05 1.35606853508e-05 1.19463185741e-05 1.33992487694e-05 1.37221228945e-05 1.24306283184e-05 1.2914939025e-05 1.25920648999e-05 1.2269191737e-05 1.2269191737e-05 1.32378121879e-05 1.19463185741e-05 1.33992487694e-05 1.2914939025e-05 1.25920648999e-05 1.11391347046e-05 9.04045722129e-06 1.2269191737e-05 1.21077551555e-05 1.21077551555e-05 1.32378121879e-05 1.32378121879e-05 1.25920648999e-05 1.27535024436e-05 1.16234454112e-05 1.21077551555e-05 1.19463185741e-05 1.21077551555e-05 1.27535024436e-05 1.16234454112e-05
1.13005712861e-05 1.46907433454e-05 1.3883559476e-05 1.40449960574e-05 1.30763756065e-05 1.19463185741e-05 1.45293058017e-05 1.48521799269e-05 1.40449960574e-05 1.32378121879e-05 1.45293058017e-05 1.32378121879e-05 1.30763756065e-05 1.40449960574e-05 1.32378121879e-05 1.16234454112e-05 1.30763756065e-05 1.24306283184e-05 1.3883559476e-05 1.37221228945e-05 1.40449960574e-05 1.2914939025e-05 1.2914939025e-05 1.27535024436e-05 1.2914939025e-05 1.2914939025e-05 1.21077551555e-05 1.21077551555e-05 1.2914939025e-05 1.2269191737e-05 1.43678692203e-05 1.35606853508e-05 1.19463185741e-05 1.2914939025e-05 1.13005712861e-05 1.27535024436e-05 1.24306283184e-05 1.27535024436e-05 1.19463185741e-05 1.2269191737e-05 1.40449960574e-05 1.24306283184e-05 1.27535024436e-05 1.24306283184e-05 1.27535024436e-05 1.17848819926e-05 1.14620078675e-05 1.14620078675e-05 1.19463185741e-05 1.21077551555e-05
1.2914939025e-05 1.30763756065e-05 1.27535024436e-05 1.2914939025e-05 1.40449960574e-05 1.2914939025e-05 1.27535024436e-05 1.32378121879e-05 1.35606853508e-05 1.32378121879e-05 1.40449960574e-05 1.17848819926e-05 1.37221228945e-05 1.32378121879e-05 1.45293058017e-05 1.40449960574e-05 1.14620078675e-05 1.33992487694e-05 1.2914939025e-05 1.35606853508e-05 1.30763756065e-05 1.25920648999e-05 1.27535024436e-05 1.2269191737e-05 1.33992487694e-05 1.17848819926e-05 1.13005712861e-05 1.01705142537e-05 1.00090776722e-05 1.19463185741e-05 1.14620078675e-05 1.25920648999e-05 1.25920648999e-05 1.27535024436e-05 1.2914939025e-05 1.32378121879e-05 1.35606853508e-05 1.37221228945e-05 1.2269191737e-05 1.21077551555e-05 1.25920648999e-05 1.27535024436e-05 1.11391347046e-05 1.16234454112e-05 1.2269191737e-05 1.2269191737e-05 1.17848819926e-05 1.21077551555e-05 1.14620078675e-05 1.19463185741e-05
1.3883559476e-05 1.35606853508e-05 1.42064326389e-05 1.32378121879e-05 1.21077551555e-05 1.24306283184e-05 1.46907433454e-05 1.33992487694e-05 1.33992487694e-05 1.3883559476e-05 1.3883559476e-05 1.43678692203e-05 1.13005712861e-05 1.17848819926e-05 1.19463185741e-05 1.17848819926e-05 1.2269191737e-05 1.2269191737e-05 1.21077551555e-05 1.32378121879e-05 1.27535024436e-05 1.27535024436e-05 1.25920648999e-05 1.16234454112e-05 1.24306283184e-05 1.17848819926e-05 1.21077551555e-05 1.27535024436e-05 1.2914939025e-05 1.2914939025e-05 1.3883559476e-05 1.2914939025e-05 1.04933874166e-05 1.16234454112e-05 1.19463185741e-05 1.37221228945e-05 1.2269191737e-05 1.35606853508e-05 1.30763756065e-05 1.2269191737e-05 1.25920648999e-05 1.16234454112e-05 1.16234454112e-05 1.14620078675e-05 1.16234454112e-05 1.25920648999e-05 1.21077551555e-05 1.27535024436e-05 1.21077551555e-05 1.24306283184e-05
1.32378121879e-05 1.35606853508e-05 1.35606853508e-05 1.42064326389e-05 1.45293058017e-05 1.2914939025e-05 1.2914939025e-05 1.27535024436e-05 1.30763756065e-05 1.06548249603e-05 1.19463185741e-05 1.19463185741e-05 1.21077551555e-05 1.11391347046e-05 1.17848819926e-05 1.11391347046e-05 1.2269191737e-05 1.16234454112e-05 1.2914939025e-05 1.13005712861e-05 1.21077551555e-05 1.30763756065e-05 1.13005712861e-05 1.3883559476e-05 1.11391347046e-05 1.30763756065e-05 1.2269191737e-05 1.33992487694e-05 1.3883559476e-05 1.40449960574e-05 1.45293058017e-05 1.42064326389e-05 1.45293058017e-05 1.33992487694e-05 1.25920648999e-05 1.16234454112e-05 1.04933874166e-05 1.04933874166e-05 1.00090776722e-05 1.08162615417e-05 9.84764109077e-06 1.24306283184e-05 1.19463185741e-05 1.21077551555e-05 1.16234454112e-05 1.21077551555e-05 1.19463185741e-05 1.32378121879e-05 1.2914939025e-05 1.17848819926e-05
1.33992487694e-05 1.16234454112e-05 1.24306283184e-05 1.3883559476e-05 1.40449960574e-05 1.48521799269e-05 1.3883559476e-05 1.43678692203e-05 1.42064326389e-05 1.42064326389e-05 1.16234454112e-05 1.2269191737e-05 1.30763756065e-05 1.32378121879e-05 1.43678692203e-05 1.16234454112e-05 1.16234454112e-05 1.13005712861e-05 1.24306283184e-05 1.00090776722e-05 1.17848819926e-05 1.14620078675e-05 1.27535024436e-05 1.37221228945e-05 1.11391347046e-05 1.3883559476e-05 1.45293058017e-05 1.33992487694e-05 1.40449960574e-05 1.37221228945e-05 1.33992487694e-05 1.24306283184e-05 1.33992487694e-05 1.33992487694e-05 1.42064326389e-05 1.35606853508e-05 1.33992487694e-05 1.30763756065e-05 1.32378121879e-05 1.24306283184e-05 1.30763756065e-05 1.35606853508e-05 1.25920648999e-05 1.30763756065e-05 1.30763756065e-05 1.27535024436e-05 1.17848819926e-05 1.24306283184e-05 1.2269191737e-05 1.25920648999e-05
1.37221228945e-05 1.33992487694e-05 1.37221228945e-05 1.25920648999e-05 1.27535024436e-05 1.3883559476e-05 1.48521799269e-05 1.42064326389e-05 1.43678692203e-05 1.48521799269e-05 1.50136165083e-05 1.35606853508e-05 1.43678692203e-05 1.42064326389e-05 1.46907433454e-05 1.24306283184e-05 1.25920648999e-05 1.27535024436e-05 1.27535024436e-05 1.30763756065e-05 1.30763756065e-05 1.35606853508e-05 1.43678692203e-05 1.25920648999e-05 1.2914939025e-05 1.32378121879e-05 1.32378121879e-05 1.30763756065e-05 1.30763756065e-05 1.19463185741e-05 1.30763756065e-05 1.37221228945e-05 1.32378121879e-05 1.40449960574e-05 1.21077551555e-05 1.3883559476e-05 1.40449960574e-05 1.2914939025e-05 1.35606853508e-05 1.35606853508e-05 1.27535024436e-05 1.2269191737e-05 1.25920648999e-05 1.35606853508e-05 1.33992487694e-05 1.32378121879e-05 1.21077551555e-05 1.2269191737e-05 1.2914939025e-05 1.33992487694e-05
1.33992487694e-05 1.33992487694e-05 1.33992487694e-05 1.33992487694e-05 1.2914939025e-05 1.19463185741e-05 1.24306283184e-05 1.40449960574e-05 1.43678692203e-05 1.45293058017e-05 1.54979262527e-05 1.50136165083e-05 1.48521799269e-05 1.42064326389e-05 1.3883559476e-05 1.43678692203e-05 1.2914939025e-05 1.24306283184e-05 1.35606853508e-05 1.40449960574e-05 1.42064326389e-05 1.42064326389e-05 1.3883559476e-05 1.42064326389e-05 1.25920648999e-05 1.24306283184e-05 1.2914939025e-05 1.27535024436e-05 1.25920648999e-05 1.30763756065e-05 1.25920648999e-05 1.3883559476e-05 1.32378121879e-05 1.13005712861e-05 1.13005712861e-05 1.21077551555e-05 1.25920648999e-05 1.21077551555e-05 1.40449960574e-05 1.33992487694e-05 1.33992487694e-05 1.3883559476e-05 1.35606853508e-05 1.16234454112e-05 1.32378121879e-05 1.32378121879e-05 1.2914939025e-05 1.17848819926e-05 1.25920648999e-05 1.21077551555e-05
1.35606853508e-05 1.43678692203e-05 1.42064326389e-05 1.42064326389e-05 1.42064326389e-05 1.42064326389e-05 1.35606853508e-05 1.30763756065e-05 1.30763756065e-05 1.3883559476e-05 1.32378121879e-05 1.27535024436e-05 1.51750530898e-05 1.53364896712e-05 1.50136165083e-05 1.42064326389e-05 1.3883559476e-05 1.2269191737e-05 1.40449960574e-05 1.3883559476e-05 1.43678692203e-05 1.33992487694e-05 1.11391347046e-05 1.35606853508e-05 1.17848819926e-05 1.21077551555e-05 1.2914939025e-05 1.25920648999e-05 1.13005712861e-05 1.21077551555e-05 1.30763756065e-05 1.33992487694e-05 1.2914939025e-05 1.13005712861e-05 1.25920648999e-05 1.2269191737e-05 1.16234454112e-05 1.2914939025e-05 1.14620078675e-05 1.27535024436e-05 1.25920648999e-05 1.27535024436e-05 1.25920648999e-05 1.35606853508e-05 1.2914939025e-05 1.27535024436e-05 1.01705142537e-05 1.30763756065e-05 1.2269191737e-05 1.27535024436e-05
1.45293058017e-05 1.33992487694e-05 1.3883559476e-05 1.3883559476e-05 1.42064326389e-05 1.42064326389e-05 1.3883559476e-05 1.33992487694e-05 1.37221228945e-05 1.17848819926e-05 1.2269191737e-05 1.27535024436e-05 1.24306283184e-05 1.27535024436e-05 1.2914939025e-05 1.30763756065e-05 1.30763756065e-05 1.3883559476e-05 1.46907433454e-05 1.43678692203e-05 1.27535024436e-05 1.32378121879e-05 1.30763756065e-05 1.2914939025e-05 1.25920648999e-05 1.17848819926e-05 1.25920648999e-05 1.16234454112e-05 1.25920648999e-05 1.27535024436e-05 1.2914939025e-05 1.2914939025e-05 1.16234454112e-05 1.27535024436e-05 1.27535024436e-05 1.21077551555e-05 1.13005712861e-05 1.16234454112e-05 1.25920648999e-05 1.11391347046e-05 1.13005712861e-05 1.13005712861e-05 1.14620078675e-05 1.24306283184e-05 1.37221228945e-05 1.32378121879e-05 1.30763756065e-05 1.30763756065e-05 1.2269191737e-05 1.25920648999e-05
1.37221228945e-05 1.37221228945e-05 1.35606853508e-05 1.3883559476e-05 1.37221228945e-05 1.42064326389e-05 1.3883559476e-05 1.42064326389e-05 1.35606853508e-05 1.24306283184e-05 1.2914939025e-05 1.17848819926e-05 1.30763756065e-05 1.27535024436e-05 1.21077551555e-05 1.30763756065e-05 1.32378121879e-05 1.43678692203e-05 1.33992487694e-05 1.33992487694e-05 1.33992487694e-05 1.16234454112e-05 1.27535024436e-05 1.17848819926e-05 1.16234454112e-05 1.21077551555e-05 1.14620078675e-05 1.16234454112e-05 1.16234454112e-05 1.27535024436e-05 1.27535024436e-05 1.21077551555e-05 1.11391347046e-05 1.21077551555e-05 1.21077551555e-05 1.21077551555e-05 1.13005712861e-05 1.25920648999e-05 1.2269191737e-05 1.17848819926e-05 1.14620078675e-05 1.24306283184e-05 1.13005712861e-05 1.19463185741e-05 1.24306283184e-05 1.24306283184e-05 1.37221228945e-05 1.27535024436e-05 1.24306283184e-05 1.03319508351e-05
1.42064326389e-05 1.42064326389e-05 1.37221228945e-05 1.40449960574e-05 1.43678692203e-05 1.43678692203e-05 1.35606853508e-05 1.3883559476e-05 1.33992487694e-05 1.30763756065e-05 1.42064326389e-05 1.32378121879e-05 1.43678692203e-05 1.42064326389e-05 1.40449960574e-05 1.43678692203e-05 1.40449960574e-05 1.43678692203e-05 1.2269191737e-05 1.33992487694e-05 1.21077551555e-05 1.17848819926e-05 1.25920648999e-05 1.27535024436e-05 1.14620078675e-05 1.21077551555e-05 1.14620078675e-05 1.14620078675e-05 1.16234454112e-05 1.27535024436e-05 1.27535024436e-05 1.11391347046e-05 1.11391347046e-05 1.13005712861e-05 1.21077551555e-05 1.13005712861e-05 1.13005712861e-05 1.2269191737e-05 1.13005712861e-05 1.14620078675e-05 1.09776981232e-05 1.14620078675e-05 1.11391347046e-05 1.13005712861e-05 1.27535024436e-05 1.2914939025e-05 1.24306283184e-05 1.11391347046e-05 1.32378121879e-05 1.30763756065e-05
1.40449960574e-05 1.42064326389e-05 1.42064326389e-05 1.3883559476e-05 1.35606853508e-05 1.37221228945e-05 1.37221228945e-05 1.3883559476e-05 1.3883559476e-05 1.32378121879e-05 1.33992487694e-05 1.37221228945e-05 1.43678692203e-05 1.35606853508e-05 1.42064326389e-05 1.33992487694e-05 1.35606853508e-05 1.43678692203e-05 1.2269191737e-05 1.32378121879e-05 1.33992487694e-05 1.27535024436e-05 1.25920648999e-05 1.21077551555e-05 1.13005712861e-05 1.16234454112e-05 1.11391347046e-05 1.21077551555e-05 1.2914939025e-05 1.21077551555e-05 1.11391347046e-05 1.11391347046e-05 1.16234454112e-05 1.25920648999e-05 1.16234454112e-05 1.11391347046e-05 1.13005712861e-05 1.13005712861e-05 1.14620078675e-05 1.13005712861e-05 1.08162615417e-05 1.13005712861e-05 1.16234454112e-05 1.11391347046e-05 1.13005712861e-05 1.13005712861e-05 1.03319508351e-05 1.13005712861e-05 1.06548249603e-05 1.06548249603e-05
1.40449960574e-05 1.40449960574e-05 1.40449960574e-05 1.40449960574e-05 1.3883559476e-05 1.37221228945e-05 1.35606853508e-05 1.40449960574e-05 1.43678692203e-05 1.37221228945e-05 1.35606853508e-05 1.42064326389e-05 1.40449960574e-05 1.40449960574e-05 1.37221228945e-05 1.33992487694e-05 1.40449960574e-05 1.42064326389e-05 1.35606853508e-05 1.2914939025e-05 1.27535024436e-05 1.2914939025e-05 1.17848819926e-05 1.21077551555e-05 1.21077551555e-05 1.14620078675e-05 1.14620078675e-05 1.2269191737e-05 1.27535024436e-05 1.2914939025e-05 1.16234454112e-05 1.11391347046e-05 1.11391347046e-05 1.21077551555e-05 1.21077551555e-05 1.13005712861e-05 1.13005712861e-05 1.11391347046e-05 1.13005712861e-05 1.08162615417e-05 1.08162615417e-05 1.13005712861e-05 1.13005712861e-05 1.08162615417e-05 1.06548249603e-05 1.11391347046e-05 1.11391347046e-05 1.30763756065e-05 1.09776981232e-05 1.17848819926e-05
1.2914939025e-05 1.35606853508e-05 1.35606853508e-05 1.40449960574e-05 1.37221228945e-05 1.40449960574e-05 1.35606853508e-05 1.43678692203e-05 1.35606853508e-05 1.33992487694e-05 1.43678692203e-05 1.42064326389e-05 1.42064326389e-05 1.37221228945e-05 1.43678692203e-05 1.35606853508e-05 1.42064326389e-05 1.42064326389e-05 1.32378121879e-05 1.2914939025e-05 1.35606853508e-05 1.2914939025e-05 1.14620078675e-05 1.2914939025e-05 1.21077551555e-05 1.11391347046e-05 1.21077551555e-05 1.2914939025e-05 1.25920648999e-05 1.14620078675e-05 1.13005712861e-05 1.13005712861e-05 1.25920648999e-05 1.21077551555e-05 1.11391347046e-05 1.21077551555e-05 1.08162615417e-05 1.13005712861e-05 1.13005712861e-05 1.13005712861e-05 1.13005712861e-05 1.13005712861e-05 1.03319508351e-05 1.01705142537e-05 1.08162615417e-05 1.00090776722e-05 1.09776981232e-05 1.13005712861e-05 1.14620078675e-05 1.04933874166e-05
1.2269191737e-05 1.2914939025e-05 1.25920648999e-05 1.40449960574e-05 1.40449960574e-05 1.40449960574e-05 1.32378121879e-05 1.40449960574e-05 1.37221228945e-05 1.32378121879e-05 1.40449960574e-05 1.42064326389e-05 1.45293058017e-05 1.33992487694e-05 1.32378121879e-05 1.33992487694e-05 1.45293058017e-05 1.42064326389e-05 1.27535024436e-05 1.27535024436e-05 1.30763756065e-05 1.2914939025e-05 1.2914939025e-05 1.14620078675e-05 1.16234454112e-05 1.16234454112e-05 1.2914939025e-05 1.2914939025e-05 1.32378121879e-05 1.14620078675e-05 1.16234454112e-05 1.16234454112e-05 1.16234454112e-05 1.11391347046e-05 1.21077551555e-05 1.06548249603e-05 1.11391347046e-05 1.11391347046e-05 1.11391347046e-05 1.06548249603e-05 1.13005712861e-05 1.13005712861e-05 1.01705142537e-05 1.04933874166e-05 1.04933874166e-05 1.00090776722e-05 1.00090776722e-05 1.13005712861e-05 1.09776981232e-05 1.14620078675e-05
1.16234454112e-05 1.24306283184e-05 1.33992487694e-05 1.27535024436e-05 1.37221228945e-05 1.35606853508e-05 1.27535024436e-05 1.42064326389e-05 1.42064326389e-05 1.32378121879e-05 1.37221228945e-05 1.43678692203e-05 1.32378121879e-05 1.32378121879e-05 1.32378121879e-05 1.32378121879e-05 1.43678692203e-05 1.32378121879e-05 1.16234454112e-05 1.25920648999e-05 1.25920648999e-05 1.25920648999e-05 1.27535024436e-05 1.2269191737e-05 1.21077551555e-05 1.27535024436e-05 1.21077551555e-05 1.21077551555e-05 1.2914939025e-05 1.16234454112e-05 1.17848819926e-05 1.14620078675e-05 1.11391347046e-05 1.13005712861e-05 1.17848819926e-05 1.13005712861e-05 1.08162615417e-05 1.08162615417e-05 1.08162615417e-05 1.03319508351e-05 1.14620078675e-05 1.04933874166e-05 9.52476696564e-06 1.06548249603e-05 9.84764109077e-06 9.52476696564e-06 1.14620078675e-05 1.04933874166e-05 1.04933874166e-05 1.19463185741e-05
1.19463185741e-05 1.3883559476e-05 1.40449960574e-05 1.3883559476e-05 1.33992487694e-05 1.3883559476e-05 1.3883559476e-05 1.24306283184e-05 1.37221228945e-05 1.37221228945e-05 1.2914939025e-05 1.3883559476e-05 1.30763756065e-05 1.32378121879e-05 1.33992487694e-05 1.32378121879e-05 1.32378121879e-05 1.17848819926e-05 1.11391347046e-05 1.3883559476e-05 1.21077551555e-05 1.27535024436e-05 1.21077551555e-05 1.17848819926e-05 1.21077551555e-05 1.16234454112e-05 1.11391347046e-05 1.16234454112e-05 1.16234454112e-05 1.14620078675e-05 1.16234454112e-05 1.14620078675e-05 1.13005712861e-05 1.14620078675e-05 1.09776981232e-05 1.08162615417e-05 1.04933874166e-05 1.03319508351e-05 1.11391347046e-05 1.08162615417e-05 1.04933874166e-05 9.68620450932e-06 1.08162615417e-05 9.68620450932e-06 9.52476696564e-06 1.01705142537e-05 1.03319508351e-05 9.84764109077e-06 1.03319508351e-05 1.09776981232e-05
1.3883559476e-05 1.27535024436e-05 1.35606853508e-05 1.27535024436e-05 1.25920648999e-05 1.24306283184e-05 1.27535024436e-05 1.32378121879e-05 1.33992487694e-05 1.24306283184e-05 1.37221228945e-05 1.37221228945e-05 1.27535024436e-05 1.33992487694e-05 1.27535024436e-05 1.25920648999e-05 1.21077551555e-05 1.14620078675e-05 1.14620078675e-05 1.40449960574e-05 1.11391347046e-05 1.25920648999e-05 1.14620078675e-05 1.2269191737e-05 1.27535024436e-05 1.16234454112e-05 1.21077551555e-05 1.21077551555e-05 1.21077551555e-05 1.16234454112e-05 1.13005712861e-05 1.13005712861e-05 1.13005712861e-05 1.09776981232e-05 1.14620078675e-05 1.06548249603e-05 1.08162615417e-05 1.13005712861e-05 1.08162615417e-05 1.03319508351e-05 9.84764109077e-06 9.84764109077e-06 1.03319508351e-05 1.06548249603e-05 1.00090776722e-05 1.04933874166e-05 1.11391347046e-05 9.84764109077e-06 1.14620078675e-05 1.19463185741e-05
1.2269191737e-05 1.11391347046e-05 1.30763756065e-05 1.2269191737e-05 1.24306283184e-05 1.33992487694e-05 1.2914939025e-05 1.24306283184e-05 1.2914939025e-05 1.24306283184e-05 1.37221228945e-05 1.24306283184e-05 1.24306283184e-05 1.35606853508e-05 1.25920648999e-05 1.21077551555e-05 1.27535024436e-05 1.25920648999e-05 1.21077551555e-05 1.25920648999e-05 1.11391347046e-05 1.2914939025e-05 1.2269191737e-05 1.11391347046e-05 1.21077551555e-05 1.16234454112e-05 1.16234454112e-05 1.17848819926e-05 1.03319508351e-05 1.13005712861e-05 1.13005712861e-05 1.11391347046e-05 1.09776981232e-05 1.13005712861e-05 1.11391347046e-05 1.08162615417e-05 1.03319508351e-05 1.06548249603e-05 1.03319508351e-05 9.84764109077e-06 9.68620450932e-06 1.03319508351e-05 1.04933874166e-05 1.04933874166e-05 1.00090776722e-05 1.04933874166e-05 1.06548249603e-05 1.04933874166e-05 1.08162615417e-05 1.06548249603e-05
1.2269191737e-05 1.03319508351e-05 1.2914939025e-05 1.24306283184e-05 1.24306283184e-05 1.3883559476e-05 1.24306283184e-05 1.25920648999e-05 1.3883559476e-05 1.16234454112e-05 1.33992487694e-05 1.2269191737e-05 1.2914939025e-05 1.27535024436e-05 1.21077551555e-05 1.27535024436e-05 1.14620078675e-05 1.13005712861e-05 1.11391347046e-05 1.11391347046e-05 1.30763756065e-05 1.27535024436e-05 1.16234454112e-05 1.09776981232e-05 1.11391347046e-05 1.11391347046e-05 1.14620078675e-05 1.11391347046e-05 1.11391347046e-05 1.13005712861e-05 1.04933874166e-05 1.09776981232e-05 1.09776981232e-05 1.14620078675e-05 1.09776981232e-05 1.04933874166e-05 1.08162615417e-05 1.00090776722e-05 1.01705142537e-05 1.01705142537e-05 1.01705142537e-05 1.01705142537e-05 1.06548249603e-05 9.36333038419e-06 9.20189380274e-06 1.06548249603e-05 1.03319508351e-05 9.68620450932e-06 1.14620078675e-05 1.01705142537e-05
