Example/niche_identity/models/ENFA/normalized_grids/Anolis_coelestinus_1.asc
ncols        743
nrows        319
xllcorner    -74.500956448335
yllcorner    17.448920549066
cellsize     0.008333333333
NODATA_value  -9999
[rows 184 to 206 of 318, columns 204 to 254 of 743]
-9999 -9999 -9999 -9999 -9999 -9999 -9999 -9999 -9999 -9999 -9999 -9999 -9999 -9999 -9999 -9999 -9999 -9999 -9999 -9999 -9999 -9999 -9999 -9999 -9999 -9999 -9999 -9999 -9999 -9999 -9999 -9999 -9999 -9999 -9999 -9999 -9999 -9999 -9999 -9999 -9999 -9999 -9999 -9999 -9999 -9999 -9999 -9999 -9999 -9999 -9999
-9999 -9999 -9999 -9999 -9999 -9999 -9999 -9999 -9999 -9999 -9999 -9999 -9999 -9999 -9999 -9999 -9999 -9999 -9999 -9999 -9999 -9999 -9999 -9999 -9999 -9999 2.02258453585e-05 2.21591982237e-05 -9999 -9999 -9999 -9999 -9999 -9999 -9999 -9999 -9999 -9999 -9999 -9999 -9999 -9999 -9999 -9999 -9999 -9999 -9999 -9999 -9999 -9999 -9999
-9999 -9999 -9999 -9999 -9999 -9999 -9999 -9999 -9999 -9999 -9999 -9999 -9999 -9999 -9999 -9999 -9999 -9999 -9999 -9999 -9999 -9999 1.99284064562e-05 2.0672003712e-05 1.96309675539e-05 2.14156009679e-05 2.23079176749e-05 1.91848092004e-05 2.05232842609e-05 1.96309675539e-05 -9999 -9999 -9999 -9999 -9999 -9999 -9999 -9999 -9999 -9999 -9999 -9999 -9999 -9999 -9999 -9999 -9999 -9999 -9999 -9999 -9999
-9999 -9999 -9999 -9999 -9999 -9999 -9999 -9999 -9999 -9999 -9999 -9999 -9999 -9999 -9999 -9999 -9999 -9999 -9999 -9999 2.14156009679e-05 2.05232842609e-05 2.05232842609e-05 1.90360897492e-05 1.99284064562e-05 1.78463341399e-05 2.14156009679e-05 2.14156009679e-05 2.03745648097e-05 2.36463927354e-05 2.05232842609e-05 -9999 1.91848092004e-05 2.1564320419e-05 2.36463927354e-05 2.27540760284e-05 2.21591982237e-05 2.30515149307e-05 2.43899899912e-05 2.37951121865e-05 2.48361483447e-05 2.36463927354e-05 -9999 -9999 -9999 2.43899899912e-05 2.43899899912e-05 2.39438316377e-05 2.36463927354e-05 -9999 -9999
-9999 -9999 -9999 -9999 -9999 -9999 -9999 -9999 -9999 -9999 -9999 -9999 -9999 -9999 -9999 -9999 -9999 -9999 -9999 2.0672003712e-05 1.66565785306e-05 1.71027368841e-05 1.78463341399e-05 2.17130398702e-05 2.23079176749e-05 2.08207231632e-05 2.14156009679e-05 2.17130398702e-05 1.99284064562e-05 2.05232842609e-05 2.1564320419e-05 1.91848092004e-05 2.36463927354e-05 2.36463927354e-05 2.21591982237e-05 2.43899899912e-05 2.34976732842e-05 2.36463927354e-05 2.43899899912e-05 2.36463927354e-05 2.48361483447e-05 2.43899899912e-05 2.45387094423e-05 2.37951121865e-05 2.48361483447e-05 2.49848677958e-05 2.37951121865e-05 2.23079176749e-05 2.32002343819e-05 2.37951121865e-05 -9999
-9999 -9999 -9999 -9999 -9999 -9999 -9999 -9999 -9999 -9999 -9999 -9999 -9999 -9999 -9999 -9999 -9999 -9999 -9999 1.78463341399e-05 1.71027368841e-05 2.05232842609e-05 2.03745648097e-05 2.08207231632e-05 1.82924924934e-05 2.12668815167e-05 2.02258453585e-05 2.12668815167e-05 2.14156009679e-05 2.23079176749e-05 2.37951121865e-05 2.30515149307e-05 2.2456637126e-05 2.34976732842e-05 2.37951121865e-05 2.34976732842e-05 2.36463927354e-05 2.36463927354e-05 2.36463927354e-05 2.36463927354e-05 2.36463927354e-05 2.37951121865e-05 2.29027954795e-05 2.424127054e-05 2.37951121865e-05 2.37951121865e-05 2.48361483447e-05 2.37951121865e-05 2.37951121865e-05 2.46874288935e-05 2.37951121865e-05
-9999 -9999 -9999 -9999 -9999 -9999 -9999 -9999 -9999 -9999 -9999 -9999 -9999 -9999 -9999 -9999 -9999 -9999 1.54668229212e-05 1.66565785306e-05 2.12668815167e-05 1.60617007259e-05 1.66565785306e-05 1.78463341399e-05 1.91848092004e-05 1.82924924934e-05 1.93335286515e-05 1.96309675539e-05 2.05232842609e-05 2.17130398702e-05 2.21591982237e-05 2.14156009679e-05 2.34976732842e-05 2.23079176749e-05 1.91848092004e-05 2.36463927354e-05 2.36463927354e-05 2.12668815167e-05 2.03745648097e-05 1.79950535911e-05 2.14156009679e-05 2.12668815167e-05 2.23079176749e-05 2.23079176749e-05 2.26053565772e-05 2.23079176749e-05 2.27540760284e-05 2.43899899912e-05 2.37951121865e-05 2.49848677958e-05 2.37951121865e-05
-9999 -9999 -9999 -9999 -9999 -9999 -9999 -9999 -9999 -9999 -9999 -9999 -9999 -9999 -9999 -9999 -9999 -9999 1.71027368841e-05 2.14156009679e-05 2.0672003712e-05 1.66565785306e-05 1.96309675539e-05 2.05232842609e-05 1.96309675539e-05 1.71027368841e-05 2.05232842609e-05 2.05232842609e-05 1.71027368841e-05 1.78463341399e-05 2.23079176749e-05 2.30515149307e-05 2.30515149307e-05 2.23079176749e-05 2.34976732842e-05 2.23079176749e-05 2.34976732842e-05 2.21591982237e-05 2.03745648097e-05 1.90360897492e-05 2.0672003712e-05 1.71027368841e-05 1.78463341399e-05 1.50206645677e-05 1.91848092004e-05 2.21591982237e-05 2.37951121865e-05 2.36463927354e-05 2.36463927354e-05 2.37951121865e-05 2.23079176749e-05
-9999 -9999 -9999 -9999 -9999 -9999 -9999 -9999 -9999 -9999 -9999 -9999 -9999 -9999 -9999 -9999 -9999 1.65078590794e-05 1.62104201771e-05 2.02258453585e-05 1.88873702981e-05 1.66565785306e-05 1.82924924934e-05 1.68052979817e-05 1.71027368841e-05 1.71027368841e-05 1.96309675539e-05 1.66565785306e-05 2.03745648097e-05 2.14156009679e-05 2.30515149307e-05 2.36463927354e-05 2.2456637126e-05 2.27540760284e-05 2.23079176749e-05 2.1564320419e-05 1.68052979817e-05 1.90360897492e-05 1.91848092004e-05 2.12668815167e-05 1.91848092004e-05 1.79950535911e-05 1.75488952376e-05 1.65078590794e-05 1.66565785306e-05 2.14156009679e-05 2.36463927354e-05 2.23079176749e-05 2.05232842609e-05 2.1564320419e-05 1.9779687005e-05
-9999 -9999 -9999 -9999 -9999 -9999 -9999 -9999 -9999 -9999 -9999 -9999 -9999 -9999 -9999 -9999 -9999 1.78463341399e-05 1.57642618236e-05 2.05232842609e-05 1.91848092004e-05 1.62104201771e-05 1.79950535911e-05 1.78463341399e-05 1.72514563352e-05 2.05232842609e-05 1.66565785306e-05 2.05232842609e-05 1.91848092004e-05 2.14156009679e-05 2.23079176749e-05 2.20104787725e-05 2.14156009679e-05 2.12668815167e-05 2.05232842609e-05 1.72514563352e-05 1.71027368841e-05 1.75488952376e-05 1.68052979817e-05 1.71027368841e-05 1.71027368841e-05 1.75488952376e-05 1.62104201771e-05 1.66565785306e-05 1.66565785306e-05 2.0672003712e-05 2.17130398702e-05 1.71027368841e-05 1.72514563352e-05 1.56155423724e-05 1.56155423724e-05
-9999 -9999 -9999 -9999 -9999 -9999 -9999 -9999 -9999 -9999 -9999 -9999 -9999 -9999 -9999 -9999 1.71027368841e-05 1.71027368841e-05 2.02258453585e-05 1.71027368841e-05 1.71027368841e-05 1.66565785306e-05 1.71027368841e-05 1.78463341399e-05 1.78463341399e-05 2.08207231632e-05 1.91848092004e-05 1.96309675539e-05 2.0672003712e-05 2.21591982237e-05 2.29027954795e-05 1.96309675539e-05 2.05232842609e-05 1.71027368841e-05 1.62104201771e-05 1.50206645677e-05 1.62104201771e-05 1.48719451166e-05 1.71027368841e-05 1.71027368841e-05 1.71027368841e-05 1.71027368841e-05 1.96309675539e-05 1.96309675539e-05 2.02258453585e-05 2.12668815167e-05 2.1564320419e-05 1.66565785306e-05 1.66565785306e-05 1.78463341399e-05 1.62104201771e-05
-9999 -9999 -9999 -9999 -9999 -9999 -9999 -9999 -9999 -9999 -9999 -9999 -9999 -9999 -9999 -9999 1.66565785306e-05 1.76976146887e-05 1.91848092004e-05 2.03745648097e-05 1.72514563352e-05 1.78463341399e-05 1.78463341399e-05 1.66565785306e-05 1.68052979817e-05 1.71027368841e-05 2.11181620655e-05 2.17130398702e-05 1.91848092004e-05 2.12668815167e-05 2.30515149307e-05 2.1564320419e-05 1.91848092004e-05 1.60617007259e-05 1.90360897492e-05 1.29385922514e-05 1.50206645677e-05 1.44257867631e-05 1.66565785306e-05 1.42770673119e-05 2.20104787725e-05 2.37951121865e-05 2.23079176749e-05 2.23079176749e-05 2.21591982237e-05 2.08207231632e-05 2.30515149307e-05 2.23079176749e-05 1.66565785306e-05 1.66565785306e-05 1.56155423724e-05
-9999 -9999 -9999 -9999 -9999 -9999 -9999 -9999 -9999 -9999 -9999 -9999 -9999 -9999 -9999 -9999 1.57642618236e-05 2.05232842609e-05 2.14156009679e-05 1.96309675539e-05 1.71027368841e-05 1.78463341399e-05 1.96309675539e-05 1.71027368841e-05 1.68052979817e-05 2.0672003712e-05 1.60617007259e-05 2.14156009679e-05 2.05232842609e-05 2.12668815167e-05 2.0672003712e-05 2.20104787725e-05 2.27540760284e-05 1.94822481027e-05 2.23079176749e-05 2.23079176749e-05 2.30515149307e-05 2.23079176749e-05 2.2456637126e-05 1.90360897492e-05 1.60617007259e-05 1.75488952376e-05 1.71027368841e-05 1.78463341399e-05 1.91848092004e-05 1.41283478607e-05 1.51693840189e-05 1.75488952376e-05 1.71027368841e-05 1.23437144468e-05 6.98981420479e-06
-9999 -9999 -9999 -9999 -9999 -9999 -9999 -9999 -9999 -9999 -9999 -9999 -9999 -9999 -9999 1.66565785306e-05 1.74001757864e-05 2.12668815167e-05 1.82924924934e-05 1.78463341399e-05 1.71027368841e-05 1.82924924934e-05 1.71027368841e-05 1.71027368841e-05 2.14156009679e-05 1.68052979817e-05 1.66565785306e-05 2.23079176749e-05 2.05232842609e-05 2.21591982237e-05 2.17130398702e-05 2.17130398702e-05 2.17130398702e-05 2.18617593214e-05 2.05232842609e-05 1.90360897492e-05 1.66565785306e-05 1.82924924934e-05 1.71027368841e-05 1.79950535911e-05 1.18975560933e-05 8.92316706995e-06 1.29385922514e-05 1.57642618236e-05 2.14156009679e-05 1.50206645677e-05 1.71027368841e-05 1.71027368841e-05 1.45745062142e-05 9.22060597228e-06 3.71798627914e-06
-9999 -9999 -9999 -9999 -9999 -9999 -9999 -9999 -9999 -9999 -9999 -9999 -9999 -9999 -9999 1.66565785306e-05 2.14156009679e-05 2.02258453585e-05 1.71027368841e-05 2.12668815167e-05 1.91848092004e-05 1.71027368841e-05 1.91848092004e-05 1.94822481027e-05 2.20104787725e-05 1.96309675539e-05 1.90360897492e-05 2.12668815167e-05 2.05232842609e-05 2.12668815167e-05 2.20104787725e-05 2.14156009679e-05 2.20104787725e-05 2.17130398702e-05 1.96309675539e-05 1.54668229212e-05 1.23437144468e-05 1.08565199351e-05 1.88873702981e-05 1.50206645677e-05 9.66676432577e-06 2.67695012098e-06 1.50206645677e-05 1.84412119446e-05 1.71027368841e-05 1.60617007259e-05 8.77444761878e-06 1.9779687005e-05 1.33847506049e-05 8.47700871645e-06 8.47700871645e-06
-9999 -9999 -9999 -9999 -9999 -9999 -9999 -9999 -9999 -9999 -9999 -9999 -9999 -9999 2.0672003712e-05 2.08207231632e-05 2.23079176749e-05 2.03745648097e-05 2.0672003712e-05 1.99284064562e-05 1.72514563352e-05 1.71027368841e-05 1.96309675539e-05 1.90360897492e-05 2.03745648097e-05 2.17130398702e-05 2.08207231632e-05 2.17130398702e-05 2.23079176749e-05 2.14156009679e-05 1.91848092004e-05 1.82924924934e-05 2.23079176749e-05 2.03745648097e-05 1.91848092004e-05 1.42770673119e-05 3.56926682798e-06 8.92316706995e-06 9.36932542344e-06 9.07188652111e-06 2.23079176749e-06 2.23079176749e-06 1.50206645677e-05 1.05590810328e-05 1.41283478607e-05 1.66565785306e-05 8.47700871645e-06 1.38309089584e-05 1.53181034701e-05 1.41283478607e-05 1.29385922514e-05
-9999 -9999 -9999 -9999 -9999 -9999 -9999 -9999 -9999 -9999 -9999 -9999 2.02258453585e-05 1.91848092004e-05 2.03745648097e-05 2.11181620655e-05 2.23079176749e-05 2.17130398702e-05 2.1564320419e-05 2.23079176749e-05 1.99284064562e-05 2.12668815167e-05 2.12668815167e-05 2.17130398702e-05 2.1564320419e-05 1.96309675539e-05 2.1564320419e-05 2.20104787725e-05 2.03745648097e-05 2.23079176749e-05 2.17130398702e-05 1.71027368841e-05 1.88873702981e-05 1.78463341399e-05 1.71027368841e-05 1.18975560933e-05 2.67695012098e-06 1.18975560933e-06 1.48719451166e-06 2.67695012098e-06 1.48719451166e-06 8.47700871645e-06 3.12310847448e-06 8.17956981412e-06 1.53181034701e-05 1.24924338979e-05 6.84109475362e-06 1.41283478607e-05 1.71027368841e-05 1.66565785306e-05 1.66565785306e-05
2.21591982237e-05 2.12668815167e-05 1.75488952376e-05 1.94822481027e-05 1.94822481027e-05 1.71027368841e-05 -9999 -9999 -9999 -9999 1.96309675539e-05 2.12668815167e-05 1.99284064562e-05 2.05232842609e-05 2.20104787725e-05 2.30515149307e-05 2.02258453585e-05 2.12668815167e-05 2.17130398702e-05 2.1564320419e-05 2.12668815167e-05 2.20104787725e-05 2.21591982237e-05 2.23079176749e-05 2.20104787725e-05 2.17130398702e-05 2.12668815167e-05 1.72514563352e-05 1.96309675539e-05 2.23079176749e-05 2.17130398702e-05 2.03745648097e-05 1.66565785306e-05 1.99284064562e-05 1.71027368841e-05 1.38309089584e-05 6.24621694896e-06 2.23079176749e-06 2.37951121865e-06 6.98981420479e-06 1.18975560933e-06 1.63591396282e-06 3.71798627914e-06 3.71798627914e-06 1.02616421304e-05 1.56155423724e-05 6.24621694896e-06 9.96420322811e-06 1.60617007259e-05 1.99284064562e-05 1.42770673119e-05
2.27540760284e-05 2.0672003712e-05 1.71027368841e-05 1.78463341399e-05 2.14156009679e-05 1.96309675539e-05 2.05232842609e-05 2.17130398702e-05 2.0672003712e-05 2.14156009679e-05 2.05232842609e-05 2.14156009679e-05 2.23079176749e-05 2.1564320419e-05 2.20104787725e-05 2.17130398702e-05 2.03745648097e-05 2.17130398702e-05 2.12668815167e-05 2.14156009679e-05 2.23079176749e-05 2.23079176749e-05 2.12668815167e-05 2.14156009679e-05 1.78463341399e-05 2.02258453585e-05 1.75488952376e-05 1.94822481027e-05 2.05232842609e-05 2.1564320419e-05 1.91848092004e-05 1.50206645677e-05 9.07188652111e-06 8.17956981412e-06 9.22060597228e-06 1.29385922514e-05 1.21949949956e-05 6.84109475362e-06 1.26411533491e-05 5.94877804663e-06 5.94877804663e-07 1.48719451166e-07 5.94877804663e-07 6.69237530246e-06 1.05590810328e-05 9.81548377694e-06 8.47700871645e-06 4.90774188847e-06 1.29385922514e-05 1.78463341399e-05 1.42770673119e-05
2.17130398702e-05 2.05232842609e-05 2.14156009679e-05 2.08207231632e-05 1.87386508469e-05 2.21591982237e-05 2.05232842609e-05 2.14156009679e-05 2.08207231632e-05 2.21591982237e-05 2.05232842609e-05 2.17130398702e-05 2.20104787725e-05 2.03745648097e-05 2.03745648097e-05 2.17130398702e-05 2.12668815167e-05 2.23079176749e-05 2.12668815167e-05 2.05232842609e-05 2.17130398702e-05 2.20104787725e-05 2.23079176749e-05 2.20104787725e-05 2.05232842609e-05 1.50206645677e-05 1.82924924934e-05 1.78463341399e-05 1.75488952376e-05 2.17130398702e-05 2.17130398702e-05 1.71027368841e-05 1.96309675539e-05 1.16001171909e-05 1.24924338979e-05 1.42770673119e-05 1.29385922514e-05 1.29385922514e-05 1.66565785306e-05 8.92316706995e-06 4.31286408381e-06 7.43597255829e-07 4.46158353497e-07 1.18975560933e-06 1.63591396282e-06 1.93335286515e-06 4.90774188847e-06 8.17956981412e-06 1.50206645677e-05 1.63591396282e-05 1.50206645677e-05
2.21591982237e-05 2.2456637126e-05 2.17130398702e-05 2.02258453585e-05 2.05232842609e-05 2.23079176749e-05 2.17130398702e-05 2.1564320419e-05 2.03745648097e-05 2.09694426144e-05 2.1564320419e-05 2.14156009679e-05 1.99284064562e-05 1.78463341399e-05 1.88873702981e-05 1.71027368841e-05 1.78463341399e-05 1.76976146887e-05 2.11181620655e-05 2.12668815167e-05 2.14156009679e-05 2.23079176749e-05 2.12668815167e-05 2.14156009679e-05 1.71027368841e-05 1.96309675539e-05 2.1564320419e-05 2.14156009679e-05 2.14156009679e-05 2.17130398702e-05 2.14156009679e-05 2.03745648097e-05 1.68052979817e-05 1.50206645677e-05 1.78463341399e-05 1.78463341399e-05 1.82924924934e-05 1.75488952376e-05 1.44257867631e-05 1.02616421304e-05 1.18975560933e-05 8.47700871645e-06 5.2051807908e-06 1.48719451166e-06 1.63591396282e-06 4.46158353497e-07 7.43597255829e-07 2.23079176749e-06 5.35390024197e-06 8.47700871645e-06 9.07188652111e-06
2.23079176749e-05 2.21591982237e-05 2.14156009679e-05 2.23079176749e-05 2.02258453585e-05 2.23079176749e-05 2.21591982237e-05 2.21591982237e-05 2.1564320419e-05 2.14156009679e-05 1.91848092004e-05 2.0672003712e-05 2.17130398702e-05 1.91848092004e-05 1.90360897492e-05 1.88873702981e-05 1.78463341399e-05 1.53181034701e-05 1.71027368841e-05 1.75488952376e-05 2.05232842609e-05 1.96309675539e-05 2.20104787725e-05 2.21591982237e-05 1.96309675539e-05 2.05232842609e-05 2.0672003712e-05 2.05232842609e-05 2.05232842609e-05 1.96309675539e-05 1.75488952376e-05 1.78463341399e-05 1.78463341399e-05 1.48719451166e-05 1.71027368841e-05 1.71027368841e-05 2.02258453585e-05 2.12668815167e-05 2.12668815167e-05 1.91848092004e-05 1.71027368841e-05 1.42770673119e-05 1.18975560933e-05 4.46158353497e-06 1.48719451166e-06 5.94877804663e-07 2.97438902332e-07 7.43597255829e-07 2.23079176749e-06 1.63591396282e-06 6.0974974978e-06
2.14156009679e-05 2.23079176749e-05 2.12668815167e-05 2.21591982237e-05 2.17130398702e-05 2.14156009679e-05 2.17130398702e-05 2.17130398702e-05 2.12668815167e-05 2.14156009679e-05 2.20104787725e-05 2.14156009679e-05 2.1564320419e-05 1.78463341399e-05 2.08207231632e-05 2.17130398702e-05 1.56155423724e-05 1.66565785306e-05 1.72514563352e-05 2.08207231632e-05 2.14156009679e-05 1.79950535911e-05 1.99284064562e-05 1.78463341399e-05 1.57642618236e-05 1.57642618236e-05 1.78463341399e-05 1.76976146887e-05 2.0672003712e-05 2.20104787725e-05 2.21591982237e-05 2.17130398702e-05 1.71027368841e-05 1.66565785306e-05 1.79950535911e-05 1.71027368841e-05 2.12668815167e-05 2.1564320419e-05 1.75488952376e-05 1.29385922514e-05 1.53181034701e-05 9.81548377694e-06 7.58469200945e-06 9.07188652111e-06 8.47700871645e-06 8.47700871645e-06 1.48719451166e-06 6.84109475362e-06 8.47700871645e-06 6.98981420479e-06 6.98981420479e-06
