Example/niche_identity/models/ENFA/normalized_grids/Anolis_coelestinus_1.asc
ncols        743
nrows        319
xllcorner    -74.500956448335
yllcorner    17.448920549066
cellsize     0.008333333333
NODATA_value  -9999
[rows 138 to 160 of 318, columns 255 to 305 of 743]
3.71798627914e-06 4.01542518148e-06 3.12310847448e-06 2.82566957215e-06 3.71798627914e-06 2.67695012098e-06 1.33847506049e-06 1.63591396282e-06 1.63591396282e-06 1.48719451166e-06 1.48719451166e-06 3.27182792565e-06 5.6513391443e-06 8.47700871645e-06 2.23079176749e-06 4.7590224373e-06 2.67695012098e-06 1.04103615816e-06 1.63591396282e-06 1.18975560933e-06 2.23079176749e-06 2.67695012098e-06 1.48719451166e-06 1.04103615816e-06 1.04103615816e-06 1.18975560933e-06 7.43597255829e-07 1.63591396282e-06 1.48719451166e-06 3.56926682798e-06 2.67695012098e-06 4.46158353497e-06 8.92316706995e-06 1.18975560933e-05 1.16001171909e-05 8.47700871645e-06 1.02616421304e-05 1.23437144468e-05 1.35334700561e-05 1.21949949956e-05 1.16001171909e-05 8.92316706995e-06 8.47700871645e-06 3.71798627914e-06 6.84109475362e-06 3.71798627914e-06 3.71798627914e-06 5.80005859546e-06 2.82566957215e-06 3.71798627914e-06 1.63591396282e-06
5.2051807908e-06 3.71798627914e-06 3.27182792565e-06 4.31286408381e-06 2.52823066982e-06 3.56926682798e-06 2.23079176749e-06 1.18975560933e-06 1.18975560933e-06 1.63591396282e-06 1.48719451166e-06 1.63591396282e-06 2.23079176749e-06 2.23079176749e-06 2.82566957215e-06 6.39493640013e-06 2.08207231632e-06 1.18975560933e-06 1.18975560933e-06 1.48719451166e-06 1.18975560933e-06 1.63591396282e-06 1.18975560933e-06 8.92316706995e-07 1.04103615816e-06 1.04103615816e-06 5.94877804663e-07 4.46158353497e-07 5.94877804663e-07 7.43597255829e-07 1.18975560933e-06 8.92316706995e-07 2.23079176749e-06 1.78463341399e-06 2.67695012098e-06 7.13853365596e-06 1.16001171909e-05 1.21949949956e-05 1.32360311538e-05 1.26411533491e-05 1.16001171909e-05 9.07188652111e-06 1.02616421304e-05 8.92316706995e-06 5.94877804663e-06 4.90774188847e-06 4.46158353497e-06 2.67695012098e-06 3.27182792565e-06 2.08207231632e-06 2.23079176749e-06
5.80005859546e-06 2.82566957215e-06 2.23079176749e-06 1.78463341399e-06 1.78463341399e-06 2.23079176749e-06 3.56926682798e-06 2.23079176749e-06 1.48719451166e-06 1.04103615816e-06 1.48719451166e-06 1.78463341399e-06 2.37951121865e-06 2.82566957215e-06 3.71798627914e-06 8.47700871645e-06 6.84109475362e-06 2.67695012098e-06 1.04103615816e-06 8.92316706995e-07 1.48719451166e-06 1.63591396282e-06 1.78463341399e-06 1.18975560933e-06 8.92316706995e-07 5.94877804663e-07 5.94877804663e-07 8.92316706995e-07 7.43597255829e-07 4.46158353497e-07 5.94877804663e-07 7.43597255829e-07 4.46158353497e-07 5.94877804663e-07 5.94877804663e-07 2.67695012098e-06 6.98981420479e-06 1.10052393863e-05 1.21949949956e-05 1.24924338979e-05 1.26411533491e-05 1.14513977398e-05 1.04103615816e-05 1.05590810328e-05 7.28725310712e-06 5.50261969313e-06 3.71798627914e-06 2.23079176749e-06 1.78463341399e-06 1.48719451166e-06 1.18975560933e-06
4.46158353497e-06 3.71798627914e-06 3.27182792565e-06 2.37951121865e-06 2.23079176749e-06 2.23079176749e-06 2.97438902332e-06 1.78463341399e-06 1.63591396282e-06 1.63591396282e-06 1.63591396282e-06 1.18975560933e-06 7.43597255829e-07 1.04103615816e-06 2.23079176749e-06 2.37951121865e-06 2.67695012098e-06 2.23079176749e-06 8.92316706995e-07 5.94877804663e-07 1.63591396282e-06 1.18975560933e-06 1.04103615816e-06 1.18975560933e-06 7.43597255829e-07 1.48719451166e-06 7.43597255829e-07 7.43597255829e-07 7.43597255829e-07 4.46158353497e-07 5.94877804663e-07 5.94877804663e-07 7.43597255829e-07 5.94877804663e-07 4.46158353497e-07 5.94877804663e-07 2.82566957215e-06 5.80005859546e-06 1.05590810328e-05 1.21949949956e-05 1.29385922514e-05 1.02616421304e-05 1.33847506049e-05 1.11539588374e-05 6.84109475362e-06 2.23079176749e-06 5.2051807908e-06 2.23079176749e-06 1.63591396282e-06 1.63591396282e-06 1.63591396282e-06
1.08565199351e-05 6.39493640013e-06 4.01542518148e-06 2.67695012098e-06 4.46158353497e-06 2.23079176749e-06 2.23079176749e-06 1.93335286515e-06 1.63591396282e-06 1.78463341399e-06 2.23079176749e-06 2.23079176749e-06 1.18975560933e-06 1.48719451166e-06 2.08207231632e-06 1.48719451166e-06 7.43597255829e-07 1.78463341399e-06 1.04103615816e-06 7.43597255829e-07 1.48719451166e-06 1.18975560933e-06 7.43597255829e-07 1.48719451166e-06 1.18975560933e-06 1.48719451166e-06 7.43597255829e-07 5.94877804663e-07 5.94877804663e-07 7.43597255829e-07 5.94877804663e-07 5.94877804663e-07 5.94877804663e-07 5.94877804663e-07 4.46158353497e-07 2.97438902332e-07 5.94877804663e-07 2.23079176749e-06 2.23079176749e-06 1.02616421304e-05 9.07188652111e-06 1.10052393863e-05 1.21949949956e-05 8.47700871645e-06 1.04103615816e-06 5.94877804663e-07 2.37951121865e-06 1.78463341399e-06 1.63591396282e-06 1.93335286515e-06 1.18975560933e-06
1.02616421304e-05 8.47700871645e-06 6.98981420479e-06 2.67695012098e-06 3.56926682798e-06 1.93335286515e-06 2.23079176749e-06 2.52823066982e-06 1.48719451166e-06 1.78463341399e-06 1.63591396282e-06 2.23079176749e-06 1.78463341399e-06 2.23079176749e-06 1.48719451166e-06 1.48719451166e-06 1.63591396282e-06 1.04103615816e-06 1.04103615816e-06 7.43597255829e-07 1.04103615816e-06 5.94877804663e-07 1.04103615816e-06 1.18975560933e-06 1.04103615816e-06 2.23079176749e-06 1.18975560933e-06 8.92316706995e-07 5.94877804663e-07 4.46158353497e-07 2.97438902332e-07 2.97438902332e-07 2.97438902332e-07 2.97438902332e-07 4.46158353497e-07 4.46158353497e-07 4.46158353497e-07 7.43597255829e-07 2.23079176749e-06 4.31286408381e-06 6.84109475362e-06 8.17956981412e-06 2.23079176749e-06 1.04103615816e-06 7.43597255829e-07 1.04103615816e-06 8.92316706995e-07 2.67695012098e-06 1.18975560933e-06 1.18975560933e-06 1.78463341399e-06
1.29385922514e-05 8.92316706995e-06 9.22060597228e-06 8.92316706995e-06 6.84109475362e-06 3.12310847448e-06 3.42054737681e-06 2.23079176749e-06 2.23079176749e-06 1.63591396282e-06 1.18975560933e-06 1.48719451166e-06 1.33847506049e-06 2.23079176749e-06 1.33847506049e-06 1.18975560933e-06 1.18975560933e-06 1.48719451166e-06 1.18975560933e-06 8.92316706995e-07 8.92316706995e-07 1.18975560933e-06 1.04103615816e-06 1.78463341399e-06 3.71798627914e-06 2.23079176749e-06 1.04103615816e-06 7.43597255829e-07 7.43597255829e-07 5.94877804663e-07 5.94877804663e-07 5.94877804663e-07 5.94877804663e-07 5.94877804663e-07 5.94877804663e-07 5.94877804663e-07 5.94877804663e-07 4.46158353497e-07 5.94877804663e-07 7.43597255829e-07 5.94877804663e-07 5.94877804663e-07 8.92316706995e-07 7.43597255829e-07 1.04103615816e-06 1.18975560933e-06 1.78463341399e-06 1.48719451166e-06 1.04103615816e-06 1.04103615816e-06 1.63591396282e-06
1.29385922514e-05 1.18975560933e-05 1.14513977398e-05 7.28725310712e-06 8.17956981412e-06 5.2051807908e-06 2.37951121865e-06 2.23079176749e-06 1.48719451166e-06 1.63591396282e-06 1.78463341399e-06 2.23079176749e-06 1.63591396282e-06 1.78463341399e-06 1.63591396282e-06 1.48719451166e-06 1.63591396282e-06 2.23079176749e-06 1.48719451166e-06 1.18975560933e-06 1.18975560933e-06 1.04103615816e-06 7.43597255829e-07 8.92316706995e-07 1.18975560933e-06 2.23079176749e-06 1.04103615816e-06 5.94877804663e-07 5.94877804663e-07 7.43597255829e-07 4.46158353497e-07 5.94877804663e-07 5.94877804663e-07 2.97438902332e-07 5.94877804663e-07 5.94877804663e-07 5.94877804663e-07 7.43597255829e-07 1.63591396282e-06 1.78463341399e-06 1.04103615816e-06 5.94877804663e-07 5.94877804663e-07 1.18975560933e-06 3.71798627914e-06 3.71798627914e-06 1.93335286515e-06 1.04103615816e-06 1.48719451166e-06 1.04103615816e-06 1.78463341399e-06
1.10052393863e-05 1.23437144468e-05 1.23437144468e-05 9.22060597228e-06 8.47700871645e-06 8.47700871645e-06 5.80005859546e-06 2.67695012098e-06 7.13853365596e-06 3.71798627914e-06 2.52823066982e-06 2.23079176749e-06 1.63591396282e-06 2.67695012098e-06 2.67695012098e-06 3.42054737681e-06 2.23079176749e-06 1.78463341399e-06 1.48719451166e-06 1.63591396282e-06 1.63591396282e-06 1.48719451166e-06 7.43597255829e-07 1.04103615816e-06 7.43597255829e-07 5.94877804663e-07 7.43597255829e-07 5.94877804663e-07 5.94877804663e-07 5.94877804663e-07 5.94877804663e-07 5.94877804663e-07 5.94877804663e-07 5.94877804663e-07 7.43597255829e-07 4.46158353497e-07 4.46158353497e-07 1.04103615816e-06 6.84109475362e-06 9.96420322811e-06 1.21949949956e-05 1.18975560933e-06 7.43597255829e-07 8.92316706995e-07 3.42054737681e-06 2.23079176749e-06 1.18975560933e-06 1.48719451166e-06 1.04103615816e-06 1.04103615816e-06 2.23079176749e-06
8.47700871645e-06 8.47700871645e-06 1.24924338979e-05 1.24924338979e-05 8.47700871645e-06 9.22060597228e-06 8.47700871645e-06 8.17956981412e-06 1.02616421304e-05 5.94877804663e-06 7.88213091178e-06 3.42054737681e-06 5.80005859546e-06 4.01542518148e-06 6.98981420479e-06 4.46158353497e-06 3.27182792565e-06 2.23079176749e-06 2.23079176749e-06 1.78463341399e-06 1.63591396282e-06 2.23079176749e-06 1.18975560933e-06 1.63591396282e-06 1.04103615816e-06 7.43597255829e-07 7.43597255829e-07 5.94877804663e-07 5.94877804663e-07 5.94877804663e-07 5.94877804663e-07 4.46158353497e-07 1.04103615816e-06 4.46158353497e-07 5.94877804663e-07 2.97438902332e-07 5.94877804663e-07 7.43597255829e-07 8.47700871645e-06 1.47232256654e-05 1.26411533491e-05 4.90774188847e-06 7.43597255829e-07 7.43597255829e-07 2.67695012098e-06 4.90774188847e-06 1.78463341399e-06 1.18975560933e-06 1.18975560933e-06 2.23079176749e-06 2.37951121865e-06
3.27182792565e-06 5.80005859546e-06 1.11539588374e-05 1.26411533491e-05 1.23437144468e-05 1.18975560933e-05 1.23437144468e-05 1.29385922514e-05 1.23437144468e-05 1.26411533491e-05 1.23437144468e-05 1.16001171909e-05 1.11539588374e-05 5.50261969313e-06 9.07188652111e-06 8.47700871645e-06 6.98981420479e-06 4.01542518148e-06 2.23079176749e-06 1.48719451166e-06 1.18975560933e-06 1.48719451166e-06 1.18975560933e-06 1.18975560933e-06 1.04103615816e-06 8.92316706995e-07 1.04103615816e-06 5.94877804663e-07 5.94877804663e-07 5.94877804663e-07 7.43597255829e-07 4.46158353497e-07 5.94877804663e-07 5.94877804663e-07 5.94877804663e-07 4.46158353497e-07 5.94877804663e-07 5.94877804663e-07 5.80005859546e-06 1.14513977398e-05 1.16001171909e-05 8.92316706995e-06 1.78463341399e-06 1.18975560933e-06 2.23079176749e-06 1.63591396282e-06 1.63591396282e-06 1.48719451166e-06 2.52823066982e-06 3.71798627914e-06 2.23079176749e-06
8.47700871645e-06 1.04103615816e-05 1.30873117026e-05 1.30873117026e-05 1.24924338979e-05 1.27898728003e-05 1.38309089584e-05 1.24924338979e-05 1.41283478607e-05 1.16001171909e-05 8.47700871645e-06 1.02616421304e-05 1.18975560933e-05 1.18975560933e-05 1.26411533491e-05 1.20462755444e-05 9.81548377694e-06 9.22060597228e-06 6.0974974978e-06 2.37951121865e-06 1.18975560933e-06 1.18975560933e-06 1.63591396282e-06 1.63591396282e-06 2.23079176749e-06 1.04103615816e-06 1.48719451166e-06 1.18975560933e-06 1.04103615816e-06 1.04103615816e-06 5.94877804663e-07 5.94877804663e-07 5.94877804663e-07 7.43597255829e-07 5.94877804663e-07 2.97438902332e-07 5.94877804663e-07 5.94877804663e-07 2.23079176749e-06 1.20462755444e-05 8.47700871645e-06 1.18975560933e-05 1.05590810328e-05 9.36932542344e-06 8.47700871645e-06 4.31286408381e-06 2.23079176749e-06 2.23079176749e-06 1.63591396282e-06 2.23079176749e-06 3.86670573031e-06
8.92316706995e-06 1.02616421304e-05 1.23437144468e-05 1.16001171909e-05 1.30873117026e-05 1.26411533491e-05 1.33847506049e-05 1.24924338979e-05 1.30873117026e-05 1.35334700561e-05 1.29385922514e-05 1.16001171909e-05 9.22060597228e-06 1.11539588374e-05 1.16001171909e-05 1.16001171909e-05 1.18975560933e-05 1.16001171909e-05 8.92316706995e-06 4.90774188847e-06 2.97438902332e-06 1.63591396282e-06 1.78463341399e-06 1.18975560933e-06 1.18975560933e-06 1.18975560933e-06 1.48719451166e-06 7.43597255829e-07 1.18975560933e-06 1.04103615816e-06 7.43597255829e-07 7.43597255829e-07 5.94877804663e-07 4.46158353497e-07 8.92316706995e-07 5.94877804663e-07 7.43597255829e-07 7.43597255829e-07 5.94877804663e-07 3.27182792565e-06 1.29385922514e-05 8.47700871645e-06 8.47700871645e-06 1.02616421304e-05 1.16001171909e-05 1.02616421304e-05 8.92316706995e-06 6.84109475362e-06 3.71798627914e-06 2.52823066982e-06 2.37951121865e-06
1.16001171909e-05 1.16001171909e-05 1.38309089584e-05 1.13026782886e-05 1.05590810328e-05 1.16001171909e-05 1.24924338979e-05 1.29385922514e-05 1.30873117026e-05 1.16001171909e-05 1.39796284096e-05 1.30873117026e-05 1.29385922514e-05 8.92316706995e-06 8.47700871645e-06 6.98981420479e-06 1.13026782886e-05 1.24924338979e-05 1.16001171909e-05 1.05590810328e-05 8.47700871645e-06 2.23079176749e-06 2.08207231632e-06 1.18975560933e-06 1.48719451166e-06 1.48719451166e-06 1.63591396282e-06 1.48719451166e-06 8.92316706995e-07 1.04103615816e-06 8.92316706995e-07 1.04103615816e-06 5.94877804663e-07 8.92316706995e-07 7.43597255829e-07 5.94877804663e-07 7.43597255829e-07 8.92316706995e-07 7.43597255829e-07 2.23079176749e-06 1.04103615816e-05 1.29385922514e-05 4.90774188847e-06 6.84109475362e-06 1.18975560933e-05 1.08565199351e-05 1.14513977398e-05 1.11539588374e-05 8.92316706995e-06 3.27182792565e-06 2.23079176749e-06
1.35334700561e-05 1.30873117026e-05 1.16001171909e-05 9.66676432577e-06 7.73341146062e-06 4.90774188847e-06 8.92316706995e-06 9.81548377694e-06 1.29385922514e-05 1.23437144468e-05 1.16001171909e-05 1.33847506049e-05 1.29385922514e-05 1.16001171909e-05 9.22060597228e-06 9.07188652111e-06 9.96420322811e-06 1.21949949956e-05 1.23437144468e-05 1.26411533491e-05 8.47700871645e-06 3.71798627914e-06 2.23079176749e-06 1.48719451166e-06 1.78463341399e-06 2.23079176749e-06 1.18975560933e-06 1.48719451166e-06 7.43597255829e-07 1.04103615816e-06 1.04103615816e-06 5.94877804663e-07 5.94877804663e-07 5.94877804663e-07 7.43597255829e-07 7.43597255829e-07 1.04103615816e-06 7.43597255829e-07 1.18975560933e-06 2.23079176749e-06 4.16414463264e-06 8.92316706995e-06 1.26411533491e-05 9.81548377694e-06 5.80005859546e-06 8.47700871645e-06 1.05590810328e-05 1.41283478607e-05 1.18975560933e-05 2.67695012098e-06 2.37951121865e-06
1.41283478607e-05 1.05590810328e-05 6.24621694896e-06 2.23079176749e-06 3.56926682798e-06 4.01542518148e-06 8.17956981412e-06 9.96420322811e-06 1.26411533491e-05 1.33847506049e-05 1.16001171909e-05 1.29385922514e-05 1.24924338979e-05 1.23437144468e-05 1.50206645677e-05 1.41283478607e-05 1.20462755444e-05 1.07078004839e-05 1.11539588374e-05 8.47700871645e-06 7.73341146062e-06 2.82566957215e-06 2.52823066982e-06 1.48719451166e-06 1.63591396282e-06 1.78463341399e-06 1.63591396282e-06 1.18975560933e-06 1.18975560933e-06 1.04103615816e-06 1.48719451166e-06 5.94877804663e-07 1.04103615816e-06 1.18975560933e-06 1.18975560933e-06 1.04103615816e-06 8.92316706995e-07 1.18975560933e-06 7.43597255829e-07 3.71798627914e-06 4.01542518148e-06 8.03085036295e-06 8.92316706995e-06 1.24924338979e-05 1.23437144468e-05 5.05646133964e-06 6.0974974978e-06 9.22060597228e-06 1.38309089584e-05 8.47700871645e-06 5.80005859546e-06
1.18975560933e-05 1.39796284096e-05 9.96420322811e-06 2.37951121865e-06 6.84109475362e-06 4.90774188847e-06 8.17956981412e-06 8.92316706995e-06 1.11539588374e-05 1.29385922514e-05 1.21949949956e-05 1.29385922514e-05 1.29385922514e-05 1.16001171909e-05 9.22060597228e-06 9.22060597228e-06 9.36932542344e-06 9.22060597228e-06 6.69237530246e-06 6.98981420479e-06 5.80005859546e-06 2.82566957215e-06 2.82566957215e-06 2.52823066982e-06 1.63591396282e-06 2.08207231632e-06 2.23079176749e-06 3.12310847448e-06 1.48719451166e-06 1.48719451166e-06 1.18975560933e-06 7.43597255829e-07 8.92316706995e-07 2.08207231632e-06 2.23079176749e-06 1.18975560933e-06 1.18975560933e-06 1.18975560933e-06 1.18975560933e-06 2.23079176749e-06 6.84109475362e-06 8.47700871645e-06 8.47700871645e-06 1.16001171909e-05 1.14513977398e-05 1.29385922514e-05 1.02616421304e-05 6.98981420479e-06 1.29385922514e-05 1.23437144468e-05 6.0974974978e-06
1.29385922514e-05 1.33847506049e-05 1.45745062142e-05 1.16001171909e-05 7.88213091178e-06 8.47700871645e-06 3.86670573031e-06 6.24621694896e-06 1.21949949956e-05 1.29385922514e-05 1.16001171909e-05 1.13026782886e-05 1.30873117026e-05 1.24924338979e-05 1.02616421304e-05 9.96420322811e-06 8.47700871645e-06 8.17956981412e-06 7.13853365596e-06 4.7590224373e-06 4.90774188847e-06 5.80005859546e-06 4.31286408381e-06 3.71798627914e-06 2.52823066982e-06 2.23079176749e-06 2.82566957215e-06 1.78463341399e-06 2.23079176749e-06 1.18975560933e-06 1.18975560933e-06 1.63591396282e-06 1.18975560933e-06 1.18975560933e-06 1.18975560933e-06 1.63591396282e-06 1.18975560933e-06 1.04103615816e-06 1.18975560933e-06 2.23079176749e-06 1.78463341399e-06 6.24621694896e-06 1.93335286515e-06 1.18975560933e-05 8.92316706995e-06 1.16001171909e-05 1.50206645677e-05 1.29385922514e-05 1.18975560933e-05 1.08565199351e-05 7.73341146062e-06
1.29385922514e-05 1.44257867631e-05 1.48719451166e-05 1.30873117026e-05 1.05590810328e-05 8.47700871645e-06 5.50261969313e-06 2.97438902332e-06 8.92316706995e-06 1.21949949956e-05 1.26411533491e-05 1.27898728003e-05 1.29385922514e-05 1.05590810328e-05 1.11539588374e-05 1.02616421304e-05 9.22060597228e-06 8.17956981412e-06 8.47700871645e-06 7.73341146062e-06 6.84109475362e-06 5.05646133964e-06 4.01542518148e-06 2.82566957215e-06 2.82566957215e-06 3.71798627914e-06 2.52823066982e-06 1.93335286515e-06 2.37951121865e-06 2.23079176749e-06 2.52823066982e-06 1.63591396282e-06 1.18975560933e-06 1.93335286515e-06 1.33847506049e-06 2.23079176749e-06 1.48719451166e-06 2.52823066982e-06 2.23079176749e-06 2.97438902332e-06 2.23079176749e-06 2.23079176749e-06 2.23079176749e-06 4.31286408381e-06 5.2051807908e-06 7.73341146062e-06 1.02616421304e-05 1.45745062142e-05 1.08565199351e-05 8.47700871645e-06 6.69237530246e-06
1.30873117026e-05 1.30873117026e-05 1.38309089584e-05 1.11539588374e-05 1.44257867631e-05 1.24924338979e-05 4.31286408381e-06 5.2051807908e-06 8.47700871645e-06 1.11539588374e-05 1.21949949956e-05 1.27898728003e-05 1.21949949956e-05 1.04103615816e-05 1.18975560933e-05 9.66676432577e-06 9.96420322811e-06 8.92316706995e-06 8.47700871645e-06 8.92316706995e-06 7.73341146062e-06 7.73341146062e-06 8.17956981412e-06 4.46158353497e-06 4.46158353497e-06 4.01542518148e-06 4.90774188847e-06 3.71798627914e-06 2.37951121865e-06 2.37951121865e-06 3.56926682798e-06 2.08207231632e-06 1.78463341399e-06 2.23079176749e-06 2.23079176749e-06 2.23079176749e-06 2.23079176749e-06 2.23079176749e-06 2.23079176749e-06 1.48719451166e-06 2.37951121865e-06 2.67695012098e-06 3.71798627914e-06 3.71798627914e-06 3.42054737681e-06 5.80005859546e-06 5.2051807908e-06 8.47700871645e-06 8.47700871645e-06 6.84109475362e-06 8.92316706995e-06
1.23437144468e-05 1.38309089584e-05 1.16001171909e-05 1.44257867631e-05 1.35334700561e-05 1.29385922514e-05 1.23437144468e-05 1.26411533491e-05 1.38309089584e-05 1.24924338979e-05 1.44257867631e-05 1.24924338979e-05 1.23437144468e-05 1.23437144468e-05 1.16001171909e-05 1.21949949956e-05 1.16001171909e-05 1.02616421304e-05 9.07188652111e-06 8.92316706995e-06 8.17956981412e-06 6.84109475362e-06 4.90774188847e-06 4.01542518148e-06 6.69237530246e-06 5.94877804663e-06 3.71798627914e-06 3.71798627914e-06 4.90774188847e-06 2.52823066982e-06 2.37951121865e-06 1.63591396282e-06 3.71798627914e-06 2.23079176749e-06 3.71798627914e-06 3.56926682798e-06 2.82566957215e-06 3.27182792565e-06 2.37951121865e-06 2.23079176749e-06 4.90774188847e-06 4.90774188847e-06 3.71798627914e-06 4.46158353497e-06 6.84109475362e-06 6.24621694896e-06 8.17956981412e-06 6.98981420479e-06 8.47700871645e-06 1.14513977398e-05 1.16001171909e-05
1.63591396282e-05 1.44257867631e-05 1.51693840189e-05 1.42770673119e-05 1.16001171909e-05 8.92316706995e-06 8.47700871645e-06 8.47700871645e-06 1.16001171909e-05 1.29385922514e-05 1.42770673119e-05 1.33847506049e-05 1.45745062142e-05 1.24924338979e-05 1.26411533491e-05 1.26411533491e-05 1.24924338979e-05 1.17488366421e-05 8.47700871645e-06 9.22060597228e-06 6.98981420479e-06 6.98981420479e-06 7.73341146062e-06 8.47700871645e-06 7.58469200945e-06 8.17956981412e-06 6.24621694896e-06 3.71798627914e-06 4.31286408381e-06 5.50261969313e-06 4.01542518148e-06 2.67695012098e-06 5.80005859546e-06 4.46158353497e-06 2.37951121865e-06 4.01542518148e-06 5.80005859546e-06 6.84109475362e-06 5.80005859546e-06 5.80005859546e-06 6.84109475362e-06 6.69237530246e-06 6.98981420479e-06 6.98981420479e-06 6.84109475362e-06 8.47700871645e-06 8.47700871645e-06 8.47700871645e-06 7.28725310712e-06 8.47700871645e-06 1.21949949956e-05
1.60617007259e-05 1.53181034701e-05 1.44257867631e-05 1.33847506049e-05 1.21949949956e-05 8.47700871645e-06 6.84109475362e-06 1.05590810328e-05 8.92316706995e-06 1.23437144468e-05 1.18975560933e-05 1.24924338979e-05 1.32360311538e-05 1.23437144468e-05 1.30873117026e-05 1.29385922514e-05 1.33847506049e-05 1.23437144468e-05 1.14513977398e-05 1.01129226793e-05 1.04103615816e-05 1.05590810328e-05 8.47700871645e-06 8.47700871645e-06 8.92316706995e-06 8.47700871645e-06 6.24621694896e-06 8.77444761878e-06 8.47700871645e-06 8.17956981412e-06 4.90774188847e-06 5.94877804663e-06 6.24621694896e-06 6.0974974978e-06 5.94877804663e-06 2.82566957215e-06 4.90774188847e-06 7.73341146062e-06 6.98981420479e-06 5.80005859546e-06 6.98981420479e-06 8.17956981412e-06 8.47700871645e-06 8.47700871645e-06 9.22060597228e-06 9.36932542344e-06 9.96420322811e-06 1.16001171909e-05 8.92316706995e-06 9.07188652111e-06 1.05590810328e-05
