Example/niche_identity/models/ENFA/normalized_grids/Anolis_chlorocyanus_0.asc
ncols        743
nrows        319
xllcorner    -74.500956448335
yllcorner    17.448920549066
cellsize     0.008333333333
NODATA_value  -9999
[rows 46 to 68 of 318, columns 153 to 203 of 743]
1.76017970597e-05 1.68567474487e-05 1.60185666363e-05 1.60185666363e-05 1.45284674143e-05 9.68564494288e-06 1.23864497827e-05 1.19207937759e-05 1.31314993937e-05 9.68564494288e-06 1.49009922198e-05 1.18276625745e-05 1.06169569566e-05 8.1955457209e-06 9.965038547e-06 8.94059533189e-06 7.8230209154e-06 1.13620065676e-05 1.06169569566e-05 1.37834178033e-05 1.31314993937e-05 1.62048290391e-05 7.63675851266e-06 6.51918409617e-06 8.84746413052e-06 6.51918409617e-06 1.25727121855e-05 1.44353362129e-05 1.51803858239e-05 1.26658433868e-05 6.14665929068e-06 6.61231529754e-06 8.10241451953e-06 4.37716646457e-06 5.49474088106e-06 3.72524805495e-06 5.21534727694e-06 5.77413448518e-06 3.44585445083e-06 7.07797130441e-06 5.77413448518e-06 7.26423370716e-06 7.26423370716e-06 5.21534727694e-06 3.63211685358e-06 3.44585445083e-06 4.84282247144e-06 7.63675851266e-06 1.35040241992e-05 1.62979602404e-05 1.57391730322e-05
1.38765490047e-05 1.45284674143e-05 1.62048290391e-05 1.41559426088e-05 1.47147298171e-05 1.41559426088e-05 1.35040241992e-05 8.75433292914e-06 1.06169569566e-05 9.40625133876e-06 8.10241451953e-06 1.3690286602e-05 1.26658433868e-05 8.00928331815e-06 7.07797130441e-06 5.77413448518e-06 7.91615211678e-06 9.87190734563e-06 7.8230209154e-06 9.965038547e-06 1.31314993937e-05 1.20139249772e-05 5.77413448518e-06 6.33292169342e-06 5.02908487419e-06 6.4260528948e-06 8.00928331815e-06 8.84746413052e-06 1.28521057896e-05 1.35040241992e-05 8.00928331815e-06 9.31312013739e-06 8.00928331815e-06 7.07797130441e-06 6.79857770029e-06 2.42141123572e-06 3.53898565221e-06 4.2840352632e-06 5.49474088106e-06 3.44585445083e-06 3.72524805495e-06 4.19090406182e-06 2.88706724259e-06 3.44585445083e-06 3.44585445083e-06 3.44585445083e-06 2.42141123572e-06 7.07797130441e-06 7.54362731128e-06 1.32246305951e-05 1.62048290391e-05
1.0710088158e-05 1.20139249772e-05 1.43422050116e-05 1.40628114075e-05 1.35971554006e-05 1.62979602404e-05 1.79743218652e-05 1.44353362129e-05 7.26423370716e-06 7.07797130441e-06 1.08963505607e-05 8.94059533189e-06 8.1955457209e-06 8.94059533189e-06 7.72988971403e-06 6.98484010304e-06 8.10241451953e-06 8.5680705264e-06 8.28867692227e-06 7.26423370716e-06 7.72988971403e-06 9.965038547e-06 5.12221607556e-06 4.2840352632e-06 4.37716646457e-06 8.10241451953e-06 1.05238257552e-05 1.17345313731e-05 9.40625133876e-06 1.40628114075e-05 1.26658433868e-05 1.12688753662e-05 1.24795809841e-05 9.49938254013e-06 6.61231529754e-06 5.30847847831e-06 5.30847847831e-06 1.95575522885e-06 3.53898565221e-06 4.56342886732e-06 7.07797130441e-06 3.16646084671e-06 1.06169569566e-05 6.33292169342e-06 1.02444321511e-06 7.07797130441e-06 4.2840352632e-06 2.23514883297e-06 3.44585445083e-06 6.79857770029e-06 9.965038547e-06
6.79857770029e-06 1.09894817621e-05 1.06169569566e-05 1.18276625745e-05 1.26658433868e-05 1.26658433868e-05 1.63910914418e-05 1.35040241992e-05 1.220018738e-05 1.31314993937e-05 8.38180812365e-06 1.06169569566e-05 6.61231529754e-06 6.61231529754e-06 6.98484010304e-06 6.79857770029e-06 7.35736490854e-06 7.91615211678e-06 6.4260528948e-06 6.51918409617e-06 6.98484010304e-06 7.72988971403e-06 3.9115104577e-06 2.1420176316e-06 3.53898565221e-06 6.51918409617e-06 5.96039688793e-06 1.17345313731e-05 1.09894817621e-05 8.75433292914e-06 1.31314993937e-05 1.26658433868e-05 9.40625133876e-06 1.61116978377e-05 1.62048290391e-05 9.49938254013e-06 8.94059533189e-06 5.77413448518e-06 7.72988971403e-06 7.07797130441e-06 3.16646084671e-06 6.23979049205e-06 5.77413448518e-06 6.98484010304e-06 3.72524805495e-06 2.79393604122e-06 4.2840352632e-06 5.30847847831e-06 2.42141123572e-06 2.88706724259e-06 3.9115104577e-06
6.79857770029e-06 3.9115104577e-06 6.98484010304e-06 7.54362731128e-06 8.10241451953e-06 1.26658433868e-05 1.05238257552e-05 1.04306945539e-05 1.21070561786e-05 1.57391730322e-05 7.07797130441e-06 1.01513009498e-05 8.00928331815e-06 6.79857770029e-06 6.70544649892e-06 7.35736490854e-06 4.74969127007e-06 6.33292169342e-06 6.23979049205e-06 6.98484010304e-06 4.47029766595e-06 3.72524805495e-06 2.60767363847e-06 2.42141123572e-06 3.44585445083e-06 5.96039688793e-06 4.74969127007e-06 7.35736490854e-06 5.49474088106e-06 8.00928331815e-06 1.0710088158e-05 1.37834178033e-05 1.70430098514e-05 1.19207937759e-05 1.47147298171e-05 1.77880594624e-05 1.76017970597e-05 1.09894817621e-05 1.35971554006e-05 3.81837925633e-06 6.98484010304e-06 8.10241451953e-06 6.61231529754e-06 6.51918409617e-06 8.94059533189e-06 2.70080483984e-06 3.16646084671e-06 3.44585445083e-06 2.1420176316e-06 2.1420176316e-06 3.16646084671e-06
3.9115104577e-06 3.63211685358e-06 6.89170890167e-06 5.49474088106e-06 9.965038547e-06 1.06169569566e-05 7.8230209154e-06 1.22933185814e-05 9.965038547e-06 1.26658433868e-05 6.70544649892e-06 9.965038547e-06 6.33292169342e-06 6.70544649892e-06 7.63675851266e-06 5.49474088106e-06 6.4260528948e-06 4.00464165908e-06 4.2840352632e-06 3.72524805495e-06 3.44585445083e-06 2.79393604122e-06 3.35272324946e-06 3.44585445083e-06 3.53898565221e-06 3.53898565221e-06 5.77413448518e-06 6.61231529754e-06 7.26423370716e-06 5.77413448518e-06 1.13620065676e-05 1.62048290391e-05 1.26658433868e-05 1.30383681923e-05 1.17345313731e-05 1.35040241992e-05 1.44353362129e-05 1.41559426088e-05 1.79743218652e-05 1.52735170253e-05 8.10241451953e-06 8.47493932502e-06 5.30847847831e-06 2.42141123572e-06 2.32828003435e-06 2.1420176316e-06 4.65656006869e-06 7.8230209154e-06 3.44585445083e-06 1.02444321511e-06 2.1420176316e-06
3.16646084671e-06 5.77413448518e-06 3.9115104577e-06 6.4260528948e-06 7.8230209154e-06 1.08963505607e-05 1.06169569566e-05 1.1455137769e-05 8.00928331815e-06 8.38180812365e-06 6.98484010304e-06 7.63675851266e-06 9.49938254013e-06 1.04306945539e-05 6.89170890167e-06 6.33292169342e-06 3.63211685358e-06 5.77413448518e-06 2.70080483984e-06 3.72524805495e-06 3.44585445083e-06 2.79393604122e-06 2.79393604122e-06 3.9115104577e-06 5.30847847831e-06 3.16646084671e-06 5.96039688793e-06 4.2840352632e-06 5.77413448518e-06 8.10241451953e-06 7.91615211678e-06 8.00928331815e-06 1.13620065676e-05 9.68564494288e-06 1.1455137769e-05 1.17345313731e-05 1.47147298171e-05 1.16414001717e-05 1.47147298171e-05 1.60185666363e-05 1.64842226432e-05 1.40628114075e-05 1.40628114075e-05 1.62979602404e-05 1.68567474487e-05 1.27589745882e-05 9.965038547e-06 3.16646084671e-06 3.53898565221e-06 2.79393604122e-06 2.88706724259e-06
3.44585445083e-06 3.16646084671e-06 5.49474088106e-06 5.77413448518e-06 7.26423370716e-06 1.05238257552e-05 9.87190734563e-06 1.20139249772e-05 8.38180812365e-06 6.79857770029e-06 2.79393604122e-06 4.74969127007e-06 7.17110250579e-06 6.98484010304e-06 6.14665929068e-06 6.61231529754e-06 2.42141123572e-06 3.44585445083e-06 3.16646084671e-06 3.63211685358e-06 1.95575522885e-06 3.53898565221e-06 2.23514883297e-06 3.44585445083e-06 5.30847847831e-06 2.1420176316e-06 2.23514883297e-06 2.70080483984e-06 3.44585445083e-06 6.79857770029e-06 5.49474088106e-06 7.07797130441e-06 8.28867692227e-06 9.49938254013e-06 8.28867692227e-06 8.00928331815e-06 1.26658433868e-05 1.31314993937e-05 1.76017970597e-05 1.57391730322e-05 1.45284674143e-05 1.39696802061e-05 1.35040241992e-05 1.60185666363e-05 1.47147298171e-05 1.95575522885e-05 1.18276625745e-05 6.33292169342e-06 3.44585445083e-06 2.70080483984e-06 1.67636162473e-06
3.81837925633e-06 -9999 -9999 3.53898565221e-06 4.93595367281e-06 7.26423370716e-06 1.24795809841e-05 8.00928331815e-06 9.965038547e-06 5.30847847831e-06 2.88706724259e-06 4.56342886732e-06 3.16646084671e-06 5.49474088106e-06 3.44585445083e-06 6.89170890167e-06 3.44585445083e-06 5.49474088106e-06 2.60767363847e-06 2.42141123572e-06 3.25959204809e-06 1.86262402748e-06 3.44585445083e-06 3.63211685358e-06 3.63211685358e-06 3.16646084671e-06 3.16646084671e-06 2.1420176316e-06 2.51454243709e-06 5.77413448518e-06 3.44585445083e-06 6.79857770029e-06 3.9115104577e-06 7.26423370716e-06 7.63675851266e-06 1.03375633525e-05 9.40625133876e-06 1.35971554006e-05 1.65773538445e-05 1.78811906638e-05 1.61116978377e-05 1.60185666363e-05 1.65773538445e-05 1.26658433868e-05 1.82537154693e-05 8.47493932502e-06 7.07797130441e-06 1.05238257552e-05 1.20139249772e-05 6.98484010304e-06 4.65656006869e-06
4.37716646457e-06 -9999 -9999 -9999 -9999 2.51454243709e-06 6.61231529754e-06 8.75433292914e-06 9.965038547e-06 9.68564494288e-06 6.4260528948e-06 2.79393604122e-06 3.16646084671e-06 3.44585445083e-06 3.25959204809e-06 2.70080483984e-06 1.95575522885e-06 3.44585445083e-06 3.44585445083e-06 2.1420176316e-06 2.42141123572e-06 4.00464165908e-06 1.95575522885e-06 3.44585445083e-06 1.49009922198e-06 2.23514883297e-06 2.1420176316e-06 2.1420176316e-06 2.23514883297e-06 4.84282247144e-06 4.2840352632e-06 5.49474088106e-06 7.35736490854e-06 6.14665929068e-06 6.70544649892e-06 7.35736490854e-06 1.20139249772e-05 1.44353362129e-05 1.47147298171e-05 1.52735170253e-05 1.76017970597e-05 1.60185666363e-05 1.58323042336e-05 1.40628114075e-05 1.70430098514e-05 1.68567474487e-05 1.18276625745e-05 3.16646084671e-06 2.1420176316e-06 2.42141123572e-06 7.07797130441e-06
-9999 -9999 -9999 -9999 -9999 -9999 -9999 5.02908487419e-06 6.61231529754e-06 8.38180812365e-06 3.44585445083e-06 3.44585445083e-06 2.23514883297e-06 -9999 -9999 -9999 -9999 -9999 2.1420176316e-06 2.1420176316e-06 2.70080483984e-06 3.63211685358e-06 2.1420176316e-06 2.42141123572e-06 1.11757441649e-06 1.11757441649e-06 2.04888643023e-06 3.16646084671e-06 3.63211685358e-06 2.79393604122e-06 3.53898565221e-06 3.44585445083e-06 7.26423370716e-06 4.93595367281e-06 4.74969127007e-06 7.07797130441e-06 1.26658433868e-05 1.20139249772e-05 1.35040241992e-05 1.74155346569e-05 1.62979602404e-05 1.62979602404e-05 1.47147298171e-05 1.38765490047e-05 1.73224034555e-05 8.94059533189e-06 3.44585445083e-06 3.44585445083e-06 1.11757441649e-06 2.98019844396e-06 3.35272324946e-06
-9999 -9999 -9999 -9999 -9999 -9999 -9999 -9999 -9999 3.81837925633e-06 3.44585445083e-06 2.1420176316e-06 -9999 -9999 -9999 -9999 -9999 -9999 -9999 -9999 -9999 2.1420176316e-06 6.33292169342e-06 3.72524805495e-06 1.39696802061e-06 1.95575522885e-06 2.1420176316e-06 2.79393604122e-06 1.39696802061e-06 3.16646084671e-06 3.16646084671e-06 3.44585445083e-06 1.95575522885e-06 3.44585445083e-06 5.77413448518e-06 7.17110250579e-06 1.17345313731e-05 1.20139249772e-05 1.70430098514e-05 1.77880594624e-05 1.76017970597e-05 1.62979602404e-05 1.35040241992e-05 1.44353362129e-05 1.62979602404e-05 1.47147298171e-05 1.11757441649e-05 1.02444321511e-06 1.95575522885e-06 3.44585445083e-06 2.42141123572e-06
-9999 -9999 -9999 -9999 -9999 -9999 -9999 -9999 -9999 -9999 -9999 -9999 -9999 -9999 -9999 -9999 -9999 -9999 -9999 -9999 -9999 -9999 2.23514883297e-06 1.7694928261e-06 1.21070561786e-06 1.11757441649e-06 1.02444321511e-06 1.11757441649e-06 1.21070561786e-06 3.63211685358e-06 2.60767363847e-06 1.11757441649e-06 3.72524805495e-06 2.42141123572e-06 6.98484010304e-06 9.68564494288e-06 9.49938254013e-06 1.20139249772e-05 1.76017970597e-05 1.52735170253e-05 1.79743218652e-05 1.35040241992e-05 1.35040241992e-05 1.49009922198e-05 1.26658433868e-05 1.78811906638e-05 1.89987650803e-05 9.49938254013e-06 1.31314993937e-05 1.13620065676e-05 9.49938254013e-06
-9999 -9999 -9999 -9999 -9999 -9999 -9999 -9999 -9999 -9999 -9999 -9999 -9999 -9999 -9999 -9999 -9999 -9999 -9999 -9999 -9999 -9999 -9999 -9999 1.02444321511e-06 1.11757441649e-06 1.11757441649e-06 -9999 1.95575522885e-06 2.42141123572e-06 1.95575522885e-06 4.37716646457e-06 3.16646084671e-06 2.51454243709e-06 5.02908487419e-06 9.40625133876e-06 7.63675851266e-06 9.49938254013e-06 1.17345313731e-05 1.20139249772e-05 1.64842226432e-05 1.82537154693e-05 1.52735170253e-05 9.40625133876e-06 5.77413448518e-06 4.37716646457e-06 4.2840352632e-06 3.9115104577e-06 8.38180812365e-07 1.95575522885e-06 1.06169569566e-05
-9999 -9999 -9999 -9999 -9999 -9999 -9999 -9999 -9999 -9999 -9999 -9999 -9999 -9999 -9999 -9999 -9999 -9999 -9999 -9999 -9999 -9999 -9999 -9999 -9999 -9999 -9999 2.1420176316e-06 1.95575522885e-06 1.67636162473e-06 6.51918409617e-07 8.38180812365e-07 2.1420176316e-06 2.60767363847e-06 3.44585445083e-06 6.79857770029e-06 8.94059533189e-06 7.72988971403e-06 1.31314993937e-05 1.22933185814e-05 1.49009922198e-05 1.47147298171e-05 1.31314993937e-05 1.37834178033e-05 1.95575522885e-06 2.1420176316e-06 1.02444321511e-06 1.02444321511e-06 9.31312013739e-07 1.11757441649e-06 1.11757441649e-06
-9999 -9999 -9999 -9999 -9999 -9999 -9999 -9999 -9999 -9999 -9999 -9999 -9999 -9999 -9999 -9999 -9999 -9999 -9999 -9999 -9999 -9999 -9999 -9999 -9999 -9999 -9999 -9999 -9999 1.95575522885e-06 1.58323042336e-06 1.95575522885e-06 2.04888643023e-06 3.16646084671e-06 3.16646084671e-06 6.33292169342e-06 6.98484010304e-06 5.86726568655e-06 6.98484010304e-06 1.06169569566e-05 1.09894817621e-05 1.20139249772e-05 1.62048290391e-05 1.47147298171e-05 1.27589745882e-05 3.35272324946e-06 1.86262402748e-06 3.81837925633e-06 5.40160967968e-06 1.11757441649e-06 2.60767363847e-06
-9999 -9999 -9999 -9999 -9999 -9999 -9999 -9999 -9999 -9999 -9999 -9999 -9999 -9999 -9999 -9999 -9999 -9999 -9999 -9999 -9999 -9999 -9999 -9999 -9999 -9999 -9999 -9999 -9999 -9999 1.11757441649e-06 1.02444321511e-06 3.53898565221e-06 2.1420176316e-06 4.37716646457e-06 5.49474088106e-06 5.49474088106e-06 3.44585445083e-06 7.72988971403e-06 7.63675851266e-06 1.0710088158e-05 1.31314993937e-05 1.62979602404e-05 1.31314993937e-05 1.694987865e-05 1.73224034555e-05 8.5680705264e-06 1.11757441649e-06 3.44585445083e-06 3.44585445083e-06 3.63211685358e-06
-9999 -9999 -9999 -9999 -9999 -9999 -9999 -9999 -9999 -9999 -9999 -9999 -9999 -9999 -9999 -9999 -9999 -9999 -9999 -9999 -9999 -9999 -9999 -9999 -9999 -9999 -9999 -9999 -9999 -9999 -9999 -9999 1.49009922198e-06 4.74969127007e-06 3.9115104577e-06 5.77413448518e-06 3.44585445083e-06 4.84282247144e-06 5.40160967968e-06 1.05238257552e-05 8.94059533189e-06 1.03375633525e-05 1.33177617965e-05 1.79743218652e-05 1.49009922198e-05 1.68567474487e-05 1.44353362129e-05 1.26658433868e-05 1.20139249772e-05 7.26423370716e-06 1.02444321511e-06
-9999 -9999 -9999 -9999 -9999 -9999 -9999 -9999 -9999 -9999 -9999 -9999 -9999 -9999 -9999 -9999 -9999 -9999 -9999 -9999 -9999 -9999 -9999 -9999 -9999 -9999 -9999 -9999 -9999 -9999 -9999 -9999 -9999 -9999 3.72524805495e-06 5.49474088106e-06 3.44585445083e-06 6.14665929068e-06 5.30847847831e-06 6.79857770029e-06 7.8230209154e-06 8.75433292914e-06 1.26658433868e-05 1.45284674143e-05 1.61116978377e-05 1.57391730322e-05 1.60185666363e-05 1.65773538445e-05 6.0535280893e-06 5.40160967968e-06 8.38180812365e-07
-9999 -9999 -9999 -9999 -9999 -9999 -9999 -9999 -9999 -9999 -9999 -9999 -9999 -9999 -9999 -9999 -9999 -9999 -9999 -9999 -9999 -9999 -9999 -9999 -9999 -9999 -9999 -9999 -9999 -9999 -9999 -9999 -9999 -9999 -9999 -9999 -9999 4.37716646457e-06 6.79857770029e-06 8.10241451953e-06 8.94059533189e-06 1.06169569566e-05 1.20139249772e-05 1.35040241992e-05 1.76017970597e-05 1.47147298171e-05 1.03375633525e-05 1.52735170253e-05 1.62979602404e-05 1.31314993937e-05 3.63211685358e-06
-9999 -9999 -9999 -9999 -9999 -9999 -9999 -9999 -9999 -9999 -9999 -9999 -9999 -9999 -9999 -9999 -9999 -9999 -9999 -9999 -9999 -9999 -9999 -9999 -9999 -9999 -9999 -9999 -9999 -9999 -9999 -9999 -9999 -9999 -9999 -9999 -9999 -9999 -9999 6.98484010304e-06 8.10241451953e-06 8.00928331815e-06 8.47493932502e-06 1.35040241992e-05 1.50872546226e-05 1.62979602404e-05 6.0535280893e-06 1.37834178033e-05 1.49009922198e-05 1.39696802061e-05 1.56460418308e-05
-9999 -9999 -9999 -9999 -9999 -9999 -9999 -9999 -9999 -9999 -9999 -9999 -9999 -9999 -9999 -9999 -9999 -9999 -9999 -9999 -9999 -9999 -9999 -9999 -9999 -9999 -9999 -9999 -9999 -9999 -9999 -9999 -9999 -9999 -9999 -9999 -9999 -9999 -9999 -9999 6.98484010304e-06 8.00928331815e-06 6.70544649892e-06 7.26423370716e-06 1.41559426088e-05 1.47147298171e-05 1.44353362129e-05 1.39696802061e-05 1.1455137769e-05 1.49009922198e-05 1.60185666363e-05
-9999 -9999 -9999 -9999 -9999 -9999 -9999 -9999 -9999 -9999 -9999 -9999 -9999 -9999 -9999 -9999 -9999 -9999 -9999 -9999 -9999 -9999 -9999 -9999 -9999 -9999 -9999 -9999 -9999 -9999 -9999 -9999 -9999 -9999 -9999 -9999 -9999 -9999 -9999 -9999 -9999 -9999 -9999 -9999 7.26423370716e-06 1.08032193594e-05 1.44353362129e-05 1.62979602404e-05 1.62979602404e-05 1.46215986157e-05 1.38765490047e-05
