Example/niche_identity/models/ENFA/normalized_grids/Anolis_chlorocyanus_1.asc
ncols        743
nrows        319
xllcorner    -74.500956448335
yllcorner    17.448920549066
cellsize     0.008333333333
NODATA_value  -9999
[rows 46 to 68 of 318, columns 357 to 407 of 743]
1.59378177602e-06 1.96878925274e-06 1.78128551438e-06 3.00005981369e-06 1.87503738356e-06 1.78128551438e-06 1.50002990685e-06 2.06254112191e-06 2.43754859863e-06 1.96878925274e-06 2.5313004678e-06 1.78128551438e-06 1.6875336452e-06 1.50002990685e-06 1.50002990685e-06 1.50002990685e-06 1.6875336452e-06 2.62505233698e-06 1.96878925274e-06 1.96878925274e-06 1.6875336452e-06 1.78128551438e-06 1.6875336452e-06 1.50002990685e-06 1.21877429931e-06 1.21877429931e-06 1.59378177602e-06 1.21877429931e-06 9.37518691779e-07 1.21877429931e-06 1.96878925274e-06 1.50002990685e-06 2.71880420616e-06 1.59378177602e-06 1.59378177602e-06 1.12502243013e-06 1.96878925274e-06 1.21877429931e-06 1.21877429931e-06 1.21877429931e-06 1.78128551438e-06 1.6875336452e-06 2.15629299109e-06 1.96878925274e-06 1.96878925274e-06 1.96878925274e-06 3.18756355205e-06 4.87509719725e-06 3.84382663629e-06 3.75007476712e-06 4.50008972054e-06
1.87503738356e-06 1.59378177602e-06 3.00005981369e-06 3.00005981369e-06 1.96878925274e-06 1.6875336452e-06 1.87503738356e-06 2.62505233698e-06 2.62505233698e-06 1.96878925274e-06 3.00005981369e-06 2.06254112191e-06 1.50002990685e-06 2.90630794451e-06 1.21877429931e-06 1.6875336452e-06 1.96878925274e-06 2.34379672945e-06 1.6875336452e-06 1.78128551438e-06 2.06254112191e-06 1.6875336452e-06 1.21877429931e-06 1.50002990685e-06 2.25004486027e-06 1.21877429931e-06 9.37518691779e-07 1.31252616849e-06 1.03127056096e-06 1.50002990685e-06 2.43754859863e-06 1.78128551438e-06 1.96878925274e-06 1.78128551438e-06 1.59378177602e-06 1.21877429931e-06 1.21877429931e-06 1.6875336452e-06 1.6875336452e-06 1.6875336452e-06 1.21877429931e-06 1.21877429931e-06 1.78128551438e-06 1.21877429931e-06 9.37518691779e-07 1.50002990685e-06 1.96878925274e-06 1.87503738356e-06 3.18756355205e-06 3.00005981369e-06 4.87509719725e-06
2.43754859863e-06 3.09381168287e-06 3.18756355205e-06 3.46881915958e-06 1.21877429931e-06 1.78128551438e-06 1.50002990685e-06 3.09381168287e-06 3.09381168287e-06 3.09381168287e-06 3.18756355205e-06 2.90630794451e-06 1.50002990685e-06 2.62505233698e-06 1.50002990685e-06 2.15629299109e-06 2.71880420616e-06 1.6875336452e-06 1.6875336452e-06 1.59378177602e-06 1.78128551438e-06 1.96878925274e-06 1.21877429931e-06 1.96878925274e-06 1.50002990685e-06 8.43766822601e-07 8.43766822601e-07 1.50002990685e-06 1.50002990685e-06 1.12502243013e-06 2.62505233698e-06 1.50002990685e-06 1.21877429931e-06 1.50002990685e-06 8.43766822601e-07 9.37518691779e-07 1.50002990685e-06 1.6875336452e-06 1.21877429931e-06 1.59378177602e-06 1.50002990685e-06 2.25004486027e-06 1.6875336452e-06 1.31252616849e-06 1.21877429931e-06 1.50002990685e-06 1.96878925274e-06 1.50002990685e-06 1.59378177602e-06 2.62505233698e-06 5.15635280478e-06
3.46881915958e-06 3.56257102876e-06 3.09381168287e-06 3.18756355205e-06 1.50002990685e-06 9.37518691779e-07 2.43754859863e-06 3.00005981369e-06 4.218834113e-06 3.75007476712e-06 3.18756355205e-06 1.96878925274e-06 1.6875336452e-06 1.96878925274e-06 2.62505233698e-06 1.21877429931e-06 1.78128551438e-06 2.5313004678e-06 1.87503738356e-06 1.6875336452e-06 1.96878925274e-06 2.62505233698e-06 1.59378177602e-06 1.50002990685e-06 1.59378177602e-06 1.50002990685e-06 1.12502243013e-06 1.6875336452e-06 1.21877429931e-06 1.12502243013e-06 1.96878925274e-06 1.21877429931e-06 1.21877429931e-06 1.21877429931e-06 8.43766822601e-07 1.40627803767e-06 1.50002990685e-06 1.21877429931e-06 1.21877429931e-06 1.21877429931e-06 8.43766822601e-07 1.21877429931e-06 8.43766822601e-07 1.21877429931e-06 1.59378177602e-06 1.12502243013e-06 1.12502243013e-06 9.37518691779e-07 1.50002990685e-06 1.12502243013e-06 1.96878925274e-06
3.84382663629e-06 3.46881915958e-06 3.84382663629e-06 1.50002990685e-06 8.43766822601e-07 1.6875336452e-06 1.96878925274e-06 2.06254112191e-06 4.87509719725e-06 2.62505233698e-06 1.59378177602e-06 1.87503738356e-06 1.78128551438e-06 2.06254112191e-06 2.90630794451e-06 3.00005981369e-06 2.81255607534e-06 2.34379672945e-06 1.96878925274e-06 1.87503738356e-06 1.50002990685e-06 1.6875336452e-06 1.21877429931e-06 1.50002990685e-06 1.50002990685e-06 1.50002990685e-06 1.6875336452e-06 1.6875336452e-06 1.21877429931e-06 1.96878925274e-06 1.40627803767e-06 1.50002990685e-06 1.21877429931e-06 1.59378177602e-06 1.50002990685e-06 1.50002990685e-06 1.21877429931e-06 1.21877429931e-06 1.6875336452e-06 1.21877429931e-06 8.43766822601e-07 1.21877429931e-06 9.37518691779e-07 1.12502243013e-06 3.75007476712e-07 7.50014953423e-07 1.50002990685e-06 9.37518691779e-07 7.50014953423e-07 7.50014953423e-07 1.59378177602e-06
3.00005981369e-06 1.78128551438e-06 3.84382663629e-06 1.50002990685e-06 1.59378177602e-06 1.96878925274e-06 2.06254112191e-06 3.09381168287e-06 2.43754859863e-06 1.96878925274e-06 1.50002990685e-06 3.00005981369e-06 1.21877429931e-06 1.50002990685e-06 1.6875336452e-06 2.62505233698e-06 2.71880420616e-06 3.09381168287e-06 2.43754859863e-06 1.96878925274e-06 1.96878925274e-06 1.96878925274e-06 1.6875336452e-06 1.87503738356e-06 1.50002990685e-06 1.78128551438e-06 1.6875336452e-06 1.50002990685e-06 1.50002990685e-06 2.06254112191e-06 1.50002990685e-06 1.50002990685e-06 1.59378177602e-06 1.78128551438e-06 8.43766822601e-07 8.43766822601e-07 1.21877429931e-06 9.37518691779e-07 1.6875336452e-06 9.37518691779e-07 9.37518691779e-07 8.43766822601e-07 1.12502243013e-06 3.75007476712e-07 2.81255607534e-07 8.43766822601e-07 3.75007476712e-07 9.37518691779e-07 8.43766822601e-07 7.50014953423e-07 8.43766822601e-07
2.25004486027e-06 1.50002990685e-06 2.43754859863e-06 2.62505233698e-06 3.18756355205e-06 3.00005981369e-06 3.3750672904e-06 1.96878925274e-06 3.09381168287e-06 3.09381168287e-06 2.06254112191e-06 2.62505233698e-06 3.65632289794e-06 3.46881915958e-06 1.50002990685e-06 2.62505233698e-06 3.09381168287e-06 2.06254112191e-06 2.62505233698e-06 1.78128551438e-06 1.50002990685e-06 1.12502243013e-06 1.59378177602e-06 1.59378177602e-06 1.21877429931e-06 1.21877429931e-06 1.21877429931e-06 1.40627803767e-06 1.50002990685e-06 1.6875336452e-06 8.43766822601e-07 9.37518691779e-07 1.6875336452e-06 9.37518691779e-07 1.21877429931e-06 1.21877429931e-06 1.6875336452e-06 1.21877429931e-06 7.50014953423e-07 1.21877429931e-06 1.21877429931e-06 7.50014953423e-07 3.75007476712e-07 7.50014953423e-07 8.43766822601e-07 2.81255607534e-07 1.87503738356e-07 6.56263084245e-07 8.43766822601e-07 8.43766822601e-07 8.43766822601e-07
4.40633785136e-06 2.71880420616e-06 2.62505233698e-06 5.43760841232e-06 2.15629299109e-06 2.25004486027e-06 3.09381168287e-06 1.78128551438e-06 3.75007476712e-06 3.75007476712e-06 3.3750672904e-06 2.43754859863e-06 2.06254112191e-06 4.40633785136e-06 3.00005981369e-06 2.71880420616e-06 2.90630794451e-06 1.59378177602e-06 1.50002990685e-06 1.40627803767e-06 8.43766822601e-07 1.6875336452e-06 1.21877429931e-06 1.96878925274e-06 1.96878925274e-06 1.59378177602e-06 1.96878925274e-06 1.50002990685e-06 1.21877429931e-06 1.21877429931e-06 1.50002990685e-06 1.50002990685e-06 9.37518691779e-07 1.31252616849e-06 8.43766822601e-07 8.43766822601e-07 1.12502243013e-06 8.43766822601e-07 8.43766822601e-07 8.43766822601e-07 5.62511215067e-07 7.50014953423e-07 2.81255607534e-07 4.68759345889e-07 3.75007476712e-07 2.81255607534e-07 4.68759345889e-07 2.81255607534e-07 2.81255607534e-07 4.68759345889e-07 2.81255607534e-07
2.34379672945e-06 3.00005981369e-06 3.18756355205e-06 3.84382663629e-06 4.12508224383e-06 3.84382663629e-06 6.09387149656e-06 1.96878925274e-06 1.87503738356e-06 1.50002990685e-06 6.28137523492e-06 1.50002990685e-06 1.6875336452e-06 1.87503738356e-06 1.87503738356e-06 1.59378177602e-06 2.90630794451e-06 1.21877429931e-06 1.50002990685e-06 1.12502243013e-06 8.43766822601e-07 9.37518691779e-07 8.43766822601e-07 1.21877429931e-06 1.31252616849e-06 1.21877429931e-06 1.21877429931e-06 1.12502243013e-06 1.21877429931e-06 1.50002990685e-06 1.50002990685e-06 1.31252616849e-06 8.43766822601e-07 1.50002990685e-06 1.21877429931e-06 1.21877429931e-06 1.12502243013e-06 1.50002990685e-06 8.43766822601e-07 8.43766822601e-07 3.75007476712e-07 3.75007476712e-07 8.43766822601e-07 3.75007476712e-07 2.81255607534e-07 2.81255607534e-07 4.68759345889e-07 6.56263084245e-07 3.75007476712e-07 1.87503738356e-07 2.81255607534e-07
3.3750672904e-06 5.15635280478e-06 3.00005981369e-06 1.96878925274e-06 3.65632289794e-06 5.5313602815e-06 3.65632289794e-06 6.28137523492e-06 2.71880420616e-06 4.40633785136e-06 2.71880420616e-06 4.12508224383e-06 3.75007476712e-06 1.21877429931e-06 1.50002990685e-06 1.59378177602e-06 1.6875336452e-06 2.62505233698e-06 1.50002990685e-06 1.50002990685e-06 8.43766822601e-07 1.21877429931e-06 1.21877429931e-06 1.78128551438e-06 1.21877429931e-06 8.43766822601e-07 9.37518691779e-07 1.12502243013e-06 1.21877429931e-06 1.21877429931e-06 1.78128551438e-06 1.6875336452e-06 1.50002990685e-06 1.21877429931e-06 1.50002990685e-06 3.75007476712e-07 9.37518691779e-07 8.43766822601e-07 3.75007476712e-07 7.50014953423e-07 8.43766822601e-07 8.43766822601e-07 8.43766822601e-07 2.81255607534e-07 3.75007476712e-07 2.81255607534e-07 2.81255607534e-07 4.68759345889e-07 3.75007476712e-07 1.87503738356e-07 2.81255607534e-07
2.90630794451e-06 3.46881915958e-06 3.75007476712e-06 4.87509719725e-06 1.96878925274e-06 3.46881915958e-06 2.71880420616e-06 2.43754859863e-06 5.5313602815e-06 5.5313602815e-06 2.06254112191e-06 4.03133037465e-06 2.43754859863e-06 3.00005981369e-06 1.96878925274e-06 2.90630794451e-06 1.96878925274e-06 3.09381168287e-06 2.62505233698e-06 2.62505233698e-06 1.96878925274e-06 1.78128551438e-06 1.59378177602e-06 2.06254112191e-06 1.21877429931e-06 1.96878925274e-06 1.96878925274e-06 1.12502243013e-06 8.43766822601e-07 8.43766822601e-07 1.50002990685e-06 1.6875336452e-06 1.50002990685e-06 1.12502243013e-06 1.12502243013e-06 8.43766822601e-07 8.43766822601e-07 6.56263084245e-07 7.50014953423e-07 5.62511215067e-07 3.75007476712e-07 3.75007476712e-07 3.75007476712e-07 2.81255607534e-07 2.81255607534e-07 2.81255607534e-07 2.81255607534e-07 9.37518691779e-08 3.75007476712e-07 3.75007476712e-07 9.37518691779e-08
4.50008972054e-06 6.46887897327e-06 4.218834113e-06 5.06260093561e-06 5.34385654314e-06 4.59384158972e-06 6.00011962738e-06 2.5313004678e-06 4.218834113e-06 4.218834113e-06 4.31258598218e-06 3.65632289794e-06 5.15635280478e-06 3.09381168287e-06 2.25004486027e-06 3.00005981369e-06 1.78128551438e-06 3.75007476712e-06 3.84382663629e-06 3.75007476712e-06 3.84382663629e-06 1.59378177602e-06 1.96878925274e-06 3.00005981369e-06 3.46881915958e-06 1.59378177602e-06 3.00005981369e-06 1.50002990685e-06 1.50002990685e-06 1.21877429931e-06 1.21877429931e-06 1.96878925274e-06 1.50002990685e-06 9.37518691779e-07 9.37518691779e-07 1.12502243013e-06 7.50014953423e-07 8.43766822601e-07 8.43766822601e-07 2.81255607534e-07 2.81255607534e-07 3.75007476712e-07 1.87503738356e-07 1.87503738356e-07 1.87503738356e-07 1.87503738356e-07 1.87503738356e-07 1.87503738356e-07 1.87503738356e-07 1.87503738356e-07 9.37518691779e-08
3.75007476712e-06 6.00011962738e-06 5.15635280478e-06 6.56263084245e-06 7.78140514176e-06 6.46887897327e-06 3.75007476712e-06 4.12508224383e-06 1.87503738356e-06 4.218834113e-06 3.46881915958e-06 2.34379672945e-06 6.09387149656e-06 2.81255607534e-06 2.62505233698e-06 1.59378177602e-06 1.78128551438e-06 3.18756355205e-06 3.46881915958e-06 3.65632289794e-06 3.84382663629e-06 3.65632289794e-06 2.06254112191e-06 1.78128551438e-06 1.59378177602e-06 1.21877429931e-06 1.21877429931e-06 1.21877429931e-06 1.59378177602e-06 1.21877429931e-06 9.37518691779e-07 1.78128551438e-06 8.43766822601e-07 1.12502243013e-06 8.43766822601e-07 8.43766822601e-07 8.43766822601e-07 8.43766822601e-07 8.43766822601e-07 7.50014953423e-07 5.62511215067e-07 4.68759345889e-07 7.50014953423e-07 2.81255607534e-07 2.81255607534e-07 1.87503738356e-07 9.37518691779e-08 1.87503738356e-07 2.81255607534e-07 1.87503738356e-07 9.37518691779e-08
6.28137523492e-06 4.40633785136e-06 4.87509719725e-06 5.15635280478e-06 7.87515701094e-06 3.84382663629e-06 3.75007476712e-06 5.06260093561e-06 3.09381168287e-06 3.75007476712e-06 6.28137523492e-06 6.28137523492e-06 1.96878925274e-06 4.31258598218e-06 2.90630794451e-06 3.09381168287e-06 3.00005981369e-06 2.25004486027e-06 3.09381168287e-06 3.18756355205e-06 3.65632289794e-06 5.06260093561e-06 4.87509719725e-06 2.71880420616e-06 1.96878925274e-06 8.43766822601e-07 1.6875336452e-06 1.21877429931e-06 6.56263084245e-07 1.50002990685e-06 8.43766822601e-07 1.21877429931e-06 1.6875336452e-06 1.50002990685e-06 8.43766822601e-07 8.43766822601e-07 2.81255607534e-07 7.50014953423e-07 7.50014953423e-07 7.50014953423e-07 3.75007476712e-07 3.75007476712e-07 3.75007476712e-07 3.75007476712e-07 2.81255607534e-07 1.87503738356e-07 2.81255607534e-07 9.37518691779e-08 9.37518691779e-08 9.37518691779e-08 9.37518691779e-08
7.87515701094e-06 4.40633785136e-06 3.46881915958e-06 1.96878925274e-06 2.62505233698e-06 6.00011962738e-06 4.40633785136e-06 3.28131542123e-06 6.28137523492e-06 6.28137523492e-06 3.18756355205e-06 4.31258598218e-06 2.90630794451e-06 3.84382663629e-06 2.5313004678e-06 1.96878925274e-06 1.50002990685e-06 3.18756355205e-06 4.59384158972e-06 4.59384158972e-06 5.15635280478e-06 5.90636775821e-06 2.62505233698e-06 2.43754859863e-06 1.6875336452e-06 8.43766822601e-07 4.68759345889e-07 8.43766822601e-07 1.21877429931e-06 5.62511215067e-07 4.68759345889e-07 1.31252616849e-06 5.62511215067e-07 3.75007476712e-07 8.43766822601e-07 5.62511215067e-07 3.75007476712e-07 3.75007476712e-07 3.75007476712e-07 3.75007476712e-07 1.87503738356e-07 1.87503738356e-07 2.81255607534e-07 2.81255607534e-07 3.75007476712e-07 9.37518691779e-08 9.37518691779e-08 9.37518691779e-08 9.37518691779e-08 0.0 9.37518691779e-08
6.46887897327e-06 8.81267570272e-06 3.65632289794e-06 4.87509719725e-06 4.87509719725e-06 4.40633785136e-06 4.12508224383e-06 5.06260093561e-06 3.46881915958e-06 3.84382663629e-06 3.18756355205e-06 5.06260093561e-06 1.21877429931e-06 3.65632289794e-06 1.21877429931e-06 3.09381168287e-06 2.90630794451e-06 4.12508224383e-06 3.84382663629e-06 1.96878925274e-06 5.06260093561e-06 5.15635280478e-06 4.87509719725e-06 3.75007476712e-06 1.96878925274e-06 1.21877429931e-06 1.12502243013e-06 8.43766822601e-07 7.50014953423e-07 1.50002990685e-06 8.43766822601e-07 8.43766822601e-07 1.87503738356e-07 4.68759345889e-07 7.50014953423e-07 2.81255607534e-07 2.81255607534e-07 9.37518691779e-08 9.37518691779e-08 1.87503738356e-07 1.87503738356e-07 9.37518691779e-08 9.37518691779e-08 9.37518691779e-08 1.87503738356e-07 9.37518691779e-08 9.37518691779e-08 9.37518691779e-08 9.37518691779e-08 9.37518691779e-08 0.0
6.46887897327e-06 6.09387149656e-06 3.84382663629e-06 2.62505233698e-06 3.84382663629e-06 2.62505233698e-06 3.65632289794e-06 4.87509719725e-06 5.06260093561e-06 2.62505233698e-06 2.5313004678e-06 4.218834113e-06 3.09381168287e-06 3.09381168287e-06 1.96878925274e-06 2.25004486027e-06 1.40627803767e-06 2.62505233698e-06 3.09381168287e-06 3.09381168287e-06 3.65632289794e-06 7.50014953423e-06 7.87515701094e-06 5.15635280478e-06 5.15635280478e-06 3.75007476712e-06 3.00005981369e-06 1.6875336452e-06 1.21877429931e-06 1.12502243013e-06 8.43766822601e-07 8.43766822601e-07 8.43766822601e-07 8.43766822601e-07 2.81255607534e-07 1.87503738356e-07 2.81255607534e-07 2.81255607534e-07 3.75007476712e-07 1.87503738356e-07 3.75007476712e-07 9.37518691779e-08 9.37518691779e-08 9.37518691779e-08 9.37518691779e-08 1.87503738356e-07 1.87503738356e-07 9.37518691779e-08 9.37518691779e-08 0.0 0.0
5.71886401985e-06 3.65632289794e-06 5.34385654314e-06 3.3750672904e-06 4.87509719725e-06 7.87515701094e-06 6.00011962738e-06 2.62505233698e-06 3.56257102876e-06 3.18756355205e-06 3.18756355205e-06 1.96878925274e-06 2.62505233698e-06 1.12502243013e-06 1.50002990685e-06 1.96878925274e-06 3.18756355205e-06 2.71880420616e-06 3.65632289794e-06 3.09381168287e-06 1.96878925274e-06 3.00005981369e-06 5.34385654314e-06 6.28137523492e-06 4.40633785136e-06 3.09381168287e-06 1.50002990685e-06 1.6875336452e-06 1.96878925274e-06 7.50014953423e-07 1.50002990685e-06 7.50014953423e-07 9.37518691779e-07 6.56263084245e-07 8.43766822601e-07 7.50014953423e-07 8.43766822601e-07 7.50014953423e-07 3.75007476712e-07 3.75007476712e-07 1.87503738356e-07 9.37518691779e-08 9.37518691779e-08 9.37518691779e-08 9.37518691779e-08 9.37518691779e-08 9.37518691779e-08 0.0 9.37518691779e-08 9.37518691779e-08 9.37518691779e-08
1.59378177602e-06 6.56263084245e-06 7.87515701094e-06 7.2188939267e-06 4.59384158972e-06 7.87515701094e-06 5.62511215067e-06 3.84382663629e-06 3.75007476712e-06 2.71880420616e-06 5.06260093561e-06 2.90630794451e-06 2.06254112191e-06 3.84382663629e-06 3.18756355205e-06 1.78128551438e-06 1.96878925274e-06 3.3750672904e-06 4.12508224383e-06 3.09381168287e-06 1.50002990685e-06 1.6875336452e-06 7.2188939267e-06 7.87515701094e-06 6.28137523492e-06 3.75007476712e-06 4.87509719725e-06 2.43754859863e-06 1.96878925274e-06 1.59378177602e-06 1.6875336452e-06 1.59378177602e-06 2.90630794451e-06 1.50002990685e-06 8.43766822601e-07 8.43766822601e-07 8.43766822601e-07 4.68759345889e-07 7.50014953423e-07 3.75007476712e-07 2.81255607534e-07 9.37518691779e-08 9.37518691779e-08 9.37518691779e-08 9.37518691779e-08 9.37518691779e-08 9.37518691779e-08 9.37518691779e-08 9.37518691779e-08 9.37518691779e-08 9.37518691779e-08
6.28137523492e-06 3.75007476712e-06 3.18756355205e-06 8.43766822601e-06 1.04064574787e-05 9.56269065614e-06 6.00011962738e-06 5.15635280478e-06 3.84382663629e-06 6.84388644999e-06 2.62505233698e-06 3.18756355205e-06 2.43754859863e-06 1.96878925274e-06 2.15629299109e-06 2.5313004678e-06 4.87509719725e-06 3.00005981369e-06 3.84382663629e-06 1.12502243013e-06 9.37518691779e-07 3.3750672904e-06 3.75007476712e-06 7.31264579588e-06 3.84382663629e-06 7.12514205752e-06 6.46887897327e-06 7.78140514176e-06 4.96884906643e-06 1.6875336452e-06 1.6875336452e-06 1.6875336452e-06 1.96878925274e-06 1.50002990685e-06 1.12502243013e-06 1.12502243013e-06 1.21877429931e-06 1.12502243013e-06 7.50014953423e-07 2.81255607534e-07 8.43766822601e-07 8.43766822601e-07 3.75007476712e-07 2.81255607534e-07 1.87503738356e-07 1.87503738356e-07 1.87503738356e-07 9.37518691779e-08 9.37518691779e-08 0.0 9.37518691779e-08
5.62511215067e-06 7.12514205752e-06 4.218834113e-06 8.15641261848e-06 8.15641261848e-06 6.56263084245e-06 4.40633785136e-06 5.5313602815e-06 3.84382663629e-06 4.59384158972e-06 3.46881915958e-06 3.00005981369e-06 2.5313004678e-06 3.00005981369e-06 2.90630794451e-06 3.09381168287e-06 2.25004486027e-06 1.96878925274e-06 3.75007476712e-06 3.84382663629e-06 9.37518691779e-07 3.46881915958e-06 4.96884906643e-06 8.0626607493e-06 2.71880420616e-06 2.5313004678e-06 5.15635280478e-06 1.50002990685e-06 6.28137523492e-06 6.75013458081e-06 5.5313602815e-06 7.87515701094e-06 4.31258598218e-06 3.28131542123e-06 9.37518691779e-07 7.50014953423e-07 7.50014953423e-07 8.43766822601e-07 7.50014953423e-07 3.75007476712e-07 4.68759345889e-07 1.87503738356e-07 1.87503738356e-07 1.87503738356e-07 5.62511215067e-07 1.87503738356e-07 2.81255607534e-07 1.87503738356e-07 2.81255607534e-07 9.37518691779e-08 9.37518691779e-08
3.65632289794e-06 4.03133037465e-06 4.31258598218e-06 6.84388644999e-06 6.28137523492e-06 6.56263084245e-06 9.28143504861e-06 5.15635280478e-06 3.00005981369e-06 6.00011962738e-06 4.31258598218e-06 3.28131542123e-06 2.25004486027e-06 2.15629299109e-06 1.96878925274e-06 1.96878925274e-06 2.90630794451e-06 1.50002990685e-06 1.50002990685e-06 6.56263084245e-06 3.46881915958e-06 3.65632289794e-06 3.09381168287e-06 3.09381168287e-06 1.96878925274e-06 2.5313004678e-06 2.15629299109e-06 1.6875336452e-06 3.75007476712e-06 6.46887897327e-06 6.46887897327e-06 8.15641261848e-06 3.00005981369e-06 4.50008972054e-06 1.87503738356e-06 2.06254112191e-06 3.09381168287e-06 1.59378177602e-06 1.21877429931e-06 1.6875336452e-06 2.81255607534e-07 2.81255607534e-07 1.87503738356e-07 2.81255607534e-07 2.81255607534e-07 3.75007476712e-07 2.81255607534e-07 1.87503738356e-07 9.37518691779e-08 1.87503738356e-07 9.37518691779e-08
3.00005981369e-06 4.87509719725e-06 3.46881915958e-06 4.31258598218e-06 8.71892383354e-06 6.28137523492e-06 6.09387149656e-06 6.28137523492e-06 5.5313602815e-06 3.65632289794e-06 6.28137523492e-06 3.84382663629e-06 1.59378177602e-06 2.62505233698e-06 1.87503738356e-06 2.62505233698e-06 1.21877429931e-06 1.21877429931e-06 3.00005981369e-06 1.96878925274e-06 2.5313004678e-06 3.00005981369e-06 8.43766822601e-07 1.12502243013e-06 2.90630794451e-06 9.37518691779e-07 1.50002990685e-06 9.37518691779e-07 1.12502243013e-06 2.43754859863e-06 6.46887897327e-06 8.0626607493e-06 5.43760841232e-06 7.2188939267e-06 3.65632289794e-06 6.46887897327e-06 1.6875336452e-06 1.50002990685e-06 3.09381168287e-06 1.96878925274e-06 8.43766822601e-07 1.21877429931e-06 3.75007476712e-07 1.21877429931e-06 3.75007476712e-07 4.68759345889e-07 8.43766822601e-07 7.50014953423e-07 1.87503738356e-07 9.37518691779e-08 9.37518691779e-08
