Example/niche_identity/models/ENFA/normalized_grids/Anolis_coelestinus.asc
ncols        743
nrows        319
xllcorner    -74.500956448335
yllcorner    17.448920549066
cellsize     0.008333333333
NODATA_value  -9999
[rows 115 to 137 of 318, columns 306 to 356 of 743]
2.45810055866e-06 3.12849162011e-06 3.35195530726e-06 3.57541899441e-06 3.57541899441e-06 4.91620111732e-06 5.58659217877e-06 4.91620111732e-06 4.69273743017e-06 8.04469273743e-06 5.13966480447e-06 6.92737430168e-06 6.92737430168e-06 5.13966480447e-06 6.92737430168e-06 6.48044692737e-06 7.59776536313e-06 1.00558659218e-05 1.45251396648e-05 2.10055865922e-05 1.1843575419e-05 1.1843575419e-05 8.49162011173e-06 7.59776536313e-06 1.00558659218e-05 1.1843575419e-05 1.45251396648e-05 1.60893854749e-05 2.27932960894e-05 2.83798882682e-05 2.54748603352e-05 2.43575418994e-05 2.56983240223e-05 2.6592178771e-05 2.68156424581e-05 2.56983240223e-05 2.77094972067e-05 2.3687150838e-05 1.54189944134e-05 2.23463687151e-05 3.24022346369e-05 2.0782122905e-05 2.16759776536e-05 2.8156424581e-05 3.03910614525e-05 2.99441340782e-05 2.83798882682e-05 2.48044692737e-05 1.4748603352e-05 1.4748603352e-05 1.22905027933e-05
1.56424581006e-06 2.01117318436e-06 3.12849162011e-06 3.12849162011e-06 3.12849162011e-06 3.12849162011e-06 4.02234636872e-06 3.57541899441e-06 4.69273743017e-06 4.91620111732e-06 4.69273743017e-06 4.91620111732e-06 5.13966480447e-06 6.48044692737e-06 6.25698324022e-06 5.58659217877e-06 5.36312849162e-06 7.15083798883e-06 6.92737430168e-06 9.38547486034e-06 1.31843575419e-05 1.51955307263e-05 1.00558659218e-05 6.92737430168e-06 6.92737430168e-06 1.1843575419e-05 1.1843575419e-05 1.6312849162e-05 1.60893854749e-05 1.89944134078e-05 1.74301675978e-05 1.49720670391e-05 2.0782122905e-05 1.6312849162e-05 1.96648044693e-05 2.43575418994e-05 1.96648044693e-05 1.6312849162e-05 2.0782122905e-05 1.89944134078e-05 1.67597765363e-05 2.3687150838e-05 2.92737430168e-05 2.8156424581e-05 2.0782122905e-05 3.2625698324e-05 2.83798882682e-05 2.43575418994e-05 2.48044692737e-05 2.27932960894e-05 1.45251396648e-05
1.56424581006e-06 1.34078212291e-06 2.01117318436e-06 1.78770949721e-06 3.12849162011e-06 2.68156424581e-06 3.12849162011e-06 4.02234636872e-06 4.69273743017e-06 4.46927374302e-06 4.69273743017e-06 4.91620111732e-06 4.91620111732e-06 4.91620111732e-06 6.03351955307e-06 5.13966480447e-06 5.13966480447e-06 5.36312849162e-06 6.48044692737e-06 6.92737430168e-06 7.59776536313e-06 7.59776536313e-06 8.26815642458e-06 1.16201117318e-05 1.02793296089e-05 1.02793296089e-05 1.00558659218e-05 1.45251396648e-05 1.29608938547e-05 1.49720670391e-05 1.54189944134e-05 1.4748603352e-05 1.96648044693e-05 1.4748603352e-05 2.10055865922e-05 1.51955307263e-05 1.6312849162e-05 1.89944134078e-05 1.83240223464e-05 1.89944134078e-05 2.8156424581e-05 2.6592178771e-05 1.51955307263e-05 8.71508379888e-06 6.92737430168e-06 1.27374301676e-05 1.1843575419e-05 2.92737430168e-05 2.6592178771e-05 2.18994413408e-05 3.01675977654e-05
1.34078212291e-06 1.34078212291e-06 1.56424581006e-06 2.01117318436e-06 2.01117318436e-06 2.68156424581e-06 3.12849162011e-06 3.35195530726e-06 3.35195530726e-06 3.35195530726e-06 4.69273743017e-06 4.46927374302e-06 3.57541899441e-06 5.13966480447e-06 5.13966480447e-06 5.13966480447e-06 5.13966480447e-06 5.13966480447e-06 5.58659217877e-06 6.92737430168e-06 6.03351955307e-06 7.59776536313e-06 1.00558659218e-05 6.92737430168e-06 8.71508379888e-06 1.00558659218e-05 1.00558659218e-05 1.00558659218e-05 1.00558659218e-05 1.36312849162e-05 1.31843575419e-05 1.31843575419e-05 1.60893854749e-05 1.36312849162e-05 1.43016759777e-05 1.85474860335e-05 1.4748603352e-05 1.49720670391e-05 1.69832402235e-05 2.41340782123e-05 2.79329608939e-05 2.48044692737e-05 1.02793296089e-05 4.91620111732e-06 2.68156424581e-06 7.59776536313e-06 6.48044692737e-06 8.26815642458e-06 5.13966480447e-06 1.13966480447e-05 1.27374301676e-05
2.01117318436e-06 1.78770949721e-06 2.01117318436e-06 1.34078212291e-06 1.78770949721e-06 2.68156424581e-06 3.12849162011e-06 3.12849162011e-06 3.35195530726e-06 3.57541899441e-06 3.35195530726e-06 3.35195530726e-06 4.46927374302e-06 4.91620111732e-06 4.69273743017e-06 4.91620111732e-06 4.91620111732e-06 5.13966480447e-06 5.81005586592e-06 6.03351955307e-06 6.92737430168e-06 1.00558659218e-05 6.48044692737e-06 8.26815642458e-06 6.92737430168e-06 8.93854748603e-06 8.49162011173e-06 1.1843575419e-05 1.00558659218e-05 1.31843575419e-05 1.00558659218e-05 1.16201117318e-05 1.51955307263e-05 1.22905027933e-05 1.60893854749e-05 1.60893854749e-05 1.40782122905e-05 1.45251396648e-05 1.89944134078e-05 2.72625698324e-05 3.01675977654e-05 2.43575418994e-05 1.43016759777e-05 1.40782122905e-05 8.26815642458e-06 1.1843575419e-05 9.60893854749e-06 6.48044692737e-06 7.82122905028e-06 5.13966480447e-06 7.59776536313e-06
2.68156424581e-06 2.68156424581e-06 1.34078212291e-06 1.56424581006e-06 2.90502793296e-06 2.68156424581e-06 2.68156424581e-06 3.35195530726e-06 3.35195530726e-06 3.12849162011e-06 3.35195530726e-06 3.79888268156e-06 3.57541899441e-06 4.02234636872e-06 4.69273743017e-06 5.13966480447e-06 5.13966480447e-06 6.92737430168e-06 1.02793296089e-05 8.26815642458e-06 7.59776536313e-06 6.70391061453e-06 6.92737430168e-06 6.92737430168e-06 5.81005586592e-06 5.13966480447e-06 6.92737430168e-06 6.92737430168e-06 1.1843575419e-05 5.81005586592e-06 7.59776536313e-06 1.22905027933e-05 9.60893854749e-06 1.27374301676e-05 1.49720670391e-05 1.6312849162e-05 1.96648044693e-05 2.23463687151e-05 2.68156424581e-05 2.61452513966e-05 2.99441340782e-05 2.72625698324e-05 2.14525139665e-05 1.83240223464e-05 1.89944134078e-05 1.60893854749e-05 1.76536312849e-05 1.4748603352e-05 1.16201117318e-05 1.1843575419e-05 1.00558659218e-05
2.68156424581e-06 2.45810055866e-06 2.68156424581e-06 2.01117318436e-06 2.01117318436e-06 2.45810055866e-06 2.68156424581e-06 3.12849162011e-06 3.12849162011e-06 4.46927374302e-06 3.57541899441e-06 3.12849162011e-06 3.57541899441e-06 4.69273743017e-06 4.91620111732e-06 6.25698324022e-06 6.48044692737e-06 9.60893854749e-06 6.92737430168e-06 7.59776536313e-06 8.49162011173e-06 8.26815642458e-06 6.92737430168e-06 6.25698324022e-06 5.13966480447e-06 5.13966480447e-06 1.1843575419e-05 1.1843575419e-05 6.48044692737e-06 1.02793296089e-05 8.49162011173e-06 2.23463687151e-05 1.1843575419e-05 1.4748603352e-05 1.31843575419e-05 1.49720670391e-05 2.25698324022e-05 2.39106145251e-05 1.98882681564e-05 2.99441340782e-05 3.08379888268e-05 2.77094972067e-05 2.45810055866e-05 2.41340782123e-05 1.89944134078e-05 2.30167597765e-05 1.96648044693e-05 1.4748603352e-05 1.45251396648e-05 1.60893854749e-05 1.16201117318e-05
1.78770949721e-06 2.23463687151e-06 3.12849162011e-06 2.68156424581e-06 2.68156424581e-06 2.68156424581e-06 3.35195530726e-06 3.12849162011e-06 3.12849162011e-06 3.12849162011e-06 3.35195530726e-06 3.12849162011e-06 3.79888268156e-06 3.79888268156e-06 5.13966480447e-06 5.13966480447e-06 5.13966480447e-06 7.82122905028e-06 6.70391061453e-06 6.92737430168e-06 6.92737430168e-06 7.37430167598e-06 1.13966480447e-05 6.92737430168e-06 5.13966480447e-06 5.13966480447e-06 5.58659217877e-06 6.92737430168e-06 1.00558659218e-05 6.25698324022e-06 6.92737430168e-06 9.83240223464e-06 1.00558659218e-05 1.60893854749e-05 1.31843575419e-05 2.48044692737e-05 2.6592178771e-05 2.70391061453e-05 2.27932960894e-05 2.56983240223e-05 2.0782122905e-05 2.48044692737e-05 2.54748603352e-05 2.27932960894e-05 2.43575418994e-05 2.48044692737e-05 2.70391061453e-05 2.23463687151e-05 1.76536312849e-05 2.0782122905e-05 1.4748603352e-05
1.56424581006e-06 2.01117318436e-06 2.68156424581e-06 2.68156424581e-06 2.68156424581e-06 2.90502793296e-06 3.12849162011e-06 3.12849162011e-06 3.12849162011e-06 3.57541899441e-06 3.12849162011e-06 3.57541899441e-06 4.46927374302e-06 3.57541899441e-06 4.91620111732e-06 4.91620111732e-06 4.91620111732e-06 6.48044692737e-06 6.48044692737e-06 5.13966480447e-06 6.92737430168e-06 6.92737430168e-06 6.92737430168e-06 7.59776536313e-06 6.48044692737e-06 4.91620111732e-06 1.00558659218e-05 1.31843575419e-05 6.70391061453e-06 6.92737430168e-06 6.92737430168e-06 8.49162011173e-06 1.4748603352e-05 1.1843575419e-05 1.96648044693e-05 2.16759776536e-05 2.32402234637e-05 2.6592178771e-05 2.59217877095e-05 2.18994413408e-05 2.41340782123e-05 1.98882681564e-05 2.48044692737e-05 2.74860335196e-05 2.43575418994e-05 2.3687150838e-05 2.48044692737e-05 1.11731843575e-05 6.92737430168e-06 7.59776536313e-06 4.46927374302e-06
1.78770949721e-06 1.34078212291e-06 2.01117318436e-06 2.68156424581e-06 2.45810055866e-06 2.01117318436e-06 3.12849162011e-06 2.90502793296e-06 3.12849162011e-06 3.35195530726e-06 3.35195530726e-06 3.35195530726e-06 3.12849162011e-06 4.69273743017e-06 4.24581005587e-06 4.69273743017e-06 4.69273743017e-06 5.58659217877e-06 6.25698324022e-06 8.49162011173e-06 7.59776536313e-06 8.49162011173e-06 8.49162011173e-06 6.48044692737e-06 1.00558659218e-05 4.91620111732e-06 1.05027932961e-05 8.49162011173e-06 5.13966480447e-06 5.13966480447e-06 6.92737430168e-06 8.04469273743e-06 1.43016759777e-05 1.6312849162e-05 1.89944134078e-05 2.43575418994e-05 1.76536312849e-05 1.96648044693e-05 2.48044692737e-05 2.56983240223e-05 2.54748603352e-05 1.51955307263e-05 6.92737430168e-06 1.1843575419e-05 1.00558659218e-05 1.00558659218e-05 4.69273743017e-06 1.16201117318e-05 6.48044692737e-06 3.35195530726e-06 2.45810055866e-06
2.45810055866e-06 1.34078212291e-06 2.01117318436e-06 1.78770949721e-06 2.90502793296e-06 1.78770949721e-06 2.45810055866e-06 3.12849162011e-06 3.12849162011e-06 3.35195530726e-06 3.35195530726e-06 4.02234636872e-06 3.57541899441e-06 4.69273743017e-06 4.69273743017e-06 4.69273743017e-06 4.91620111732e-06 4.91620111732e-06 6.48044692737e-06 5.58659217877e-06 6.48044692737e-06 4.91620111732e-06 5.13966480447e-06 8.26815642458e-06 5.13966480447e-06 5.13966480447e-06 6.92737430168e-06 6.92737430168e-06 5.81005586592e-06 6.48044692737e-06 6.25698324022e-06 1.40782122905e-05 1.13966480447e-05 1.31843575419e-05 1.78770949721e-05 2.05586592179e-05 1.45251396648e-05 2.16759776536e-05 2.56983240223e-05 2.72625698324e-05 2.77094972067e-05 2.8156424581e-05 2.0782122905e-05 1.51955307263e-05 1.43016759777e-05 1.22905027933e-05 1.29608938547e-05 1.4748603352e-05 6.92737430168e-06 4.91620111732e-06 6.25698324022e-06
2.01117318436e-06 1.78770949721e-06 1.34078212291e-06 1.78770949721e-06 2.01117318436e-06 2.68156424581e-06 3.12849162011e-06 2.45810055866e-06 3.12849162011e-06 3.12849162011e-06 3.12849162011e-06 3.12849162011e-06 4.46927374302e-06 3.57541899441e-06 4.69273743017e-06 4.91620111732e-06 6.92737430168e-06 7.59776536313e-06 6.92737430168e-06 4.69273743017e-06 5.13966480447e-06 5.13966480447e-06 8.26815642458e-06 7.59776536313e-06 6.92737430168e-06 6.92737430168e-06 5.13966480447e-06 1.00558659218e-05 1.1843575419e-05 1.31843575419e-05 6.92737430168e-06 1.29608938547e-05 1.40782122905e-05 1.02793296089e-05 1.27374301676e-05 1.67597765363e-05 2.23463687151e-05 1.49720670391e-05 2.3687150838e-05 2.16759776536e-05 2.43575418994e-05 2.83798882682e-05 2.72625698324e-05 2.83798882682e-05 2.30167597765e-05 1.60893854749e-05 1.60893854749e-05 1.6312849162e-05 1.43016759777e-05 1.31843575419e-05 7.59776536313e-06
2.45810055866e-06 2.23463687151e-06 3.12849162011e-06 2.01117318436e-06 2.01117318436e-06 2.23463687151e-06 2.68156424581e-06 2.45810055866e-06 3.12849162011e-06 3.12849162011e-06 3.35195530726e-06 3.57541899441e-06 4.46927374302e-06 4.69273743017e-06 4.91620111732e-06 4.02234636872e-06 4.91620111732e-06 5.58659217877e-06 5.58659217877e-06 5.13966480447e-06 6.92737430168e-06 4.91620111732e-06 6.92737430168e-06 4.91620111732e-06 4.91620111732e-06 5.13966480447e-06 5.58659217877e-06 6.92737430168e-06 6.92737430168e-06 1.13966480447e-05 1.27374301676e-05 1.31843575419e-05 1.00558659218e-05 1.4748603352e-05 1.58659217877e-05 1.60893854749e-05 1.43016759777e-05 2.43575418994e-05 2.3687150838e-05 2.43575418994e-05 2.68156424581e-05 2.6592178771e-05 2.6592178771e-05 2.77094972067e-05 2.83798882682e-05 2.72625698324e-05 2.18994413408e-05 2.18994413408e-05 2.18994413408e-05 1.83240223464e-05 1.29608938547e-05
2.68156424581e-06 2.90502793296e-06 3.12849162011e-06 2.68156424581e-06 2.68156424581e-06 3.12849162011e-06 2.68156424581e-06 2.45810055866e-06 2.68156424581e-06 3.12849162011e-06 3.12849162011e-06 3.35195530726e-06 4.02234636872e-06 4.69273743017e-06 4.91620111732e-06 4.91620111732e-06 5.13966480447e-06 4.91620111732e-06 6.48044692737e-06 6.92737430168e-06 5.13966480447e-06 4.69273743017e-06 4.91620111732e-06 5.13966480447e-06 5.58659217877e-06 5.58659217877e-06 6.48044692737e-06 6.92737430168e-06 1.16201117318e-05 1.25139664804e-05 8.93854748603e-06 1.00558659218e-05 1.1843575419e-05 1.51955307263e-05 1.60893854749e-05 1.31843575419e-05 1.98882681564e-05 1.45251396648e-05 2.32402234637e-05 1.89944134078e-05 2.3687150838e-05 2.8156424581e-05 2.72625698324e-05 2.99441340782e-05 2.48044692737e-05 2.6592178771e-05 2.48044692737e-05 2.68156424581e-05 2.74860335196e-05 2.23463687151e-05 1.96648044693e-05
2.68156424581e-06 2.68156424581e-06 2.68156424581e-06 2.68156424581e-06 3.12849162011e-06 3.12849162011e-06 3.12849162011e-06 3.35195530726e-06 3.12849162011e-06 3.12849162011e-06 3.12849162011e-06 3.35195530726e-06 4.46927374302e-06 4.91620111732e-06 4.91620111732e-06 5.13966480447e-06 6.48044692737e-06 5.13966480447e-06 5.13966480447e-06 5.13966480447e-06 4.91620111732e-06 4.91620111732e-06 4.69273743017e-06 8.49162011173e-06 6.92737430168e-06 6.92737430168e-06 7.59776536313e-06 9.60893854749e-06 1.00558659218e-05 1.11731843575e-05 1.1843575419e-05 1.51955307263e-05 1.60893854749e-05 1.27374301676e-05 1.89944134078e-05 1.96648044693e-05 1.58659217877e-05 1.54189944134e-05 2.23463687151e-05 2.3687150838e-05 1.96648044693e-05 2.0782122905e-05 2.48044692737e-05 2.6592178771e-05 2.43575418994e-05 2.16759776536e-05 2.6592178771e-05 2.48044692737e-05 2.3687150838e-05 2.70391061453e-05 2.05586592179e-05
1.78770949721e-06 2.45810055866e-06 2.68156424581e-06 3.35195530726e-06 3.12849162011e-06 2.90502793296e-06 3.35195530726e-06 2.90502793296e-06 3.12849162011e-06 3.12849162011e-06 3.12849162011e-06 3.57541899441e-06 3.57541899441e-06 4.69273743017e-06 4.91620111732e-06 4.91620111732e-06 4.91620111732e-06 5.81005586592e-06 5.13966480447e-06 4.91620111732e-06 4.69273743017e-06 7.59776536313e-06 6.48044692737e-06 6.25698324022e-06 7.37430167598e-06 8.49162011173e-06 1.02793296089e-05 1.1843575419e-05 1.74301675978e-05 1.6312849162e-05 1.31843575419e-05 1.4748603352e-05 1.4748603352e-05 1.4748603352e-05 1.45251396648e-05 2.0782122905e-05 2.27932960894e-05 2.43575418994e-05 2.3687150838e-05 1.96648044693e-05 2.18994413408e-05 2.72625698324e-05 2.48044692737e-05 2.72625698324e-05 2.99441340782e-05 2.77094972067e-05 2.72625698324e-05 2.43575418994e-05 2.6592178771e-05 2.6592178771e-05 1.76536312849e-05
1.56424581006e-06 2.23463687151e-06 2.01117318436e-06 3.57541899441e-06 3.12849162011e-06 3.35195530726e-06 3.12849162011e-06 3.12849162011e-06 4.24581005587e-06 2.68156424581e-06 3.57541899441e-06 3.79888268156e-06 4.46927374302e-06 4.46927374302e-06 3.57541899441e-06 4.69273743017e-06 4.46927374302e-06 5.13966480447e-06 4.91620111732e-06 4.69273743017e-06 4.91620111732e-06 5.13966480447e-06 7.59776536313e-06 6.92737430168e-06 7.37430167598e-06 1.34078212291e-05 1.51955307263e-05 1.76536312849e-05 1.98882681564e-05 1.49720670391e-05 1.74301675978e-05 1.89944134078e-05 2.48044692737e-05 2.43575418994e-05 2.3687150838e-05 2.43575418994e-05 1.87709497207e-05 1.83240223464e-05 1.96648044693e-05 2.0782122905e-05 2.6592178771e-05 2.8156424581e-05 2.72625698324e-05 2.68156424581e-05 2.8156424581e-05 2.70391061453e-05 2.68156424581e-05 2.83798882682e-05 2.16759776536e-05 2.74860335196e-05 1.60893854749e-05
2.68156424581e-06 3.35195530726e-06 2.68156424581e-06 3.12849162011e-06 3.12849162011e-06 3.35195530726e-06 3.35195530726e-06 3.12849162011e-06 3.35195530726e-06 2.45810055866e-06 3.12849162011e-06 3.57541899441e-06 3.57541899441e-06 4.69273743017e-06 4.46927374302e-06 4.69273743017e-06 4.91620111732e-06 4.46927374302e-06 4.91620111732e-06 4.69273743017e-06 4.91620111732e-06 9.83240223464e-06 1.13966480447e-05 7.59776536313e-06 9.60893854749e-06 1.00558659218e-05 1.27374301676e-05 1.69832402235e-05 1.49720670391e-05 1.98882681564e-05 1.56424581006e-05 1.87709497207e-05 2.41340782123e-05 2.56983240223e-05 1.96648044693e-05 2.56983240223e-05 2.72625698324e-05 2.70391061453e-05 2.6592178771e-05 2.72625698324e-05 2.79329608939e-05 2.70391061453e-05 2.3687150838e-05 2.77094972067e-05 2.90502793296e-05 2.83798882682e-05 2.18994413408e-05 2.48044692737e-05 2.50279329609e-05 1.60893854749e-05 1.6312849162e-05
3.35195530726e-06 3.35195530726e-06 3.12849162011e-06 3.12849162011e-06 3.12849162011e-06 3.12849162011e-06 3.12849162011e-06 3.35195530726e-06 3.57541899441e-06 3.12849162011e-06 3.57541899441e-06 3.57541899441e-06 4.46927374302e-06 4.02234636872e-06 4.69273743017e-06 4.91620111732e-06 4.69273743017e-06 4.91620111732e-06 4.91620111732e-06 4.91620111732e-06 1.00558659218e-05 1.09497206704e-05 8.71508379888e-06 9.83240223464e-06 1.00558659218e-05 1.51955307263e-05 1.27374301676e-05 1.1843575419e-05 1.67597765363e-05 1.89944134078e-05 2.0782122905e-05 2.3687150838e-05 2.43575418994e-05 2.43575418994e-05 2.43575418994e-05 2.63687150838e-05 2.61452513966e-05 2.68156424581e-05 2.56983240223e-05 2.61452513966e-05 2.0782122905e-05 2.70391061453e-05 2.72625698324e-05 2.6592178771e-05 2.8156424581e-05 2.68156424581e-05 2.16759776536e-05 2.54748603352e-05 2.23463687151e-05 1.96648044693e-05 2.68156424581e-05
2.68156424581e-06 2.01117318436e-06 2.01117318436e-06 2.23463687151e-06 2.01117318436e-06 3.12849162011e-06 3.79888268156e-06 4.24581005587e-06 3.57541899441e-06 3.35195530726e-06 3.57541899441e-06 3.35195530726e-06 4.69273743017e-06 4.91620111732e-06 4.91620111732e-06 5.81005586592e-06 6.92737430168e-06 7.59776536313e-06 6.92737430168e-06 6.92737430168e-06 1.09497206704e-05 1.00558659218e-05 1.31843575419e-05 1.00558659218e-05 1.29608938547e-05 1.45251396648e-05 1.1843575419e-05 1.49720670391e-05 1.1843575419e-05 1.60893854749e-05 1.83240223464e-05 1.96648044693e-05 1.60893854749e-05 1.69832402235e-05 1.96648044693e-05 2.54748603352e-05 2.48044692737e-05 2.6592178771e-05 2.70391061453e-05 2.68156424581e-05 2.68156424581e-05 2.6592178771e-05 2.68156424581e-05 1.89944134078e-05 2.6592178771e-05 2.68156424581e-05 2.3687150838e-05 2.18994413408e-05 1.98882681564e-05 2.18994413408e-05 2.27932960894e-05
3.12849162011e-06 2.68156424581e-06 2.90502793296e-06 2.68156424581e-06 2.01117318436e-06 2.90502793296e-06 2.68156424581e-06 3.12849162011e-06 3.35195530726e-06 3.35195530726e-06 4.46927374302e-06 3.57541899441e-06 4.69273743017e-06 4.91620111732e-06 4.91620111732e-06 5.81005586592e-06 8.93854748603e-06 6.92737430168e-06 7.59776536313e-06 9.60893854749e-06 8.49162011173e-06 1.00558659218e-05 9.60893854749e-06 7.59776536313e-06 8.26815642458e-06 8.93854748603e-06 1.40782122905e-05 1.11731843575e-05 1.1843575419e-05 1.27374301676e-05 1.83240223464e-05 1.96648044693e-05 2.0782122905e-05 1.51955307263e-05 1.6312849162e-05 2.48044692737e-05 1.98882681564e-05 2.6592178771e-05 1.98882681564e-05 2.6592178771e-05 2.61452513966e-05 2.61452513966e-05 2.6592178771e-05 2.6592178771e-05 2.8156424581e-05 2.77094972067e-05 2.48044692737e-05 2.41340782123e-05 2.0782122905e-05 1.98882681564e-05 2.0782122905e-05
2.45810055866e-06 2.68156424581e-06 2.45810055866e-06 2.68156424581e-06 3.12849162011e-06 3.12849162011e-06 3.12849162011e-06 3.12849162011e-06 3.35195530726e-06 3.35195530726e-06 4.46927374302e-06 4.69273743017e-06 4.69273743017e-06 4.46927374302e-06 4.69273743017e-06 5.13966480447e-06 5.58659217877e-06 5.81005586592e-06 6.92737430168e-06 7.59776536313e-06 8.04469273743e-06 1.29608938547e-05 8.93854748603e-06 7.59776536313e-06 1.27374301676e-05 9.38547486034e-06 1.13966480447e-05 1.1843575419e-05 1.6312849162e-05 1.31843575419e-05 1.96648044693e-05 1.51955307263e-05 1.51955307263e-05 1.60893854749e-05 1.60893854749e-05 2.43575418994e-05 2.48044692737e-05 2.56983240223e-05 1.96648044693e-05 2.61452513966e-05 2.43575418994e-05 2.68156424581e-05 2.70391061453e-05 2.77094972067e-05 2.70391061453e-05 2.6592178771e-05 2.16759776536e-05 1.96648044693e-05 2.16759776536e-05 2.23463687151e-05 1.69832402235e-05
2.45810055866e-06 2.90502793296e-06 2.68156424581e-06 2.68156424581e-06 3.12849162011e-06 3.12849162011e-06 3.12849162011e-06 3.35195530726e-06 3.57541899441e-06 3.79888268156e-06 4.02234636872e-06 3.57541899441e-06 4.69273743017e-06 4.91620111732e-06 5.13966480447e-06 6.25698324022e-06 5.58659217877e-06 7.59776536313e-06 6.48044692737e-06 5.13966480447e-06 6.92737430168e-06 8.04469273743e-06 7.59776536313e-06 1.1843575419e-05 9.60893854749e-06 9.38547486034e-06 1.43016759777e-05 1.11731843575e-05 1.1843575419e-05 1.29608938547e-05 1.78770949721e-05 1.96648044693e-05 1.96648044693e-05 2.16759776536e-05 1.49720670391e-05 2.43575418994e-05 2.43575418994e-05 1.6312849162e-05 2.43575418994e-05 2.3687150838e-05 2.56983240223e-05 2.0782122905e-05 2.6592178771e-05 2.56983240223e-05 2.72625698324e-05 2.70391061453e-05 1.67597765363e-05 2.16759776536e-05 2.0782122905e-05 2.14525139665e-05 1.89944134078e-05
