Example/niche_identity/models/ENFA/normalized_grids/Anolis_chlorocyanus_1.asc
ncols        743
nrows        319
xllcorner    -74.500956448335
yllcorner    17.448920549066
cellsize     0.008333333333
NODATA_value  -9999
[rows 46 to 68 of 318, columns 306 to 356 of 743]
8.43766822601e-06 8.0626607493e-06 8.71892383354e-06 7.87515701094e-06 6.84388644999e-06 7.12514205752e-06 6.56263084245e-06 6.46887897327e-06 6.46887897327e-06 -9999 -9999 -9999 -9999 -9999 -9999 -9999 -9999 -9999 -9999 -9999 -9999 -9999 -9999 -9999 -9999 -9999 -9999 3.75007476712e-06 4.96884906643e-06 5.5313602815e-06 3.00005981369e-06 2.62505233698e-06 1.96878925274e-06 2.25004486027e-06 3.65632289794e-06 3.09381168287e-06 3.84382663629e-06 3.46881915958e-06 2.62505233698e-06 1.6875336452e-06 2.06254112191e-06 3.84382663629e-06 3.84382663629e-06 3.09381168287e-06 2.90630794451e-06 1.87503738356e-06 2.34379672945e-06 1.96878925274e-06 2.71880420616e-06 3.00005981369e-06 2.62505233698e-06
8.9064275719e-06 8.81267570272e-06 8.81267570272e-06 8.15641261848e-06 6.75013458081e-06 7.78140514176e-06 8.43766822601e-06 7.87515701094e-06 7.31264579588e-06 7.87515701094e-06 7.68765327259e-06 6.28137523492e-06 -9999 6.75013458081e-06 6.56263084245e-06 7.50014953423e-06 6.18762336574e-06 4.87509719725e-06 -9999 -9999 -9999 -9999 -9999 -9999 -9999 -9999 -9999 6.00011962738e-06 5.06260093561e-06 4.40633785136e-06 3.00005981369e-06 1.87503738356e-06 2.90630794451e-06 3.65632289794e-06 4.31258598218e-06 3.84382663629e-06 3.75007476712e-06 3.09381168287e-06 1.50002990685e-06 1.59378177602e-06 2.90630794451e-06 3.93757850547e-06 4.218834113e-06 3.84382663629e-06 2.71880420616e-06 1.6875336452e-06 2.06254112191e-06 1.59378177602e-06 3.46881915958e-06 3.00005981369e-06 1.96878925274e-06
8.81267570272e-06 8.81267570272e-06 8.15641261848e-06 8.15641261848e-06 7.87515701094e-06 8.43766822601e-06 8.81267570272e-06 8.15641261848e-06 7.40639766505e-06 7.40639766505e-06 7.68765327259e-06 7.50014953423e-06 5.81261588903e-06 8.15641261848e-06 7.68765327259e-06 6.46887897327e-06 7.12514205752e-06 6.75013458081e-06 6.46887897327e-06 6.3751271041e-06 6.09387149656e-06 5.81261588903e-06 5.71886401985e-06 -9999 3.3750672904e-06 3.75007476712e-06 -9999 -9999 6.09387149656e-06 5.5313602815e-06 3.00005981369e-06 2.34379672945e-06 4.12508224383e-06 2.5313004678e-06 3.75007476712e-06 3.75007476712e-06 4.96884906643e-06 2.71880420616e-06 2.62505233698e-06 1.96878925274e-06 3.09381168287e-06 3.75007476712e-06 3.46881915958e-06 3.84382663629e-06 2.34379672945e-06 3.18756355205e-06 3.46881915958e-06 3.09381168287e-06 2.62505233698e-06 2.71880420616e-06 1.31252616849e-06
8.81267570272e-06 8.43766822601e-06 8.9064275719e-06 8.0626607493e-06 8.71892383354e-06 8.81267570272e-06 9.00017944108e-06 8.0626607493e-06 7.68765327259e-06 7.87515701094e-06 7.87515701094e-06 7.12514205752e-06 -9999 8.15641261848e-06 7.87515701094e-06 7.40639766505e-06 8.0626607493e-06 8.62517196437e-06 6.93763831916e-06 8.15641261848e-06 6.75013458081e-06 6.56263084245e-06 6.46887897327e-06 5.5313602815e-06 5.81261588903e-06 6.00011962738e-06 4.87509719725e-06 -9999 -9999 5.06260093561e-06 3.18756355205e-06 3.09381168287e-06 3.65632289794e-06 3.00005981369e-06 4.87509719725e-06 6.00011962738e-06 4.40633785136e-06 3.75007476712e-06 2.90630794451e-06 3.09381168287e-06 1.50002990685e-06 3.84382663629e-06 3.84382663629e-06 3.93757850547e-06 3.09381168287e-06 3.18756355205e-06 3.46881915958e-06 3.65632289794e-06 3.00005981369e-06 1.50002990685e-06 1.78128551438e-06
9.56269065614e-06 9.09393131025e-06 9.28143504861e-06 9.18768317943e-06 8.71892383354e-06 9.65644252532e-06 9.65644252532e-06 8.81267570272e-06 8.15641261848e-06 8.0626607493e-06 -9999 -9999 -9999 -9999 -9999 6.75013458081e-06 7.12514205752e-06 9.09393131025e-06 6.18762336574e-06 6.28137523492e-06 8.15641261848e-06 7.87515701094e-06 7.03139018834e-06 5.15635280478e-06 5.5313602815e-06 6.46887897327e-06 4.40633785136e-06 6.00011962738e-06 5.15635280478e-06 4.40633785136e-06 3.18756355205e-06 6.28137523492e-06 3.65632289794e-06 3.75007476712e-06 6.46887897327e-06 5.06260093561e-06 6.75013458081e-06 4.96884906643e-06 4.12508224383e-06 3.75007476712e-06 3.46881915958e-06 2.71880420616e-06 4.40633785136e-06 3.09381168287e-06 4.40633785136e-06 4.50008972054e-06 3.84382663629e-06 3.09381168287e-06 2.62505233698e-06 2.62505233698e-06 2.15629299109e-06
1.03127056096e-05 9.93769813286e-06 1.02189537404e-05 9.84394626368e-06 9.65644252532e-06 9.28143504861e-06 1.01252018712e-05 8.62517196437e-06 -9999 -9999 -9999 -9999 -9999 -9999 -9999 -9999 -9999 9.56269065614e-06 8.15641261848e-06 6.46887897327e-06 7.31264579588e-06 8.0626607493e-06 5.15635280478e-06 7.87515701094e-06 5.15635280478e-06 8.0626607493e-06 6.46887897327e-06 6.46887897327e-06 5.34385654314e-06 4.50008972054e-06 3.84382663629e-06 6.00011962738e-06 3.09381168287e-06 4.31258598218e-06 5.15635280478e-06 7.40639766505e-06 6.3751271041e-06 6.28137523492e-06 6.3751271041e-06 6.28137523492e-06 4.12508224383e-06 2.62505233698e-06 3.09381168287e-06 3.09381168287e-06 3.84382663629e-06 3.00005981369e-06 3.65632289794e-06 2.25004486027e-06 4.87509719725e-06 5.15635280478e-06 1.96878925274e-06
1.11564724322e-05 1.08752168246e-05 9.7501943945e-06 1.01252018712e-05 9.7501943945e-06 9.84394626368e-06 9.84394626368e-06 9.84394626368e-06 -9999 -9999 9.56269065614e-06 -9999 -9999 7.87515701094e-06 -9999 -9999 -9999 9.7501943945e-06 7.12514205752e-06 7.40639766505e-06 9.7501943945e-06 8.15641261848e-06 6.46887897327e-06 7.31264579588e-06 7.68765327259e-06 7.87515701094e-06 5.81261588903e-06 7.87515701094e-06 6.56263084245e-06 6.28137523492e-06 6.46887897327e-06 6.46887897327e-06 5.34385654314e-06 4.50008972054e-06 6.00011962738e-06 6.28137523492e-06 4.96884906643e-06 5.15635280478e-06 6.28137523492e-06 6.28137523492e-06 5.5313602815e-06 3.84382663629e-06 3.09381168287e-06 3.09381168287e-06 2.62505233698e-06 3.09381168287e-06 2.5313004678e-06 3.00005981369e-06 4.31258598218e-06 5.15635280478e-06 3.65632289794e-06
1.14377280397e-05 1.15314799089e-05 1.02189537404e-05 1.05002093479e-05 1.1062720563e-05 1.09689686938e-05 1.09689686938e-05 9.93769813286e-06 1.04064574787e-05 9.84394626368e-06 9.84394626368e-06 9.56269065614e-06 9.7501943945e-06 9.09393131025e-06 9.7501943945e-06 -9999 1.09689686938e-05 1.01252018712e-05 8.15641261848e-06 6.93763831916e-06 9.56269065614e-06 8.25016448765e-06 9.46893878697e-06 8.15641261848e-06 6.46887897327e-06 6.46887897327e-06 7.12514205752e-06 7.87515701094e-06 6.46887897327e-06 6.00011962738e-06 7.78140514176e-06 7.12514205752e-06 7.87515701094e-06 4.40633785136e-06 4.96884906643e-06 5.5313602815e-06 3.65632289794e-06 5.15635280478e-06 6.28137523492e-06 6.00011962738e-06 5.15635280478e-06 4.96884906643e-06 4.87509719725e-06 5.43760841232e-06 3.46881915958e-06 3.18756355205e-06 3.84382663629e-06 3.65632289794e-06 3.93757850547e-06 5.15635280478e-06 2.5313004678e-06
1.18127355164e-05 1.15314799089e-05 1.12502243013e-05 1.14377280397e-05 1.12502243013e-05 1.15314799089e-05 1.15314799089e-05 1.11564724322e-05 1.09689686938e-05 9.84394626368e-06 1.0031450002e-05 9.93769813286e-06 1.09689686938e-05 9.7501943945e-06 1.01252018712e-05 -9999 9.84394626368e-06 9.18768317943e-06 9.84394626368e-06 9.7501943945e-06 9.7501943945e-06 8.81267570272e-06 8.15641261848e-06 9.84394626368e-06 6.46887897327e-06 6.46887897327e-06 7.12514205752e-06 7.40639766505e-06 7.12514205752e-06 6.46887897327e-06 8.9064275719e-06 7.31264579588e-06 6.00011962738e-06 6.46887897327e-06 7.87515701094e-06 6.28137523492e-06 6.3751271041e-06 5.5313602815e-06 5.43760841232e-06 6.28137523492e-06 5.06260093561e-06 5.06260093561e-06 5.06260093561e-06 4.03133037465e-06 7.12514205752e-06 6.00011962738e-06 5.06260093561e-06 2.25004486027e-06 4.12508224383e-06 3.46881915958e-06 2.90630794451e-06
1.21877429931e-05 1.12502243013e-05 1.15314799089e-05 1.24689986007e-05 1.19064873856e-05 1.21877429931e-05 1.12502243013e-05 1.19064873856e-05 1.14377280397e-05 1.12502243013e-05 9.93769813286e-06 1.01252018712e-05 1.11564724322e-05 1.15314799089e-05 9.84394626368e-06 1.09689686938e-05 1.02189537404e-05 1.12502243013e-05 9.84394626368e-06 1.09689686938e-05 1.09689686938e-05 7.87515701094e-06 8.15641261848e-06 7.50014953423e-06 8.9064275719e-06 8.62517196437e-06 6.93763831916e-06 8.0626607493e-06 6.46887897327e-06 5.43760841232e-06 8.43766822601e-06 8.15641261848e-06 5.15635280478e-06 6.28137523492e-06 7.31264579588e-06 8.43766822601e-06 6.46887897327e-06 5.06260093561e-06 5.06260093561e-06 8.15641261848e-06 5.06260093561e-06 6.00011962738e-06 6.56263084245e-06 6.46887897327e-06 4.96884906643e-06 3.18756355205e-06 3.75007476712e-06 3.84382663629e-06 4.31258598218e-06 4.87509719725e-06 3.75007476712e-06
1.2656502339e-05 1.21877429931e-05 1.30315098157e-05 1.36877729e-05 1.27502542082e-05 1.37815247691e-05 1.34065172924e-05 1.45315397226e-05 1.21877429931e-05 1.15314799089e-05 1.19064873856e-05 1.17189836472e-05 1.12502243013e-05 1.15314799089e-05 1.09689686938e-05 1.07814649555e-05 1.15314799089e-05 1.09689686938e-05 9.56269065614e-06 1.06877130863e-05 1.09689686938e-05 1.01252018712e-05 5.15635280478e-06 7.87515701094e-06 1.09689686938e-05 9.84394626368e-06 8.81267570272e-06 7.87515701094e-06 4.40633785136e-06 7.87515701094e-06 7.87515701094e-06 6.56263084245e-06 6.28137523492e-06 6.46887897327e-06 8.9064275719e-06 9.7501943945e-06 5.62511215067e-06 6.28137523492e-06 8.15641261848e-06 6.28137523492e-06 6.46887897327e-06 6.75013458081e-06 4.87509719725e-06 7.03139018834e-06 3.84382663629e-06 7.87515701094e-06 4.40633785136e-06 5.15635280478e-06 7.87515701094e-06 3.09381168287e-06 4.50008972054e-06
1.37815247691e-05 1.41565322459e-05 1.43440359842e-05 1.4250284115e-05 1.4250284115e-05 1.43440359842e-05 1.46252915918e-05 1.53753065452e-05 1.40627803767e-05 1.19064873856e-05 1.35002691616e-05 1.16252317781e-05 1.1062720563e-05 1.12502243013e-05 1.16252317781e-05 1.19064873856e-05 9.7501943945e-06 1.03127056096e-05 1.02189537404e-05 1.18127355164e-05 1.02189537404e-05 9.56269065614e-06 7.87515701094e-06 7.87515701094e-06 1.07814649555e-05 1.02189537404e-05 9.28143504861e-06 7.31264579588e-06 7.12514205752e-06 7.12514205752e-06 1.01252018712e-05 6.84388644999e-06 6.28137523492e-06 8.34391635683e-06 7.12514205752e-06 7.87515701094e-06 6.46887897327e-06 6.75013458081e-06 6.46887897327e-06 8.81267570272e-06 9.65644252532e-06 6.28137523492e-06 8.15641261848e-06 5.15635280478e-06 4.40633785136e-06 6.28137523492e-06 8.9064275719e-06 8.15641261848e-06 3.18756355205e-06 3.75007476712e-06 3.18756355205e-06
1.39690285075e-05 1.19064873856e-05 1.50002990685e-05 1.43440359842e-05 1.66878327137e-05 1.66878327137e-05 1.86566219664e-05 1.62190733678e-05 1.50940509376e-05 1.50002990685e-05 1.33127654233e-05 1.35002691616e-05 1.12502243013e-05 1.22814948623e-05 1.29377579465e-05 1.19064873856e-05 1.05002093479e-05 1.09689686938e-05 1.09689686938e-05 1.19064873856e-05 1.20939911239e-05 1.03127056096e-05 9.09393131025e-06 9.56269065614e-06 9.84394626368e-06 1.05002093479e-05 6.28137523492e-06 6.65638271163e-06 8.15641261848e-06 9.84394626368e-06 7.87515701094e-06 7.31264579588e-06 7.87515701094e-06 6.46887897327e-06 9.00017944108e-06 6.56263084245e-06 7.12514205752e-06 6.46887897327e-06 7.68765327259e-06 7.68765327259e-06 9.56269065614e-06 8.81267570272e-06 4.87509719725e-06 4.87509719725e-06 1.09689686938e-05 8.81267570272e-06 1.09689686938e-05 9.56269065614e-06 8.0626607493e-06 7.78140514176e-06 4.40633785136e-06
1.50002990685e-05 1.6312825237e-05 1.53753065452e-05 1.73440957979e-05 1.88441257048e-05 1.92191331815e-05 1.73440957979e-05 1.88441257048e-05 1.6312825237e-05 1.43440359842e-05 1.50940509376e-05 1.22814948623e-05 1.41565322459e-05 1.15314799089e-05 1.40627803767e-05 1.32190135541e-05 1.28440060774e-05 1.19064873856e-05 1.31252616849e-05 1.35002691616e-05 1.22814948623e-05 1.15314799089e-05 9.09393131025e-06 7.87515701094e-06 9.00017944108e-06 9.56269065614e-06 8.15641261848e-06 5.81261588903e-06 6.46887897327e-06 9.37518691779e-06 9.65644252532e-06 8.15641261848e-06 7.2188939267e-06 6.84388644999e-06 1.0031450002e-05 6.28137523492e-06 4.50008972054e-06 9.00017944108e-06 1.01252018712e-05 6.75013458081e-06 8.43766822601e-06 8.15641261848e-06 8.81267570272e-06 5.43760841232e-06 7.87515701094e-06 5.5313602815e-06 6.46887897327e-06 5.15635280478e-06 4.40633785136e-06 5.15635280478e-06 1.02189537404e-05
1.47190434609e-05 1.6312825237e-05 1.80003588822e-05 1.88441257048e-05 1.62190733678e-05 1.49065471993e-05 1.73440957979e-05 1.73440957979e-05 1.61253214986e-05 1.50002990685e-05 1.5281554676e-05 1.09689686938e-05 1.50940509376e-05 1.44377878534e-05 1.4250284115e-05 1.28440060774e-05 1.36877729e-05 1.50940509376e-05 1.19064873856e-05 1.15314799089e-05 1.2656502339e-05 1.02189537404e-05 1.08752168246e-05 1.17189836472e-05 7.2188939267e-06 6.56263084245e-06 5.5313602815e-06 1.2656502339e-05 1.12502243013e-05 9.46893878697e-06 6.28137523492e-06 8.43766822601e-06 7.87515701094e-06 1.01252018712e-05 7.87515701094e-06 5.34385654314e-06 6.46887897327e-06 8.0626607493e-06 7.12514205752e-06 4.40633785136e-06 5.15635280478e-06 5.62511215067e-06 1.04064574787e-05 6.28137523492e-06 9.00017944108e-06 7.31264579588e-06 5.15635280478e-06 3.46881915958e-06 4.31258598218e-06 6.75013458081e-06 8.15641261848e-06
1.67815845828e-05 1.51878028068e-05 1.73440957979e-05 1.9500388789e-05 1.67815845828e-05 1.5281554676e-05 1.50002990685e-05 1.72503439287e-05 1.73440957979e-05 1.39690285075e-05 1.2656502339e-05 1.21877429931e-05 1.50002990685e-05 1.48127953301e-05 1.19064873856e-05 1.37815247691e-05 1.39690285075e-05 1.49065471993e-05 1.15314799089e-05 1.31252616849e-05 1.02189537404e-05 9.7501943945e-06 1.15314799089e-05 1.17189836472e-05 1.17189836472e-05 8.9064275719e-06 6.28137523492e-06 8.43766822601e-06 1.09689686938e-05 8.53142009519e-06 7.40639766505e-06 6.46887897327e-06 6.28137523492e-06 7.87515701094e-06 6.56263084245e-06 7.78140514176e-06 1.01252018712e-05 1.02189537404e-05 7.31264579588e-06 7.03139018834e-06 6.46887897327e-06 3.65632289794e-06 5.15635280478e-06 8.53142009519e-06 8.81267570272e-06 4.03133037465e-06 7.87515701094e-06 5.06260093561e-06 6.56263084245e-06 6.46887897327e-06 8.62517196437e-06
1.66878327137e-05 1.70628401904e-05 1.81878626205e-05 1.64065771061e-05 1.91253813123e-05 1.80941107513e-05 1.6312825237e-05 1.70628401904e-05 1.70628401904e-05 1.60315696294e-05 1.5281554676e-05 1.4250284115e-05 1.50002990685e-05 1.40627803767e-05 1.50002990685e-05 1.5281554676e-05 1.4250284115e-05 1.50940509376e-05 1.43440359842e-05 1.20939911239e-05 1.15314799089e-05 9.84394626368e-06 1.12502243013e-05 1.21877429931e-05 1.21877429931e-05 8.43766822601e-06 9.18768317943e-06 9.18768317943e-06 1.15314799089e-05 1.14377280397e-05 6.46887897327e-06 6.28137523492e-06 5.15635280478e-06 7.68765327259e-06 4.40633785136e-06 8.9064275719e-06 3.75007476712e-06 6.09387149656e-06 9.93769813286e-06 6.46887897327e-06 4.40633785136e-06 8.15641261848e-06 6.28137523492e-06 7.87515701094e-06 6.28137523492e-06 8.81267570272e-06 3.65632289794e-06 5.15635280478e-06 4.12508224383e-06 6.28137523492e-06 6.46887897327e-06
1.73440957979e-05 1.88441257048e-05 1.90316294431e-05 1.80941107513e-05 1.91253813123e-05 1.93128850506e-05 1.72503439287e-05 1.86566219664e-05 1.60315696294e-05 1.81878626205e-05 1.37815247691e-05 1.39690285075e-05 1.41565322459e-05 1.47190434609e-05 1.65940808445e-05 1.43440359842e-05 1.19064873856e-05 1.39690285075e-05 1.36877729e-05 1.21877429931e-05 1.12502243013e-05 1.01252018712e-05 1.27502542082e-05 1.03127056096e-05 1.13439761705e-05 9.93769813286e-06 9.09393131025e-06 9.28143504861e-06 9.7501943945e-06 9.09393131025e-06 6.46887897327e-06 6.46887897327e-06 9.09393131025e-06 1.08752168246e-05 8.53142009519e-06 6.46887897327e-06 7.87515701094e-06 5.06260093561e-06 8.15641261848e-06 5.15635280478e-06 6.28137523492e-06 8.81267570272e-06 9.09393131025e-06 4.31258598218e-06 5.06260093561e-06 4.87509719725e-06 8.53142009519e-06 4.68759345889e-06 6.75013458081e-06 6.00011962738e-06 4.96884906643e-06
1.92191331815e-05 1.70628401904e-05 1.88441257048e-05 1.98753962657e-05 1.88441257048e-05 1.78128551438e-05 1.76253514054e-05 1.83753663589e-05 1.54690584144e-05 1.43440359842e-05 1.2656502339e-05 1.80003588822e-05 1.55628102835e-05 1.85628700972e-05 1.39690285075e-05 1.29377579465e-05 1.32190135541e-05 1.17189836472e-05 9.93769813286e-06 1.16252317781e-05 1.50002990685e-05 1.12502243013e-05 1.13439761705e-05 1.09689686938e-05 9.09393131025e-06 8.71892383354e-06 8.81267570272e-06 1.21877429931e-05 6.93763831916e-06 4.40633785136e-06 6.28137523492e-06 4.87509719725e-06 1.11564724322e-05 1.11564724322e-05 7.87515701094e-06 6.75013458081e-06 1.09689686938e-05 1.08752168246e-05 9.18768317943e-06 7.12514205752e-06 4.31258598218e-06 8.15641261848e-06 7.31264579588e-06 6.28137523492e-06 4.12508224383e-06 9.37518691779e-06 6.56263084245e-06 6.46887897327e-06 6.09387149656e-06 6.28137523492e-06 5.5313602815e-06
1.73440957979e-05 1.88441257048e-05 1.99691481349e-05 1.88441257048e-05 1.80941107513e-05 1.81878626205e-05 1.65940808445e-05 1.92191331815e-05 1.57503140219e-05 1.4250284115e-05 1.60315696294e-05 1.7906607013e-05 1.44377878534e-05 1.78128551438e-05 1.39690285075e-05 1.29377579465e-05 1.15314799089e-05 1.32190135541e-05 1.15314799089e-05 1.09689686938e-05 1.27502542082e-05 1.04064574787e-05 1.14377280397e-05 9.09393131025e-06 9.09393131025e-06 9.84394626368e-06 8.81267570272e-06 1.15314799089e-05 9.84394626368e-06 7.12514205752e-06 6.00011962738e-06 6.28137523492e-06 6.46887897327e-06 6.46887897327e-06 7.50014953423e-06 5.71886401985e-06 7.78140514176e-06 6.28137523492e-06 9.93769813286e-06 6.75013458081e-06 7.12514205752e-06 7.31264579588e-06 7.87515701094e-06 7.87515701094e-06 7.87515701094e-06 8.81267570272e-06 4.59384158972e-06 3.84382663629e-06 6.46887897327e-06 5.15635280478e-06 6.46887897327e-06
1.80941107513e-05 1.88441257048e-05 1.99691481349e-05 1.81878626205e-05 1.88441257048e-05 1.73440957979e-05 1.88441257048e-05 1.50002990685e-05 1.56565621527e-05 1.80941107513e-05 1.60315696294e-05 1.58440658911e-05 1.60315696294e-05 1.69690883212e-05 1.4250284115e-05 1.60315696294e-05 1.43440359842e-05 1.56565621527e-05 1.20002392548e-05 1.19064873856e-05 9.28143504861e-06 1.19064873856e-05 1.17189836472e-05 9.93769813286e-06 9.84394626368e-06 9.28143504861e-06 1.05002093479e-05 9.93769813286e-06 8.81267570272e-06 8.43766822601e-06 8.9064275719e-06 7.87515701094e-06 5.5313602815e-06 4.78134532807e-06 6.56263084245e-06 8.43766822601e-06 1.08752168246e-05 7.31264579588e-06 6.56263084245e-06 3.65632289794e-06 7.59390140341e-06 8.9064275719e-06 5.15635280478e-06 8.71892383354e-06 9.84394626368e-06 7.68765327259e-06 5.5313602815e-06 4.03133037465e-06 3.00005981369e-06 8.43766822601e-06 8.81267570272e-06
1.96878925274e-05 1.7906607013e-05 1.94066369198e-05 1.99691481349e-05 2.053165935e-05 1.92191331815e-05 1.83753663589e-05 1.83753663589e-05 1.61253214986e-05 1.67815845828e-05 1.62190733678e-05 1.74378476671e-05 1.72503439287e-05 1.55628102835e-05 1.61253214986e-05 1.41565322459e-05 1.33127654233e-05 1.41565322459e-05 1.09689686938e-05 1.4250284115e-05 1.34065172924e-05 1.33127654233e-05 1.19064873856e-05 1.39690285075e-05 1.19064873856e-05 1.02189537404e-05 1.12502243013e-05 8.62517196437e-06 9.7501943945e-06 7.87515701094e-06 6.46887897327e-06 7.12514205752e-06 4.31258598218e-06 7.2188939267e-06 6.46887897327e-06 9.28143504861e-06 7.87515701094e-06 1.09689686938e-05 8.0626607493e-06 9.00017944108e-06 8.9064275719e-06 7.12514205752e-06 6.00011962738e-06 6.46887897327e-06 8.43766822601e-06 7.31264579588e-06 3.09381168287e-06 5.5313602815e-06 3.75007476712e-06 9.65644252532e-06 8.81267570272e-06
2.14691780417e-05 1.99691481349e-05 1.97816443965e-05 1.99691481349e-05 2.01566518732e-05 1.86566219664e-05 1.92191331815e-05 1.70628401904e-05 1.82816144897e-05 1.94066369198e-05 2.10004186958e-05 1.67815845828e-05 1.80941107513e-05 1.81878626205e-05 1.35002691616e-05 1.50002990685e-05 1.61253214986e-05 1.50940509376e-05 1.50940509376e-05 1.43440359842e-05 1.41565322459e-05 1.14377280397e-05 1.19064873856e-05 8.9064275719e-06 1.12502243013e-05 1.09689686938e-05 1.29377579465e-05 9.84394626368e-06 9.56269065614e-06 8.0626607493e-06 6.84388644999e-06 9.09393131025e-06 6.09387149656e-06 7.12514205752e-06 7.31264579588e-06 5.15635280478e-06 4.40633785136e-06 1.19064873856e-05 7.87515701094e-06 1.17189836472e-05 8.43766822601e-06 6.28137523492e-06 6.28137523492e-06 5.06260093561e-06 5.15635280478e-06 6.56263084245e-06 7.87515701094e-06 5.43760841232e-06 8.9064275719e-06 5.15635280478e-06 5.62511215067e-06
