Example/niche_identity/models/ENFA/normalized_grids/Anolis_chlorocyanus_1.asc
ncols        743
nrows        319
xllcorner    -74.500956448335
yllcorner    17.448920549066
cellsize     0.008333333333
NODATA_value  -9999
[rows 138 to 160 of 318, columns 255 to 305 of 743]
2.71880420616e-06 3.00005981369e-06 2.06254112191e-06 1.96878925274e-06 2.5313004678e-06 1.96878925274e-06 7.50014953423e-07 8.43766822601e-07 8.43766822601e-07 8.43766822601e-07 8.43766822601e-07 1.96878925274e-06 3.75007476712e-06 6.75013458081e-06 1.50002990685e-06 3.09381168287e-06 1.6875336452e-06 2.81255607534e-07 8.43766822601e-07 3.75007476712e-07 1.21877429931e-06 1.6875336452e-06 8.43766822601e-07 2.81255607534e-07 3.75007476712e-07 3.75007476712e-07 1.87503738356e-07 8.43766822601e-07 8.43766822601e-07 1.96878925274e-06 1.6875336452e-06 3.00005981369e-06 7.12514205752e-06 1.09689686938e-05 1.09689686938e-05 6.3751271041e-06 9.56269065614e-06 1.15314799089e-05 1.32190135541e-05 1.15314799089e-05 1.09689686938e-05 7.40639766505e-06 5.81261588903e-06 2.34379672945e-06 4.31258598218e-06 1.96878925274e-06 2.06254112191e-06 3.46881915958e-06 1.6875336452e-06 1.96878925274e-06 8.43766822601e-07
3.75007476712e-06 2.5313004678e-06 2.06254112191e-06 3.18756355205e-06 1.6875336452e-06 2.34379672945e-06 1.40627803767e-06 5.62511215067e-07 5.62511215067e-07 8.43766822601e-07 8.43766822601e-07 8.43766822601e-07 1.31252616849e-06 1.21877429931e-06 1.87503738356e-06 4.40633785136e-06 1.12502243013e-06 5.62511215067e-07 3.75007476712e-07 7.50014953423e-07 3.75007476712e-07 8.43766822601e-07 4.68759345889e-07 1.87503738356e-07 2.81255607534e-07 2.81255607534e-07 9.37518691779e-08 9.37518691779e-08 9.37518691779e-08 1.87503738356e-07 3.75007476712e-07 2.81255607534e-07 9.37518691779e-07 8.43766822601e-07 1.59378177602e-06 4.87509719725e-06 1.07814649555e-05 1.14377280397e-05 1.28440060774e-05 1.19064873856e-05 1.09689686938e-05 7.87515701094e-06 9.56269065614e-06 7.31264579588e-06 3.75007476712e-06 3.00005981369e-06 2.90630794451e-06 1.59378177602e-06 1.78128551438e-06 8.43766822601e-07 1.21877429931e-06
3.84382663629e-06 1.96878925274e-06 1.50002990685e-06 1.12502243013e-06 9.37518691779e-07 1.21877429931e-06 2.34379672945e-06 1.21877429931e-06 8.43766822601e-07 3.75007476712e-07 8.43766822601e-07 9.37518691779e-07 1.50002990685e-06 1.96878925274e-06 2.62505233698e-06 6.28137523492e-06 4.40633785136e-06 1.78128551438e-06 2.81255607534e-07 2.81255607534e-07 8.43766822601e-07 8.43766822601e-07 8.43766822601e-07 3.75007476712e-07 2.81255607534e-07 9.37518691779e-08 9.37518691779e-08 2.81255607534e-07 1.87503738356e-07 9.37518691779e-08 9.37518691779e-08 9.37518691779e-08 9.37518691779e-08 9.37518691779e-08 9.37518691779e-08 1.6875336452e-06 4.40633785136e-06 1.03127056096e-05 1.14377280397e-05 1.18127355164e-05 1.19064873856e-05 1.08752168246e-05 9.7501943945e-06 1.01252018712e-05 4.87509719725e-06 3.3750672904e-06 2.06254112191e-06 1.21877429931e-06 8.43766822601e-07 5.62511215067e-07 3.75007476712e-07
3.18756355205e-06 2.62505233698e-06 2.06254112191e-06 1.50002990685e-06 1.50002990685e-06 1.21877429931e-06 1.96878925274e-06 9.37518691779e-07 8.43766822601e-07 8.43766822601e-07 8.43766822601e-07 6.56263084245e-07 2.81255607534e-07 3.75007476712e-07 1.31252616849e-06 1.50002990685e-06 1.59378177602e-06 1.40627803767e-06 2.81255607534e-07 9.37518691779e-08 8.43766822601e-07 3.75007476712e-07 2.81255607534e-07 3.75007476712e-07 1.87503738356e-07 7.50014953423e-07 1.87503738356e-07 1.87503738356e-07 1.87503738356e-07 9.37518691779e-08 9.37518691779e-08 9.37518691779e-08 9.37518691779e-08 9.37518691779e-08 9.37518691779e-08 9.37518691779e-08 1.6875336452e-06 3.46881915958e-06 9.84394626368e-06 1.15314799089e-05 1.19064873856e-05 9.56269065614e-06 1.2656502339e-05 1.08752168246e-05 3.93757850547e-06 9.37518691779e-07 3.18756355205e-06 8.43766822601e-07 8.43766822601e-07 8.43766822601e-07 8.43766822601e-07
1.12502243013e-05 4.40633785136e-06 3.09381168287e-06 1.78128551438e-06 3.18756355205e-06 1.21877429931e-06 1.50002990685e-06 1.12502243013e-06 8.43766822601e-07 9.37518691779e-07 1.21877429931e-06 1.21877429931e-06 7.50014953423e-07 8.43766822601e-07 1.21877429931e-06 8.43766822601e-07 1.87503738356e-07 8.43766822601e-07 3.75007476712e-07 1.87503738356e-07 8.43766822601e-07 3.75007476712e-07 1.87503738356e-07 7.50014953423e-07 3.75007476712e-07 7.50014953423e-07 1.87503738356e-07 9.37518691779e-08 9.37518691779e-08 1.87503738356e-07 9.37518691779e-08 9.37518691779e-08 9.37518691779e-08 9.37518691779e-08 9.37518691779e-08 0.0 9.37518691779e-08 1.12502243013e-06 1.31252616849e-06 9.28143504861e-06 7.87515701094e-06 1.02189537404e-05 1.15314799089e-05 5.62511215067e-06 2.81255607534e-07 9.37518691779e-08 1.31252616849e-06 8.43766822601e-07 8.43766822601e-07 8.43766822601e-07 3.75007476712e-07
1.08752168246e-05 7.12514205752e-06 5.15635280478e-06 1.6875336452e-06 2.25004486027e-06 1.12502243013e-06 1.21877429931e-06 1.6875336452e-06 8.43766822601e-07 9.37518691779e-07 8.43766822601e-07 1.21877429931e-06 9.37518691779e-07 1.21877429931e-06 8.43766822601e-07 8.43766822601e-07 8.43766822601e-07 2.81255607534e-07 3.75007476712e-07 1.87503738356e-07 3.75007476712e-07 9.37518691779e-08 3.75007476712e-07 3.75007476712e-07 3.75007476712e-07 1.21877429931e-06 3.75007476712e-07 2.81255607534e-07 9.37518691779e-08 9.37518691779e-08 0.0 0.0 0.0 0.0 9.37518691779e-08 9.37518691779e-08 9.37518691779e-08 9.37518691779e-08 1.21877429931e-06 2.81255607534e-06 3.84382663629e-06 5.15635280478e-06 1.21877429931e-06 2.81255607534e-07 1.87503738356e-07 2.81255607534e-07 1.87503738356e-07 1.59378177602e-06 3.75007476712e-07 3.75007476712e-07 8.43766822601e-07
1.32190135541e-05 7.87515701094e-06 9.65644252532e-06 7.78140514176e-06 5.06260093561e-06 1.96878925274e-06 2.15629299109e-06 1.50002990685e-06 1.21877429931e-06 8.43766822601e-07 6.56263084245e-07 8.43766822601e-07 7.50014953423e-07 1.50002990685e-06 7.50014953423e-07 4.68759345889e-07 4.68759345889e-07 8.43766822601e-07 4.68759345889e-07 2.81255607534e-07 2.81255607534e-07 3.75007476712e-07 2.81255607534e-07 8.43766822601e-07 1.96878925274e-06 1.21877429931e-06 2.81255607534e-07 1.87503738356e-07 1.87503738356e-07 9.37518691779e-08 9.37518691779e-08 9.37518691779e-08 9.37518691779e-08 9.37518691779e-08 9.37518691779e-08 9.37518691779e-08 9.37518691779e-08 9.37518691779e-08 9.37518691779e-08 1.87503738356e-07 9.37518691779e-08 9.37518691779e-08 2.81255607534e-07 1.87503738356e-07 2.81255607534e-07 3.75007476712e-07 8.43766822601e-07 4.68759345889e-07 2.81255607534e-07 2.81255607534e-07 8.43766822601e-07
1.32190135541e-05 1.15314799089e-05 1.14377280397e-05 5.43760841232e-06 6.46887897327e-06 3.65632289794e-06 1.50002990685e-06 1.50002990685e-06 8.43766822601e-07 8.43766822601e-07 8.43766822601e-07 1.21877429931e-06 8.43766822601e-07 8.43766822601e-07 8.43766822601e-07 8.43766822601e-07 8.43766822601e-07 1.21877429931e-06 7.50014953423e-07 4.68759345889e-07 3.75007476712e-07 2.81255607534e-07 9.37518691779e-08 2.81255607534e-07 3.75007476712e-07 1.21877429931e-06 2.81255607534e-07 9.37518691779e-08 9.37518691779e-08 1.87503738356e-07 9.37518691779e-08 9.37518691779e-08 9.37518691779e-08 0.0 9.37518691779e-08 9.37518691779e-08 9.37518691779e-08 1.87503738356e-07 8.43766822601e-07 8.43766822601e-07 2.81255607534e-07 9.37518691779e-08 9.37518691779e-08 3.75007476712e-07 1.96878925274e-06 1.96878925274e-06 8.43766822601e-07 2.81255607534e-07 6.56263084245e-07 2.81255607534e-07 8.43766822601e-07
1.12502243013e-05 1.20002392548e-05 1.20002392548e-05 9.09393131025e-06 7.12514205752e-06 7.12514205752e-06 3.84382663629e-06 1.78128551438e-06 5.5313602815e-06 2.43754859863e-06 1.59378177602e-06 1.21877429931e-06 8.43766822601e-07 1.6875336452e-06 1.6875336452e-06 1.96878925274e-06 1.12502243013e-06 9.37518691779e-07 8.43766822601e-07 8.43766822601e-07 8.43766822601e-07 7.50014953423e-07 1.87503738356e-07 3.75007476712e-07 2.81255607534e-07 9.37518691779e-08 1.87503738356e-07 9.37518691779e-08 9.37518691779e-08 9.37518691779e-08 9.37518691779e-08 9.37518691779e-08 9.37518691779e-08 9.37518691779e-08 1.87503738356e-07 9.37518691779e-08 9.37518691779e-08 2.81255607534e-07 4.03133037465e-06 9.09393131025e-06 1.12502243013e-05 4.68759345889e-07 1.87503738356e-07 1.87503738356e-07 1.78128551438e-06 1.12502243013e-06 3.75007476712e-07 4.68759345889e-07 2.81255607534e-07 2.81255607534e-07 9.37518691779e-07
7.12514205752e-06 7.2188939267e-06 1.21877429931e-05 1.2656502339e-05 6.75013458081e-06 9.09393131025e-06 6.46887897327e-06 5.62511215067e-06 1.02189537404e-05 3.75007476712e-06 5.34385654314e-06 1.96878925274e-06 3.65632289794e-06 2.90630794451e-06 4.87509719725e-06 3.09381168287e-06 1.96878925274e-06 1.21877429931e-06 1.12502243013e-06 8.43766822601e-07 8.43766822601e-07 1.21877429931e-06 3.75007476712e-07 8.43766822601e-07 2.81255607534e-07 1.87503738356e-07 1.87503738356e-07 9.37518691779e-08 9.37518691779e-08 9.37518691779e-08 9.37518691779e-08 9.37518691779e-08 2.81255607534e-07 9.37518691779e-08 9.37518691779e-08 0.0 9.37518691779e-08 1.87503738356e-07 5.62511215067e-06 1.4250284115e-05 1.19064873856e-05 3.00005981369e-06 1.87503738356e-07 1.87503738356e-07 1.50002990685e-06 3.00005981369e-06 8.43766822601e-07 3.75007476712e-07 3.75007476712e-07 1.12502243013e-06 1.50002990685e-06
2.90630794451e-06 4.87509719725e-06 1.11564724322e-05 1.28440060774e-05 1.19064873856e-05 1.15314799089e-05 1.19064873856e-05 1.29377579465e-05 1.21877429931e-05 1.23752467315e-05 1.19064873856e-05 1.13439761705e-05 1.09689686938e-05 3.3750672904e-06 8.15641261848e-06 6.56263084245e-06 4.87509719725e-06 2.62505233698e-06 1.21877429931e-06 7.50014953423e-07 5.62511215067e-07 8.43766822601e-07 3.75007476712e-07 4.68759345889e-07 3.75007476712e-07 2.81255607534e-07 2.81255607534e-07 9.37518691779e-08 9.37518691779e-08 9.37518691779e-08 1.87503738356e-07 9.37518691779e-08 9.37518691779e-08 9.37518691779e-08 9.37518691779e-08 0.0 9.37518691779e-08 9.37518691779e-08 3.46881915958e-06 1.08752168246e-05 1.12502243013e-05 7.31264579588e-06 8.43766822601e-07 3.75007476712e-07 8.43766822601e-07 7.50014953423e-07 7.50014953423e-07 7.50014953423e-07 1.50002990685e-06 2.06254112191e-06 8.43766822601e-07
7.87515701094e-06 1.08752168246e-05 1.33127654233e-05 1.32190135541e-05 1.19064873856e-05 1.2656502339e-05 1.40627803767e-05 1.19064873856e-05 1.39690285075e-05 1.12502243013e-05 7.2188939267e-06 1.05002093479e-05 1.15314799089e-05 1.13439761705e-05 1.19064873856e-05 1.12502243013e-05 8.9064275719e-06 8.43766822601e-06 3.84382663629e-06 1.50002990685e-06 3.75007476712e-07 4.68759345889e-07 8.43766822601e-07 8.43766822601e-07 1.21877429931e-06 2.81255607534e-07 7.50014953423e-07 3.75007476712e-07 2.81255607534e-07 3.75007476712e-07 9.37518691779e-08 9.37518691779e-08 9.37518691779e-08 1.87503738356e-07 9.37518691779e-08 0.0 9.37518691779e-08 9.37518691779e-08 8.43766822601e-07 1.09689686938e-05 7.68765327259e-06 1.15314799089e-05 1.03127056096e-05 8.81267570272e-06 6.00011962738e-06 2.71880420616e-06 8.43766822601e-07 1.12502243013e-06 7.50014953423e-07 1.12502243013e-06 2.25004486027e-06
8.15641261848e-06 1.05002093479e-05 1.19064873856e-05 1.15314799089e-05 1.31252616849e-05 1.19064873856e-05 1.32190135541e-05 1.17189836472e-05 1.27502542082e-05 1.30315098157e-05 1.2656502339e-05 1.12502243013e-05 9.56269065614e-06 1.11564724322e-05 1.15314799089e-05 1.12502243013e-05 1.12502243013e-05 1.09689686938e-05 7.96890888012e-06 3.09381168287e-06 1.78128551438e-06 8.43766822601e-07 8.43766822601e-07 3.75007476712e-07 3.75007476712e-07 3.75007476712e-07 7.50014953423e-07 1.87503738356e-07 3.75007476712e-07 2.81255607534e-07 9.37518691779e-08 1.87503738356e-07 9.37518691779e-08 9.37518691779e-08 1.87503738356e-07 9.37518691779e-08 9.37518691779e-08 1.87503738356e-07 9.37518691779e-08 1.78128551438e-06 1.19064873856e-05 7.50014953423e-06 7.40639766505e-06 1.08752168246e-05 1.12502243013e-05 1.01252018712e-05 6.46887897327e-06 3.84382663629e-06 2.06254112191e-06 1.50002990685e-06 1.31252616849e-06
1.12502243013e-05 1.13439761705e-05 1.35002691616e-05 1.12502243013e-05 1.1062720563e-05 1.14377280397e-05 1.2656502339e-05 1.28440060774e-05 1.31252616849e-05 1.09689686938e-05 1.36877729e-05 1.21877429931e-05 1.21877429931e-05 8.15641261848e-06 7.12514205752e-06 6.28137523492e-06 1.12502243013e-05 1.19064873856e-05 1.11564724322e-05 1.03127056096e-05 6.46887897327e-06 1.21877429931e-06 1.12502243013e-06 4.68759345889e-07 7.50014953423e-07 8.43766822601e-07 8.43766822601e-07 7.50014953423e-07 2.81255607534e-07 2.81255607534e-07 2.81255607534e-07 2.81255607534e-07 9.37518691779e-08 1.87503738356e-07 1.87503738356e-07 9.37518691779e-08 9.37518691779e-08 2.81255607534e-07 9.37518691779e-08 1.03127056096e-06 9.65644252532e-06 1.19064873856e-05 4.87509719725e-06 6.28137523492e-06 1.17189836472e-05 1.09689686938e-05 1.09689686938e-05 1.03127056096e-05 7.12514205752e-06 1.6875336452e-06 8.43766822601e-07
1.33127654233e-05 1.30315098157e-05 1.15314799089e-05 9.84394626368e-06 6.46887897327e-06 4.31258598218e-06 8.71892383354e-06 1.01252018712e-05 1.2656502339e-05 1.18127355164e-05 1.09689686938e-05 1.34065172924e-05 1.2656502339e-05 1.09689686938e-05 9.18768317943e-06 8.71892383354e-06 9.84394626368e-06 1.14377280397e-05 1.17189836472e-05 1.18127355164e-05 6.28137523492e-06 2.43754859863e-06 1.50002990685e-06 7.50014953423e-07 8.43766822601e-07 1.21877429931e-06 3.75007476712e-07 7.50014953423e-07 1.87503738356e-07 2.81255607534e-07 2.81255607534e-07 9.37518691779e-08 9.37518691779e-08 9.37518691779e-08 1.87503738356e-07 1.87503738356e-07 2.81255607534e-07 1.87503738356e-07 3.75007476712e-07 1.12502243013e-06 2.5313004678e-06 6.84388644999e-06 1.15314799089e-05 1.02189537404e-05 5.15635280478e-06 7.87515701094e-06 1.09689686938e-05 1.35002691616e-05 1.09689686938e-05 1.50002990685e-06 1.21877429931e-06
1.37815247691e-05 1.08752168246e-05 5.15635280478e-06 1.96878925274e-06 3.00005981369e-06 3.65632289794e-06 6.56263084245e-06 1.02189537404e-05 1.21877429931e-05 1.35002691616e-05 1.09689686938e-05 1.19064873856e-05 1.17189836472e-05 1.15314799089e-05 1.43440359842e-05 1.37815247691e-05 1.11564724322e-05 1.0031450002e-05 1.04064574787e-05 6.28137523492e-06 5.15635280478e-06 1.6875336452e-06 1.50002990685e-06 7.50014953423e-07 8.43766822601e-07 8.43766822601e-07 8.43766822601e-07 3.75007476712e-07 5.62511215067e-07 2.81255607534e-07 6.56263084245e-07 9.37518691779e-08 2.81255607534e-07 3.75007476712e-07 3.75007476712e-07 2.81255607534e-07 2.81255607534e-07 3.75007476712e-07 9.37518691779e-08 2.43754859863e-06 2.43754859863e-06 5.15635280478e-06 6.75013458081e-06 1.14377280397e-05 1.18127355164e-05 4.96884906643e-06 6.00011962738e-06 1.0031450002e-05 1.34065172924e-05 6.09387149656e-06 3.3750672904e-06
1.09689686938e-05 1.37815247691e-05 9.65644252532e-06 1.78128551438e-06 5.5313602815e-06 4.03133037465e-06 6.84388644999e-06 7.87515701094e-06 1.12502243013e-05 1.29377579465e-05 1.15314799089e-05 1.2656502339e-05 1.27502542082e-05 1.09689686938e-05 8.15641261848e-06 8.15641261848e-06 9.28143504861e-06 8.15641261848e-06 3.84382663629e-06 4.87509719725e-06 3.65632289794e-06 1.6875336452e-06 1.6875336452e-06 1.50002990685e-06 8.43766822601e-07 9.37518691779e-07 1.21877429931e-06 1.96878925274e-06 6.56263084245e-07 7.50014953423e-07 3.75007476712e-07 1.87503738356e-07 2.81255607534e-07 8.43766822601e-07 1.12502243013e-06 3.75007476712e-07 3.75007476712e-07 3.75007476712e-07 3.75007476712e-07 1.12502243013e-06 3.84382663629e-06 5.5313602815e-06 5.43760841232e-06 1.05002093479e-05 1.03127056096e-05 1.19064873856e-05 1.03127056096e-05 6.3751271041e-06 1.27502542082e-05 1.17189836472e-05 3.46881915958e-06
1.2656502339e-05 1.29377579465e-05 1.4250284115e-05 1.12502243013e-05 6.46887897327e-06 7.40639766505e-06 3.46881915958e-06 5.5313602815e-06 1.19064873856e-05 1.2656502339e-05 1.12502243013e-05 1.09689686938e-05 1.29377579465e-05 1.16252317781e-05 9.09393131025e-06 9.09393131025e-06 6.28137523492e-06 5.5313602815e-06 4.87509719725e-06 3.00005981369e-06 3.09381168287e-06 3.75007476712e-06 2.90630794451e-06 1.96878925274e-06 1.59378177602e-06 1.12502243013e-06 1.78128551438e-06 8.43766822601e-07 1.21877429931e-06 3.75007476712e-07 3.75007476712e-07 8.43766822601e-07 3.75007476712e-07 3.75007476712e-07 3.75007476712e-07 8.43766822601e-07 3.75007476712e-07 2.81255607534e-07 3.75007476712e-07 1.21877429931e-06 8.43766822601e-07 3.75007476712e-06 8.43766822601e-07 1.09689686938e-05 7.12514205752e-06 1.08752168246e-05 1.41565322459e-05 1.29377579465e-05 1.09689686938e-05 1.01252018712e-05 4.87509719725e-06
1.19064873856e-05 1.39690285075e-05 1.4250284115e-05 1.32190135541e-05 1.01252018712e-05 6.46887897327e-06 4.40633785136e-06 2.81255607534e-06 9.09393131025e-06 1.18127355164e-05 1.19064873856e-05 1.19064873856e-05 1.19064873856e-05 1.02189537404e-05 1.05939612171e-05 9.7501943945e-06 8.15641261848e-06 5.43760841232e-06 6.46887897327e-06 5.06260093561e-06 4.218834113e-06 3.09381168287e-06 2.62505233698e-06 1.6875336452e-06 1.6875336452e-06 2.25004486027e-06 1.50002990685e-06 8.43766822601e-07 1.50002990685e-06 9.37518691779e-07 1.50002990685e-06 8.43766822601e-07 3.75007476712e-07 9.37518691779e-07 4.68759345889e-07 1.21877429931e-06 4.68759345889e-07 1.50002990685e-06 1.12502243013e-06 1.78128551438e-06 1.21877429931e-06 9.37518691779e-07 9.37518691779e-07 2.71880420616e-06 3.09381168287e-06 5.15635280478e-06 9.28143504861e-06 1.35002691616e-05 9.93769813286e-06 6.28137523492e-06 3.75007476712e-06
1.2656502339e-05 1.24689986007e-05 1.37815247691e-05 1.09689686938e-05 1.40627803767e-05 1.19064873856e-05 3.18756355205e-06 3.75007476712e-06 6.75013458081e-06 1.08752168246e-05 1.15314799089e-05 1.21877429931e-05 1.12502243013e-05 9.84394626368e-06 1.11564724322e-05 8.43766822601e-06 9.46893878697e-06 6.56263084245e-06 6.28137523492e-06 6.56263084245e-06 4.96884906643e-06 5.06260093561e-06 5.15635280478e-06 3.00005981369e-06 3.00005981369e-06 2.62505233698e-06 3.09381168287e-06 2.43754859863e-06 1.50002990685e-06 1.40627803767e-06 1.96878925274e-06 8.43766822601e-07 8.43766822601e-07 1.21877429931e-06 1.40627803767e-06 1.21877429931e-06 1.12502243013e-06 1.21877429931e-06 1.12502243013e-06 7.50014953423e-07 1.40627803767e-06 1.50002990685e-06 2.06254112191e-06 2.34379672945e-06 1.78128551438e-06 3.56257102876e-06 3.09381168287e-06 6.09387149656e-06 6.00011962738e-06 3.84382663629e-06 7.12514205752e-06
1.13439761705e-05 1.39690285075e-05 1.14377280397e-05 1.4250284115e-05 1.2656502339e-05 1.21877429931e-05 1.19064873856e-05 1.20002392548e-05 1.35002691616e-05 1.19064873856e-05 1.41565322459e-05 1.17189836472e-05 1.14377280397e-05 1.14377280397e-05 1.08752168246e-05 1.13439761705e-05 1.09689686938e-05 9.18768317943e-06 7.87515701094e-06 6.56263084245e-06 5.5313602815e-06 4.03133037465e-06 3.09381168287e-06 2.62505233698e-06 3.84382663629e-06 3.75007476712e-06 2.43754859863e-06 2.43754859863e-06 3.00005981369e-06 1.50002990685e-06 1.50002990685e-06 8.43766822601e-07 2.06254112191e-06 1.21877429931e-06 2.06254112191e-06 1.96878925274e-06 1.6875336452e-06 1.78128551438e-06 1.21877429931e-06 1.12502243013e-06 3.00005981369e-06 3.00005981369e-06 1.96878925274e-06 2.81255607534e-06 3.93757850547e-06 3.75007476712e-06 5.15635280478e-06 4.40633785136e-06 6.00011962738e-06 1.05002093479e-05 1.03127056096e-05
1.54690584144e-05 1.40627803767e-05 1.47190434609e-05 1.41565322459e-05 1.14377280397e-05 8.81267570272e-06 7.40639766505e-06 7.59390140341e-06 1.12502243013e-05 1.24689986007e-05 1.39690285075e-05 1.2656502339e-05 1.4250284115e-05 1.17189836472e-05 1.15314799089e-05 1.17189836472e-05 1.15314799089e-05 1.09689686938e-05 6.28137523492e-06 8.15641261848e-06 4.40633785136e-06 4.40633785136e-06 5.06260093561e-06 5.62511215067e-06 5.06260093561e-06 5.62511215067e-06 3.84382663629e-06 1.96878925274e-06 3.00005981369e-06 3.28131542123e-06 2.62505233698e-06 1.50002990685e-06 3.46881915958e-06 3.00005981369e-06 1.31252616849e-06 2.62505233698e-06 3.65632289794e-06 3.84382663629e-06 3.46881915958e-06 3.56257102876e-06 3.93757850547e-06 3.84382663629e-06 4.218834113e-06 4.31258598218e-06 4.218834113e-06 6.28137523492e-06 6.28137523492e-06 5.71886401985e-06 4.50008972054e-06 6.28137523492e-06 1.09689686938e-05
1.50002990685e-05 1.43440359842e-05 1.34065172924e-05 1.22814948623e-05 1.12502243013e-05 6.46887897327e-06 5.5313602815e-06 1.08752168246e-05 8.0626607493e-06 1.17189836472e-05 1.11564724322e-05 1.19064873856e-05 1.32190135541e-05 1.15314799089e-05 1.27502542082e-05 1.19064873856e-05 1.2656502339e-05 1.14377280397e-05 1.05002093479e-05 8.81267570272e-06 9.7501943945e-06 9.84394626368e-06 6.00011962738e-06 6.28137523492e-06 7.2188939267e-06 6.46887897327e-06 3.75007476712e-06 6.46887897327e-06 6.09387149656e-06 5.15635280478e-06 2.71880420616e-06 3.75007476712e-06 3.75007476712e-06 3.75007476712e-06 3.65632289794e-06 1.6875336452e-06 3.09381168287e-06 5.06260093561e-06 4.218834113e-06 3.46881915958e-06 4.31258598218e-06 5.15635280478e-06 6.28137523492e-06 5.5313602815e-06 8.15641261848e-06 8.0626607493e-06 8.15641261848e-06 1.08752168246e-05 6.46887897327e-06 7.68765327259e-06 9.65644252532e-06
