Example/niche_identity/models/ENFA/normalized_grids/chlorocyanus_0.asc
ncols        743
nrows        319
xllcorner    -74.500956448335
yllcorner    17.448920549066
cellsize     0.008333333333
NODATA_value  -9999
[rows 138 to 160 of 318, columns 357 to 407 of 743]
1.59670393575e-05 1.56749593692e-05 1.50907993927e-05 1.62591193457e-05 1.52855193849e-05 1.48960794006e-05 1.56749593692e-05 1.19752795181e-05 1.60643993536e-05 1.52855193849e-05 1.40198394358e-05 1.55775993732e-05 1.4214559428e-05 1.40198394358e-05 1.44092794202e-05 1.39224794398e-05 1.28515194829e-05 1.33383194633e-05 1.09043195612e-05 1.09043195612e-05 1.12937595455e-05 1.20726395142e-05 8.66503965132e-06 1.1877919522e-05 1.20726395142e-05 1.15858395338e-05 9.3465596239e-06 1.01254395926e-05 1.29488794789e-05 1.20726395142e-05 1.23647195024e-05 1.23647195024e-05 1.08069595651e-05 7.59407969441e-06 9.73599960822e-06 7.20463971009e-06 5.64687977277e-06 7.20463971009e-06 3.89439984329e-06 2.92079988247e-06 2.7260798903e-06 9.73599960822e-07 1.94719992164e-07 1.94719992164e-07 1.94719992164e-07 0.0 9.73599960822e-08 2.14191991381e-06 4.86799980411e-07 3.89439984329e-07 3.89439984329e-07
1.7719519287e-05 1.69406393183e-05 1.73300793026e-05 1.45066394163e-05 1.55775993732e-05 1.59670393575e-05 1.44092794202e-05 1.71353593105e-05 1.72327193066e-05 1.5382879381e-05 1.45066394163e-05 1.55775993732e-05 1.10990395534e-05 1.32409594672e-05 1.20726395142e-05 1.29488794789e-05 1.28515194829e-05 1.20726395142e-05 1.12937595455e-05 1.10016795573e-05 1.00280795965e-05 1.25594394946e-05 1.12937595455e-05 1.12937595455e-05 7.59407969441e-06 1.08069595651e-05 9.83335960431e-06 1.20726395142e-05 7.98351967874e-06 1.12937595455e-05 1.00280795965e-05 8.17823967091e-06 1.11963995495e-05 1.08069595651e-05 4.67327981195e-06 7.00991971792e-06 9.24919962781e-06 3.01815987855e-06 4.57591981587e-06 3.69967985113e-06 1.75247992948e-06 2.33663990597e-06 1.94719992164e-07 5.84159976493e-07 7.78879968658e-07 7.78879968658e-07 1.94719992164e-07 7.78879968658e-07 2.7260798903e-06 5.25743978844e-06 3.89439984329e-07
1.75247992948e-05 1.61617593497e-05 1.6551199334e-05 1.67459193261e-05 1.56749593692e-05 1.52855193849e-05 1.59670393575e-05 1.69406393183e-05 1.59670393575e-05 1.6551199334e-05 1.49934393967e-05 1.50907993927e-05 1.22673595064e-05 1.20726395142e-05 1.40198394358e-05 1.35330394554e-05 1.39224794398e-05 1.14884795377e-05 1.08069595651e-05 1.12937595455e-05 1.04175195808e-05 7.49671969833e-06 1.19752795181e-05 1.02227995886e-05 7.59407969441e-06 8.56767965524e-06 1.12937595455e-05 1.08069595651e-05 7.49671969833e-06 8.66503965132e-06 1.10990395534e-05 7.59407969441e-06 1.1780559526e-05 8.66503965132e-06 1.0612239573e-05 6.23103974926e-06 2.7260798903e-06 5.45215978061e-06 3.01815987855e-06 3.79703984721e-06 3.60231985504e-06 2.7260798903e-06 4.86799980411e-07 3.89439984329e-07 4.86799980411e-07 2.43399990206e-06 1.6551199334e-06 1.16831995299e-06 3.99175983937e-06 3.99175983937e-06 1.16831995299e-06
1.49934393967e-05 1.6551199334e-05 1.6551199334e-05 1.44092794202e-05 1.56749593692e-05 1.59670393575e-05 1.59670393575e-05 1.63564793418e-05 1.66485593301e-05 1.4214559428e-05 1.52855193849e-05 1.28515194829e-05 1.37277594476e-05 1.29488794789e-05 1.28515194829e-05 1.31435994711e-05 1.12937595455e-05 1.08069595651e-05 1.11963995495e-05 1.01254395926e-05 1.01254395926e-05 1.08069595651e-05 1.00280795965e-05 1.08069595651e-05 1.1780559526e-05 1.08069595651e-05 1.20726395142e-05 9.44391961998e-06 7.00991971792e-06 1.10016795573e-05 9.54127961606e-06 1.1780559526e-05 7.98351967874e-06 9.05447963565e-06 1.11963995495e-05 7.00991971792e-06 7.00991971792e-06 5.25743978844e-06 2.92079988247e-06 2.7260798903e-06 3.79703984721e-06 1.16831995299e-06 8.7623996474e-07 3.89439984329e-07 9.73599960822e-07 2.33663990597e-06 4.77063980803e-06 2.92079988247e-06 6.13367975318e-06 5.64687977277e-06 2.33663990597e-06
1.71353593105e-05 1.84983992556e-05 1.85957592517e-05 1.35330394554e-05 1.69406393183e-05 1.56749593692e-05 1.79142392791e-05 1.52855193849e-05 1.69406393183e-05 1.56749593692e-05 1.44092794202e-05 1.27541594868e-05 1.39224794398e-05 1.49934393967e-05 1.49934393967e-05 1.40198394358e-05 1.09043195612e-05 1.00280795965e-05 1.24620794985e-05 1.28515194829e-05 1.20726395142e-05 1.20726395142e-05 1.50907993927e-05 1.19752795181e-05 1.08069595651e-05 5.74423976885e-06 1.11963995495e-05 1.1877919522e-05 1.20726395142e-05 9.83335960431e-06 7.20463971009e-06 7.00991971792e-06 9.93071960039e-06 1.14884795377e-05 1.20726395142e-05 8.66503965132e-06 7.49671969833e-06 9.3465596239e-06 4.18647983154e-06 2.23927990989e-06 5.45215978061e-06 5.54951977669e-06 5.35479978452e-06 3.60231985504e-06 3.89439984329e-07 1.26567994907e-06 4.96535980019e-06 7.59407969441e-06 9.73599960822e-06 5.25743978844e-06 2.33663990597e-06
1.52855193849e-05 1.59670393575e-05 1.69406393183e-05 1.84010392595e-05 1.59670393575e-05 1.60643993536e-05 1.6551199334e-05 1.5382879381e-05 1.73300793026e-05 1.60643993536e-05 1.25594394946e-05 1.28515194829e-05 1.01254395926e-05 1.28515194829e-05 1.52855193849e-05 1.39224794398e-05 1.19752795181e-05 1.12937595455e-05 1.00280795965e-05 1.12937595455e-05 1.28515194829e-05 1.11963995495e-05 1.04175195808e-05 1.12937595455e-05 8.56767965524e-06 1.00280795965e-05 1.10016795573e-05 1.00280795965e-05 1.12937595455e-05 8.66503965132e-06 8.66503965132e-06 7.30199970617e-06 1.28515194829e-05 9.44391961998e-06 8.17823967091e-06 1.19752795181e-05 7.49671969833e-06 9.83335960431e-06 7.20463971009e-06 5.25743978844e-06 3.60231985504e-06 8.56767965524e-06 5.64687977277e-06 3.60231985504e-06 2.82343988639e-06 1.16831995299e-06 2.92079988247e-06 7.30199970617e-06 7.20463971009e-06 3.01815987855e-06 4.18647983154e-06
1.6551199334e-05 1.5382879381e-05 1.49934393967e-05 1.76221592909e-05 1.59670393575e-05 1.71353593105e-05 1.6551199334e-05 1.73300793026e-05 1.7719519287e-05 1.5382879381e-05 1.29488794789e-05 1.26567994907e-05 1.12937595455e-05 1.12937595455e-05 1.32409594672e-05 1.32409594672e-05 1.35330394554e-05 1.11963995495e-05 1.12937595455e-05 8.66503965132e-06 1.32409594672e-05 1.40198394358e-05 1.35330394554e-05 1.08069595651e-05 1.08069595651e-05 1.09043195612e-05 6.32839974535e-06 1.11963995495e-05 1.23647195024e-05 1.23647195024e-05 7.59407969441e-06 9.3465596239e-06 1.12937595455e-05 1.15858395338e-05 1.09043195612e-05 1.10990395534e-05 1.08069595651e-05 7.30199970617e-06 7.20463971009e-06 7.39935970225e-06 4.57591981587e-06 3.60231985504e-06 7.59407969441e-06 3.60231985504e-06 5.64687977277e-06 2.92079988247e-06 5.54951977669e-06 7.59407969441e-06 7.39935970225e-06 4.08911983545e-06 1.16831995299e-06
1.55775993732e-05 1.56749593692e-05 1.84010392595e-05 1.52855193849e-05 1.41171994319e-05 1.66485593301e-05 1.50907993927e-05 1.69406393183e-05 1.78168792831e-05 1.56749593692e-05 1.4214559428e-05 1.11963995495e-05 1.32409594672e-05 1.39224794398e-05 1.45066394163e-05 1.15858395338e-05 1.44092794202e-05 1.20726395142e-05 1.32409594672e-05 1.31435994711e-05 1.20726395142e-05 1.12937595455e-05 1.1780559526e-05 9.83335960431e-06 1.10016795573e-05 1.12937595455e-05 1.35330394554e-05 1.23647195024e-05 7.49671969833e-06 9.83335960431e-06 1.11963995495e-05 7.6914396905e-06 7.98351967874e-06 1.12937595455e-05 8.56767965524e-06 8.17823967091e-06 1.12937595455e-05 1.00280795965e-05 6.13367975318e-06 1.00280795965e-05 6.62047973359e-06 1.10016795573e-05 7.49671969833e-06 7.49671969833e-06 3.79703984721e-06 7.49671969833e-06 8.56767965524e-06 6.71783972967e-06 1.08069595651e-05 8.95711963957e-06 4.57591981587e-06
1.81089592713e-05 1.78168792831e-05 1.67459193261e-05 1.49934393967e-05 1.46039994123e-05 1.56749593692e-05 1.59670393575e-05 1.57723193653e-05 1.52855193849e-05 1.45066394163e-05 1.50907993927e-05 1.52855193849e-05 1.55775993732e-05 1.56749593692e-05 1.28515194829e-05 1.45066394163e-05 1.01254395926e-05 1.39224794398e-05 1.0612239573e-05 1.1780559526e-05 1.20726395142e-05 1.23647195024e-05 8.56767965524e-06 1.01254395926e-05 7.30199970617e-06 1.10990395534e-05 1.08069595651e-05 9.83335960431e-06 1.19752795181e-05 1.10016795573e-05 8.66503965132e-06 9.83335960431e-06 7.00991971792e-06 8.95711963957e-06 9.73599960822e-06 8.95711963957e-06 1.0612239573e-05 7.59407969441e-06 7.59407969441e-06 8.17823967091e-06 1.08069595651e-05 7.59407969441e-06 4.67327981195e-06 7.98351967874e-06 9.73599960822e-06 3.99175983937e-06 5.25743978844e-06 5.54951977669e-06 7.30199970617e-06 9.73599960822e-06 5.93895976102e-06
1.71353593105e-05 1.5382879381e-05 1.81089592713e-05 1.78168792831e-05 1.69406393183e-05 1.61617593497e-05 1.52855193849e-05 1.55775993732e-05 1.59670393575e-05 1.56749593692e-05 1.32409594672e-05 1.6551199334e-05 1.44092794202e-05 1.50907993927e-05 1.32409594672e-05 1.22673595064e-05 1.35330394554e-05 1.09043195612e-05 1.27541594868e-05 1.27541594868e-05 1.28515194829e-05 1.24620794985e-05 1.12937595455e-05 1.22673595064e-05 1.12937595455e-05 1.00280795965e-05 1.09043195612e-05 1.08069595651e-05 1.08069595651e-05 7.6914396905e-06 1.28515194829e-05 7.00991971792e-06 1.12937595455e-05 7.20463971009e-06 8.66503965132e-06 1.08069595651e-05 9.73599960822e-06 8.95711963957e-06 7.59407969441e-06 1.00280795965e-05 9.3465596239e-06 7.49671969833e-06 1.10016795573e-05 7.59407969441e-06 6.81519972576e-06 7.59407969441e-06 7.00991971792e-06 7.49671969833e-06 5.64687977277e-06 8.56767965524e-06 8.85975964348e-06
1.72327193066e-05 1.59670393575e-05 1.59670393575e-05 1.59670393575e-05 1.73300793026e-05 1.55775993732e-05 1.55775993732e-05 1.52855193849e-05 1.52855193849e-05 1.39224794398e-05 1.44092794202e-05 1.50907993927e-05 1.55775993732e-05 1.28515194829e-05 1.40198394358e-05 1.12937595455e-05 1.4214559428e-05 1.44092794202e-05 1.20726395142e-05 1.38251194437e-05 1.44092794202e-05 9.24919962781e-06 8.66503965132e-06 1.01254395926e-05 1.10016795573e-05 1.01254395926e-05 8.66503965132e-06 9.05447963565e-06 1.26567994907e-05 7.98351967874e-06 8.66503965132e-06 6.32839974535e-06 7.39935970225e-06 8.7623996474e-06 6.62047973359e-06 7.59407969441e-06 8.66503965132e-06 8.66503965132e-06 1.01254395926e-05 1.20726395142e-05 9.83335960431e-06 7.49671969833e-06 7.98351967874e-06 1.00280795965e-05 1.01254395926e-05 6.13367975318e-06 5.64687977277e-06 7.49671969833e-06 7.20463971009e-06 6.42575974143e-06 8.27559966699e-06
1.76221592909e-05 1.72327193066e-05 1.69406393183e-05 1.49934393967e-05 1.60643993536e-05 1.56749593692e-05 1.44092794202e-05 1.63564793418e-05 1.60643993536e-05 1.57723193653e-05 1.28515194829e-05 1.19752795181e-05 1.32409594672e-05 1.35330394554e-05 1.28515194829e-05 1.28515194829e-05 1.49934393967e-05 1.29488794789e-05 1.40198394358e-05 1.28515194829e-05 1.26567994907e-05 1.10016795573e-05 1.37277594476e-05 1.10016795573e-05 7.00991971792e-06 1.09043195612e-05 1.34356794593e-05 9.05447963565e-06 1.00280795965e-05 7.20463971009e-06 1.08069595651e-05 7.59407969441e-06 9.83335960431e-06 1.20726395142e-05 1.09043195612e-05 9.73599960822e-06 7.59407969441e-06 1.0612239573e-05 8.95711963957e-06 1.00280795965e-05 1.0612239573e-05 9.05447963565e-06 1.08069595651e-05 7.98351967874e-06 1.04175195808e-05 8.56767965524e-06 7.59407969441e-06 9.44391961998e-06 7.20463971009e-06 6.52311973751e-06 9.73599960822e-06
1.69406393183e-05 1.76221592909e-05 1.71353593105e-05 1.70379993144e-05 1.7719519287e-05 1.52855193849e-05 1.52855193849e-05 1.44092794202e-05 1.4214559428e-05 1.63564793418e-05 1.52855193849e-05 1.35330394554e-05 1.44092794202e-05 1.28515194829e-05 1.29488794789e-05 1.23647195024e-05 1.0612239573e-05 1.1780559526e-05 1.12937595455e-05 1.49934393967e-05 1.08069595651e-05 1.11963995495e-05 1.12937595455e-05 8.66503965132e-06 1.36303994515e-05 1.12937595455e-05 7.59407969441e-06 1.1780559526e-05 1.12937595455e-05 1.0612239573e-05 7.30199970617e-06 7.59407969441e-06 1.00280795965e-05 9.83335960431e-06 7.49671969833e-06 5.64687977277e-06 9.63863961214e-06 5.45215978061e-06 7.59407969441e-06 6.91255972184e-06 7.59407969441e-06 8.66503965132e-06 1.12937595455e-05 1.12937595455e-05 8.66503965132e-06 1.09043195612e-05 1.11963995495e-05 8.66503965132e-06 1.20726395142e-05 9.73599960822e-06 9.24919962781e-06
1.75247992948e-05 1.59670393575e-05 1.6551199334e-05 1.79142392791e-05 1.72327193066e-05 1.71353593105e-05 1.45066394163e-05 1.51881593888e-05 1.28515194829e-05 1.57723193653e-05 1.56749593692e-05 1.4214559428e-05 1.49934393967e-05 1.44092794202e-05 1.4214559428e-05 1.44092794202e-05 1.39224794398e-05 1.1780559526e-05 1.22673595064e-05 1.24620794985e-05 1.08069595651e-05 1.1780559526e-05 9.73599960822e-06 1.23647195024e-05 1.20726395142e-05 7.00991971792e-06 1.28515194829e-05 8.85975964348e-06 8.17823967091e-06 1.11963995495e-05 9.83335960431e-06 1.00280795965e-05 7.49671969833e-06 5.64687977277e-06 8.37295966307e-06 1.19752795181e-05 1.12937595455e-05 6.23103974926e-06 7.78879968658e-06 1.01254395926e-05 1.00280795965e-05 1.01254395926e-05 8.27559966699e-06 1.01254395926e-05 9.83335960431e-06 1.08069595651e-05 7.59407969441e-06 1.10016795573e-05 1.00280795965e-05 9.05447963565e-06 1.11963995495e-05
1.76221592909e-05 1.79142392791e-05 1.75247992948e-05 1.76221592909e-05 1.69406393183e-05 1.47987194045e-05 1.49934393967e-05 1.5382879381e-05 1.52855193849e-05 1.49934393967e-05 1.29488794789e-05 1.22673595064e-05 1.49934393967e-05 1.35330394554e-05 1.29488794789e-05 1.20726395142e-05 1.27541594868e-05 1.35330394554e-05 1.25594394946e-05 1.28515194829e-05 1.32409594672e-05 1.27541594868e-05 1.10990395534e-05 1.11963995495e-05 1.40198394358e-05 7.59407969441e-06 1.11963995495e-05 1.01254395926e-05 1.00280795965e-05 9.83335960431e-06 9.83335960431e-06 1.01254395926e-05 1.00280795965e-05 1.11963995495e-05 7.59407969441e-06 7.39935970225e-06 7.30199970617e-06 7.39935970225e-06 8.56767965524e-06 7.30199970617e-06 7.78879968658e-06 1.16831995299e-05 1.01254395926e-05 7.98351967874e-06 7.20463971009e-06 1.0612239573e-05 8.17823967091e-06 1.04175195808e-05 1.12937595455e-05 1.20726395142e-05 9.83335960431e-06
1.69406393183e-05 1.60643993536e-05 1.61617593497e-05 1.45066394163e-05 1.55775993732e-05 1.35330394554e-05 1.4214559428e-05 1.36303994515e-05 1.31435994711e-05 1.19752795181e-05 1.39224794398e-05 1.28515194829e-05 1.19752795181e-05 1.40198394358e-05 1.36303994515e-05 1.35330394554e-05 1.25594394946e-05 1.44092794202e-05 1.12937595455e-05 1.12937595455e-05 1.29488794789e-05 1.12937595455e-05 7.59407969441e-06 1.22673595064e-05 1.28515194829e-05 1.01254395926e-05 8.7623996474e-06 1.0612239573e-05 9.3465596239e-06 1.08069595651e-05 8.7623996474e-06 7.6914396905e-06 9.83335960431e-06 8.7623996474e-06 8.17823967091e-06 1.01254395926e-05 7.59407969441e-06 7.78879968658e-06 1.20726395142e-05 7.59407969441e-06 1.0612239573e-05 8.56767965524e-06 1.04175195808e-05 9.83335960431e-06 8.56767965524e-06 8.56767965524e-06 8.66503965132e-06 9.83335960431e-06 8.37295966307e-06 7.59407969441e-06 9.83335960431e-06
1.75247992948e-05 1.69406393183e-05 1.5382879381e-05 1.44092794202e-05 1.50907993927e-05 1.38251194437e-05 1.10990395534e-05 1.4214559428e-05 1.1780559526e-05 1.49934393967e-05 1.4214559428e-05 1.32409594672e-05 9.24919962781e-06 1.19752795181e-05 1.49934393967e-05 1.52855193849e-05 1.37277594476e-05 1.20726395142e-05 8.56767965524e-06 1.39224794398e-05 1.28515194829e-05 1.29488794789e-05 1.20726395142e-05 1.19752795181e-05 9.05447963565e-06 1.00280795965e-05 8.17823967091e-06 8.95711963957e-06 1.08069595651e-05 1.11963995495e-05 7.49671969833e-06 7.00991971792e-06 9.83335960431e-06 1.10016795573e-05 8.27559966699e-06 7.30199970617e-06 1.11963995495e-05 7.49671969833e-06 7.98351967874e-06 9.73599960822e-06 6.32839974535e-06 1.08069595651e-05 1.24620794985e-05 1.08069595651e-05 1.10016795573e-05 8.7623996474e-06 1.01254395926e-05 9.83335960431e-06 1.08069595651e-05 1.22673595064e-05 9.73599960822e-06
1.66485593301e-05 1.67459193261e-05 1.28515194829e-05 1.20726395142e-05 9.05447963565e-06 9.93071960039e-06 1.08069595651e-05 1.11963995495e-05 7.98351967874e-06 1.09043195612e-05 1.4214559428e-05 1.32409594672e-05 1.23647195024e-05 1.10016795573e-05 1.12937595455e-05 1.29488794789e-05 1.20726395142e-05 1.12937595455e-05 1.29488794789e-05 1.19752795181e-05 1.20726395142e-05 1.10990395534e-05 1.24620794985e-05 1.1780559526e-05 1.10016795573e-05 1.10016795573e-05 7.59407969441e-06 1.10016795573e-05 1.11963995495e-05 9.83335960431e-06 9.83335960431e-06 7.30199970617e-06 9.93071960039e-06 1.10016795573e-05 8.17823967091e-06 5.93895976102e-06 9.83335960431e-06 7.59407969441e-06 1.01254395926e-05 5.93895976102e-06 7.00991971792e-06 5.35479978452e-06 5.93895976102e-06 7.59407969441e-06 1.12937595455e-05 9.73599960822e-06 8.95711963957e-06 1.1780559526e-05 1.08069595651e-05 7.98351967874e-06 9.83335960431e-06
1.56749593692e-05 1.63564793418e-05 1.26567994907e-05 7.49671969833e-06 7.59407969441e-06 5.45215978061e-06 3.99175983937e-06 3.60231985504e-06 6.62047973359e-06 8.66503965132e-06 1.0612239573e-05 1.09043195612e-05 1.01254395926e-05 1.01254395926e-05 1.16831995299e-05 1.12937595455e-05 1.05148795769e-05 1.20726395142e-05 1.12937595455e-05 1.1877919522e-05 1.4214559428e-05 8.66503965132e-06 1.25594394946e-05 1.20726395142e-05 1.00280795965e-05 1.00280795965e-05 1.0612239573e-05 9.83335960431e-06 1.23647195024e-05 9.83335960431e-06 8.17823967091e-06 1.1877919522e-05 1.1780559526e-05 8.56767965524e-06 9.3465596239e-06 9.44391961998e-06 1.08069595651e-05 8.27559966699e-06 5.64687977277e-06 5.16007979236e-06 5.16007979236e-06 5.74423976885e-06 6.23103974926e-06 8.95711963957e-06 8.7623996474e-06 7.98351967874e-06 7.98351967874e-06 1.00280795965e-05 1.10016795573e-05 1.19752795181e-05 7.59407969441e-06
1.38251194437e-05 1.32409594672e-05 1.52855193849e-05 1.20726395142e-05 9.05447963565e-06 6.62047973359e-06 2.92079988247e-06 2.33663990597e-06 1.75247992948e-06 2.92079988247e-06 5.64687977277e-06 7.00991971792e-06 8.95711963957e-06 8.66503965132e-06 7.59407969441e-06 1.08069595651e-05 1.08069595651e-05 1.10016795573e-05 1.08069595651e-05 1.0612239573e-05 1.20726395142e-05 1.05148795769e-05 9.83335960431e-06 1.19752795181e-05 1.24620794985e-05 8.66503965132e-06 1.08069595651e-05 9.83335960431e-06 9.83335960431e-06 9.83335960431e-06 8.95711963957e-06 1.28515194829e-05 7.6914396905e-06 1.09043195612e-05 8.95711963957e-06 1.0612239573e-05 7.59407969441e-06 1.08069595651e-05 6.62047973359e-06 1.01254395926e-05 5.64687977277e-06 1.1780559526e-05 1.08069595651e-05 9.73599960822e-06 1.0612239573e-05 9.83335960431e-06 1.12937595455e-05 8.7623996474e-06 1.13911195416e-05 1.20726395142e-05 1.08069595651e-05
7.59407969441e-06 1.09043195612e-05 1.29488794789e-05 1.40198394358e-05 1.19752795181e-05 7.59407969441e-06 1.08069595651e-05 6.23103974926e-06 7.59407969441e-06 4.67327981195e-06 2.92079988247e-06 2.7260798903e-06 4.18647983154e-06 8.17823967091e-06 6.23103974926e-06 9.83335960431e-06 9.83335960431e-06 8.66503965132e-06 1.09043195612e-05 1.19752795181e-05 1.11963995495e-05 1.26567994907e-05 1.35330394554e-05 1.29488794789e-05 1.00280795965e-05 1.35330394554e-05 1.00280795965e-05 1.11963995495e-05 1.1780559526e-05 8.66503965132e-06 1.11963995495e-05 1.01254395926e-05 1.10016795573e-05 1.01254395926e-05 8.17823967091e-06 1.0612239573e-05 1.12937595455e-05 7.98351967874e-06 4.67327981195e-06 5.84159976493e-06 1.01254395926e-05 9.83335960431e-06 8.27559966699e-06 1.08069595651e-05 1.04175195808e-05 1.11963995495e-05 1.12937595455e-05 1.20726395142e-05 1.1780559526e-05 8.66503965132e-06 1.08069595651e-05
9.73599960822e-06 8.66503965132e-06 1.11963995495e-05 1.12937595455e-05 1.1877919522e-05 1.08069595651e-05 8.17823967091e-06 7.00991971792e-06 1.08069595651e-05 6.71783972967e-06 5.93895976102e-06 5.45215978061e-06 5.64687977277e-06 6.23103974926e-06 7.39935970225e-06 6.52311973751e-06 6.71783972967e-06 9.83335960431e-06 1.10016795573e-05 1.10016795573e-05 1.10016795573e-05 1.11963995495e-05 1.27541594868e-05 1.12937595455e-05 1.29488794789e-05 8.85975964348e-06 9.63863961214e-06 1.08069595651e-05 1.10016795573e-05 1.22673595064e-05 1.11963995495e-05 1.10016795573e-05 1.09043195612e-05 9.83335960431e-06 1.33383194633e-05 1.28515194829e-05 1.20726395142e-05 7.59407969441e-06 9.83335960431e-06 1.0612239573e-05 1.02227995886e-05 1.12937595455e-05 8.56767965524e-06 9.73599960822e-06 9.83335960431e-06 1.1780559526e-05 1.00280795965e-05 1.12937595455e-05 1.00280795965e-05 1.12937595455e-05 8.17823967091e-06
1.10990395534e-05 7.20463971009e-06 7.59407969441e-06 9.15183963173e-06 7.59407969441e-06 7.00991971792e-06 7.30199970617e-06 7.59407969441e-06 6.13367975318e-06 6.0363197571e-06 5.64687977277e-06 5.06271979628e-06 5.45215978061e-06 5.45215978061e-06 3.99175983937e-06 3.69967985113e-06 5.64687977277e-06 5.64687977277e-06 6.32839974535e-06 5.93895976102e-06 7.20463971009e-06 9.83335960431e-06 9.83335960431e-06 1.08069595651e-05 1.05148795769e-05 1.12937595455e-05 1.19752795181e-05 1.08069595651e-05 1.01254395926e-05 1.22673595064e-05 1.1780559526e-05 1.12937595455e-05 1.35330394554e-05 1.15858395338e-05 1.00280795965e-05 1.08069595651e-05 1.08069595651e-05 1.10016795573e-05 1.01254395926e-05 8.17823967091e-06 9.05447963565e-06 1.09043195612e-05 1.28515194829e-05 1.28515194829e-05 1.11963995495e-05 1.08069595651e-05 1.08069595651e-05 9.05447963565e-06 7.98351967874e-06 1.08069595651e-05 1.19752795181e-05
