Example/niche_identity/models/ENFA/normalized_grids/chlorocyanus.asc
ncols        743
nrows        319
xllcorner    -74.500956448335
yllcorner    17.448920549066
cellsize     0.008333333333
NODATA_value  -9999
[rows 207 to 229 of 318, columns 156 to 207 of 743]
1.81752014209e-05 1.441481492e-05 1.53549115453e-05 1.72351047957e-05 1.73395599763e-05 1.81752014209e-05 2.19355879218e-05 2.16222223801e-05 2.18311327412e-05 2.14133120189e-05 2.18311327412e-05 2.15177671995e-05 2.18311327412e-05 2.15177671995e-05 2.14133120189e-05 2.05776705743e-05 2.03687602131e-05 2.02643050325e-05 1.75484703374e-05 1.75484703374e-05 1.74440151569e-05 2.26667741859e-05 2.03687602131e-05 1.98464843102e-05 1.57727322676e-05 9.08760071046e-06 8.3564144464e-06 6.47622119596e-06 5.01384866784e-06 5.222759029e-06 7.3118626406e-06 6.16285565422e-06 6.47622119596e-06 8.46086962698e-06 4.90939348726e-06 6.99849709886e-06 5.01384866784e-06 1.09677939609e-05 4.07375204262e-06 1.5668277087e-06 1.98464843102e-06 1.88019325044e-06 3.02920023682e-06 2.50692433392e-06 6.2673108348e-07 1.0445518058e-06 8.56532480756e-06 1.06544284192e-05 1.75484703374e-05 1.99509394908e-05 2.12044016577e-05 1.66083737122e-05
2.09954912966e-05 2.15177671995e-05 2.19355879218e-05 2.29801397276e-05 2.23534086441e-05 2.26667741859e-05 2.30845949082e-05 2.26667741859e-05 2.2144498283e-05 2.18311327412e-05 2.22489534635e-05 2.19355879218e-05 2.18311327412e-05 2.18311327412e-05 2.05776705743e-05 2.07865809354e-05 2.04732153937e-05 2.02643050325e-05 1.63994633511e-05 1.5668277087e-05 1.59816426287e-05 1.73395599763e-05 1.63994633511e-05 1.32658079337e-05 8.56532480756e-06 3.55147613972e-06 4.38711758436e-06 2.50692433392e-06 1.5668277087e-06 1.14900698638e-06 8.3564144464e-07 5.222759029e-07 1.0445518058e-06 5.222759029e-07 3.1336554174e-07 3.1336554174e-07 3.1336554174e-07 2.50692433392e-06 1.5668277087e-06 1.98464843102e-06 1.98464843102e-06 7.3118626406e-07 4.1782072232e-07 5.222759029e-07 7.3118626406e-07 1.88019325044e-06 1.98464843102e-06 3.55147613972e-06 8.04304890466e-06 9.29651107162e-06 1.95331187685e-05 3.55147613972e-06
2.26667741859e-05 2.26667741859e-05 2.19355879218e-05 2.2144498283e-05 2.19355879218e-05 2.29801397276e-05 2.26667741859e-05 2.2144498283e-05 2.19355879218e-05 2.2144498283e-05 2.22489534635e-05 2.18311327412e-05 2.18311327412e-05 2.18311327412e-05 2.14133120189e-05 2.14133120189e-05 2.09954912966e-05 1.95331187685e-05 1.73395599763e-05 1.95331187685e-05 1.50415460035e-05 1.441481492e-05 1.32658079337e-05 1.06544284192e-05 5.43166939016e-06 3.1336554174e-06 1.5668277087e-06 1.5668277087e-06 1.35791734754e-06 5.222759029e-07 3.1336554174e-07 4.1782072232e-07 5.222759029e-07 3.1336554174e-07 3.1336554174e-07 1.0445518058e-07 2.0891036116e-07 5.222759029e-07 3.1336554174e-07 1.5668277087e-06 3.23811059798e-06 1.98464843102e-06 1.14900698638e-06 3.1336554174e-07 4.1782072232e-07 6.2673108348e-07 5.222759029e-07 1.5668277087e-06 6.37176601538e-06 1.68172840734e-05 7.8341385435e-06 9.4009662522e-07
2.19355879218e-05 2.31890500888e-05 2.30845949082e-05 2.30845949082e-05 2.16222223801e-05 2.26667741859e-05 2.26667741859e-05 2.18311327412e-05 2.18311327412e-05 2.2144498283e-05 2.19355879218e-05 2.18311327412e-05 2.18311327412e-05 2.16222223801e-05 2.02643050325e-05 2.02643050325e-05 2.03687602131e-05 1.99509394908e-05 2.01598498519e-05 1.78618358792e-05 1.50415460035e-05 1.11767043221e-05 8.3564144464e-06 4.38711758436e-06 2.50692433392e-06 2.50692433392e-06 1.5668277087e-06 1.5668277087e-06 3.1336554174e-07 1.0445518058e-06 7.3118626406e-07 3.1336554174e-07 8.3564144464e-07 5.222759029e-07 5.222759029e-07 9.4009662522e-07 1.46237252812e-06 1.25346216696e-06 1.0445518058e-06 3.6559313203e-06 1.98464843102e-06 1.35791734754e-06 3.1336554174e-07 1.0445518058e-07 1.0445518058e-07 1.0445518058e-07 1.0445518058e-07 1.5668277087e-06 1.29524423919e-05 1.13856146832e-05 6.2673108348e-07 2.0891036116e-07
2.23534086441e-05 2.30845949082e-05 2.30845949082e-05 2.30845949082e-05 2.30845949082e-05 2.16222223801e-05 2.09954912966e-05 2.18311327412e-05 2.14133120189e-05 2.19355879218e-05 2.15177671995e-05 2.15177671995e-05 2.2144498283e-05 2.19355879218e-05 1.9637573949e-05 1.78618358792e-05 2.02643050325e-05 2.05776705743e-05 1.88019325044e-05 1.11767043221e-05 1.27435320308e-05 8.25195926582e-06 6.47622119596e-06 5.01384866784e-06 2.71583469508e-06 1.98464843102e-06 2.50692433392e-06 2.50692433392e-06 3.02920023682e-06 2.29801397276e-06 1.0445518058e-06 2.50692433392e-06 1.98464843102e-06 1.0445518058e-06 3.1336554174e-07 3.1336554174e-07 1.35791734754e-06 1.88019325044e-06 6.89404191828e-06 3.76038650088e-06 1.5668277087e-06 3.1336554174e-07 1.0445518058e-07 0.0 0.0 1.0445518058e-07 9.4009662522e-07 2.50692433392e-06 1.33702631142e-05 1.38925390171e-05 3.55147613972e-06 1.14900698638e-06
1.38925390171e-05 1.73395599763e-05 2.18311327412e-05 2.26667741859e-05 2.26667741859e-05 2.16222223801e-05 2.03687602131e-05 2.00553946714e-05 2.06821257548e-05 2.18311327412e-05 2.15177671995e-05 2.16222223801e-05 2.14133120189e-05 2.19355879218e-05 2.15177671995e-05 2.01598498519e-05 1.99509394908e-05 2.00553946714e-05 1.81752014209e-05 1.66083737122e-05 1.50415460035e-05 9.4009662522e-06 1.441481492e-05 5.01384866784e-06 5.222759029e-06 2.6113795145e-06 4.90939348726e-06 7.10295227944e-06 4.90939348726e-06 1.25346216696e-06 1.5668277087e-06 1.98464843102e-06 1.46237252812e-06 1.5668277087e-06 6.2673108348e-07 1.0445518058e-06 4.07375204262e-06 7.20740746002e-06 5.01384866784e-06 1.5668277087e-06 3.1336554174e-07 2.0891036116e-07 1.0445518058e-07 0.0 0.0 3.1336554174e-07 2.29801397276e-06 6.47622119596e-06 8.3564144464e-06 1.98464843102e-06 3.55147613972e-06 4.1782072232e-07
2.02643050325e-05 1.99509394908e-05 1.5668277087e-05 1.39969941977e-05 1.29524423919e-05 1.59816426287e-05 1.50415460035e-05 1.75484703374e-05 2.03687602131e-05 2.10999464772e-05 2.01598498519e-05 2.06821257548e-05 2.15177671995e-05 2.18311327412e-05 2.14133120189e-05 2.18311327412e-05 2.05776705743e-05 1.93242084073e-05 1.98464843102e-05 1.91152980461e-05 1.441481492e-05 1.41014493783e-05 1.58771874482e-05 9.19205589104e-06 5.84949011248e-06 5.01384866784e-06 9.4009662522e-06 4.38711758436e-06 1.5668277087e-06 1.98464843102e-06 6.37176601538e-06 3.23811059798e-06 2.50692433392e-06 1.5668277087e-06 5.222759029e-07 1.88019325044e-06 5.43166939016e-06 5.95394529306e-06 3.55147613972e-06 2.40246915334e-06 9.4009662522e-07 4.1782072232e-07 4.1782072232e-07 1.0445518058e-07 1.0445518058e-07 3.1336554174e-07 1.0445518058e-06 2.29801397276e-06 2.29801397276e-06 2.29801397276e-06 2.50692433392e-06 6.2673108348e-07
2.31890500888e-05 2.31890500888e-05 2.03687602131e-05 1.6921739254e-05 8.46086962698e-06 1.32658079337e-05 1.3683628656e-05 1.48326356424e-05 1.78618358792e-05 2.03687602131e-05 2.06821257548e-05 2.09954912966e-05 2.16222223801e-05 2.15177671995e-05 2.07865809354e-05 2.16222223801e-05 2.14133120189e-05 1.78618358792e-05 1.72351047957e-05 1.6921739254e-05 1.53549115453e-05 1.6921739254e-05 1.75484703374e-05 1.50415460035e-05 8.56532480756e-06 3.76038650088e-06 7.72968336292e-06 8.04304890466e-06 2.29801397276e-06 5.95394529306e-06 5.01384866784e-06 1.88019325044e-06 2.50692433392e-06 3.23811059798e-06 2.50692433392e-06 8.3564144464e-06 6.47622119596e-06 9.4009662522e-06 2.50692433392e-06 1.5668277087e-06 1.35791734754e-06 1.5668277087e-06 1.88019325044e-06 7.3118626406e-07 5.222759029e-07 3.1336554174e-07 0.0 2.0891036116e-07 5.222759029e-07 1.0445518058e-06 1.14900698638e-06 1.35791734754e-06
2.39202363528e-05 2.39202363528e-05 2.15177671995e-05 1.98464843102e-05 1.99509394908e-05 1.73395599763e-05 1.88019325044e-05 1.65039185316e-05 1.66083737122e-05 1.99509394908e-05 2.10999464772e-05 2.14133120189e-05 1.93242084073e-05 2.05776705743e-05 2.18311327412e-05 2.15177671995e-05 2.14133120189e-05 2.05776705743e-05 1.95331187685e-05 1.55638219064e-05 1.73395599763e-05 1.77573806986e-05 1.7652925518e-05 1.39969941977e-05 8.3564144464e-06 5.53612457074e-06 6.47622119596e-06 1.28479872113e-05 8.8786903493e-06 7.93859372408e-06 1.98464843102e-06 1.35791734754e-06 2.50692433392e-06 6.37176601538e-06 5.01384866784e-06 1.2430166489e-05 5.64057975132e-06 4.07375204262e-06 1.98464843102e-06 4.1782072232e-07 1.0445518058e-06 2.50692433392e-06 5.01384866784e-06 2.50692433392e-06 1.98464843102e-06 1.35791734754e-06 2.0891036116e-07 0.0 1.0445518058e-07 3.1336554174e-07 1.35791734754e-06 3.02920023682e-06
2.31890500888e-05 2.36068708111e-05 2.26667741859e-05 1.32658079337e-05 1.63994633511e-05 2.10999464772e-05 2.15177671995e-05 2.14133120189e-05 1.90108428656e-05 2.02643050325e-05 2.03687602131e-05 2.02643050325e-05 2.03687602131e-05 2.14133120189e-05 1.99509394908e-05 1.98464843102e-05 2.18311327412e-05 2.05776705743e-05 2.14133120189e-05 1.81752014209e-05 1.93242084073e-05 2.09954912966e-05 1.70261944345e-05 1.11767043221e-05 7.3118626406e-06 7.8341385435e-06 9.50542143278e-06 1.27435320308e-05 5.53612457074e-06 5.95394529306e-06 2.50692433392e-06 3.55147613972e-06 1.98464843102e-06 1.5668277087e-06 1.35791734754e-05 7.3118626406e-06 1.98464843102e-06 3.1336554174e-07 3.1336554174e-07 3.1336554174e-07 3.1336554174e-07 4.1782072232e-07 1.25346216696e-06 4.38711758436e-06 8.3564144464e-06 3.76038650088e-06 1.5668277087e-06 3.1336554174e-07 1.0445518058e-07 0.0 3.1336554174e-07 3.1336554174e-06
2.29801397276e-05 2.39202363528e-05 2.39202363528e-05 1.99509394908e-05 1.38925390171e-05 1.94286635879e-05 1.9637573949e-05 2.18311327412e-05 2.18311327412e-05 2.18311327412e-05 2.16222223801e-05 2.04732153937e-05 2.14133120189e-05 2.03687602131e-05 2.12044016577e-05 2.02643050325e-05 2.01598498519e-05 2.14133120189e-05 2.15177671995e-05 2.09954912966e-05 2.00553946714e-05 2.14133120189e-05 1.73395599763e-05 6.7895867377e-06 8.25195926582e-06 8.04304890466e-06 1.38925390171e-05 1.07588835997e-05 6.68513155712e-06 8.04304890466e-06 5.84949011248e-06 3.55147613972e-06 6.37176601538e-06 6.99849709886e-06 1.41014493783e-05 1.63994633511e-05 2.40246915334e-06 2.19355879218e-06 3.1336554174e-07 4.1782072232e-07 3.1336554174e-07 1.0445518058e-06 1.5668277087e-06 3.96929686204e-06 6.47622119596e-06 8.3564144464e-06 1.35791734754e-06 6.2673108348e-07 3.1336554174e-07 3.1336554174e-07 2.0891036116e-07 5.222759029e-07
2.33979604499e-05 2.32935052693e-05 2.30845949082e-05 1.66083737122e-05 1.1698980225e-05 1.32658079337e-05 1.441481492e-05 2.03687602131e-05 2.15177671995e-05 2.03687602131e-05 2.16222223801e-05 2.16222223801e-05 2.05776705743e-05 2.16222223801e-05 2.16222223801e-05 2.16222223801e-05 2.12044016577e-05 2.14133120189e-05 2.16222223801e-05 1.99509394908e-05 2.02643050325e-05 2.02643050325e-05 1.63994633511e-05 7.52077300176e-06 4.38711758436e-06 6.7895867377e-06 1.39969941977e-05 1.441481492e-05 1.53549115453e-05 1.07588835997e-05 4.38711758436e-06 5.53612457074e-06 1.72351047957e-05 1.59816426287e-05 1.27435320308e-05 8.25195926582e-06 4.07375204262e-06 4.28266240378e-06 7.93859372408e-06 5.222759029e-06 5.01384866784e-06 7.62522818234e-06 1.29524423919e-05 5.95394529306e-06 1.28479872113e-05 1.38925390171e-05 5.64057975132e-06 2.82028987566e-06 1.0445518058e-06 1.0445518058e-06 1.0445518058e-06 6.2673108348e-07
2.19355879218e-05 2.39202363528e-05 2.16222223801e-05 1.53549115453e-05 1.53549115453e-05 1.65039185316e-05 1.27435320308e-05 1.95331187685e-05 2.06821257548e-05 2.14133120189e-05 1.93242084073e-05 2.00553946714e-05 2.07865809354e-05 2.16222223801e-05 2.07865809354e-05 2.09954912966e-05 2.09954912966e-05 2.18311327412e-05 2.07865809354e-05 2.12044016577e-05 1.6921739254e-05 1.73395599763e-05 1.59816426287e-05 1.09677939609e-05 5.01384866784e-06 3.6559313203e-06 6.2673108348e-06 1.32658079337e-05 1.72351047957e-05 1.53549115453e-05 6.99849709886e-06 3.6559313203e-06 1.93242084073e-05 1.01321525163e-05 3.55147613972e-06 4.38711758436e-06 1.28479872113e-05 1.27435320308e-05 1.07588835997e-05 1.23257113084e-05 8.3564144464e-06 9.60987661336e-06 1.441481492e-05 6.47622119596e-06 1.53549115453e-05 1.73395599763e-05 1.39969941977e-05 9.60987661336e-06 3.6559313203e-06 1.46237252812e-06 1.0445518058e-06 1.98464843102e-06
2.36068708111e-05 2.39202363528e-05 2.29801397276e-05 1.73395599763e-05 1.50415460035e-05 2.0891036116e-05 1.50415460035e-05 1.55638219064e-05 1.91152980461e-05 2.07865809354e-05 2.03687602131e-05 1.92197532267e-05 2.03687602131e-05 2.16222223801e-05 2.18311327412e-05 2.18311327412e-05 2.19355879218e-05 2.19355879218e-05 2.19355879218e-05 1.9637573949e-05 2.01598498519e-05 2.01598498519e-05 1.73395599763e-05 1.73395599763e-05 8.98314552988e-06 9.29651107162e-06 8.04304890466e-06 9.4009662522e-06 1.53549115453e-05 1.80707462403e-05 1.54593667258e-05 1.27435320308e-05 1.9637573949e-05 6.47622119596e-06 9.60987661336e-06 1.00276973357e-05 1.55638219064e-05 1.80707462403e-05 1.66083737122e-05 1.38925390171e-05 1.441481492e-05 1.32658079337e-05 1.91152980461e-05 1.63994633511e-05 1.41014493783e-05 2.14133120189e-05 1.73395599763e-05 8.25195926582e-06 1.39969941977e-05 1.27435320308e-05 4.28266240378e-06 1.14900698638e-05
2.39202363528e-05 2.30845949082e-05 2.26667741859e-05 2.06821257548e-05 2.03687602131e-05 2.16222223801e-05 2.01598498519e-05 1.95331187685e-05 2.04732153937e-05 1.75484703374e-05 1.81752014209e-05 1.75484703374e-05 1.75484703374e-05 2.12044016577e-05 2.06821257548e-05 2.18311327412e-05 2.18311327412e-05 2.2144498283e-05 2.26667741859e-05 2.26667741859e-05 2.14133120189e-05 2.02643050325e-05 1.98464843102e-05 1.75484703374e-05 8.3564144464e-06 8.25195926582e-06 1.26390768502e-05 1.59816426287e-05 2.02643050325e-05 1.9637573949e-05 1.73395599763e-05 1.5668277087e-05 1.99509394908e-05 1.73395599763e-05 1.63994633511e-05 1.74440151569e-05 1.73395599763e-05 1.5668277087e-05 1.72351047957e-05 1.27435320308e-05 1.27435320308e-05 1.71306496151e-05 1.71306496151e-05 1.78618358792e-05 1.14900698638e-05 1.81752014209e-05 1.59816426287e-05 1.27435320308e-05 1.68172840734e-05 1.39969941977e-05 6.58067637654e-06 1.10722491415e-05
2.59048847838e-05 2.44425122557e-05 2.14133120189e-05 2.03687602131e-05 2.16222223801e-05 2.16222223801e-05 2.18311327412e-05 2.05776705743e-05 2.13088568383e-05 1.80707462403e-05 1.77573806986e-05 1.06544284192e-05 1.53549115453e-05 1.53549115453e-05 1.1698980225e-05 1.73395599763e-05 1.97420291296e-05 2.16222223801e-05 2.19355879218e-05 2.19355879218e-05 2.18311327412e-05 2.02643050325e-05 1.73395599763e-05 1.38925390171e-05 9.60987661336e-06 1.13856146832e-05 1.41014493783e-05 1.67128288928e-05 1.6921739254e-05 2.01598498519e-05 2.02643050325e-05 2.10999464772e-05 2.14133120189e-05 1.91152980461e-05 1.91152980461e-05 1.95331187685e-05 1.9637573949e-05 1.85930221432e-05 1.73395599763e-05 1.73395599763e-05 1.63994633511e-05 1.99509394908e-05 1.6921739254e-05 2.01598498519e-05 1.75484703374e-05 1.99509394908e-05 1.75484703374e-05 1.6921739254e-05 1.98464843102e-05 1.53549115453e-05 1.58771874482e-05 1.72351047957e-05
2.32935052693e-05 2.30845949082e-05 2.29801397276e-05 2.23534086441e-05 2.26667741859e-05 2.2875684547e-05 2.2144498283e-05 2.16222223801e-05 2.15177671995e-05 1.97420291296e-05 1.98464843102e-05 2.00553946714e-05 1.75484703374e-05 1.81752014209e-05 1.75484703374e-05 1.63994633511e-05 1.75484703374e-05 1.59816426287e-05 2.14133120189e-05 2.10999464772e-05 2.29801397276e-05 2.15177671995e-05 1.73395599763e-05 1.6921739254e-05 1.38925390171e-05 1.35791734754e-05 1.441481492e-05 1.75484703374e-05 1.95331187685e-05 1.91152980461e-05 1.75484703374e-05 1.66083737122e-05 2.03687602131e-05 2.16222223801e-05 2.15177671995e-05 2.14133120189e-05 2.00553946714e-05 2.02643050325e-05 1.95331187685e-05 1.98464843102e-05 1.99509394908e-05 2.16222223801e-05 1.95331187685e-05 2.22489534635e-05 2.12044016577e-05 2.05776705743e-05 2.15177671995e-05 1.95331187685e-05 2.25623190053e-05 1.78618358792e-05 2.03687602131e-05 2.2144498283e-05
2.24578638247e-05 2.31890500888e-05 2.26667741859e-05 2.31890500888e-05 2.30845949082e-05 2.29801397276e-05 2.26667741859e-05 2.30845949082e-05 2.19355879218e-05 2.14133120189e-05 2.18311327412e-05 2.03687602131e-05 2.03687602131e-05 2.03687602131e-05 2.03687602131e-05 2.05776705743e-05 1.78618358792e-05 1.63994633511e-05 1.6921739254e-05 1.95331187685e-05 2.19355879218e-05 2.32935052693e-05 2.18311327412e-05 2.03687602131e-05 1.63994633511e-05 1.29524423919e-05 1.34747182948e-05 1.11767043221e-05 1.07588835997e-05 1.39969941977e-05 8.46086962698e-06 1.38925390171e-05 1.59816426287e-05 2.03687602131e-05 1.75484703374e-05 2.16222223801e-05 2.19355879218e-05 2.02643050325e-05 2.02643050325e-05 2.02643050325e-05 2.01598498519e-05 2.06821257548e-05 2.2144498283e-05 2.15177671995e-05 2.16222223801e-05 2.14133120189e-05 2.16222223801e-05 2.19355879218e-05 2.05776705743e-05 2.06821257548e-05 2.18311327412e-05 1.84885669627e-05
2.18311327412e-05 2.39202363528e-05 2.18311327412e-05 2.26667741859e-05 2.36068708111e-05 2.30845949082e-05 2.31890500888e-05 2.16222223801e-05 2.23534086441e-05 2.25623190053e-05 2.25623190053e-05 2.15177671995e-05 2.15177671995e-05 2.16222223801e-05 2.18311327412e-05 2.13088568383e-05 2.02643050325e-05 2.05776705743e-05 2.05776705743e-05 1.73395599763e-05 1.97420291296e-05 2.18311327412e-05 2.30845949082e-05 2.17266775606e-05 1.75484703374e-05 1.32658079337e-05 1.11767043221e-05 8.25195926582e-06 7.3118626406e-06 6.89404191828e-06 8.66977998814e-06 8.3564144464e-06 1.11767043221e-05 1.32658079337e-05 1.441481492e-05 1.47281804618e-05 1.73395599763e-05 2.15177671995e-05 2.18311327412e-05 2.14133120189e-05 2.02643050325e-05 2.09954912966e-05 2.14133120189e-05 2.14133120189e-05 2.18311327412e-05 2.18311327412e-05 2.26667741859e-05 2.26667741859e-05 2.14133120189e-05 2.01598498519e-05 2.20400431024e-05 2.03687602131e-05
2.26667741859e-05 2.31890500888e-05 2.2144498283e-05 2.33979604499e-05 2.31890500888e-05 2.39202363528e-05 2.26667741859e-05 2.18311327412e-05 2.39202363528e-05 2.22489534635e-05 2.26667741859e-05 2.23534086441e-05 2.14133120189e-05 2.03687602131e-05 2.16222223801e-05 2.16222223801e-05 2.15177671995e-05 2.18311327412e-05 2.14133120189e-05 1.98464843102e-05 1.81752014209e-05 1.93242084073e-05 2.30845949082e-05 2.15177671995e-05 1.75484703374e-05 1.75484703374e-05 1.66083737122e-05 1.53549115453e-05 1.67128288928e-05 1.58771874482e-05 1.5668277087e-05 1.53549115453e-05 1.441481492e-05 1.58771874482e-05 1.3683628656e-05 1.38925390171e-05 1.53549115453e-05 1.75484703374e-05 1.98464843102e-05 2.03687602131e-05 2.26667741859e-05 2.18311327412e-05 2.14133120189e-05 2.30845949082e-05 2.30845949082e-05 2.30845949082e-05 2.18311327412e-05 2.09954912966e-05 2.30845949082e-05 2.39202363528e-05 2.19355879218e-05 1.98464843102e-05
1.95331187685e-05 2.18311327412e-05 2.19355879218e-05 2.22489534635e-05 2.39202363528e-05 2.26667741859e-05 2.26667741859e-05 2.2144498283e-05 2.26667741859e-05 2.39202363528e-05 2.37113259917e-05 2.30845949082e-05 2.30845949082e-05 2.26667741859e-05 2.26667741859e-05 2.2144498283e-05 2.09954912966e-05 2.2144498283e-05 2.2144498283e-05 2.15177671995e-05 2.18311327412e-05 2.12044016577e-05 2.30845949082e-05 2.16222223801e-05 2.26667741859e-05 2.03687602131e-05 1.75484703374e-05 1.91152980461e-05 1.75484703374e-05 1.68172840734e-05 1.79662910598e-05 1.94286635879e-05 1.75484703374e-05 1.6921739254e-05 1.5668277087e-05 1.5668277087e-05 1.32658079337e-05 1.50415460035e-05 1.72351047957e-05 2.02643050325e-05 2.39202363528e-05 2.15177671995e-05 2.19355879218e-05 2.39202363528e-05 2.31890500888e-05 2.39202363528e-05 2.2875684547e-05 2.26667741859e-05 2.43380570751e-05 2.30845949082e-05 1.98464843102e-05 1.98464843102e-05
-9999 -9999 -9999 -9999 -9999 -9999 2.30845949082e-05 2.18311327412e-05 2.39202363528e-05 2.39202363528e-05 2.39202363528e-05 2.33979604499e-05 2.26667741859e-05 2.26667741859e-05 2.26667741859e-05 2.39202363528e-05 2.25623190053e-05 2.19355879218e-05 2.26667741859e-05 2.31890500888e-05 2.29801397276e-05 2.39202363528e-05 2.39202363528e-05 2.03687602131e-05 2.18311327412e-05 2.0891036116e-05 2.09954912966e-05 2.26667741859e-05 2.14133120189e-05 2.05776705743e-05 2.14133120189e-05 2.13088568383e-05 2.07865809354e-05 1.97420291296e-05 1.95331187685e-05 1.59816426287e-05 1.39969941977e-05 1.32658079337e-05 1.441481492e-05 1.74440151569e-05 1.95331187685e-05 1.99509394908e-05 2.18311327412e-05 2.19355879218e-05 2.23534086441e-05 2.31890500888e-05 2.45469674363e-05 2.32935052693e-05 2.45469674363e-05 2.16222223801e-05 2.16222223801e-05 2.03687602131e-05
-9999 -9999 -9999 -9999 -9999 -9999 -9999 -9999 2.15177671995e-05 2.16222223801e-05 2.18311327412e-05 2.22489534635e-05 2.39202363528e-05 2.33979604499e-05 2.26667741859e-05 2.30845949082e-05 2.30845949082e-05 2.26667741859e-05 2.26667741859e-05 2.31890500888e-05 2.18311327412e-05 2.26667741859e-05 2.29801397276e-05 2.26667741859e-05 2.32935052693e-05 2.23534086441e-05 2.2875684547e-05 2.19355879218e-05 2.31890500888e-05 2.26667741859e-05 2.22489534635e-05 2.30845949082e-05 2.04732153937e-05 2.03687602131e-05 2.03687602131e-05 1.75484703374e-05 1.63994633511e-05 1.441481492e-05 1.441481492e-05 1.39969941977e-05 1.38925390171e-05 1.6921739254e-05 1.94286635879e-05 2.14133120189e-05 2.30845949082e-05 2.44425122557e-05 2.39202363528e-05 2.39202363528e-05 2.44425122557e-05 2.4129146714e-05 2.18311327412e-05 2.4129146714e-05
