Example/niche_identity/models/ENFA/normalized_grids/chlorocyanus.asc
ncols        743
nrows        319
xllcorner    -74.500956448335
yllcorner    17.448920549066
cellsize     0.008333333333
NODATA_value  -9999
[rows 184 to 206 of 318, columns 0 to 51 of 743]
-9999 -9999 -9999 -9999 -9999 -9999 -9999 -9999 -9999 -9999 3.1336554174e-07 3.1336554174e-07 6.2673108348e-07 6.2673108348e-07 8.3564144464e-07 1.5668277087e-06 2.71583469508e-06 1.29524423919e-05 1.13856146832e-05 5.32721420958e-06 7.62522818234e-06 1.27435320308e-05 1.27435320308e-05 9.19205589104e-06 7.8341385435e-06 3.23811059798e-06 3.02920023682e-06 1.0445518058e-06 1.5668277087e-06 6.2673108348e-07 4.1782072232e-07 3.1336554174e-07 5.222759029e-07 1.0445518058e-06 4.1782072232e-07 1.25346216696e-06 1.5668277087e-06 3.55147613972e-06 2.50692433392e-06 4.80493830668e-06 4.38711758436e-06 3.55147613972e-06 3.6559313203e-06 4.38711758436e-06 9.08760071046e-06 1.07588835997e-05 1.5668277087e-06 1.98464843102e-06 1.47281804618e-05 1.34747182948e-05 1.441481492e-05 1.441481492e-05
-9999 -9999 -9999 -9999 -9999 -9999 -9999 -9999 -9999 1.0445518058e-07 3.1336554174e-07 4.1782072232e-07 1.46237252812e-06 1.98464843102e-06 2.0891036116e-06 5.01384866784e-06 1.08633387803e-05 1.14900698638e-05 6.47622119596e-06 1.0445518058e-05 8.14750408524e-06 1.3683628656e-05 1.0445518058e-05 2.50692433392e-06 1.14900698638e-06 3.1336554174e-07 6.2673108348e-07 1.0445518058e-06 8.3564144464e-07 4.1782072232e-07 4.1782072232e-07 6.2673108348e-07 1.98464843102e-06 3.55147613972e-06 1.0445518058e-06 1.35791734754e-06 1.27435320308e-05 8.25195926582e-06 5.222759029e-06 6.37176601538e-06 8.56532480756e-06 6.37176601538e-06 5.7450349319e-06 5.84949011248e-06 7.93859372408e-06 8.46086962698e-06 4.1782072232e-06 1.5668277087e-06 8.04304890466e-06 1.441481492e-05 1.47281804618e-05 1.5668277087e-05
-9999 -9999 -9999 -9999 -9999 -9999 -9999 -9999 2.0891036116e-07 2.0891036116e-07 3.1336554174e-07 3.1336554174e-07 4.1782072232e-07 1.98464843102e-06 5.7450349319e-06 5.64057975132e-06 1.27435320308e-05 8.8786903493e-06 7.72968336292e-06 7.72968336292e-06 2.71583469508e-06 1.5668277087e-06 1.98464843102e-06 3.1336554174e-07 3.1336554174e-07 3.1336554174e-07 3.1336554174e-07 6.2673108348e-07 5.222759029e-07 3.1336554174e-07 6.2673108348e-07 1.5668277087e-06 2.29801397276e-06 1.98464843102e-06 1.46237252812e-06 1.46237252812e-06 1.98464843102e-06 2.50692433392e-06 7.93859372408e-06 8.8786903493e-06 5.84949011248e-06 6.89404191828e-06 6.37176601538e-06 6.89404191828e-06 1.05499732386e-05 7.52077300176e-06 2.19355879218e-06 2.92474505624e-06 3.76038650088e-06 6.47622119596e-06 1.07588835997e-05 1.441481492e-05
-9999 -9999 -9999 -9999 -9999 -9999 -9999 -9999 2.0891036116e-07 3.1336554174e-07 2.0891036116e-07 3.1336554174e-07 9.4009662522e-07 6.2673108348e-07 1.46237252812e-06 4.7004831261e-06 1.03410628774e-05 1.38925390171e-05 8.3564144464e-06 2.40246915334e-06 3.1336554174e-07 3.1336554174e-07 4.1782072232e-07 3.1336554174e-07 4.1782072232e-07 6.2673108348e-07 5.222759029e-07 3.1336554174e-07 3.1336554174e-07 5.222759029e-07 1.0445518058e-06 1.98464843102e-06 4.80493830668e-06 4.90939348726e-06 2.50692433392e-06 9.4009662522e-07 4.38711758436e-06 1.98464843102e-06 6.47622119596e-06 9.71433179394e-06 1.32658079337e-05 1.00276973357e-05 1.00276973357e-05 6.99849709886e-06 1.29524423919e-05 1.98464843102e-06 1.98464843102e-06 1.21168009473e-05 1.1698980225e-05 1.48326356424e-05 1.51460011841e-05 1.45192701006e-05
-9999 -9999 -9999 -9999 -9999 -9999 -9999 2.0891036116e-07 1.0445518058e-07 2.0891036116e-07 3.1336554174e-07 3.1336554174e-07 9.4009662522e-07 2.29801397276e-06 1.35791734754e-06 1.00276973357e-05 6.47622119596e-06 1.35791734754e-06 1.77573806986e-06 9.4009662522e-07 3.1336554174e-07 3.1336554174e-07 5.222759029e-07 5.222759029e-07 6.2673108348e-07 1.25346216696e-06 1.0445518058e-06 3.1336554174e-07 8.3564144464e-07 1.0445518058e-06 1.0445518058e-06 1.67128288928e-06 5.84949011248e-06 9.50542143278e-06 2.50692433392e-06 1.14900698638e-06 7.62522818234e-06 5.222759029e-06 2.50692433392e-06 7.3118626406e-06 1.27435320308e-05 1.27435320308e-05 1.39969941977e-05 1.33702631142e-05 1.441481492e-05 1.98464843102e-06 5.7450349319e-06 8.56532480756e-06 1.48326356424e-05 1.11767043221e-05 1.48326356424e-05 1.53549115453e-05
-9999 -9999 -9999 -9999 -9999 -9999 -9999 2.0891036116e-07 3.1336554174e-07 3.1336554174e-07 1.14900698638e-06 3.1336554174e-07 1.0445518058e-06 5.01384866784e-06 1.06544284192e-05 6.05840047364e-06 1.98464843102e-06 1.46237252812e-06 1.14900698638e-06 1.98464843102e-06 5.222759029e-07 6.2673108348e-07 3.02920023682e-06 6.2673108348e-07 5.11830384842e-06 9.4009662522e-07 5.222759029e-07 6.2673108348e-07 1.5668277087e-06 2.29801397276e-06 3.55147613972e-06 1.0445518058e-06 3.6559313203e-06 5.222759029e-06 5.84949011248e-06 1.5668277087e-06 8.66977998814e-06 8.46086962698e-06 4.59602794552e-06 1.07588835997e-05 1.47281804618e-05 1.27435320308e-05 1.32658079337e-05 1.41014493783e-05 1.41014493783e-05 2.29801397276e-06 2.50692433392e-06 1.53549115453e-05 1.39969941977e-05 1.39969941977e-05 1.441481492e-05 1.31613527531e-05
-9999 -9999 -9999 -9999 -9999 -9999 -9999 3.1336554174e-07 3.1336554174e-07 3.1336554174e-07 8.3564144464e-07 1.46237252812e-06 1.67128288928e-06 3.55147613972e-06 1.5668277087e-06 1.5668277087e-06 7.3118626406e-07 1.35791734754e-06 1.35791734754e-06 1.25346216696e-06 6.2673108348e-07 2.50692433392e-06 1.98464843102e-06 1.5668277087e-06 5.222759029e-07 9.4009662522e-07 1.25346216696e-06 2.40246915334e-06 1.98464843102e-06 3.1336554174e-06 2.40246915334e-06 8.04304890466e-06 7.62522818234e-06 7.20740746002e-06 2.50692433392e-06 8.25195926582e-06 1.53549115453e-05 1.27435320308e-05 1.14900698638e-05 8.8786903493e-06 6.37176601538e-06 1.53549115453e-05 1.32658079337e-05 9.19205589104e-06 8.25195926582e-06 3.02920023682e-06 3.55147613972e-06 1.38925390171e-05 1.38925390171e-05 1.441481492e-05 1.47281804618e-05 1.38925390171e-05
-9999 -9999 -9999 -9999 -9999 -9999 -9999 1.0445518058e-07 3.1336554174e-07 3.1336554174e-07 7.3118626406e-07 3.1336554174e-07 6.2673108348e-07 4.38711758436e-06 7.20740746002e-06 5.84949011248e-06 1.25346216696e-06 3.1336554174e-06 1.98464843102e-06 1.0445518058e-06 1.0445518058e-06 1.98464843102e-06 3.55147613972e-06 3.96929686204e-06 2.71583469508e-06 1.46237252812e-06 5.222759029e-06 4.38711758436e-06 7.72968336292e-06 7.8341385435e-06 1.07588835997e-05 8.8786903493e-06 1.1698980225e-05 9.4009662522e-06 5.01384866784e-06 6.47622119596e-06 1.53549115453e-05 1.27435320308e-05 1.34747182948e-05 1.39969941977e-05 1.32658079337e-05 1.32658079337e-05 1.27435320308e-05 1.39969941977e-05 1.48326356424e-05 8.8786903493e-06 1.07588835997e-05 1.35791734754e-05 1.41014493783e-05 9.08760071046e-06 1.47281804618e-05 1.00276973357e-05
-9999 -9999 -9999 -9999 -9999 -9999 2.0891036116e-07 4.1782072232e-07 3.1336554174e-07 1.98464843102e-06 1.67128288928e-06 3.1336554174e-07 9.4009662522e-07 3.55147613972e-06 2.50692433392e-06 1.0445518058e-06 2.50692433392e-06 5.222759029e-06 1.5668277087e-06 6.2673108348e-07 1.5668277087e-06 8.8786903493e-06 5.43166939016e-06 8.25195926582e-06 4.38711758436e-06 1.77573806986e-06 7.8341385435e-06 8.25195926582e-06 8.25195926582e-06 8.98314552988e-06 1.07588835997e-05 1.08633387803e-05 1.00276973357e-05 1.11767043221e-05 1.03410628774e-05 1.07588835997e-05 8.3564144464e-06 7.62522818234e-06 1.38925390171e-05 1.23257113084e-05 1.28479872113e-05 1.32658079337e-05 1.30568975725e-05 7.72968336292e-06 1.39969941977e-05 8.04304890466e-06 6.47622119596e-06 5.43166939016e-06 7.20740746002e-06 9.9232421551e-06 1.27435320308e-05 5.84949011248e-06
-9999 -9999 -9999 -9999 -9999 3.1336554174e-07 3.1336554174e-07 3.1336554174e-07 5.222759029e-07 1.0445518058e-06 1.46237252812e-06 3.1336554174e-07 4.1782072232e-07 1.5668277087e-06 1.98464843102e-06 1.14900698638e-06 2.29801397276e-06 6.37176601538e-06 1.98464843102e-06 1.5668277087e-06 1.98464843102e-06 4.90939348726e-06 7.72968336292e-06 9.60987661336e-06 9.60987661336e-06 6.2673108348e-07 3.02920023682e-06 1.27435320308e-05 1.0445518058e-05 1.13856146832e-05 1.27435320308e-05 1.32658079337e-05 1.27435320308e-05 1.27435320308e-05 1.0445518058e-05 1.23257113084e-05 8.8786903493e-06 1.03410628774e-05 8.04304890466e-06 8.3564144464e-06 1.27435320308e-05 5.53612457074e-06 8.04304890466e-06 1.00276973357e-05 1.28479872113e-05 2.92474505624e-06 1.14900698638e-06 8.3564144464e-07 4.90939348726e-06 1.03410628774e-05 2.71583469508e-06 2.6113795145e-06
-9999 -9999 -9999 -9999 -9999 -9999 3.1336554174e-07 3.1336554174e-07 3.1336554174e-07 7.3118626406e-07 5.222759029e-07 1.25346216696e-06 1.0445518058e-06 2.50692433392e-06 1.98464843102e-06 1.88019325044e-06 4.80493830668e-06 1.0445518058e-06 5.222759029e-07 1.25346216696e-06 2.50692433392e-06 5.95394529306e-06 1.09677939609e-05 3.76038650088e-06 1.5668277087e-06 1.0445518058e-06 6.47622119596e-06 9.50542143278e-06 8.3564144464e-06 8.46086962698e-06 8.56532480756e-06 9.9232421551e-06 7.3118626406e-06 8.25195926582e-06 8.3564144464e-06 9.50542143278e-06 5.01384866784e-06 3.1336554174e-06 2.71583469508e-06 4.90939348726e-06 4.90939348726e-06 8.25195926582e-06 8.04304890466e-06 6.47622119596e-06 6.47622119596e-06 1.0445518058e-06 5.222759029e-07 4.1782072232e-07 3.23811059798e-06 1.98464843102e-06 2.40246915334e-06 3.02920023682e-06
-9999 -9999 -9999 -9999 -9999 -9999 1.0445518058e-07 3.1336554174e-07 6.2673108348e-07 3.1336554174e-07 3.1336554174e-07 1.5668277087e-06 4.38711758436e-06 4.80493830668e-06 1.5668277087e-06 3.1336554174e-06 2.6113795145e-06 1.5668277087e-06 1.0445518058e-06 1.98464843102e-06 1.46237252812e-06 2.50692433392e-06 2.50692433392e-06 6.58067637654e-06 4.1782072232e-06 1.25346216696e-06 2.50692433392e-06 8.66977998814e-06 1.38925390171e-05 3.55147613972e-06 6.47622119596e-06 7.93859372408e-06 5.01384866784e-06 1.98464843102e-06 4.1782072232e-06 5.64057975132e-06 2.71583469508e-06 1.98464843102e-06 1.35791734754e-06 1.0445518058e-06 4.07375204262e-06 1.09677939609e-05 7.93859372408e-06 1.26390768502e-05 1.08633387803e-05 1.35791734754e-06 4.1782072232e-07 2.19355879218e-06 6.37176601538e-06 2.71583469508e-06 4.07375204262e-06 1.98464843102e-06
-9999 -9999 -9999 -9999 -9999 -9999 5.222759029e-07 3.1336554174e-07 6.2673108348e-07 1.35791734754e-06 5.222759029e-07 1.14900698638e-06 2.29801397276e-06 8.8786903493e-06 7.93859372408e-06 6.47622119596e-06 5.01384866784e-06 2.40246915334e-06 6.47622119596e-06 2.50692433392e-06 8.25195926582e-06 8.8786903493e-06 8.8786903493e-06 8.3564144464e-06 9.08760071046e-06 3.23811059798e-06 4.38711758436e-06 2.50692433392e-06 1.32658079337e-05 9.60987661336e-06 1.98464843102e-06 1.77573806986e-06 1.35791734754e-06 2.50692433392e-06 5.01384866784e-06 4.38711758436e-06 7.52077300176e-06 8.25195926582e-06 1.441481492e-05 8.25195926582e-06 1.32658079337e-05 8.14750408524e-06 9.50542143278e-06 1.01321525163e-05 9.19205589104e-06 1.98464843102e-06 1.0445518058e-06 1.88019325044e-06 1.25346216696e-06 1.98464843102e-06 1.35791734754e-06 1.14900698638e-06
-9999 -9999 -9999 -9999 -9999 3.1336554174e-07 5.222759029e-07 6.2673108348e-07 6.2673108348e-07 1.46237252812e-06 5.222759029e-07 5.01384866784e-06 7.52077300176e-06 3.55147613972e-06 8.3564144464e-06 8.25195926582e-06 8.8786903493e-06 8.04304890466e-06 8.25195926582e-06 5.222759029e-06 1.46237252812e-06 5.01384866784e-06 6.47622119596e-06 8.8786903493e-06 6.37176601538e-06 3.55147613972e-06 6.47622119596e-06 1.32658079337e-05 8.46086962698e-06 2.19355879218e-06 5.222759029e-07 3.1336554174e-07 1.5668277087e-06 1.35791734754e-06 2.50692433392e-06 1.14900698638e-05 1.09677939609e-05 6.47622119596e-06 1.02366076968e-05 9.9232421551e-06 9.08760071046e-06 1.07588835997e-05 8.56532480756e-06 1.5668277087e-06 1.98464843102e-06 1.14900698638e-06 6.2673108348e-07 2.50692433392e-06 1.98464843102e-06 6.2673108348e-07 4.1782072232e-07 2.0891036116e-07
-9999 -9999 -9999 -9999 2.0891036116e-07 3.1336554174e-07 6.2673108348e-07 1.35791734754e-06 7.3118626406e-07 1.98464843102e-06 2.29801397276e-06 1.46237252812e-06 2.29801397276e-06 8.8786903493e-06 7.3118626406e-06 9.08760071046e-06 3.76038650088e-06 6.37176601538e-06 2.29801397276e-06 3.1336554174e-06 5.222759029e-06 8.3564144464e-06 9.08760071046e-06 1.09677939609e-05 7.72968336292e-06 1.98464843102e-06 9.4009662522e-06 1.21168009473e-05 3.23811059798e-06 1.46237252812e-06 6.2673108348e-07 3.1336554174e-07 1.98464843102e-06 8.98314552988e-06 8.66977998814e-06 1.05499732386e-05 1.11767043221e-05 8.3564144464e-06 9.50542143278e-06 6.89404191828e-06 5.01384866784e-06 1.00276973357e-05 7.8341385435e-06 1.5668277087e-06 5.222759029e-07 6.2673108348e-07 3.1336554174e-07 6.2673108348e-07 1.0445518058e-06 4.1782072232e-07 3.1336554174e-07 1.0445518058e-07
-9999 -9999 -9999 -9999 3.1336554174e-07 4.1782072232e-07 6.2673108348e-07 9.4009662522e-07 1.98464843102e-06 1.35791734754e-06 5.95394529306e-06 8.04304890466e-06 4.28266240378e-06 7.8341385435e-06 3.55147613972e-06 2.50692433392e-06 6.99849709886e-06 4.80493830668e-06 2.29801397276e-06 5.53612457074e-06 1.13856146832e-05 8.56532480756e-06 8.25195926582e-06 5.01384866784e-06 3.55147613972e-06 3.55147613972e-06 8.25195926582e-06 7.93859372408e-06 2.29801397276e-06 1.0445518058e-06 2.0891036116e-07 5.222759029e-07 2.0891036116e-06 9.50542143278e-06 9.19205589104e-06 1.05499732386e-05 7.72968336292e-06 8.25195926582e-06 9.19205589104e-06 8.98314552988e-06 6.37176601538e-06 8.25195926582e-06 1.11767043221e-05 4.90939348726e-06 7.3118626406e-07 2.0891036116e-07 2.0891036116e-07 2.0891036116e-07 4.1782072232e-07 2.0891036116e-07 5.222759029e-07 1.98464843102e-06
-9999 -9999 -9999 3.1336554174e-07 6.2673108348e-07 5.222759029e-07 6.2673108348e-07 9.4009662522e-07 1.0445518058e-06 3.55147613972e-06 5.01384866784e-06 2.29801397276e-06 3.1336554174e-06 8.3564144464e-06 5.43166939016e-06 2.50692433392e-06 2.71583469508e-06 1.25346216696e-06 1.25346216696e-06 7.93859372408e-06 8.8786903493e-06 8.3564144464e-06 8.8786903493e-06 6.05840047364e-06 9.60987661336e-06 5.43166939016e-06 5.53612457074e-06 8.66977998814e-06 8.3564144464e-06 8.25195926582e-06 6.2673108348e-07 1.35791734754e-06 2.50692433392e-06 2.50692433392e-06 1.11767043221e-05 1.20123457667e-05 6.37176601538e-06 3.02920023682e-06 5.84949011248e-06 6.47622119596e-06 5.01384866784e-06 2.50692433392e-06 6.47622119596e-06 8.3564144464e-06 1.14900698638e-06 2.0891036116e-07 0.0 0.0 1.0445518058e-07 9.4009662522e-07 7.3118626406e-07 6.2673108348e-07
-9999 -9999 -9999 5.222759029e-07 1.0445518058e-06 1.5668277087e-06 1.0445518058e-06 6.2673108348e-07 1.98464843102e-06 2.40246915334e-06 1.5668277087e-06 1.88019325044e-06 3.23811059798e-06 5.01384866784e-06 5.84949011248e-06 5.01384866784e-06 2.71583469508e-06 3.55147613972e-06 8.25195926582e-06 1.11767043221e-05 1.07588835997e-05 8.04304890466e-06 8.25195926582e-06 4.38711758436e-06 5.32721420958e-06 8.25195926582e-06 8.46086962698e-06 1.27435320308e-05 1.03410628774e-05 7.3118626406e-06 2.50692433392e-06 1.0445518058e-06 1.25346216696e-06 7.3118626406e-06 9.50542143278e-06 8.46086962698e-06 1.1698980225e-05 3.96929686204e-06 1.88019325044e-06 2.29801397276e-06 3.1336554174e-06 3.1336554174e-07 1.25346216696e-06 4.90939348726e-06 1.0445518058e-06 1.0445518058e-07 0.0 1.0445518058e-07 3.1336554174e-07 2.0891036116e-07 2.0891036116e-07 1.0445518058e-07
-9999 -9999 -9999 4.1782072232e-07 6.2673108348e-07 8.3564144464e-07 9.4009662522e-07 3.1336554174e-07 1.46237252812e-06 2.50692433392e-06 1.5668277087e-06 1.5668277087e-06 2.29801397276e-06 2.0891036116e-06 2.50692433392e-06 2.50692433392e-06 1.98464843102e-06 2.50692433392e-06 4.1782072232e-06 6.47622119596e-06 8.8786903493e-06 7.3118626406e-06 9.50542143278e-06 8.25195926582e-06 4.07375204262e-06 4.38711758436e-06 7.8341385435e-06 9.08760071046e-06 8.25195926582e-06 6.99849709886e-06 3.02920023682e-06 4.1782072232e-06 1.5668277087e-06 6.7895867377e-06 2.71583469508e-06 4.07375204262e-06 8.8786903493e-06 6.37176601538e-06 4.1782072232e-07 1.5668277087e-06 4.1782072232e-07 3.1336554174e-07 3.1336554174e-07 1.98464843102e-06 1.46237252812e-06 3.1336554174e-07 1.0445518058e-07 0.0 0.0 0.0 0.0 0.0
-9999 -9999 -9999 -9999 -9999 3.1336554174e-07 3.1336554174e-07 3.1336554174e-07 1.46237252812e-06 2.71583469508e-06 1.98464843102e-06 1.5668277087e-06 5.01384866784e-06 8.3564144464e-06 6.47622119596e-06 2.92474505624e-06 2.50692433392e-06 2.50692433392e-06 1.98464843102e-06 2.50692433392e-06 6.47622119596e-06 5.01384866784e-06 6.47622119596e-06 1.03410628774e-05 6.47622119596e-06 1.03410628774e-05 8.8786903493e-06 6.58067637654e-06 8.56532480756e-06 9.60987661336e-06 1.13856146832e-05 8.8786903493e-06 5.01384866784e-06 1.88019325044e-06 9.4009662522e-07 3.02920023682e-06 8.46086962698e-06 2.50692433392e-06 2.0891036116e-06 2.50692433392e-06 1.25346216696e-06 3.1336554174e-07 1.0445518058e-07 1.0445518058e-06 3.1336554174e-07 3.1336554174e-07 2.0891036116e-07 0.0 0.0 1.0445518058e-07 3.1336554174e-07 3.1336554174e-07
-9999 -9999 -9999 -9999 -9999 -9999 5.222759029e-07 7.3118626406e-07 1.5668277087e-06 5.01384866784e-06 3.23811059798e-06 2.40246915334e-06 4.07375204262e-06 5.84949011248e-06 5.01384866784e-06 4.90939348726e-06 4.07375204262e-06 4.1782072232e-06 5.84949011248e-06 3.1336554174e-06 8.56532480756e-06 8.46086962698e-06 8.56532480756e-06 8.56532480756e-06 9.50542143278e-06 8.56532480756e-06 8.98314552988e-06 8.46086962698e-06 8.25195926582e-06 6.37176601538e-06 8.04304890466e-06 8.04304890466e-06 7.72968336292e-06 5.01384866784e-06 2.29801397276e-06 6.47622119596e-06 6.47622119596e-06 7.8341385435e-06 1.98464843102e-06 1.98464843102e-06 1.0445518058e-06 3.1336554174e-07 0.0 1.0445518058e-07 0.0 0.0 0.0 0.0 0.0 0.0 3.1336554174e-07 9.4009662522e-07
-9999 -9999 -9999 -9999 -9999 -9999 7.3118626406e-07 6.2673108348e-07 3.02920023682e-06 4.07375204262e-06 2.50692433392e-06 1.98464843102e-06 4.07375204262e-06 3.1336554174e-06 6.47622119596e-06 7.72968336292e-06 8.25195926582e-06 6.37176601538e-06 8.04304890466e-06 6.37176601538e-06 6.47622119596e-06 7.72968336292e-06 9.50542143278e-06 3.55147613972e-06 7.8341385435e-06 9.29651107162e-06 6.89404191828e-06 8.25195926582e-06 4.38711758436e-06 3.55147613972e-06 1.5668277087e-06 1.98464843102e-06 1.98464843102e-06 6.2673108348e-07 3.55147613972e-06 3.96929686204e-06 1.98464843102e-06 3.6559313203e-06 4.1782072232e-07 2.0891036116e-07 3.1336554174e-07 2.0891036116e-07 2.0891036116e-07 2.0891036116e-07 0.0 0.0 0.0 0.0 0.0 0.0 3.1336554174e-07 4.1782072232e-07
-9999 -9999 -9999 -9999 -9999 -9999 7.3118626406e-07 4.1782072232e-06 5.01384866784e-06 5.222759029e-06 5.01384866784e-06 5.01384866784e-06 2.50692433392e-06 5.01384866784e-06 3.23811059798e-06 5.84949011248e-06 9.08760071046e-06 8.98314552988e-06 3.6559313203e-06 8.56532480756e-06 9.50542143278e-06 5.222759029e-06 5.01384866784e-06 2.29801397276e-06 2.71583469508e-06 6.99849709886e-06 1.07588835997e-05 1.13856146832e-05 6.99849709886e-06 2.29801397276e-06 1.5668277087e-06 1.5668277087e-06 1.0445518058e-06 1.25346216696e-06 3.1336554174e-06 5.222759029e-07 9.4009662522e-07 7.3118626406e-07 3.1336554174e-07 0.0 0.0 1.0445518058e-07 3.1336554174e-07 3.1336554174e-07 0.0 0.0 0.0 0.0 0.0 0.0 2.0891036116e-07 0.0
