Example/niche_identity/models/ENFA/normalized_grids/chlorocyanus_1.asc
ncols        743
nrows        319
xllcorner    -74.500956448335
yllcorner    17.448920549066
cellsize     0.008333333333
NODATA_value  -9999
[rows 207 to 229 of 318, columns 357 to 407 of 743]
8.24508985499e-06 8.73009514058e-06 8.43909196922e-06 9.50610359752e-06 9.4091025404e-06 7.7600845694e-06 6.88707505534e-06 9.02109831193e-06 8.05108774075e-06 8.43909196922e-06 6.88707505534e-06 5.23805708435e-06 7.56608245517e-06 7.46908139805e-06 6.88707505534e-06 6.01406554129e-06 5.43205919858e-06 5.23805708435e-06 6.88707505534e-06 6.59607188399e-06 6.88707505534e-06 5.72306236993e-06 5.91706448417e-06 4.85005285588e-06 5.72306236993e-06 5.33505814146e-06 5.72306236993e-06 6.88707505534e-06 6.88707505534e-06 3.49203805623e-06 3.298035942e-06 3.8800422847e-06 3.8800422847e-06 3.10403382776e-06 3.58903911335e-06 3.8800422847e-06 2.2310243137e-06 4.46204862741e-06 5.72306236993e-06 5.23805708435e-06 3.298035942e-06 6.59607188399e-06 4.46204862741e-06 8.73009514058e-06 9.60310465463e-06 1.25131363682e-05 1.42591553963e-05 1.45501585676e-05 1.63931786529e-05 1.91092082522e-05 1.67811828813e-05
5.91706448417e-06 7.7600845694e-06 6.88707505534e-06 8.05108774075e-06 8.73009514058e-06 7.08107716958e-06 9.9911088831e-06 8.73009514058e-06 8.73009514058e-06 7.7600845694e-06 6.88707505534e-06 7.37208034093e-06 7.56608245517e-06 6.30506871264e-06 5.33505814146e-06 7.56608245517e-06 5.91706448417e-06 7.7600845694e-06 6.88707505534e-06 6.88707505534e-06 4.46204862741e-06 6.1110665984e-06 3.8800422847e-06 3.8800422847e-06 5.23805708435e-06 6.59607188399e-06 4.17104545605e-06 6.88707505534e-06 2.81303065641e-06 3.49203805623e-06 3.298035942e-06 5.23805708435e-06 3.8800422847e-06 2.2310243137e-06 5.33505814146e-06 3.8800422847e-06 2.52202748506e-06 6.20806765552e-06 5.72306236993e-06 4.26804651317e-06 3.58903911335e-06 5.82006342705e-06 1.14461247399e-05 8.73009514058e-06 1.51321649103e-05 9.60310465463e-06 1.14461247399e-05 1.33861458822e-05 1.58111723102e-05 1.76541923954e-05 1.80421966239e-05
2.00792188233e-05 1.17371279112e-05 1.03791131116e-05 7.7600845694e-06 7.7600845694e-06 9.21510042616e-06 1.03791131116e-05 8.05108774075e-06 8.73009514058e-06 6.88707505534e-06 6.69307294111e-06 6.59607188399e-06 6.30506871264e-06 5.72306236993e-06 6.59607188399e-06 7.08107716958e-06 5.72306236993e-06 5.23805708435e-06 5.14105602723e-06 6.88707505534e-06 5.23805708435e-06 5.91706448417e-06 5.23805708435e-06 4.26804651317e-06 5.72306236993e-06 5.91706448417e-06 7.7600845694e-06 3.8800422847e-06 3.20103488488e-06 3.8800422847e-06 6.88707505534e-06 3.20103488488e-06 3.20103488488e-06 3.8800422847e-06 5.33505814146e-06 5.91706448417e-06 3.10403382776e-06 6.30506871264e-06 5.5290602557e-06 5.14105602723e-06 5.23805708435e-06 6.88707505534e-06 6.88707505534e-06 7.56608245517e-06 8.43909196922e-06 1.19311300255e-05 1.17371279112e-05 1.27071384824e-05 1.09611194543e-05 1.61021754815e-05 1.4841161739e-05
1.95942135377e-05 1.99822177662e-05 1.46471596247e-05 1.7363189224e-05 8.82709619769e-06 9.60310465463e-06 8.73009514058e-06 1.19311300255e-05 1.16401268541e-05 7.27507928381e-06 6.59607188399e-06 7.56608245517e-06 6.1110665984e-06 6.59607188399e-06 6.59607188399e-06 7.46908139805e-06 5.62606131282e-06 4.46204862741e-06 3.8800422847e-06 7.46908139805e-06 5.72306236993e-06 6.88707505534e-06 6.59607188399e-06 5.72306236993e-06 5.23805708435e-06 5.14105602723e-06 6.01406554129e-06 4.75305179876e-06 3.8800422847e-06 5.91706448417e-06 3.8800422847e-06 3.58903911335e-06 4.26804651317e-06 5.33505814146e-06 6.59607188399e-06 5.04405497011e-06 6.01406554129e-06 6.88707505534e-06 5.23805708435e-06 5.23805708435e-06 7.08107716958e-06 7.56608245517e-06 7.27507928381e-06 8.53609302634e-06 9.21510042616e-06 8.73009514058e-06 8.53609302634e-06 1.09611194543e-05 9.60310465463e-06 9.4091025404e-06 1.47441606819e-05
1.88182050808e-05 2.09522283374e-05 1.58111723102e-05 1.93032103664e-05 1.52291659675e-05 7.7600845694e-06 9.4091025404e-06 9.9911088831e-06 1.45501585676e-05 1.12521226256e-05 9.31210148328e-06 7.46908139805e-06 5.91706448417e-06 6.1110665984e-06 6.88707505534e-06 6.59607188399e-06 6.20806765552e-06 7.08107716958e-06 6.88707505534e-06 5.33505814146e-06 5.72306236993e-06 9.02109831193e-06 5.23805708435e-06 5.72306236993e-06 5.91706448417e-06 8.43909196922e-06 6.59607188399e-06 3.39503699911e-06 3.58903911335e-06 5.72306236993e-06 3.8800422847e-06 3.8800422847e-06 5.33505814146e-06 5.23805708435e-06 3.8800422847e-06 5.72306236993e-06 5.91706448417e-06 6.88707505534e-06 4.85005285588e-06 6.88707505534e-06 6.88707505534e-06 9.21510042616e-06 8.43909196922e-06 6.88707505534e-06 1.03791131116e-05 1.09611194543e-05 1.05731152258e-05 8.73009514058e-06 8.43909196922e-06 1.076711734e-05 1.38711511678e-05
2.02732209376e-05 2.1437233623e-05 1.92062093093e-05 1.92062093093e-05 1.36771490536e-05 7.46908139805e-06 9.02109831193e-06 8.43909196922e-06 7.56608245517e-06 6.69307294111e-06 8.43909196922e-06 5.23805708435e-06 9.9911088831e-06 8.43909196922e-06 6.01406554129e-06 6.88707505534e-06 6.59607188399e-06 6.88707505534e-06 5.72306236993e-06 3.8800422847e-06 6.59607188399e-06 5.91706448417e-06 3.8800422847e-06 5.91706448417e-06 5.91706448417e-06 7.56608245517e-06 4.26804651317e-06 3.8800422847e-06 5.43205919858e-06 5.91706448417e-06 4.55904968452e-06 5.23805708435e-06 6.88707505534e-06 5.91706448417e-06 6.1110665984e-06 5.91706448417e-06 6.88707505534e-06 6.1110665984e-06 5.23805708435e-06 6.88707505534e-06 7.7600845694e-06 9.9911088831e-06 8.43909196922e-06 7.1780782267e-06 9.9911088831e-06 1.17371279112e-05 1.08641183972e-05 8.73009514058e-06 9.4091025404e-06 1.17371279112e-05 1.38711511678e-05
2.19222389086e-05 2.1437233623e-05 2.12432315087e-05 2.1437233623e-05 2.07582262231e-05 1.92062093093e-05 1.4841161739e-05 7.27507928381e-06 6.40206976976e-06 8.53609302634e-06 8.43909196922e-06 5.23805708435e-06 5.72306236993e-06 6.20806765552e-06 6.59607188399e-06 6.88707505534e-06 6.40206976976e-06 5.72306236993e-06 5.14105602723e-06 8.53609302634e-06 6.79007399823e-06 5.23805708435e-06 7.27507928381e-06 5.14105602723e-06 6.01406554129e-06 6.88707505534e-06 5.33505814146e-06 3.8800422847e-06 6.79007399823e-06 6.88707505534e-06 6.88707505534e-06 5.72306236993e-06 7.46908139805e-06 7.7600845694e-06 8.53609302634e-06 7.46908139805e-06 8.73009514058e-06 5.72306236993e-06 5.5290602557e-06 6.88707505534e-06 8.73009514058e-06 7.46908139805e-06 6.69307294111e-06 8.53609302634e-06 1.17371279112e-05 1.08641183972e-05 1.19311300255e-05 1.1543125797e-05 1.49381627961e-05 1.36771490536e-05 1.28041395395e-05
2.17282367943e-05 2.00792188233e-05 1.85272019094e-05 2.03702219947e-05 1.9788215652e-05 1.99822177662e-05 1.92062093093e-05 1.29011405966e-05 9.9911088831e-06 9.70010571175e-06 6.88707505534e-06 6.59607188399e-06 8.43909196922e-06 7.7600845694e-06 6.88707505534e-06 9.21510042616e-06 6.88707505534e-06 6.88707505534e-06 7.08107716958e-06 7.7600845694e-06 8.43909196922e-06 4.26804651317e-06 5.72306236993e-06 4.75305179876e-06 6.49907082687e-06 6.88707505534e-06 5.72306236993e-06 3.8800422847e-06 8.53609302634e-06 5.23805708435e-06 5.14105602723e-06 6.88707505534e-06 9.4091025404e-06 8.43909196922e-06 6.88707505534e-06 5.91706448417e-06 8.73009514058e-06 5.72306236993e-06 7.46908139805e-06 1.22221331968e-05 6.79007399823e-06 9.21510042616e-06 7.7600845694e-06 1.08641183972e-05 1.27071384824e-05 9.21510042616e-06 9.4091025404e-06 1.22221331968e-05 1.27071384824e-05 1.37741501107e-05 1.25131363682e-05
2.04672230518e-05 1.68781839384e-05 1.52291659675e-05 1.71691871098e-05 1.5714171253e-05 1.71691871098e-05 1.88182050808e-05 1.51321649103e-05 9.60310465463e-06 8.73009514058e-06 6.40206976976e-06 7.46908139805e-06 8.73009514058e-06 6.88707505534e-06 8.24508985499e-06 6.88707505534e-06 8.73009514058e-06 8.24508985499e-06 7.27507928381e-06 8.73009514058e-06 6.88707505534e-06 7.7600845694e-06 8.73009514058e-06 6.59607188399e-06 6.01406554129e-06 5.91706448417e-06 7.37208034093e-06 3.8800422847e-06 8.73009514058e-06 5.72306236993e-06 8.73009514058e-06 6.59607188399e-06 7.7600845694e-06 7.56608245517e-06 6.59607188399e-06 3.39503699911e-06 6.88707505534e-06 9.50610359752e-06 1.09611194543e-05 9.9911088831e-06 1.04761141687e-05 5.72306236993e-06 1.25131363682e-05 1.45501585676e-05 1.17371279112e-05 8.73009514058e-06 9.02109831193e-06 1.34831469393e-05 9.02109831193e-06 1.08641183972e-05 8.53609302634e-06
2.25042452513e-05 1.80421966239e-05 1.47441606819e-05 1.25131363682e-05 1.46471596247e-05 1.52291659675e-05 1.52291659675e-05 1.67811828813e-05 1.74601902812e-05 1.4841161739e-05 1.13491236828e-05 6.59607188399e-06 6.20806765552e-06 1.19311300255e-05 8.73009514058e-06 8.05108774075e-06 9.21510042616e-06 8.73009514058e-06 8.43909196922e-06 6.88707505534e-06 8.43909196922e-06 7.7600845694e-06 8.43909196922e-06 5.91706448417e-06 7.46908139805e-06 6.49907082687e-06 4.17104545605e-06 9.11809936905e-06 6.59607188399e-06 7.46908139805e-06 5.23805708435e-06 6.59607188399e-06 7.46908139805e-06 7.46908139805e-06 6.88707505534e-06 6.59607188399e-06 7.56608245517e-06 9.11809936905e-06 1.1543125797e-05 9.9911088831e-06 9.02109831193e-06 9.70010571175e-06 1.02821120545e-05 9.11809936905e-06 8.73009514058e-06 8.82709619769e-06 1.4065153282e-05 1.13491236828e-05 9.9911088831e-06 1.14461247399e-05 1.13491236828e-05
2.19222389086e-05 1.91092082522e-05 1.85272019094e-05 1.47441606819e-05 1.17371279112e-05 1.34831469393e-05 1.38711511678e-05 1.52291659675e-05 1.52291659675e-05 1.71691871098e-05 1.52291659675e-05 1.51321649103e-05 1.13491236828e-05 7.46908139805e-06 1.18341289683e-05 9.9911088831e-06 1.33861458822e-05 1.13491236828e-05 7.46908139805e-06 9.4091025404e-06 9.79710676887e-06 8.53609302634e-06 7.46908139805e-06 8.53609302634e-06 6.30506871264e-06 8.24508985499e-06 8.43909196922e-06 9.9911088831e-06 9.21510042616e-06 9.50610359752e-06 1.13491236828e-05 8.43909196922e-06 8.43909196922e-06 8.53609302634e-06 5.91706448417e-06 6.59607188399e-06 9.21510042616e-06 1.17371279112e-05 1.25131363682e-05 1.08641183972e-05 1.22221331968e-05 9.9911088831e-06 1.14461247399e-05 9.02109831193e-06 8.73009514058e-06 1.47441606819e-05 1.19311300255e-05 9.02109831193e-06 1.1543125797e-05 1.19311300255e-05 1.27071384824e-05
2.1437233623e-05 1.9788215652e-05 1.94972124806e-05 1.71691871098e-05 1.49381627961e-05 1.47441606819e-05 1.36771490536e-05 1.28041395395e-05 1.4841161739e-05 1.52291659675e-05 1.85272019094e-05 1.55201691388e-05 1.27071384824e-05 9.60310465463e-06 1.08641183972e-05 1.17371279112e-05 8.73009514058e-06 1.19311300255e-05 1.14461247399e-05 1.17371279112e-05 8.73009514058e-06 9.9911088831e-06 6.88707505534e-06 8.43909196922e-06 8.43909196922e-06 6.88707505534e-06 6.59607188399e-06 1.17371279112e-05 1.14461247399e-05 7.27507928381e-06 8.82709619769e-06 8.43909196922e-06 6.30506871264e-06 7.7600845694e-06 6.30506871264e-06 8.43909196922e-06 1.17371279112e-05 1.19311300255e-05 1.04761141687e-05 1.34831469393e-05 1.30951427109e-05 1.37741501107e-05 1.49381627961e-05 8.73009514058e-06 1.17371279112e-05 1.55201691388e-05 1.17371279112e-05 1.36771490536e-05 1.46471596247e-05 1.52291659675e-05 1.38711511678e-05
1.92062093093e-05 1.98852167091e-05 2.01762198804e-05 1.71691871098e-05 1.43561564534e-05 1.25131363682e-05 1.29011405966e-05 1.49381627961e-05 1.51321649103e-05 1.52291659675e-05 1.5714171253e-05 1.71691871098e-05 1.55201691388e-05 1.47441606819e-05 9.31210148328e-06 1.01851109973e-05 1.43561564534e-05 1.076711734e-05 8.53609302634e-06 1.43561564534e-05 1.19311300255e-05 9.11809936905e-06 1.18341289683e-05 5.91706448417e-06 7.7600845694e-06 8.43909196922e-06 1.29011405966e-05 1.17371279112e-05 7.56608245517e-06 9.9911088831e-06 9.11809936905e-06 9.31210148328e-06 9.4091025404e-06 6.40206976976e-06 8.43909196922e-06 1.10581205114e-05 1.18341289683e-05 9.60310465463e-06 1.08641183972e-05 1.36771490536e-05 1.10581205114e-05 1.08641183972e-05 1.02821120545e-05 7.46908139805e-06 1.46471596247e-05 1.12521226256e-05 1.17371279112e-05 1.4841161739e-05 1.52291659675e-05 1.26101374253e-05 1.38711511678e-05
1.52291659675e-05 1.7363189224e-05 1.83331997952e-05 1.91092082522e-05 1.58111723102e-05 1.55201691388e-05 1.47441606819e-05 1.43561564534e-05 1.95942135377e-05 1.74601902812e-05 1.86242029666e-05 1.71691871098e-05 2.02732209376e-05 1.7363189224e-05 7.46908139805e-06 9.02109831193e-06 1.14461247399e-05 1.17371279112e-05 1.17371279112e-05 1.49381627961e-05 7.56608245517e-06 1.10581205114e-05 1.26101374253e-05 9.60310465463e-06 1.19311300255e-05 1.17371279112e-05 1.33861458822e-05 1.06701162829e-05 8.53609302634e-06 8.43909196922e-06 6.59607188399e-06 8.43909196922e-06 8.53609302634e-06 8.73009514058e-06 9.50610359752e-06 1.1543125797e-05 1.19311300255e-05 9.4091025404e-06 1.38711511678e-05 1.17371279112e-05 1.04761141687e-05 1.19311300255e-05 1.10581205114e-05 1.28041395395e-05 1.5714171253e-05 1.30951427109e-05 1.55201691388e-05 1.54231680817e-05 1.1543125797e-05 1.17371279112e-05 1.33861458822e-05
6.59607188399e-06 7.7600845694e-06 1.53261670246e-05 1.67811828813e-05 1.80421966239e-05 1.66841818242e-05 1.61021754815e-05 1.50351638532e-05 1.69751849956e-05 2.19222389086e-05 1.92062093093e-05 2.1437233623e-05 2.20192399657e-05 1.54231680817e-05 8.92409725481e-06 5.91706448417e-06 8.53609302634e-06 1.38711511678e-05 1.49381627961e-05 1.47441606819e-05 1.27071384824e-05 1.36771490536e-05 1.47441606819e-05 1.47441606819e-05 1.71691871098e-05 8.73009514058e-06 1.25131363682e-05 5.33505814146e-06 5.72306236993e-06 6.40206976976e-06 8.24508985499e-06 8.43909196922e-06 8.73009514058e-06 9.60310465463e-06 7.56608245517e-06 1.02821120545e-05 1.18341289683e-05 1.27071384824e-05 1.28041395395e-05 1.21251321397e-05 9.9911088831e-06 1.49381627961e-05 1.02821120545e-05 1.52291659675e-05 1.43561564534e-05 1.33861458822e-05 1.54231680817e-05 1.37741501107e-05 1.17371279112e-05 1.42591553963e-05 -9999
2.52202748506e-06 3.58903911335e-06 5.91706448417e-06 1.27071384824e-05 1.51321649103e-05 1.52291659675e-05 1.50351638532e-05 1.51321649103e-05 1.56171701959e-05 1.9788215652e-05 1.88182050808e-05 1.93032103664e-05 1.33861458822e-05 1.17371279112e-05 1.18341289683e-05 8.05108774075e-06 7.46908139805e-06 1.45501585676e-05 1.10581205114e-05 1.50351638532e-05 1.49381627961e-05 9.21510042616e-06 1.17371279112e-05 1.33861458822e-05 1.08641183972e-05 1.75571913383e-05 1.49381627961e-05 1.04761141687e-05 6.88707505534e-06 1.1543125797e-05 7.7600845694e-06 9.11809936905e-06 9.60310465463e-06 1.17371279112e-05 1.17371279112e-05 9.89410782599e-06 1.39681522249e-05 1.27071384824e-05 1.17371279112e-05 1.35801479965e-05 1.19311300255e-05 1.17371279112e-05 1.38711511678e-05 1.45501585676e-05 1.25131363682e-05 1.49381627961e-05 1.17371279112e-05 1.17371279112e-05 1.43561564534e-05 1.4841161739e-05 -9999
1.45501585676e-06 2.2310243137e-06 2.2310243137e-06 3.39503699911e-06 9.02109831193e-06 1.29011405966e-05 1.06701162829e-05 1.25131363682e-05 1.25131363682e-05 1.34831469393e-05 1.5714171253e-05 1.52291659675e-05 1.67811828813e-05 1.94972124806e-05 1.14461247399e-05 1.37741501107e-05 8.73009514058e-06 1.49381627961e-05 1.51321649103e-05 1.18341289683e-05 1.23191342539e-05 9.9911088831e-06 1.17371279112e-05 1.14461247399e-05 1.13491236828e-05 1.14461247399e-05 1.51321649103e-05 1.36771490536e-05 1.35801479965e-05 1.25131363682e-05 1.27071384824e-05 1.06701162829e-05 1.16401268541e-05 1.08641183972e-05 1.13491236828e-05 9.60310465463e-06 1.37741501107e-05 1.26101374253e-05 1.17371279112e-05 1.44531575105e-05 1.17371279112e-05 1.37741501107e-05 1.4841161739e-05 1.47441606819e-05 1.13491236828e-05 1.52291659675e-05 1.17371279112e-05 1.28041395395e-05 1.49381627961e-05 1.52291659675e-05 1.33861458822e-05
3.8800422847e-07 4.85005285588e-07 1.84302008523e-06 1.84302008523e-06 3.8800422847e-06 5.33505814146e-06 7.56608245517e-06 6.88707505534e-06 7.46908139805e-06 8.73009514058e-06 1.1543125797e-05 1.08641183972e-05 1.19311300255e-05 1.49381627961e-05 1.55201691388e-05 1.43561564534e-05 1.10581205114e-05 1.02821120545e-05 1.47441606819e-05 1.53261670246e-05 1.19311300255e-05 1.14461247399e-05 1.49381627961e-05 1.10581205114e-05 1.33861458822e-05 1.14461247399e-05 1.28041395395e-05 8.73009514058e-06 1.49381627961e-05 1.43561564534e-05 1.09611194543e-05 1.17371279112e-05 1.03791131116e-05 1.45501585676e-05 1.19311300255e-05 1.37741501107e-05 1.36771490536e-05 1.17371279112e-05 1.46471596247e-05 9.9911088831e-06 1.38711511678e-05 1.17371279112e-05 1.50351638532e-05 1.17371279112e-05 1.36771490536e-05 1.33861458822e-05 1.55201691388e-05 1.19311300255e-05 1.43561564534e-05 1.16401268541e-05 1.47441606819e-05
3.8800422847e-07 1.94002114235e-07 1.94002114235e-07 7.7600845694e-07 2.2310243137e-06 2.71602959929e-06 3.298035942e-06 5.82006342705e-06 8.73009514058e-06 9.02109831193e-06 8.43909196922e-06 8.73009514058e-06 1.17371279112e-05 1.28041395395e-05 1.54231680817e-05 1.67811828813e-05 1.38711511678e-05 1.54231680817e-05 1.21251321397e-05 1.22221331968e-05 1.37741501107e-05 1.17371279112e-05 1.43561564534e-05 1.47441606819e-05 1.14461247399e-05 1.45501585676e-05 1.68781839384e-05 1.55201691388e-05 1.34831469393e-05 1.49381627961e-05 1.29011405966e-05 1.43561564534e-05 1.19311300255e-05 1.47441606819e-05 1.33861458822e-05 1.17371279112e-05 1.3192143768e-05 1.52291659675e-05 9.9911088831e-06 1.23191342539e-05 1.19311300255e-05 1.33861458822e-05 1.14461247399e-05 1.26101374253e-05 1.49381627961e-05 1.22221331968e-05 1.33861458822e-05 1.52291659675e-05 1.44531575105e-05 1.54231680817e-05 1.5714171253e-05
9.70010571175e-08 9.70010571175e-08 9.70010571175e-08 1.94002114235e-07 4.85005285588e-07 7.7600845694e-07 2.91003171353e-06 3.8800422847e-06 6.1110665984e-06 7.7600845694e-06 1.10581205114e-05 1.17371279112e-05 1.28041395395e-05 1.45501585676e-05 1.95942135377e-05 1.94972124806e-05 1.50351638532e-05 1.67811828813e-05 1.17371279112e-05 1.54231680817e-05 1.46471596247e-05 1.52291659675e-05 1.5714171253e-05 1.4841161739e-05 1.49381627961e-05 1.71691871098e-05 1.71691871098e-05 1.76541923954e-05 1.68781839384e-05 1.63931786529e-05 1.52291659675e-05 1.58111723102e-05 1.49381627961e-05 1.38711511678e-05 1.18341289683e-05 1.27071384824e-05 1.63931786529e-05 1.25131363682e-05 1.47441606819e-05 1.49381627961e-05 1.25131363682e-05 1.30951427109e-05 1.18341289683e-05 1.34831469393e-05 1.71691871098e-05 1.52291659675e-05 1.4841161739e-05 1.30951427109e-05 1.43561564534e-05 1.55201691388e-05 1.58111723102e-05
9.70010571175e-08 9.70010571175e-08 9.70010571175e-08 9.70010571175e-08 1.94002114235e-07 4.85005285588e-07 8.73009514058e-07 2.91003171353e-06 6.59607188399e-06 6.40206976976e-06 7.56608245517e-06 1.14461247399e-05 1.30951427109e-05 1.45501585676e-05 1.52291659675e-05 1.80421966239e-05 1.51321649103e-05 1.80421966239e-05 1.37741501107e-05 1.43561564534e-05 1.85272019094e-05 1.68781839384e-05 1.7363189224e-05 1.5714171253e-05 1.66841818242e-05 1.80421966239e-05 2.1437233623e-05 1.80421966239e-05 1.9788215652e-05 1.67811828813e-05 1.67811828813e-05 1.70721860527e-05 1.55201691388e-05 1.39681522249e-05 1.71691871098e-05 1.71691871098e-05 1.54231680817e-05 1.22221331968e-05 1.63931786529e-05 1.60051744244e-05 1.49381627961e-05 1.49381627961e-05 1.45501585676e-05 1.45501585676e-05 1.63931786529e-05 1.53261670246e-05 1.71691871098e-05 1.42591553963e-05 1.3192143768e-05 1.61021754815e-05 9.02109831193e-06
9.70010571175e-08 9.70010571175e-08 9.70010571175e-08 9.70010571175e-08 9.70010571175e-08 9.70010571175e-08 1.94002114235e-07 7.7600845694e-07 3.00703277064e-06 5.91706448417e-06 1.02821120545e-05 9.21510042616e-06 7.46908139805e-06 8.43909196922e-06 1.17371279112e-05 1.87212040237e-05 1.93032103664e-05 1.95942135377e-05 1.52291659675e-05 1.43561564534e-05 1.74601902812e-05 1.71691871098e-05 1.85272019094e-05 1.88182050808e-05 1.71691871098e-05 1.80421966239e-05 1.86242029666e-05 1.91092082522e-05 1.71691871098e-05 1.71691871098e-05 1.68781839384e-05 1.93032103664e-05 1.52291659675e-05 1.49381627961e-05 1.67811828813e-05 1.85272019094e-05 1.80421966239e-05 1.86242029666e-05 1.71691871098e-05 1.71691871098e-05 1.8139197681e-05 1.72661881669e-05 1.63931786529e-05 1.36771490536e-05 1.4841161739e-05 1.47441606819e-05 1.5714171253e-05 1.5714171253e-05 1.39681522249e-05 1.47441606819e-05 1.06701162829e-05
9.70010571175e-08 9.70010571175e-08 9.70010571175e-08 9.70010571175e-08 0.0 9.70010571175e-08 9.70010571175e-08 1.94002114235e-07 7.7600845694e-07 3.00703277064e-06 7.7600845694e-06 8.53609302634e-06 8.73009514058e-06 1.28041395395e-05 1.17371279112e-05 1.49381627961e-05 2.12432315087e-05 2.04672230518e-05 1.30951427109e-05 1.71691871098e-05 1.85272019094e-05 1.87212040237e-05 1.80421966239e-05 1.88182050808e-05 1.88182050808e-05 1.9788215652e-05 1.70721860527e-05 1.66841818242e-05 1.30951427109e-05 1.45501585676e-05 1.8139197681e-05 1.72661881669e-05 1.67811828813e-05 1.52291659675e-05 1.71691871098e-05 1.65871807671e-05 1.92062093093e-05 1.63931786529e-05 1.85272019094e-05 1.5714171253e-05 1.75571913383e-05 1.68781839384e-05 1.38711511678e-05 1.54231680817e-05 1.55201691388e-05 1.47441606819e-05 1.61021754815e-05 1.43561564534e-05 1.28041395395e-05 1.12521226256e-05 1.19311300255e-05
