Example/niche_identity/models/ENFA/normalized_grids/chlorocyanus_1.asc
ncols        743
nrows        319
xllcorner    -74.500956448335
yllcorner    17.448920549066
cellsize     0.008333333333
NODATA_value  -9999
[rows 23 to 45 of 318, columns 357 to 407 of 743]
-9999 -9999 -9999 -9999 -9999 -9999 -9999 -9999 -9999 -9999 -9999 -9999 -9999 -9999 -9999 -9999 -9999 -9999 -9999 -9999 -9999 -9999 -9999 -9999 -9999 -9999 -9999 -9999 -9999 -9999 -9999 -9999 -9999 -9999 -9999 -9999 -9999 -9999 -9999 -9999 -9999 -9999 -9999 -9999 -9999 -9999 -9999 -9999 -9999 -9999 -9999
1.55201691388e-06 4.85005285588e-07 7.7600845694e-07 8.73009514058e-07 7.7600845694e-07 8.73009514058e-07 -9999 -9999 -9999 -9999 -9999 -9999 -9999 -9999 -9999 -9999 -9999 -9999 -9999 -9999 -9999 -9999 -9999 -9999 -9999 -9999 -9999 -9999 -9999 -9999 -9999 -9999 -9999 -9999 -9999 -9999 -9999 -9999 -9999 -9999 -9999 -9999 -9999 -9999 -9999 -9999 -9999 -9999 -9999 -9999 -9999
1.45501585676e-06 7.7600845694e-07 7.7600845694e-07 1.16401268541e-06 8.73009514058e-07 4.85005285588e-07 4.85005285588e-07 7.7600845694e-07 7.7600845694e-07 -9999 -9999 -9999 -9999 -9999 -9999 -9999 -9999 -9999 -9999 -9999 -9999 -9999 -9999 -9999 -9999 -9999 -9999 -9999 -9999 -9999 -9999 -9999 -9999 -9999 -9999 -9999 -9999 -9999 -9999 -9999 -9999 -9999 -9999 -9999 -9999 -9999 -9999 -9999 -9999 -9999 -9999
5.82006342705e-07 9.70010571175e-07 8.73009514058e-07 8.73009514058e-07 1.84302008523e-06 2.2310243137e-06 8.73009514058e-07 9.70010571175e-07 1.06701162829e-06 7.7600845694e-07 -9999 -9999 -9999 -9999 -9999 -9999 -9999 -9999 -9999 -9999 -9999 -9999 -9999 -9999 -9999 -9999 -9999 -9999 -9999 -9999 -9999 -9999 -9999 -9999 -9999 -9999 -9999 -9999 -9999 -9999 -9999 -9999 -9999 -9999 -9999 -9999 -9999 -9999 -9999 -9999 -9999
2.03702219947e-06 1.84302008523e-06 2.2310243137e-06 2.2310243137e-06 1.06701162829e-06 1.84302008523e-06 1.26101374253e-06 7.7600845694e-07 1.26101374253e-06 1.45501585676e-06 1.35801479965e-06 7.7600845694e-07 -9999 -9999 -9999 -9999 -9999 -9999 -9999 -9999 -9999 -9999 -9999 -9999 -9999 -9999 -9999 -9999 -9999 -9999 -9999 -9999 -9999 -9999 -9999 -9999 -9999 -9999 -9999 -9999 -9999 -9999 -9999 -9999 -9999 -9999 -9999 -9999 -9999 -9999 -9999
2.52202748506e-06 2.71602959929e-06 9.70010571175e-07 2.2310243137e-06 2.32802537082e-06 2.91003171353e-06 2.2310243137e-06 2.13402325659e-06 1.45501585676e-06 9.70010571175e-07 1.45501585676e-06 8.73009514058e-07 1.74601902812e-06 1.45501585676e-06 2.03702219947e-06 -9999 -9999 -9999 -9999 -9999 -9999 -9999 -9999 -9999 -9999 -9999 -9999 -9999 -9999 -9999 -9999 -9999 -9999 -9999 -9999 -9999 -9999 -9999 -9999 -9999 -9999 -9999 -9999 -9999 -9999 -9999 -9999 -9999 -9999 -9999 -9999
2.32802537082e-06 2.71602959929e-06 1.94002114235e-06 3.68604017047e-06 4.55904968452e-06 2.81303065641e-06 2.71602959929e-06 2.32802537082e-06 1.84302008523e-06 2.2310243137e-06 2.2310243137e-06 2.2310243137e-06 1.45501585676e-06 1.35801479965e-06 7.7600845694e-07 1.45501585676e-06 8.73009514058e-07 -9999 -9999 -9999 -9999 -9999 -9999 -9999 -9999 -9999 -9999 -9999 -9999 -9999 -9999 -9999 -9999 -9999 -9999 -9999 -9999 -9999 8.73009514058e-07 8.73009514058e-07 -9999 -9999 -9999 -9999 -9999 -9999 -9999 -9999 1.94002114235e-06 1.45501585676e-06 2.2310243137e-06
1.84302008523e-06 1.649017971e-06 2.2310243137e-06 3.298035942e-06 3.8800422847e-06 2.52202748506e-06 3.10403382776e-06 2.52202748506e-06 2.81303065641e-06 3.39503699911e-06 2.91003171353e-06 2.81303065641e-06 1.45501585676e-06 1.06701162829e-06 1.94002114235e-06 2.03702219947e-06 9.70010571175e-07 9.70010571175e-07 4.85005285588e-07 4.85005285588e-07 8.73009514058e-07 -9999 -9999 -9999 -9999 -9999 -9999 -9999 -9999 -9999 -9999 -9999 -9999 -9999 -9999 -9999 -9999 -9999 9.70010571175e-07 1.45501585676e-06 1.26101374253e-06 7.7600845694e-07 1.16401268541e-06 1.06701162829e-06 1.26101374253e-06 7.7600845694e-07 7.7600845694e-07 8.73009514058e-07 1.16401268541e-06 1.45501585676e-06 1.45501585676e-06
1.84302008523e-06 2.2310243137e-06 2.32802537082e-06 2.71602959929e-06 2.2310243137e-06 1.55201691388e-06 2.03702219947e-06 2.71602959929e-06 3.00703277064e-06 3.20103488488e-06 3.39503699911e-06 2.71602959929e-06 2.71602959929e-06 2.2310243137e-06 2.03702219947e-06 2.13402325659e-06 2.2310243137e-06 1.45501585676e-06 1.45501585676e-06 7.7600845694e-07 1.16401268541e-06 1.26101374253e-06 8.73009514058e-07 1.26101374253e-06 1.84302008523e-06 7.7600845694e-07 2.2310243137e-06 5.82006342705e-07 -9999 -9999 -9999 -9999 -9999 -9999 -9999 -9999 -9999 -9999 9.70010571175e-07 8.73009514058e-07 8.73009514058e-07 2.03702219947e-06 1.45501585676e-06 8.73009514058e-07 1.45501585676e-06 9.70010571175e-07 2.2310243137e-06 5.82006342705e-07 7.7600845694e-07 7.7600845694e-07 4.85005285588e-07
2.2310243137e-06 2.2310243137e-06 3.00703277064e-06 2.91003171353e-06 2.03702219947e-06 2.81303065641e-06 3.39503699911e-06 2.71602959929e-06 2.91003171353e-06 3.298035942e-06 3.39503699911e-06 2.32802537082e-06 2.91003171353e-06 2.91003171353e-06 3.8800422847e-06 3.8800422847e-06 3.20103488488e-06 3.39503699911e-06 3.10403382776e-06 2.2310243137e-06 2.2310243137e-06 1.06701162829e-06 1.45501585676e-06 8.73009514058e-07 7.7600845694e-07 1.84302008523e-06 2.2310243137e-06 2.13402325659e-06 2.13402325659e-06 -9999 -9999 -9999 -9999 -9999 -9999 -9999 5.82006342705e-07 1.84302008523e-06 2.2310243137e-06 2.03702219947e-06 8.73009514058e-07 8.73009514058e-07 9.70010571175e-07 7.7600845694e-07 8.73009514058e-07 8.73009514058e-07 2.2310243137e-06 1.45501585676e-06 7.7600845694e-07 1.45501585676e-06 8.73009514058e-07
2.2310243137e-06 2.2310243137e-06 2.2310243137e-06 2.2310243137e-06 1.45501585676e-06 3.8800422847e-06 3.8800422847e-06 3.8800422847e-06 3.8800422847e-06 2.52202748506e-06 1.35801479965e-06 3.10403382776e-06 3.10403382776e-06 3.20103488488e-06 3.39503699911e-06 3.39503699911e-06 3.8800422847e-06 3.8800422847e-06 3.8800422847e-06 3.298035942e-06 2.2310243137e-06 2.2310243137e-06 2.03702219947e-06 2.32802537082e-06 1.45501585676e-06 2.2310243137e-06 2.71602959929e-06 2.32802537082e-06 1.45501585676e-06 8.73009514058e-07 8.73009514058e-07 1.35801479965e-06 8.73009514058e-07 1.45501585676e-06 7.7600845694e-07 4.85005285588e-07 1.45501585676e-06 8.73009514058e-07 1.45501585676e-06 1.45501585676e-06 1.06701162829e-06 1.45501585676e-06 7.7600845694e-07 9.70010571175e-07 8.73009514058e-07 7.7600845694e-07 2.13402325659e-06 1.84302008523e-06 1.55201691388e-06 7.7600845694e-07 2.32802537082e-06
2.2310243137e-06 2.2310243137e-06 2.2310243137e-06 2.32802537082e-06 2.2310243137e-06 3.8800422847e-06 3.8800422847e-06 1.94002114235e-06 3.49203805623e-06 2.2310243137e-06 3.49203805623e-06 2.2310243137e-06 2.71602959929e-06 3.8800422847e-06 3.39503699911e-06 3.97704334182e-06 3.49203805623e-06 3.8800422847e-06 3.8800422847e-06 2.52202748506e-06 2.2310243137e-06 2.2310243137e-06 2.2310243137e-06 2.71602959929e-06 2.52202748506e-06 3.8800422847e-06 2.52202748506e-06 2.52202748506e-06 2.32802537082e-06 2.13402325659e-06 1.84302008523e-06 8.73009514058e-07 5.82006342705e-07 2.2310243137e-06 8.73009514058e-07 1.84302008523e-06 8.73009514058e-07 1.94002114235e-06 1.55201691388e-06 2.03702219947e-06 8.73009514058e-07 1.26101374253e-06 1.45501585676e-06 9.70010571175e-07 1.55201691388e-06 1.45501585676e-06 8.73009514058e-07 7.7600845694e-07 8.73009514058e-07 5.82006342705e-07 2.13402325659e-06
2.13402325659e-06 1.45501585676e-06 2.2310243137e-06 1.45501585676e-06 2.2310243137e-06 2.2310243137e-06 2.71602959929e-06 2.2310243137e-06 2.52202748506e-06 3.8800422847e-06 2.91003171353e-06 2.91003171353e-06 3.8800422847e-06 2.71602959929e-06 3.68604017047e-06 3.20103488488e-06 2.42502642794e-06 2.2310243137e-06 3.00703277064e-06 3.298035942e-06 2.2310243137e-06 3.20103488488e-06 3.298035942e-06 3.8800422847e-06 2.71602959929e-06 2.71602959929e-06 3.10403382776e-06 3.8800422847e-06 3.49203805623e-06 2.32802537082e-06 2.2310243137e-06 1.06701162829e-06 1.84302008523e-06 1.649017971e-06 1.06701162829e-06 1.55201691388e-06 8.73009514058e-07 2.13402325659e-06 8.73009514058e-07 2.2310243137e-06 7.7600845694e-07 1.649017971e-06 1.06701162829e-06 1.45501585676e-06 8.73009514058e-07 7.7600845694e-07 1.45501585676e-06 7.7600845694e-07 1.84302008523e-06 7.7600845694e-07 1.84302008523e-06
1.06701162829e-06 1.45501585676e-06 2.32802537082e-06 2.2310243137e-06 3.10403382776e-06 3.49203805623e-06 3.20103488488e-06 3.39503699911e-06 2.13402325659e-06 2.71602959929e-06 3.8800422847e-06 3.8800422847e-06 2.71602959929e-06 3.00703277064e-06 3.39503699911e-06 3.298035942e-06 2.71602959929e-06 2.81303065641e-06 3.49203805623e-06 3.8800422847e-06 3.20103488488e-06 3.20103488488e-06 3.298035942e-06 2.91003171353e-06 2.71602959929e-06 3.58903911335e-06 3.00703277064e-06 3.20103488488e-06 4.46204862741e-06 3.10403382776e-06 3.58903911335e-06 1.45501585676e-06 7.7600845694e-07 2.03702219947e-06 7.7600845694e-07 8.73009514058e-07 1.26101374253e-06 9.70010571175e-07 1.45501585676e-06 2.03702219947e-06 1.26101374253e-06 7.7600845694e-07 1.06701162829e-06 8.73009514058e-07 8.73009514058e-07 1.26101374253e-06 1.45501585676e-06 2.2310243137e-06 8.73009514058e-07 1.45501585676e-06 1.45501585676e-06
1.16401268541e-06 2.2310243137e-06 2.2310243137e-06 2.2310243137e-06 2.13402325659e-06 2.91003171353e-06 3.00703277064e-06 3.10403382776e-06 2.52202748506e-06 2.91003171353e-06 3.10403382776e-06 3.20103488488e-06 3.8800422847e-06 2.71602959929e-06 3.8800422847e-06 2.91003171353e-06 2.71602959929e-06 3.10403382776e-06 3.10403382776e-06 5.14105602723e-06 3.8800422847e-06 3.8800422847e-06 2.91003171353e-06 2.81303065641e-06 3.10403382776e-06 3.20103488488e-06 2.61902854217e-06 3.10403382776e-06 3.49203805623e-06 3.49203805623e-06 3.39503699911e-06 3.8800422847e-06 2.2310243137e-06 2.32802537082e-06 2.32802537082e-06 3.20103488488e-06 2.2310243137e-06 2.32802537082e-06 2.71602959929e-06 3.20103488488e-06 2.71602959929e-06 2.81303065641e-06 2.2310243137e-06 1.26101374253e-06 7.7600845694e-07 8.73009514058e-07 1.74601902812e-06 1.55201691388e-06 1.45501585676e-06 1.84302008523e-06 8.73009514058e-07
1.74601902812e-06 7.7600845694e-07 2.52202748506e-06 2.91003171353e-06 2.71602959929e-06 2.71602959929e-06 2.03702219947e-06 2.52202748506e-06 2.81303065641e-06 3.10403382776e-06 3.10403382776e-06 2.32802537082e-06 3.39503699911e-06 2.91003171353e-06 2.71602959929e-06 3.8800422847e-06 3.20103488488e-06 3.39503699911e-06 2.52202748506e-06 3.49203805623e-06 3.8800422847e-06 5.23805708435e-06 3.8800422847e-06 2.71602959929e-06 2.71602959929e-06 2.71602959929e-06 3.298035942e-06 2.91003171353e-06 2.81303065641e-06 2.32802537082e-06 2.91003171353e-06 2.71602959929e-06 2.81303065641e-06 2.32802537082e-06 2.71602959929e-06 3.39503699911e-06 4.26804651317e-06 2.2310243137e-06 2.81303065641e-06 3.49203805623e-06 3.8800422847e-06 2.71602959929e-06 3.68604017047e-06 2.71602959929e-06 2.52202748506e-06 2.32802537082e-06 1.84302008523e-06 7.7600845694e-07 7.7600845694e-07 5.82006342705e-07 8.73009514058e-07
2.2310243137e-06 2.32802537082e-06 2.2310243137e-06 2.32802537082e-06 2.52202748506e-06 2.91003171353e-06 2.71602959929e-06 3.39503699911e-06 2.2310243137e-06 2.71602959929e-06 2.32802537082e-06 2.91003171353e-06 3.39503699911e-06 2.81303065641e-06 2.32802537082e-06 3.8800422847e-06 2.91003171353e-06 3.49203805623e-06 2.71602959929e-06 3.8800422847e-06 3.8800422847e-06 4.26804651317e-06 3.8800422847e-06 3.8800422847e-06 2.71602959929e-06 2.2310243137e-06 2.2310243137e-06 2.2310243137e-06 1.94002114235e-06 2.2310243137e-06 2.32802537082e-06 2.32802537082e-06 2.2310243137e-06 2.32802537082e-06 2.2310243137e-06 2.71602959929e-06 3.8800422847e-06 3.8800422847e-06 3.8800422847e-06 3.8800422847e-06 3.298035942e-06 2.71602959929e-06 2.71602959929e-06 1.55201691388e-06 2.2310243137e-06 2.52202748506e-06 2.71602959929e-06 2.2310243137e-06 8.73009514058e-07 9.70010571175e-07 2.32802537082e-06
1.74601902812e-06 2.71602959929e-06 2.2310243137e-06 2.2310243137e-06 2.2310243137e-06 3.298035942e-06 2.32802537082e-06 3.8800422847e-06 3.39503699911e-06 1.94002114235e-06 2.32802537082e-06 3.39503699911e-06 2.81303065641e-06 2.52202748506e-06 2.71602959929e-06 3.58903911335e-06 3.8800422847e-06 2.52202748506e-06 2.91003171353e-06 3.49203805623e-06 3.8800422847e-06 3.298035942e-06 4.46204862741e-06 3.8800422847e-06 3.78304122758e-06 2.2310243137e-06 1.74601902812e-06 1.84302008523e-06 9.70010571175e-07 2.32802537082e-06 1.55201691388e-06 2.91003171353e-06 1.94002114235e-06 2.13402325659e-06 2.2310243137e-06 2.2310243137e-06 3.49203805623e-06 2.2310243137e-06 2.71602959929e-06 3.8800422847e-06 2.32802537082e-06 2.32802537082e-06 2.2310243137e-06 1.84302008523e-06 2.2310243137e-06 3.10403382776e-06 2.71602959929e-06 2.32802537082e-06 2.2310243137e-06 2.13402325659e-06 2.2310243137e-06
2.2310243137e-06 2.2310243137e-06 2.2310243137e-06 2.2310243137e-06 1.84302008523e-06 2.71602959929e-06 2.42502642794e-06 2.91003171353e-06 2.32802537082e-06 2.32802537082e-06 2.32802537082e-06 3.8800422847e-06 3.58903911335e-06 2.52202748506e-06 3.49203805623e-06 2.71602959929e-06 3.20103488488e-06 2.91003171353e-06 2.91003171353e-06 2.71602959929e-06 3.8800422847e-06 3.8800422847e-06 3.8800422847e-06 2.71602959929e-06 4.26804651317e-06 3.8800422847e-06 3.49203805623e-06 2.2310243137e-06 3.8800422847e-06 3.39503699911e-06 3.68604017047e-06 3.39503699911e-06 3.20103488488e-06 2.2310243137e-06 2.13402325659e-06 2.81303065641e-06 2.2310243137e-06 3.39503699911e-06 2.2310243137e-06 3.20103488488e-06 3.8800422847e-06 3.8800422847e-06 3.10403382776e-06 2.32802537082e-06 2.2310243137e-06 1.649017971e-06 2.2310243137e-06 2.32802537082e-06 2.2310243137e-06 2.2310243137e-06 2.13402325659e-06
2.52202748506e-06 2.2310243137e-06 1.94002114235e-06 1.84302008523e-06 2.2310243137e-06 2.71602959929e-06 2.32802537082e-06 2.71602959929e-06 2.2310243137e-06 1.84302008523e-06 2.2310243137e-06 2.71602959929e-06 2.71602959929e-06 2.71602959929e-06 2.2310243137e-06 2.81303065641e-06 2.2310243137e-06 1.26101374253e-06 2.2310243137e-06 2.71602959929e-06 3.10403382776e-06 3.39503699911e-06 3.10403382776e-06 3.10403382776e-06 5.14105602723e-06 3.298035942e-06 2.71602959929e-06 2.71602959929e-06 3.00703277064e-06 3.298035942e-06 3.8800422847e-06 3.8800422847e-06 2.91003171353e-06 2.2310243137e-06 2.2310243137e-06 2.32802537082e-06 2.2310243137e-06 2.13402325659e-06 2.91003171353e-06 2.32802537082e-06 3.49203805623e-06 3.68604017047e-06 2.52202748506e-06 3.20103488488e-06 2.81303065641e-06 2.91003171353e-06 2.71602959929e-06 2.32802537082e-06 2.71602959929e-06 2.13402325659e-06 2.2310243137e-06
2.61902854217e-06 2.52202748506e-06 1.45501585676e-06 2.2310243137e-06 2.2310243137e-06 3.20103488488e-06 2.91003171353e-06 2.13402325659e-06 9.70010571175e-07 2.71602959929e-06 3.39503699911e-06 2.32802537082e-06 2.91003171353e-06 2.2310243137e-06 2.71602959929e-06 2.2310243137e-06 2.2310243137e-06 1.94002114235e-06 1.84302008523e-06 2.32802537082e-06 3.39503699911e-06 3.8800422847e-06 3.10403382776e-06 2.91003171353e-06 3.39503699911e-06 3.58903911335e-06 2.2310243137e-06 1.06701162829e-06 1.26101374253e-06 1.16401268541e-06 1.45501585676e-06 2.2310243137e-06 2.91003171353e-06 2.2310243137e-06 2.2310243137e-06 2.2310243137e-06 2.2310243137e-06 2.13402325659e-06 2.71602959929e-06 3.00703277064e-06 2.2310243137e-06 3.10403382776e-06 3.8800422847e-06 3.8800422847e-06 2.32802537082e-06 3.10403382776e-06 2.52202748506e-06 3.20103488488e-06 2.32802537082e-06 2.71602959929e-06 1.45501585676e-06
3.00703277064e-06 1.84302008523e-06 2.2310243137e-06 2.91003171353e-06 2.71602959929e-06 2.71602959929e-06 2.32802537082e-06 2.03702219947e-06 2.2310243137e-06 3.298035942e-06 2.91003171353e-06 2.71602959929e-06 2.2310243137e-06 2.32802537082e-06 1.94002114235e-06 2.2310243137e-06 2.71602959929e-06 1.84302008523e-06 2.71602959929e-06 2.32802537082e-06 3.20103488488e-06 2.2310243137e-06 3.10403382776e-06 2.61902854217e-06 2.32802537082e-06 2.2310243137e-06 2.91003171353e-06 3.20103488488e-06 3.298035942e-06 2.13402325659e-06 2.32802537082e-06 2.32802537082e-06 2.91003171353e-06 2.2310243137e-06 2.32802537082e-06 2.2310243137e-06 2.2310243137e-06 2.71602959929e-06 2.52202748506e-06 2.32802537082e-06 2.2310243137e-06 3.298035942e-06 3.8800422847e-06 3.298035942e-06 3.8800422847e-06 2.71602959929e-06 3.298035942e-06 2.2310243137e-06 1.84302008523e-06 2.32802537082e-06 2.32802537082e-06
2.71602959929e-06 2.71602959929e-06 2.71602959929e-06 2.32802537082e-06 3.10403382776e-06 2.2310243137e-06 2.2310243137e-06 1.84302008523e-06 2.52202748506e-06 2.71602959929e-06 2.32802537082e-06 2.2310243137e-06 2.2310243137e-06 1.06701162829e-06 2.2310243137e-06 2.2310243137e-06 1.45501585676e-06 2.91003171353e-06 2.91003171353e-06 3.10403382776e-06 3.10403382776e-06 2.81303065641e-06 2.03702219947e-06 2.2310243137e-06 2.2310243137e-06 2.13402325659e-06 2.2310243137e-06 1.84302008523e-06 1.45501585676e-06 2.32802537082e-06 1.84302008523e-06 1.45501585676e-06 1.74601902812e-06 2.71602959929e-06 1.84302008523e-06 2.2310243137e-06 2.2310243137e-06 1.26101374253e-06 2.32802537082e-06 2.13402325659e-06 3.49203805623e-06 3.8800422847e-06 2.71602959929e-06 3.8800422847e-06 3.8800422847e-06 3.8800422847e-06 3.298035942e-06 3.39503699911e-06 3.20103488488e-06 2.71602959929e-06 3.298035942e-06
