Example/niche_identity/models/ENFA/normalized_grids/coelestinus_0.asc
ncols        743
nrows        319
xllcorner    -74.500956448335
yllcorner    17.448920549066
cellsize     0.008333333333
NODATA_value  -9999
[rows 69 to 91 of 318, columns 260 to 311 of 743]
1.12442199016e-05 1.57988406213e-05 1.75068233912e-05 1.69374958012e-05 1.69374958012e-05 1.75068233912e-05 2.02111294435e-05 1.75068233912e-05 1.83608147761e-05 1.38061940564e-05 2.02111294435e-05 2.10651208284e-05 1.9214806161e-05 1.76491552887e-05 1.69374958012e-05 1.9499469956e-05 1.79338190836e-05 1.79338190836e-05 1.62258363138e-05 1.87878104686e-05 1.89301423661e-05 1.70798276987e-05 1.59411725188e-05 1.38061940564e-05 1.69374958012e-05 1.76491552887e-05 1.75068233912e-05 1.76491552887e-05 1.79338190836e-05 1.70798276987e-05 1.63681682113e-05 1.69374958012e-05 1.65105001087e-05 1.63681682113e-05 1.62258363138e-05 1.42331897489e-05 1.03902285167e-05 8.53991384935e-06 1.13865517991e-05 1.42331897489e-05 1.22405431841e-05 1.42331897489e-05 1.53718449288e-05 1.9214806161e-05 1.67951639037e-05 1.83608147761e-05 1.77914871861e-05 1.75068233912e-05 1.79338190836e-05 1.9214806161e-05 1.93571380585e-05 1.77914871861e-05
1.65105001087e-05 1.42331897489e-05 1.69374958012e-05 1.9784133751e-05 1.70798276987e-05 1.52295130313e-05 1.93571380585e-05 2.02111294435e-05 1.69374958012e-05 1.80761509811e-05 2.12074527259e-05 2.14921165209e-05 1.9214806161e-05 1.79338190836e-05 1.52295130313e-05 1.93571380585e-05 1.9499469956e-05 1.93571380585e-05 1.65105001087e-05 1.9499469956e-05 2.02111294435e-05 1.93571380585e-05 1.69374958012e-05 1.52295130313e-05 1.93571380585e-05 1.87878104686e-05 1.69374958012e-05 1.79338190836e-05 1.65105001087e-05 1.70798276987e-05 1.69374958012e-05 1.70798276987e-05 1.69374958012e-05 1.69374958012e-05 1.67951639037e-05 1.63681682113e-05 1.56565087238e-05 1.42331897489e-05 1.50871811338e-05 1.52295130313e-05 1.15288836966e-05 1.13865517991e-05 1.49448492364e-05 1.45178535439e-05 1.43755216464e-05 1.50871811338e-05 1.63681682113e-05 2.02111294435e-05 1.93571380585e-05 1.90724742635e-05 1.63681682113e-05 1.89301423661e-05
1.39485259539e-05 1.69374958012e-05 1.9214806161e-05 1.9499469956e-05 1.9214806161e-05 1.93571380585e-05 1.79338190836e-05 1.69374958012e-05 1.9499469956e-05 2.12074527259e-05 1.93571380585e-05 2.0068797546e-05 2.16344484183e-05 2.02111294435e-05 1.12442199016e-05 1.79338190836e-05 2.12074527259e-05 2.0068797546e-05 1.90724742635e-05 1.9784133751e-05 1.80761509811e-05 1.79338190836e-05 1.67951639037e-05 1.50871811338e-05 1.70798276987e-05 1.93571380585e-05 1.9499469956e-05 1.79338190836e-05 1.49448492364e-05 1.67951639037e-05 1.52295130313e-05 1.69374958012e-05 1.75068233912e-05 1.69374958012e-05 1.67951639037e-05 1.67951639037e-05 1.63681682113e-05 1.62258363138e-05 1.59411725188e-05 1.57988406213e-05 1.52295130313e-05 1.52295130313e-05 1.09595561067e-05 1.15288836966e-05 1.22405431841e-05 1.42331897489e-05 1.52295130313e-05 2.02111294435e-05 2.0068797546e-05 2.02111294435e-05 1.77914871861e-05 2.07804570334e-05
7.97058625939e-06 1.42331897489e-05 1.45178535439e-05 1.67951639037e-05 1.3663862159e-05 1.42331897489e-05 1.45178535439e-05 1.83608147761e-05 1.77914871861e-05 2.06381251359e-05 2.10651208284e-05 2.12074527259e-05 2.16344484183e-05 1.93571380585e-05 1.43755216464e-05 1.70798276987e-05 2.0068797546e-05 2.06381251359e-05 2.02111294435e-05 2.12074527259e-05 2.12074527259e-05 1.9214806161e-05 1.70798276987e-05 1.63681682113e-05 1.83608147761e-05 1.75068233912e-05 1.9214806161e-05 1.9214806161e-05 1.72221595962e-05 1.75068233912e-05 1.87878104686e-05 1.77914871861e-05 1.69374958012e-05 1.66528320062e-05 1.65105001087e-05 1.63681682113e-05 1.65105001087e-05 1.63681682113e-05 1.57988406213e-05 1.59411725188e-05 1.57988406213e-05 1.42331897489e-05 1.16712155941e-05 9.10924143931e-06 8.82457764433e-06 1.3663862159e-05 1.50871811338e-05 1.50871811338e-05 1.80761509811e-05 1.69374958012e-05 1.9214806161e-05 1.63681682113e-05
7.40125866944e-06 1.09595561067e-05 1.35215302615e-05 1.20982112866e-05 1.11018880042e-05 1.3094534569e-05 1.45178535439e-05 1.63681682113e-05 1.82184828786e-05 1.89301423661e-05 1.73644914937e-05 1.9214806161e-05 2.16344484183e-05 2.13497846234e-05 1.9499469956e-05 2.17767803158e-05 1.38061940564e-05 1.63681682113e-05 1.75068233912e-05 2.02111294435e-05 2.10651208284e-05 2.02111294435e-05 1.83608147761e-05 1.85031466736e-05 1.79338190836e-05 1.76491552887e-05 1.75068233912e-05 1.9499469956e-05 1.9499469956e-05 1.77914871861e-05 1.79338190836e-05 1.77914871861e-05 1.69374958012e-05 1.69374958012e-05 1.67951639037e-05 1.65105001087e-05 1.67951639037e-05 1.52295130313e-05 1.63681682113e-05 1.62258363138e-05 1.52295130313e-05 1.52295130313e-05 1.2809870774e-05 1.45178535439e-05 1.12442199016e-05 1.3663862159e-05 1.2809870774e-05 1.52295130313e-05 1.73644914937e-05 1.76491552887e-05 1.83608147761e-05 1.70798276987e-05
1.02478966192e-05 1.06748923117e-05 1.35215302615e-05 1.63681682113e-05 1.2809870774e-05 1.15288836966e-05 1.52295130313e-05 1.87878104686e-05 1.57988406213e-05 1.62258363138e-05 1.13865517991e-05 1.20982112866e-05 1.63681682113e-05 1.9214806161e-05 2.16344484183e-05 2.19191122133e-05 1.63681682113e-05 1.93571380585e-05 1.38061940564e-05 1.15288836966e-05 1.65105001087e-05 2.12074527259e-05 1.89301423661e-05 1.69374958012e-05 1.67951639037e-05 1.69374958012e-05 1.75068233912e-05 1.90724742635e-05 1.9214806161e-05 1.9214806161e-05 1.86454785711e-05 1.77914871861e-05 1.70798276987e-05 1.69374958012e-05 1.69374958012e-05 1.69374958012e-05 1.69374958012e-05 1.63681682113e-05 1.57988406213e-05 1.65105001087e-05 1.50871811338e-05 1.52295130313e-05 1.45178535439e-05 1.57988406213e-05 1.2525206979e-05 1.13865517991e-05 1.42331897489e-05 1.42331897489e-05 1.67951639037e-05 1.62258363138e-05 1.85031466736e-05 1.80761509811e-05
1.2809870774e-05 1.3663862159e-05 1.65105001087e-05 1.52295130313e-05 1.35215302615e-05 9.39390523428e-06 1.03902285167e-05 1.43755216464e-05 9.39390523428e-06 7.40125866944e-06 7.68592246441e-06 1.43755216464e-05 1.73644914937e-05 2.07804570334e-05 2.12074527259e-05 2.20614441108e-05 2.06381251359e-05 1.2809870774e-05 6.5472672845e-06 6.97426297697e-06 1.26675388765e-05 2.02111294435e-05 2.0068797546e-05 1.79338190836e-05 1.89301423661e-05 1.69374958012e-05 1.69374958012e-05 1.69374958012e-05 1.76491552887e-05 1.90724742635e-05 1.9214806161e-05 1.76491552887e-05 1.63681682113e-05 1.69374958012e-05 1.70798276987e-05 1.73644914937e-05 1.2809870774e-05 1.49448492364e-05 1.62258363138e-05 1.57988406213e-05 1.50871811338e-05 1.52295130313e-05 1.52295130313e-05 1.45178535439e-05 1.2809870774e-05 1.12442199016e-05 1.49448492364e-05 1.39485259539e-05 1.2809870774e-05 1.67951639037e-05 1.70798276987e-05 1.87878104686e-05
1.67951639037e-05 1.43755216464e-05 1.3094534569e-05 1.76491552887e-05 1.35215302615e-05 1.12442199016e-05 9.39390523428e-06 7.68592246441e-06 7.25892677195e-06 7.40125866944e-06 6.83193107948e-06 1.03902285167e-05 1.63681682113e-05 1.79338190836e-05 1.80761509811e-05 2.19191122133e-05 2.13497846234e-05 1.2809870774e-05 8.39758195186e-06 8.53991384935e-06 8.82457764433e-06 1.69374958012e-05 2.12074527259e-05 1.83608147761e-05 1.93571380585e-05 1.75068233912e-05 1.86454785711e-05 1.69374958012e-05 1.63681682113e-05 1.77914871861e-05 1.77914871861e-05 1.69374958012e-05 1.42331897489e-05 1.67951639037e-05 1.76491552887e-05 1.72221595962e-05 1.49448492364e-05 1.63681682113e-05 1.57988406213e-05 1.52295130313e-05 1.52295130313e-05 1.52295130313e-05 1.49448492364e-05 1.52295130313e-05 1.38061940564e-05 1.43755216464e-05 1.42331897489e-05 1.3094534569e-05 1.3663862159e-05 1.12442199016e-05 1.63681682113e-05 1.69374958012e-05
1.77914871861e-05 1.69374958012e-05 1.76491552887e-05 1.42331897489e-05 1.50871811338e-05 1.59411725188e-05 1.29522026715e-05 1.3663862159e-05 7.8282543619e-06 8.39758195186e-06 1.13865517991e-05 7.25892677195e-06 1.12442199016e-05 1.67951639037e-05 2.07804570334e-05 2.26307717008e-05 2.02111294435e-05 1.22405431841e-05 7.97058625939e-06 1.43755216464e-05 1.2809870774e-05 1.11018880042e-05 1.85031466736e-05 2.16344484183e-05 1.83608147761e-05 1.89301423661e-05 1.9214806161e-05 1.93571380585e-05 1.69374958012e-05 1.75068233912e-05 1.66528320062e-05 1.42331897489e-05 1.63681682113e-05 1.76491552887e-05 1.77914871861e-05 1.72221595962e-05 1.73644914937e-05 1.67951639037e-05 1.65105001087e-05 1.63681682113e-05 1.52295130313e-05 1.45178535439e-05 1.42331897489e-05 1.42331897489e-05 1.52295130313e-05 1.43755216464e-05 1.42331897489e-05 1.42331897489e-05 1.45178535439e-05 1.45178535439e-05 1.38061940564e-05 1.06748923117e-05
1.79338190836e-05 1.77914871861e-05 1.63681682113e-05 1.77914871861e-05 1.69374958012e-05 1.65105001087e-05 1.69374958012e-05 1.63681682113e-05 1.2809870774e-05 9.53623713177e-06 1.16712155941e-05 8.53991384935e-06 8.82457764433e-06 1.3663862159e-05 1.2809870774e-05 2.26307717008e-05 2.26307717008e-05 1.39485259539e-05 9.10924143931e-06 1.45178535439e-05 1.09595561067e-05 7.25892677195e-06 1.42331897489e-05 2.12074527259e-05 1.79338190836e-05 1.79338190836e-05 1.87878104686e-05 1.9214806161e-05 1.70798276987e-05 1.65105001087e-05 1.62258363138e-05 1.85031466736e-05 1.57988406213e-05 1.76491552887e-05 1.75068233912e-05 1.76491552887e-05 1.63681682113e-05 1.65105001087e-05 1.52295130313e-05 1.59411725188e-05 1.50871811338e-05 1.42331897489e-05 1.3094534569e-05 1.39485259539e-05 1.38061940564e-05 1.06748923117e-05 1.52295130313e-05 1.50871811338e-05 1.38061940564e-05 1.2809870774e-05 1.3379198364e-05 1.3094534569e-05
1.52295130313e-05 1.79338190836e-05 1.69374958012e-05 1.77914871861e-05 1.63681682113e-05 1.89301423661e-05 1.76491552887e-05 1.70798276987e-05 1.57988406213e-05 1.2809870774e-05 1.22405431841e-05 1.13865517991e-05 1.13865517991e-05 1.2809870774e-05 1.65105001087e-05 2.27731035983e-05 2.27731035983e-05 2.26307717008e-05 1.77914871861e-05 1.79338190836e-05 1.13865517991e-05 8.96690954182e-06 9.53623713177e-06 2.12074527259e-05 2.16344484183e-05 1.9499469956e-05 1.73644914937e-05 1.62258363138e-05 1.86454785711e-05 1.69374958012e-05 1.42331897489e-05 1.3663862159e-05 1.69374958012e-05 1.12442199016e-05 1.19558793891e-05 1.76491552887e-05 1.79338190836e-05 1.45178535439e-05 1.49448492364e-05 1.50871811338e-05 1.3094534569e-05 1.45178535439e-05 1.35215302615e-05 1.2809870774e-05 1.22405431841e-05 1.2809870774e-05 1.3094534569e-05 1.55141768263e-05 1.45178535439e-05 1.3094534569e-05 1.3094534569e-05 1.11018880042e-05
1.77914871861e-05 1.76491552887e-05 1.57988406213e-05 1.65105001087e-05 1.63681682113e-05 1.67951639037e-05 1.9214806161e-05 1.69374958012e-05 1.3663862159e-05 8.96690954182e-06 1.06748923117e-05 1.2809870774e-05 1.46601854414e-05 1.2809870774e-05 1.87878104686e-05 2.26307717008e-05 2.27731035983e-05 2.26307717008e-05 2.24884398033e-05 2.07804570334e-05 1.42331897489e-05 1.2809870774e-05 1.08172242092e-05 1.63681682113e-05 1.93571380585e-05 1.77914871861e-05 1.77914871861e-05 1.75068233912e-05 1.69374958012e-05 1.76491552887e-05 1.77914871861e-05 1.66528320062e-05 1.57988406213e-05 1.57988406213e-05 1.57988406213e-05 1.63681682113e-05 1.45178535439e-05 1.53718449288e-05 1.69374958012e-05 1.52295130313e-05 1.57988406213e-05 1.57988406213e-05 1.63681682113e-05 1.43755216464e-05 1.3663862159e-05 1.20982112866e-05 1.22405431841e-05 1.13865517991e-05 1.06748923117e-05 1.08172242092e-05 1.18135474916e-05 1.42331897489e-05
1.67951639037e-05 1.63681682113e-05 1.65105001087e-05 1.57988406213e-05 1.69374958012e-05 2.02111294435e-05 1.70798276987e-05 1.9214806161e-05 1.75068233912e-05 1.57988406213e-05 1.3663862159e-05 1.38061940564e-05 1.69374958012e-05 1.49448492364e-05 1.9214806161e-05 2.33424311882e-05 2.19191122133e-05 2.22037760083e-05 2.26307717008e-05 2.26307717008e-05 1.69374958012e-05 1.38061940564e-05 1.29522026715e-05 1.63681682113e-05 2.16344484183e-05 1.85031466736e-05 1.70798276987e-05 1.63681682113e-05 1.76491552887e-05 2.13497846234e-05 1.69374958012e-05 1.57988406213e-05 1.2809870774e-05 1.65105001087e-05 1.20982112866e-05 1.42331897489e-05 1.38061940564e-05 1.57988406213e-05 1.79338190836e-05 1.67951639037e-05 1.63681682113e-05 1.65105001087e-05 1.42331897489e-05 1.20982112866e-05 1.52295130313e-05 1.52295130313e-05 1.3663862159e-05 8.39758195186e-06 8.53991384935e-06 9.53623713177e-06 7.97058625939e-06 1.03902285167e-05
1.43755216464e-05 1.32368664665e-05 1.62258363138e-05 1.77914871861e-05 1.79338190836e-05 1.77914871861e-05 1.85031466736e-05 1.89301423661e-05 1.79338190836e-05 1.59411725188e-05 1.45178535439e-05 1.52295130313e-05 1.52295130313e-05 1.70798276987e-05 2.13497846234e-05 2.27731035983e-05 2.29154354958e-05 2.27731035983e-05 2.26307717008e-05 2.26307717008e-05 2.26307717008e-05 2.12074527259e-05 1.62258363138e-05 1.93571380585e-05 2.09227889309e-05 2.02111294435e-05 1.67951639037e-05 1.63681682113e-05 1.63681682113e-05 1.9214806161e-05 2.02111294435e-05 2.0068797546e-05 1.9214806161e-05 1.9214806161e-05 1.70798276987e-05 1.63681682113e-05 1.57988406213e-05 1.62258363138e-05 1.76491552887e-05 1.52295130313e-05 1.63681682113e-05 1.52295130313e-05 1.50871811338e-05 9.39390523428e-06 1.06748923117e-05 1.3094534569e-05 1.50871811338e-05 1.52295130313e-05 1.42331897489e-05 1.2525206979e-05 1.19558793891e-05 9.96323282424e-06
1.52295130313e-05 1.69374958012e-05 1.62258363138e-05 1.77914871861e-05 1.75068233912e-05 1.70798276987e-05 1.65105001087e-05 1.66528320062e-05 1.9214806161e-05 1.76491552887e-05 1.62258363138e-05 1.53718449288e-05 1.56565087238e-05 2.19191122133e-05 2.26307717008e-05 2.32000992907e-05 2.32000992907e-05 2.26307717008e-05 2.26307717008e-05 2.19191122133e-05 2.22037760083e-05 2.26307717008e-05 2.19191122133e-05 2.07804570334e-05 1.79338190836e-05 1.9214806161e-05 1.75068233912e-05 1.70798276987e-05 1.70798276987e-05 1.77914871861e-05 1.80761509811e-05 2.07804570334e-05 1.77914871861e-05 1.77914871861e-05 1.85031466736e-05 1.63681682113e-05 1.63681682113e-05 1.50871811338e-05 1.69374958012e-05 1.70798276987e-05 1.66528320062e-05 1.69374958012e-05 1.50871811338e-05 1.12442199016e-05 1.32368664665e-05 1.42331897489e-05 1.57988406213e-05 1.42331897489e-05 1.52295130313e-05 1.32368664665e-05 1.50871811338e-05 1.35215302615e-05
1.69374958012e-05 1.57988406213e-05 1.32368664665e-05 1.70798276987e-05 1.67951639037e-05 1.72221595962e-05 1.69374958012e-05 1.79338190836e-05 2.02111294435e-05 1.90724742635e-05 1.65105001087e-05 1.69374958012e-05 1.65105001087e-05 2.27731035983e-05 2.33424311882e-05 2.33424311882e-05 2.26307717008e-05 2.22037760083e-05 2.13497846234e-05 2.12074527259e-05 2.22037760083e-05 2.17767803158e-05 2.26307717008e-05 2.14921165209e-05 2.02111294435e-05 1.9214806161e-05 1.75068233912e-05 1.69374958012e-05 1.75068233912e-05 1.77914871861e-05 1.85031466736e-05 2.06381251359e-05 2.02111294435e-05 1.9499469956e-05 1.69374958012e-05 1.69374958012e-05 1.69374958012e-05 1.55141768263e-05 1.50871811338e-05 1.67951639037e-05 1.63681682113e-05 1.70798276987e-05 1.57988406213e-05 1.09595561067e-05 1.03902285167e-05 1.49448492364e-05 1.62258363138e-05 1.57988406213e-05 1.45178535439e-05 1.42331897489e-05 1.12442199016e-05 1.45178535439e-05
1.69374958012e-05 1.9214806161e-05 1.76491552887e-05 1.9214806161e-05 1.77914871861e-05 1.9784133751e-05 1.56565087238e-05 1.9214806161e-05 1.65105001087e-05 1.76491552887e-05 1.80761509811e-05 2.12074527259e-05 1.75068233912e-05 2.26307717008e-05 2.33424311882e-05 2.20614441108e-05 2.19191122133e-05 2.26307717008e-05 2.19191122133e-05 2.19191122133e-05 2.14921165209e-05 2.16344484183e-05 2.16344484183e-05 2.26307717008e-05 2.13497846234e-05 1.93571380585e-05 1.65105001087e-05 1.65105001087e-05 1.69374958012e-05 1.79338190836e-05 1.79338190836e-05 1.83608147761e-05 1.87878104686e-05 2.02111294435e-05 1.9784133751e-05 1.76491552887e-05 1.59411725188e-05 1.65105001087e-05 1.75068233912e-05 1.69374958012e-05 1.65105001087e-05 1.69374958012e-05 1.39485259539e-05 1.20982112866e-05 1.15288836966e-05 1.52295130313e-05 1.65105001087e-05 1.57988406213e-05 1.53718449288e-05 1.45178535439e-05 1.29522026715e-05 1.38061940564e-05
1.46601854414e-05 1.50871811338e-05 1.9214806161e-05 1.63681682113e-05 1.57988406213e-05 1.79338190836e-05 1.70798276987e-05 1.96418018535e-05 2.12074527259e-05 1.63681682113e-05 2.02111294435e-05 1.96418018535e-05 2.10651208284e-05 2.26307717008e-05 2.34847630857e-05 2.27731035983e-05 2.26307717008e-05 2.26307717008e-05 2.26307717008e-05 2.26307717008e-05 2.20614441108e-05 2.19191122133e-05 2.16344484183e-05 2.12074527259e-05 2.19191122133e-05 1.93571380585e-05 1.83608147761e-05 1.76491552887e-05 1.57988406213e-05 1.69374958012e-05 1.77914871861e-05 1.79338190836e-05 1.79338190836e-05 1.9214806161e-05 1.85031466736e-05 1.83608147761e-05 1.82184828786e-05 1.69374958012e-05 1.77914871861e-05 1.76491552887e-05 1.76491552887e-05 1.67951639037e-05 1.63681682113e-05 1.69374958012e-05 1.22405431841e-05 1.63681682113e-05 1.67951639037e-05 1.65105001087e-05 1.57988406213e-05 1.53718449288e-05 1.55141768263e-05 1.52295130313e-05
1.77914871861e-05 1.80761509811e-05 1.69374958012e-05 1.70798276987e-05 1.72221595962e-05 1.79338190836e-05 1.9214806161e-05 2.12074527259e-05 2.02111294435e-05 2.06381251359e-05 2.16344484183e-05 2.19191122133e-05 2.22037760083e-05 2.27731035983e-05 2.29154354958e-05 2.19191122133e-05 2.32000992907e-05 2.29154354958e-05 2.26307717008e-05 2.26307717008e-05 2.19191122133e-05 2.16344484183e-05 2.02111294435e-05 2.10651208284e-05 2.02111294435e-05 1.93571380585e-05 1.9214806161e-05 1.9214806161e-05 1.76491552887e-05 1.69374958012e-05 1.75068233912e-05 1.79338190836e-05 1.79338190836e-05 1.79338190836e-05 1.9499469956e-05 1.9784133751e-05 1.79338190836e-05 1.90724742635e-05 1.72221595962e-05 1.75068233912e-05 1.69374958012e-05 1.65105001087e-05 1.67951639037e-05 1.69374958012e-05 1.2809870774e-05 1.53718449288e-05 1.69374958012e-05 1.63681682113e-05 1.62258363138e-05 1.63681682113e-05 1.63681682113e-05 1.62258363138e-05
1.69374958012e-05 1.79338190836e-05 1.72221595962e-05 1.70798276987e-05 1.76491552887e-05 1.93571380585e-05 1.89301423661e-05 2.12074527259e-05 2.12074527259e-05 2.06381251359e-05 2.07804570334e-05 2.16344484183e-05 2.27731035983e-05 2.26307717008e-05 2.33424311882e-05 2.33424311882e-05 2.32000992907e-05 2.20614441108e-05 2.22037760083e-05 2.22037760083e-05 2.14921165209e-05 2.13497846234e-05 2.12074527259e-05 1.9214806161e-05 2.07804570334e-05 1.93571380585e-05 2.07804570334e-05 2.17767803158e-05 2.06381251359e-05 1.83608147761e-05 1.63681682113e-05 1.69374958012e-05 1.77914871861e-05 1.75068233912e-05 1.87878104686e-05 1.9499469956e-05 1.80761509811e-05 1.82184828786e-05 1.77914871861e-05 1.79338190836e-05 1.67951639037e-05 1.63681682113e-05 1.69374958012e-05 1.70798276987e-05 1.63681682113e-05 1.63681682113e-05 1.67951639037e-05 1.63681682113e-05 1.65105001087e-05 1.65105001087e-05 1.67951639037e-05 1.62258363138e-05
1.45178535439e-05 1.65105001087e-05 1.73644914937e-05 1.79338190836e-05 1.87878104686e-05 1.9499469956e-05 1.83608147761e-05 1.80761509811e-05 2.12074527259e-05 2.02111294435e-05 2.17767803158e-05 2.20614441108e-05 2.27731035983e-05 2.33424311882e-05 2.26307717008e-05 2.33424311882e-05 2.29154354958e-05 2.22037760083e-05 2.22037760083e-05 2.19191122133e-05 2.19191122133e-05 2.16344484183e-05 2.06381251359e-05 2.07804570334e-05 1.93571380585e-05 1.9214806161e-05 1.9499469956e-05 1.86454785711e-05 2.12074527259e-05 2.16344484183e-05 1.70798276987e-05 1.69374958012e-05 1.65105001087e-05 1.69374958012e-05 1.70798276987e-05 1.69374958012e-05 1.76491552887e-05 1.69374958012e-05 1.59411725188e-05 1.69374958012e-05 1.53718449288e-05 1.72221595962e-05 1.50871811338e-05 1.69374958012e-05 1.70798276987e-05 1.65105001087e-05 1.67951639037e-05 1.65105001087e-05 1.69374958012e-05 1.69374958012e-05 1.65105001087e-05 1.65105001087e-05
1.66528320062e-05 1.70798276987e-05 1.67951639037e-05 1.65105001087e-05 1.70798276987e-05 1.70798276987e-05 1.77914871861e-05 1.89301423661e-05 2.06381251359e-05 1.96418018535e-05 2.17767803158e-05 2.26307717008e-05 2.20614441108e-05 2.33424311882e-05 2.30577673932e-05 2.33424311882e-05 2.32000992907e-05 2.26307717008e-05 2.22037760083e-05 2.20614441108e-05 2.16344484183e-05 2.16344484183e-05 2.12074527259e-05 2.06381251359e-05 1.80761509811e-05 2.02111294435e-05 1.70798276987e-05 1.76491552887e-05 1.75068233912e-05 1.65105001087e-05 1.53718449288e-05 1.42331897489e-05 1.69374958012e-05 1.63681682113e-05 1.65105001087e-05 1.59411725188e-05 1.73644914937e-05 1.62258363138e-05 1.42331897489e-05 1.83608147761e-05 1.79338190836e-05 1.70798276987e-05 1.63681682113e-05 1.63681682113e-05 1.70798276987e-05 1.69374958012e-05 1.52295130313e-05 1.45178535439e-05 1.52295130313e-05 1.67951639037e-05 1.67951639037e-05 1.65105001087e-05
1.52295130313e-05 1.63681682113e-05 1.69374958012e-05 1.53718449288e-05 1.79338190836e-05 1.72221595962e-05 1.77914871861e-05 2.12074527259e-05 2.12074527259e-05 2.19191122133e-05 2.12074527259e-05 2.16344484183e-05 2.26307717008e-05 2.29154354958e-05 2.33424311882e-05 2.33424311882e-05 2.26307717008e-05 2.24884398033e-05 2.20614441108e-05 2.19191122133e-05 2.17767803158e-05 2.16344484183e-05 2.13497846234e-05 1.93571380585e-05 1.79338190836e-05 2.10651208284e-05 2.06381251359e-05 1.69374958012e-05 1.63681682113e-05 1.52295130313e-05 1.63681682113e-05 1.59411725188e-05 1.57988406213e-05 1.57988406213e-05 1.62258363138e-05 1.59411725188e-05 1.53718449288e-05 1.38061940564e-05 1.63681682113e-05 1.67951639037e-05 1.65105001087e-05 1.79338190836e-05 1.79338190836e-05 1.67951639037e-05 1.87878104686e-05 1.67951639037e-05 1.56565087238e-05 1.53718449288e-05 1.52295130313e-05 1.67951639037e-05 1.67951639037e-05 1.67951639037e-05
