Example/niche_identity/models/ENFA/normalized_grids/coelestinus.asc
ncols        743
nrows        319
xllcorner    -74.500956448335
yllcorner    17.448920549066
cellsize     0.008333333333
NODATA_value  -9999
[rows 207 to 229 of 318, columns 357 to 407 of 743]
4.08446306556e-06 3.63063383606e-06 4.08446306556e-06 4.76520690982e-06 6.12669459834e-06 5.44595075408e-06 5.44595075408e-06 4.99212152458e-06 5.67286536884e-06 5.89977998359e-06 6.58052382785e-06 7.26126767211e-06 6.3536092131e-06 6.58052382785e-06 7.26126767211e-06 7.26126767211e-06 7.26126767211e-06 7.26126767211e-06 7.26126767211e-06 7.26126767211e-06 7.26126767211e-06 7.26126767211e-06 7.26126767211e-06 7.48818228686e-06 7.48818228686e-06 7.48818228686e-06 7.48818228686e-06 7.48818228686e-06 7.48818228686e-06 7.26126767211e-06 7.26126767211e-06 7.26126767211e-06 7.26126767211e-06 7.26126767211e-06 7.26126767211e-06 7.26126767211e-06 6.3536092131e-06 7.26126767211e-06 7.26126767211e-06 7.48818228686e-06 7.48818228686e-06 9.7573284344e-06 9.98424304915e-06 1.17995599672e-05 1.33879622705e-05 1.38417915e-05 1.49763645737e-05 1.52032791885e-05 1.70185961065e-05 2.04223153278e-05 1.9287742254e-05
4.53829229507e-06 3.63063383606e-06 4.53829229507e-06 4.53829229507e-06 4.76520690982e-06 5.21903613933e-06 4.53829229507e-06 5.44595075408e-06 5.44595075408e-06 6.12669459834e-06 6.58052382785e-06 6.58052382785e-06 6.58052382785e-06 7.26126767211e-06 7.26126767211e-06 7.26126767211e-06 7.26126767211e-06 7.03435305736e-06 7.26126767211e-06 7.26126767211e-06 7.48818228686e-06 7.48818228686e-06 7.48818228686e-06 7.48818228686e-06 7.48818228686e-06 7.48818228686e-06 7.48818228686e-06 7.48818228686e-06 7.26126767211e-06 7.48818228686e-06 7.26126767211e-06 7.48818228686e-06 7.48818228686e-06 7.03435305736e-06 7.48818228686e-06 7.48818228686e-06 7.26126767211e-06 7.48818228686e-06 7.48818228686e-06 7.94201151637e-06 7.94201151637e-06 1.02111576639e-05 1.38417915e-05 1.38417915e-05 1.5657108418e-05 1.38417915e-05 1.49763645737e-05 1.49763645737e-05 1.81531691803e-05 2.01954007131e-05 2.01954007131e-05
1.49763645737e-05 7.48818228686e-06 5.67286536884e-06 4.31137768032e-06 4.76520690982e-06 5.21903613933e-06 5.67286536884e-06 6.3536092131e-06 5.44595075408e-06 6.58052382785e-06 6.58052382785e-06 6.8074384426e-06 7.03435305736e-06 7.26126767211e-06 7.26126767211e-06 7.26126767211e-06 7.26126767211e-06 7.26126767211e-06 7.26126767211e-06 7.48818228686e-06 7.48818228686e-06 7.48818228686e-06 7.48818228686e-06 7.48818228686e-06 7.94201151637e-06 7.94201151637e-06 7.94201151637e-06 7.48818228686e-06 7.48818228686e-06 7.48818228686e-06 8.62275536063e-06 7.48818228686e-06 7.48818228686e-06 7.48818228686e-06 7.94201151637e-06 7.94201151637e-06 7.48818228686e-06 8.84966997539e-06 8.84966997539e-06 9.30349920489e-06 1.02111576639e-05 1.08919015082e-05 1.15726453524e-05 1.24803038114e-05 1.36148768852e-05 1.49763645737e-05 1.45225353442e-05 1.49763645737e-05 1.49763645737e-05 1.72455107213e-05 1.70185961065e-05
2.01954007131e-05 1.70185961065e-05 1.24803038114e-05 1.45225353442e-05 5.67286536884e-06 5.44595075408e-06 6.58052382785e-06 9.30349920489e-06 7.48818228686e-06 6.58052382785e-06 6.58052382785e-06 7.03435305736e-06 7.26126767211e-06 7.26126767211e-06 7.26126767211e-06 7.26126767211e-06 7.26126767211e-06 7.48818228686e-06 7.48818228686e-06 7.48818228686e-06 7.48818228686e-06 7.71509690162e-06 7.94201151637e-06 7.94201151637e-06 7.94201151637e-06 8.16892613113e-06 8.84966997539e-06 8.84966997539e-06 7.94201151637e-06 9.30349920489e-06 8.39584074588e-06 7.94201151637e-06 8.84966997539e-06 9.30349920489e-06 9.53041381965e-06 9.30349920489e-06 9.7573284344e-06 1.04380722787e-05 1.02111576639e-05 1.04380722787e-05 1.15726453524e-05 1.20264745819e-05 1.27072184262e-05 1.31610476557e-05 1.38417915e-05 1.38417915e-05 1.38417915e-05 1.49763645737e-05 1.49763645737e-05 1.49763645737e-05 1.70185961065e-05
1.99684860983e-05 1.70185961065e-05 1.52032791885e-05 1.6564766877e-05 1.13457307377e-05 6.12669459834e-06 5.44595075408e-06 1.04380722787e-05 1.02111576639e-05 7.94201151637e-06 6.58052382785e-06 7.48818228686e-06 7.26126767211e-06 7.26126767211e-06 7.48818228686e-06 7.48818228686e-06 7.48818228686e-06 7.48818228686e-06 7.48818228686e-06 7.71509690162e-06 7.94201151637e-06 7.94201151637e-06 8.16892613113e-06 8.84966997539e-06 8.84966997539e-06 9.30349920489e-06 9.53041381965e-06 7.94201151637e-06 8.62275536063e-06 9.7573284344e-06 9.30349920489e-06 9.53041381965e-06 9.98424304915e-06 9.98424304915e-06 9.53041381965e-06 1.04380722787e-05 1.04380722787e-05 1.08919015082e-05 1.04380722787e-05 1.17995599672e-05 1.22533891967e-05 1.33879622705e-05 1.33879622705e-05 1.33879622705e-05 1.38417915e-05 1.4749449959e-05 1.49763645737e-05 1.42956207295e-05 1.49763645737e-05 1.52032791885e-05 1.6564766877e-05
2.22376322458e-05 2.17838030163e-05 2.04223153278e-05 1.49763645737e-05 1.08919015082e-05 5.89977998359e-06 5.21903613933e-06 6.3536092131e-06 6.8074384426e-06 7.26126767211e-06 6.8074384426e-06 7.26126767211e-06 7.48818228686e-06 7.26126767211e-06 7.48818228686e-06 7.48818228686e-06 7.48818228686e-06 7.48818228686e-06 7.94201151637e-06 7.48818228686e-06 8.39584074588e-06 8.84966997539e-06 8.84966997539e-06 9.30349920489e-06 9.53041381965e-06 1.02111576639e-05 9.30349920489e-06 8.84966997539e-06 1.02111576639e-05 1.04380722787e-05 1.02111576639e-05 1.04380722787e-05 1.08919015082e-05 1.06649868934e-05 1.08919015082e-05 1.08919015082e-05 1.17995599672e-05 1.17995599672e-05 1.17995599672e-05 1.27072184262e-05 1.33879622705e-05 1.38417915e-05 1.38417915e-05 1.38417915e-05 1.49763645737e-05 1.52032791885e-05 1.49763645737e-05 1.49763645737e-05 1.49763645737e-05 1.58840230327e-05 1.6564766877e-05
2.67759245409e-05 2.74566683852e-05 2.83643268442e-05 2.83643268442e-05 2.29183760901e-05 2.38260345491e-05 1.38417915e-05 7.48818228686e-06 7.26126767211e-06 7.26126767211e-06 7.26126767211e-06 7.26126767211e-06 7.48818228686e-06 7.26126767211e-06 7.94201151637e-06 7.94201151637e-06 7.94201151637e-06 7.94201151637e-06 7.94201151637e-06 8.84966997539e-06 9.30349920489e-06 9.30349920489e-06 9.98424304915e-06 9.30349920489e-06 1.02111576639e-05 1.04380722787e-05 1.04380722787e-05 9.7573284344e-06 1.06649868934e-05 1.08919015082e-05 1.13457307377e-05 1.08919015082e-05 1.20264745819e-05 1.27072184262e-05 1.27072184262e-05 1.29341330409e-05 1.36148768852e-05 1.27072184262e-05 1.27072184262e-05 1.33879622705e-05 1.38417915e-05 1.38417915e-05 1.38417915e-05 1.49763645737e-05 1.52032791885e-05 1.52032791885e-05 1.61109376475e-05 1.61109376475e-05 1.8380083795e-05 1.70185961065e-05 1.6564766877e-05
3.08603876065e-05 3.10873022212e-05 2.17838030163e-05 2.83643268442e-05 3.29026191393e-05 2.97258145327e-05 2.17838030163e-05 1.04380722787e-05 7.48818228686e-06 7.26126767211e-06 7.48818228686e-06 7.48818228686e-06 7.48818228686e-06 7.94201151637e-06 7.48818228686e-06 8.62275536063e-06 8.84966997539e-06 9.30349920489e-06 9.30349920489e-06 9.53041381965e-06 9.98424304915e-06 9.30349920489e-06 1.02111576639e-05 9.7573284344e-06 1.04380722787e-05 1.06649868934e-05 1.06649868934e-05 1.04380722787e-05 1.17995599672e-05 1.08919015082e-05 1.08919015082e-05 1.22533891967e-05 1.33879622705e-05 1.33879622705e-05 1.27072184262e-05 1.27072184262e-05 1.36148768852e-05 1.29341330409e-05 1.36148768852e-05 1.49763645737e-05 1.38417915e-05 1.49763645737e-05 1.49763645737e-05 1.52032791885e-05 1.63378522623e-05 1.52032791885e-05 1.58840230327e-05 1.70185961065e-05 1.70185961065e-05 1.81531691803e-05 1.70185961065e-05
3.33564483688e-05 3.06334729917e-05 2.83643268442e-05 3.17680460655e-05 2.88181560737e-05 3.06334729917e-05 2.85912414589e-05 1.52032791885e-05 7.26126767211e-06 7.48818228686e-06 7.48818228686e-06 7.48818228686e-06 7.94201151637e-06 9.30349920489e-06 9.53041381965e-06 9.30349920489e-06 9.98424304915e-06 9.7573284344e-06 1.04380722787e-05 1.04380722787e-05 1.04380722787e-05 1.04380722787e-05 1.06649868934e-05 1.06649868934e-05 1.06649868934e-05 1.06649868934e-05 1.17995599672e-05 1.06649868934e-05 1.27072184262e-05 1.17995599672e-05 1.33879622705e-05 1.27072184262e-05 1.33879622705e-05 1.33879622705e-05 1.29341330409e-05 1.08919015082e-05 1.36148768852e-05 1.45225353442e-05 1.49763645737e-05 1.49763645737e-05 1.52032791885e-05 1.38417915e-05 1.6564766877e-05 1.8380083795e-05 1.6564766877e-05 1.61109376475e-05 1.61109376475e-05 1.86069984098e-05 1.63378522623e-05 1.70185961065e-05 1.61109376475e-05
3.33564483688e-05 3.33564483688e-05 2.83643268442e-05 2.45067783934e-05 2.54144368524e-05 2.74566683852e-05 2.85912414589e-05 2.79104976147e-05 2.45067783934e-05 1.17995599672e-05 9.30349920489e-06 7.48818228686e-06 7.71509690162e-06 1.08919015082e-05 9.53041381965e-06 9.7573284344e-06 1.04380722787e-05 1.06649868934e-05 1.06649868934e-05 1.06649868934e-05 1.08919015082e-05 1.08919015082e-05 1.08919015082e-05 1.06649868934e-05 1.17995599672e-05 1.17995599672e-05 1.06649868934e-05 1.29341330409e-05 1.27072184262e-05 1.29341330409e-05 1.27072184262e-05 1.36148768852e-05 1.38417915e-05 1.36148768852e-05 1.36148768852e-05 1.36148768852e-05 1.38417915e-05 1.49763645737e-05 1.52032791885e-05 1.52032791885e-05 1.52032791885e-05 1.58840230327e-05 1.63378522623e-05 1.61109376475e-05 1.63378522623e-05 1.6564766877e-05 1.99684860983e-05 1.8380083795e-05 1.72455107213e-05 1.86069984098e-05 1.8380083795e-05
3.33564483688e-05 2.35991199344e-05 3.33564483688e-05 2.83643268442e-05 2.38260345491e-05 2.67759245409e-05 2.74566683852e-05 2.83643268442e-05 2.83643268442e-05 2.29183760901e-05 1.27072184262e-05 1.24803038114e-05 7.48818228686e-06 9.30349920489e-06 1.36148768852e-05 1.06649868934e-05 1.08919015082e-05 1.17995599672e-05 1.13457307377e-05 1.17995599672e-05 1.17995599672e-05 1.17995599672e-05 1.17995599672e-05 1.22533891967e-05 1.17995599672e-05 1.27072184262e-05 1.29341330409e-05 1.36148768852e-05 1.36148768852e-05 1.36148768852e-05 1.38417915e-05 1.36148768852e-05 1.38417915e-05 1.38417915e-05 1.36148768852e-05 1.38417915e-05 1.49763645737e-05 1.5657108418e-05 1.61109376475e-05 1.61109376475e-05 1.70185961065e-05 1.6564766877e-05 1.72455107213e-05 1.70185961065e-05 1.70185961065e-05 2.01954007131e-05 1.9287742254e-05 1.81531691803e-05 1.9287742254e-05 1.95146568688e-05 1.99684860983e-05
3.33564483688e-05 3.35833629835e-05 3.33564483688e-05 3.33564483688e-05 3.08603876065e-05 2.67759245409e-05 2.74566683852e-05 2.60951806966e-05 2.67759245409e-05 2.83643268442e-05 2.9498899918e-05 1.42956207295e-05 1.29341330409e-05 9.30349920489e-06 9.53041381965e-06 1.15726453524e-05 1.04380722787e-05 1.27072184262e-05 1.17995599672e-05 1.27072184262e-05 1.27072184262e-05 1.27072184262e-05 1.20264745819e-05 1.29341330409e-05 1.27072184262e-05 1.27072184262e-05 1.27072184262e-05 1.38417915e-05 1.38417915e-05 1.33879622705e-05 1.38417915e-05 1.38417915e-05 1.36148768852e-05 1.40687061147e-05 1.38417915e-05 1.49763645737e-05 1.5657108418e-05 1.61109376475e-05 1.58840230327e-05 1.76993399508e-05 1.86069984098e-05 1.9287742254e-05 2.01954007131e-05 1.70185961065e-05 1.9287742254e-05 2.20107176311e-05 2.01954007131e-05 2.08761445573e-05 2.11030591721e-05 2.17838030163e-05 2.08761445573e-05
3.33564483688e-05 3.33564483688e-05 3.38102775983e-05 3.3129533754e-05 2.85912414589e-05 2.60951806966e-05 2.67759245409e-05 2.97258145327e-05 3.06334729917e-05 3.06334729917e-05 3.08603876065e-05 2.67759245409e-05 1.88339130245e-05 1.38417915e-05 1.04380722787e-05 1.08919015082e-05 1.38417915e-05 1.38417915e-05 1.27072184262e-05 1.36148768852e-05 1.33879622705e-05 1.33879622705e-05 1.38417915e-05 1.27072184262e-05 1.33879622705e-05 1.33879622705e-05 1.42956207295e-05 1.38417915e-05 1.36148768852e-05 1.42956207295e-05 1.42956207295e-05 1.49763645737e-05 1.49763645737e-05 1.38417915e-05 1.49763645737e-05 1.52032791885e-05 1.61109376475e-05 1.5657108418e-05 1.61109376475e-05 1.86069984098e-05 1.70185961065e-05 1.72455107213e-05 1.79262545655e-05 1.61109376475e-05 2.11030591721e-05 1.97415714836e-05 2.01954007131e-05 2.17838030163e-05 2.24645468606e-05 2.11030591721e-05 2.13299737868e-05
3.08603876065e-05 3.3129533754e-05 3.29026191393e-05 3.33564483688e-05 3.29026191393e-05 3.29026191393e-05 2.67759245409e-05 2.83643268442e-05 3.38102775983e-05 3.29026191393e-05 3.3129533754e-05 3.29026191393e-05 3.33564483688e-05 2.15568884016e-05 1.04380722787e-05 1.08919015082e-05 1.17995599672e-05 1.27072184262e-05 1.52032791885e-05 1.52032791885e-05 1.17995599672e-05 1.29341330409e-05 1.49763645737e-05 1.38417915e-05 1.38417915e-05 1.42956207295e-05 1.49763645737e-05 1.42956207295e-05 1.38417915e-05 1.38417915e-05 1.38417915e-05 1.45225353442e-05 1.49763645737e-05 1.49763645737e-05 1.52032791885e-05 1.61109376475e-05 1.63378522623e-05 1.58840230327e-05 1.86069984098e-05 1.70185961065e-05 1.6564766877e-05 1.86069984098e-05 1.86069984098e-05 2.01954007131e-05 2.24645468606e-05 2.11030591721e-05 2.31452907049e-05 2.31452907049e-05 2.11030591721e-05 2.11030591721e-05 2.15568884016e-05
1.49763645737e-05 1.86069984098e-05 3.29026191393e-05 3.08603876065e-05 3.33564483688e-05 3.29026191393e-05 3.24487899097e-05 3.08603876065e-05 3.10873022212e-05 2.97258145327e-05 2.60951806966e-05 3.10873022212e-05 3.08603876065e-05 1.61109376475e-05 1.20264745819e-05 1.06649868934e-05 1.20264745819e-05 1.29341330409e-05 1.38417915e-05 1.49763645737e-05 1.49763645737e-05 1.67916814918e-05 1.72455107213e-05 1.6564766877e-05 2.24645468606e-05 1.36148768852e-05 1.49763645737e-05 1.33879622705e-05 1.33879622705e-05 1.38417915e-05 1.45225353442e-05 1.49763645737e-05 1.49763645737e-05 1.52032791885e-05 1.49763645737e-05 1.58840230327e-05 1.6564766877e-05 1.70185961065e-05 1.72455107213e-05 1.7472425336e-05 1.61109376475e-05 2.04223153278e-05 1.72455107213e-05 2.17838030163e-05 2.11030591721e-05 2.13299737868e-05 2.31452907049e-05 2.17838030163e-05 2.11030591721e-05 2.24645468606e-05 -9999
9.98424304915e-06 1.06649868934e-05 1.38417915e-05 2.67759245409e-05 3.08603876065e-05 3.08603876065e-05 2.99527291475e-05 3.08603876065e-05 3.29026191393e-05 3.29026191393e-05 2.79104976147e-05 2.15568884016e-05 1.15726453524e-05 1.17995599672e-05 1.31610476557e-05 1.22533891967e-05 1.24803038114e-05 1.38417915e-05 1.36148768852e-05 1.49763645737e-05 1.61109376475e-05 1.49763645737e-05 1.49763645737e-05 1.49763645737e-05 1.52032791885e-05 2.40529491639e-05 1.99684860983e-05 1.42956207295e-05 1.38417915e-05 1.52032791885e-05 1.49763645737e-05 1.49763645737e-05 1.52032791885e-05 1.61109376475e-05 1.61109376475e-05 1.52032791885e-05 1.7472425336e-05 1.70185961065e-05 1.6564766877e-05 1.86069984098e-05 1.72455107213e-05 1.8380083795e-05 2.01954007131e-05 2.11030591721e-05 2.01954007131e-05 2.20107176311e-05 2.04223153278e-05 2.08761445573e-05 2.24645468606e-05 2.31452907049e-05 -9999
5.67286536884e-06 7.94201151637e-06 9.30349920489e-06 1.02111576639e-05 2.04223153278e-05 2.72297537704e-05 2.38260345491e-05 2.67759245409e-05 2.67759245409e-05 2.79104976147e-05 3.08603876065e-05 2.85912414589e-05 3.06334729917e-05 3.3129533754e-05 1.08919015082e-05 1.38417915e-05 1.33879622705e-05 1.42956207295e-05 1.49763645737e-05 1.45225353442e-05 1.49763645737e-05 1.49763645737e-05 1.49763645737e-05 1.52032791885e-05 1.52032791885e-05 1.61109376475e-05 2.11030591721e-05 1.9287742254e-05 1.70185961065e-05 1.6564766877e-05 1.70185961065e-05 1.58840230327e-05 1.63378522623e-05 1.63378522623e-05 1.63378522623e-05 1.61109376475e-05 1.8380083795e-05 1.70185961065e-05 1.6564766877e-05 2.01954007131e-05 1.70185961065e-05 2.01954007131e-05 2.11030591721e-05 2.11030591721e-05 1.88339130245e-05 2.24645468606e-05 2.01954007131e-05 2.20107176311e-05 2.35991199344e-05 2.38260345491e-05 2.24645468606e-05
2.72297537704e-06 3.4037192213e-06 7.48818228686e-06 6.8074384426e-06 1.33879622705e-05 1.36148768852e-05 1.72455107213e-05 1.61109376475e-05 1.70185961065e-05 2.04223153278e-05 2.47336930081e-05 2.38260345491e-05 2.56413514671e-05 2.85912414589e-05 1.86069984098e-05 1.38417915e-05 1.36148768852e-05 1.38417915e-05 1.52032791885e-05 1.58840230327e-05 1.52032791885e-05 1.52032791885e-05 1.70185961065e-05 1.52032791885e-05 1.61109376475e-05 1.61109376475e-05 1.88339130245e-05 1.61109376475e-05 2.01954007131e-05 1.9287742254e-05 1.70185961065e-05 1.70185961065e-05 1.7472425336e-05 2.01954007131e-05 1.9287742254e-05 1.95146568688e-05 1.9287742254e-05 1.88339130245e-05 2.01954007131e-05 1.86069984098e-05 2.31452907049e-05 2.01954007131e-05 2.20107176311e-05 1.88339130245e-05 2.11030591721e-05 2.13299737868e-05 2.40529491639e-05 2.17838030163e-05 2.38260345491e-05 2.24645468606e-05 2.38260345491e-05
3.17680460655e-06 2.26914614753e-06 2.9498899918e-06 5.21903613933e-06 7.48818228686e-06 1.04380722787e-05 1.06649868934e-05 1.49763645737e-05 2.01954007131e-05 2.11030591721e-05 1.9287742254e-05 2.01954007131e-05 2.42798637786e-05 2.72297537704e-05 3.08603876065e-05 2.38260345491e-05 1.52032791885e-05 1.58840230327e-05 1.52032791885e-05 1.58840230327e-05 1.61109376475e-05 1.61109376475e-05 1.72455107213e-05 1.79262545655e-05 1.6564766877e-05 1.9287742254e-05 2.38260345491e-05 2.29183760901e-05 2.01954007131e-05 2.13299737868e-05 2.01954007131e-05 2.08761445573e-05 2.01954007131e-05 2.17838030163e-05 2.11030591721e-05 2.04223153278e-05 2.29183760901e-05 2.40529491639e-05 1.99684860983e-05 2.24645468606e-05 2.24645468606e-05 2.38260345491e-05 2.17838030163e-05 2.38260345491e-05 2.56413514671e-05 2.22376322458e-05 2.35991199344e-05 2.51875222376e-05 2.49606076229e-05 2.51875222376e-05 2.51875222376e-05
2.04223153278e-06 2.04223153278e-06 1.58840230327e-06 2.72297537704e-06 3.63063383606e-06 4.76520690982e-06 1.04380722787e-05 1.29341330409e-05 1.52032791885e-05 1.86069984098e-05 2.51875222376e-05 2.54144368524e-05 2.74566683852e-05 2.97258145327e-05 3.33564483688e-05 2.72297537704e-05 1.63378522623e-05 1.70185961065e-05 1.58840230327e-05 1.86069984098e-05 1.86069984098e-05 1.9287742254e-05 2.01954007131e-05 1.95146568688e-05 2.11030591721e-05 2.45067783934e-05 2.54144368524e-05 2.60951806966e-05 2.51875222376e-05 2.38260345491e-05 2.35991199344e-05 2.29183760901e-05 2.29183760901e-05 2.24645468606e-05 2.13299737868e-05 2.24645468606e-05 2.51875222376e-05 2.17838030163e-05 2.45067783934e-05 2.51875222376e-05 2.29183760901e-05 2.38260345491e-05 2.24645468606e-05 2.38260345491e-05 2.63220953114e-05 2.60951806966e-05 2.60951806966e-05 2.45067783934e-05 2.51875222376e-05 2.54144368524e-05 2.51875222376e-05
1.36148768852e-06 1.36148768852e-06 1.36148768852e-06 1.36148768852e-06 2.04223153278e-06 3.63063383606e-06 5.21903613933e-06 9.98424304915e-06 1.61109376475e-05 1.58840230327e-05 1.88339130245e-05 2.51875222376e-05 2.74566683852e-05 2.88181560737e-05 2.83643268442e-05 3.29026191393e-05 2.22376322458e-05 1.95146568688e-05 1.7472425336e-05 1.86069984098e-05 2.26914614753e-05 2.17838030163e-05 2.29183760901e-05 2.24645468606e-05 2.38260345491e-05 2.74566683852e-05 3.2221875295e-05 3.15411314507e-05 3.33564483688e-05 2.67759245409e-05 2.54144368524e-05 2.54144368524e-05 2.45067783934e-05 2.33722053196e-05 2.60951806966e-05 2.72297537704e-05 2.60951806966e-05 2.08761445573e-05 2.60951806966e-05 2.67759245409e-05 2.38260345491e-05 2.47336930081e-05 2.40529491639e-05 2.45067783934e-05 2.60951806966e-05 2.60951806966e-05 2.67759245409e-05 2.56413514671e-05 2.47336930081e-05 2.60951806966e-05 2.01954007131e-05
1.36148768852e-06 1.36148768852e-06 1.13457307377e-06 1.13457307377e-06 1.36148768852e-06 1.36148768852e-06 2.26914614753e-06 3.85754845081e-06 7.26126767211e-06 1.52032791885e-05 2.38260345491e-05 2.11030591721e-05 1.72455107213e-05 1.86069984098e-05 2.60951806966e-05 3.29026191393e-05 2.51875222376e-05 2.60951806966e-05 2.11030591721e-05 2.01954007131e-05 2.38260345491e-05 2.38260345491e-05 2.54144368524e-05 2.60951806966e-05 2.60951806966e-05 2.74566683852e-05 3.29026191393e-05 3.33564483688e-05 3.29026191393e-05 3.08603876065e-05 2.67759245409e-05 2.83643268442e-05 2.56413514671e-05 2.47336930081e-05 2.60951806966e-05 2.79104976147e-05 2.85912414589e-05 3.08603876065e-05 2.85912414589e-05 2.88181560737e-05 3.06334729917e-05 2.9498899918e-05 2.74566683852e-05 2.38260345491e-05 2.54144368524e-05 2.45067783934e-05 2.67759245409e-05 2.67759245409e-05 2.47336930081e-05 2.60951806966e-05 2.24645468606e-05
1.36148768852e-06 1.36148768852e-06 1.36148768852e-06 1.36148768852e-06 1.13457307377e-06 1.13457307377e-06 1.58840230327e-06 2.49606076229e-06 4.76520690982e-06 1.04380722787e-05 1.86069984098e-05 2.11030591721e-05 1.9287742254e-05 2.74566683852e-05 2.67759245409e-05 3.06334729917e-05 3.38102775983e-05 3.08603876065e-05 1.72455107213e-05 2.24645468606e-05 2.60951806966e-05 2.60951806966e-05 2.74566683852e-05 2.85912414589e-05 3.06334729917e-05 3.3129533754e-05 3.10873022212e-05 3.29026191393e-05 2.54144368524e-05 2.76835829999e-05 3.29026191393e-05 2.9498899918e-05 2.60951806966e-05 2.56413514671e-05 2.67759245409e-05 2.74566683852e-05 3.08603876065e-05 2.79104976147e-05 3.10873022212e-05 2.74566683852e-05 2.85912414589e-05 2.79104976147e-05 2.38260345491e-05 2.65490099262e-05 2.67759245409e-05 2.51875222376e-05 2.67759245409e-05 2.51875222376e-05 2.38260345491e-05 2.13299737868e-05 2.40529491639e-05
