Example/niche_identity/models/ENFA/normalized_grids/coelestinus_1.asc
ncols        743
nrows        319
xllcorner    -74.500956448335
yllcorner    17.448920549066
cellsize     0.008333333333
NODATA_value  -9999
[rows 184 to 206 of 318, columns 663 to 713 of 743]
1.77534529068e-05 1.80330348423e-05 1.92911535523e-05 1.92911535523e-05 2.02696903267e-05 1.95707354878e-05 1.80330348423e-05 2.09686451655e-05 2.13880180688e-05 1.92911535523e-05 1.90115716167e-05 1.98503174234e-05 2.09686451655e-05 1.95707354878e-05 2.20869729077e-05 2.20869729077e-05 2.22267638754e-05 1.95707354878e-05 2.068906323e-05 2.09686451655e-05 2.08288541977e-05 2.09686451655e-05 2.13880180688e-05 2.19471819399e-05 1.95707354878e-05 2.09686451655e-05 2.09686451655e-05 1.95707354878e-05 1.95707354878e-05 1.98503174234e-05 1.95707354878e-05 1.95707354878e-05 1.92911535523e-05 1.91513625845e-05 1.85921987134e-05 1.92911535523e-05 1.91513625845e-05 1.91513625845e-05 1.87319896812e-05 1.84524077456e-05 1.77534529068e-05 1.74738709713e-05 1.77534529068e-05 1.77534529068e-05 1.74738709713e-05 1.77534529068e-05 1.70544980679e-05 1.74738709713e-05 1.66351251646e-05 1.60759612936e-05 1.67749161324e-05
1.60759612936e-05 1.77534529068e-05 1.74738709713e-05 1.91513625845e-05 1.67749161324e-05 1.95707354878e-05 2.09686451655e-05 2.09686451655e-05 1.85921987134e-05 1.74738709713e-05 1.98503174234e-05 2.11084361333e-05 1.91513625845e-05 2.12482271011e-05 1.95707354878e-05 2.22267638754e-05 2.12482271011e-05 2.02696903267e-05 2.09686451655e-05 1.97105264556e-05 1.91513625845e-05 1.97105264556e-05 1.95707354878e-05 2.16676000044e-05 2.09686451655e-05 1.92911535523e-05 2.09686451655e-05 2.068906323e-05 2.08288541977e-05 2.068906323e-05 1.95707354878e-05 1.92911535523e-05 1.943094452e-05 1.943094452e-05 1.91513625845e-05 1.83126167779e-05 1.91513625845e-05 1.83126167779e-05 1.91513625845e-05 1.90115716167e-05 1.78932438746e-05 1.77534529068e-05 1.80330348423e-05 1.74738709713e-05 1.77534529068e-05 1.77534529068e-05 1.74738709713e-05 1.66351251646e-05 1.62157522613e-05 1.62157522613e-05 1.59361703258e-05
1.56565883902e-05 1.90115716167e-05 1.81728258101e-05 1.77534529068e-05 1.83126167779e-05 1.90115716167e-05 2.09686451655e-05 1.95707354878e-05 1.91513625845e-05 1.74738709713e-05 1.95707354878e-05 2.09686451655e-05 2.068906323e-05 2.09686451655e-05 2.09686451655e-05 1.92911535523e-05 2.12482271011e-05 1.90115716167e-05 2.09686451655e-05 2.02696903267e-05 2.09686451655e-05 1.95707354878e-05 2.09686451655e-05 1.98503174234e-05 2.12482271011e-05 1.95707354878e-05 1.98503174234e-05 1.95707354878e-05 2.01298993589e-05 2.02696903267e-05 1.95707354878e-05 1.95707354878e-05 1.92911535523e-05 1.92911535523e-05 1.92911535523e-05 1.92911535523e-05 1.90115716167e-05 1.77534529068e-05 1.77534529068e-05 1.80330348423e-05 1.83126167779e-05 1.84524077456e-05 1.80330348423e-05 1.80330348423e-05 1.70544980679e-05 1.78932438746e-05 1.77534529068e-05 1.74738709713e-05 1.67749161324e-05 1.77534529068e-05 1.77534529068e-05
1.66351251646e-05 1.77534529068e-05 1.80330348423e-05 2.02696903267e-05 1.97105264556e-05 1.92911535523e-05 1.95707354878e-05 2.20869729077e-05 1.95707354878e-05 1.95707354878e-05 1.92911535523e-05 1.95707354878e-05 2.20869729077e-05 1.92911535523e-05 2.02696903267e-05 1.91513625845e-05 1.97105264556e-05 2.068906323e-05 2.09686451655e-05 1.943094452e-05 2.09686451655e-05 2.08288541977e-05 1.95707354878e-05 2.08288541977e-05 2.11084361333e-05 2.09686451655e-05 2.02696903267e-05 2.02696903267e-05 2.068906323e-05 2.02696903267e-05 1.95707354878e-05 1.92911535523e-05 1.92911535523e-05 1.92911535523e-05 1.92911535523e-05 1.92911535523e-05 1.92911535523e-05 1.91513625845e-05 1.77534529068e-05 1.77534529068e-05 1.80330348423e-05 1.85921987134e-05 1.81728258101e-05 1.77534529068e-05 1.74738709713e-05 1.62157522613e-05 1.77534529068e-05 1.77534529068e-05 1.77534529068e-05 1.67749161324e-05 1.59361703258e-05
1.90115716167e-05 1.90115716167e-05 2.01298993589e-05 2.11084361333e-05 2.02696903267e-05 2.09686451655e-05 2.09686451655e-05 1.95707354878e-05 1.92911535523e-05 1.95707354878e-05 1.91513625845e-05 2.22267638754e-05 2.12482271011e-05 1.95707354878e-05 2.068906323e-05 1.95707354878e-05 2.13880180688e-05 2.09686451655e-05 1.95707354878e-05 2.09686451655e-05 2.08288541977e-05 2.12482271011e-05 1.95707354878e-05 1.95707354878e-05 2.09686451655e-05 2.02696903267e-05 2.02696903267e-05 1.95707354878e-05 2.068906323e-05 2.068906323e-05 1.95707354878e-05 1.92911535523e-05 1.92911535523e-05 1.943094452e-05 1.80330348423e-05 1.92911535523e-05 1.92911535523e-05 1.91513625845e-05 1.84524077456e-05 1.80330348423e-05 1.74738709713e-05 1.77534529068e-05 1.77534529068e-05 1.85921987134e-05 1.80330348423e-05 1.74738709713e-05 1.77534529068e-05 1.70544980679e-05 1.67749161324e-05 1.74738709713e-05 1.74738709713e-05
1.95707354878e-05 1.943094452e-05 2.09686451655e-05 1.92911535523e-05 1.95707354878e-05 1.943094452e-05 2.09686451655e-05 1.80330348423e-05 2.12482271011e-05 2.068906323e-05 2.11084361333e-05 2.20869729077e-05 2.09686451655e-05 2.09686451655e-05 2.11084361333e-05 1.92911535523e-05 2.11084361333e-05 2.09686451655e-05 2.11084361333e-05 2.11084361333e-05 2.12482271011e-05 2.09686451655e-05 2.11084361333e-05 2.068906323e-05 2.09686451655e-05 2.09686451655e-05 2.068906323e-05 2.09686451655e-05 2.02696903267e-05 1.98503174234e-05 1.95707354878e-05 1.95707354878e-05 1.92911535523e-05 1.92911535523e-05 1.92911535523e-05 1.85921987134e-05 1.91513625845e-05 1.90115716167e-05 1.83126167779e-05 1.90115716167e-05 1.83126167779e-05 1.80330348423e-05 1.77534529068e-05 1.74738709713e-05 1.83126167779e-05 1.80330348423e-05 1.74738709713e-05 1.70544980679e-05 1.66351251646e-05 1.69147071002e-05 1.62157522613e-05
1.77534529068e-05 1.70544980679e-05 1.91513625845e-05 1.80330348423e-05 1.91513625845e-05 1.91513625845e-05 1.98503174234e-05 1.95707354878e-05 2.068906323e-05 1.95707354878e-05 1.97105264556e-05 2.02696903267e-05 2.11084361333e-05 2.22267638754e-05 2.11084361333e-05 1.92911535523e-05 2.068906323e-05 2.12482271011e-05 1.95707354878e-05 2.09686451655e-05 1.95707354878e-05 2.13880180688e-05 2.068906323e-05 2.09686451655e-05 2.02696903267e-05 2.09686451655e-05 2.09686451655e-05 2.08288541977e-05 1.98503174234e-05 1.95707354878e-05 1.943094452e-05 1.943094452e-05 1.95707354878e-05 1.943094452e-05 1.92911535523e-05 1.92911535523e-05 1.90115716167e-05 1.81728258101e-05 1.77534529068e-05 1.80330348423e-05 1.83126167779e-05 1.77534529068e-05 1.80330348423e-05 1.69147071002e-05 1.80330348423e-05 1.77534529068e-05 1.77534529068e-05 1.77534529068e-05 1.66351251646e-05 1.77534529068e-05 1.66351251646e-05
1.66351251646e-05 1.74738709713e-05 1.77534529068e-05 1.77534529068e-05 1.77534529068e-05 1.95707354878e-05 2.09686451655e-05 1.78932438746e-05 2.09686451655e-05 1.98503174234e-05 1.95707354878e-05 2.11084361333e-05 2.16676000044e-05 2.19471819399e-05 2.068906323e-05 1.95707354878e-05 2.16676000044e-05 2.09686451655e-05 2.20869729077e-05 2.09686451655e-05 2.068906323e-05 2.09686451655e-05 2.09686451655e-05 2.09686451655e-05 2.09686451655e-05 2.068906323e-05 2.01298993589e-05 2.02696903267e-05 1.98503174234e-05 1.95707354878e-05 1.95707354878e-05 1.92911535523e-05 1.92911535523e-05 1.92911535523e-05 1.92911535523e-05 1.91513625845e-05 1.90115716167e-05 1.90115716167e-05 1.80330348423e-05 1.80330348423e-05 1.77534529068e-05 1.83126167779e-05 1.80330348423e-05 1.80330348423e-05 1.77534529068e-05 1.74738709713e-05 1.77534529068e-05 1.70544980679e-05 1.77534529068e-05 1.77534529068e-05 1.62157522613e-05
1.66351251646e-05 1.91513625845e-05 1.73340800035e-05 1.77534529068e-05 1.77534529068e-05 1.80330348423e-05 1.85921987134e-05 1.92911535523e-05 2.09686451655e-05 1.90115716167e-05 2.13880180688e-05 2.18073909721e-05 2.12482271011e-05 1.95707354878e-05 1.97105264556e-05 2.068906323e-05 2.09686451655e-05 2.20869729077e-05 2.18073909721e-05 2.09686451655e-05 2.068906323e-05 2.09686451655e-05 2.02696903267e-05 2.09686451655e-05 2.09686451655e-05 2.09686451655e-05 2.068906323e-05 1.95707354878e-05 1.97105264556e-05 1.95707354878e-05 1.92911535523e-05 1.92911535523e-05 1.92911535523e-05 1.92911535523e-05 1.91513625845e-05 1.91513625845e-05 1.90115716167e-05 1.83126167779e-05 1.91513625845e-05 1.91513625845e-05 1.78932438746e-05 1.77534529068e-05 1.80330348423e-05 1.80330348423e-05 1.80330348423e-05 1.78932438746e-05 1.67749161324e-05 1.74738709713e-05 1.69147071002e-05 1.74738709713e-05 1.66351251646e-05
1.66351251646e-05 1.67749161324e-05 1.77534529068e-05 1.80330348423e-05 1.95707354878e-05 1.91513625845e-05 1.92911535523e-05 2.11084361333e-05 2.19471819399e-05 1.92911535523e-05 2.12482271011e-05 2.12482271011e-05 2.01298993589e-05 1.95707354878e-05 1.95707354878e-05 1.95707354878e-05 2.16676000044e-05 2.12482271011e-05 2.09686451655e-05 2.11084361333e-05 2.09686451655e-05 2.09686451655e-05 2.09686451655e-05 2.09686451655e-05 2.09686451655e-05 2.09686451655e-05 1.97105264556e-05 1.95707354878e-05 1.943094452e-05 1.95707354878e-05 1.95707354878e-05 1.92911535523e-05 1.92911535523e-05 1.92911535523e-05 1.91513625845e-05 1.80330348423e-05 1.80330348423e-05 1.77534529068e-05 1.80330348423e-05 1.80330348423e-05 1.77534529068e-05 1.81728258101e-05 1.77534529068e-05 1.77534529068e-05 1.77534529068e-05 1.78932438746e-05 1.74738709713e-05 1.73340800035e-05 1.69147071002e-05 1.67749161324e-05 1.77534529068e-05
1.63555432291e-05 1.62157522613e-05 1.77534529068e-05 1.80330348423e-05 2.11084361333e-05 1.92911535523e-05 1.92911535523e-05 2.02696903267e-05 2.20869729077e-05 2.20869729077e-05 2.18073909721e-05 2.11084361333e-05 2.12482271011e-05 1.95707354878e-05 2.08288541977e-05 2.068906323e-05 1.943094452e-05 2.09686451655e-05 2.08288541977e-05 1.95707354878e-05 2.11084361333e-05 2.09686451655e-05 2.09686451655e-05 2.09686451655e-05 2.02696903267e-05 2.068906323e-05 1.92911535523e-05 1.95707354878e-05 1.95707354878e-05 1.92911535523e-05 1.92911535523e-05 1.92911535523e-05 1.943094452e-05 1.91513625845e-05 1.92911535523e-05 1.87319896812e-05 1.80330348423e-05 1.87319896812e-05 1.77534529068e-05 1.77534529068e-05 1.77534529068e-05 1.77534529068e-05 1.80330348423e-05 1.74738709713e-05 1.80330348423e-05 1.78932438746e-05 1.77534529068e-05 1.77534529068e-05 1.74738709713e-05 1.66351251646e-05 1.67749161324e-05
1.92911535523e-05 1.95707354878e-05 2.02696903267e-05 2.11084361333e-05 2.09686451655e-05 2.09686451655e-05 2.11084361333e-05 2.08288541977e-05 2.16676000044e-05 1.95707354878e-05 2.09686451655e-05 2.11084361333e-05 1.91513625845e-05 2.19471819399e-05 2.18073909721e-05 2.09686451655e-05 2.15278090366e-05 2.09686451655e-05 2.068906323e-05 2.09686451655e-05 2.11084361333e-05 2.09686451655e-05 1.95707354878e-05 2.09686451655e-05 2.08288541977e-05 1.95707354878e-05 1.95707354878e-05 1.95707354878e-05 1.943094452e-05 1.95707354878e-05 1.92911535523e-05 1.92911535523e-05 1.92911535523e-05 1.92911535523e-05 1.92911535523e-05 1.80330348423e-05 1.87319896812e-05 1.80330348423e-05 1.81728258101e-05 1.80330348423e-05 1.77534529068e-05 1.77534529068e-05 1.77534529068e-05 1.77534529068e-05 1.74738709713e-05 1.74738709713e-05 1.77534529068e-05 1.73340800035e-05 1.77534529068e-05 1.62157522613e-05 1.60759612936e-05
1.87319896812e-05 2.12482271011e-05 2.09686451655e-05 2.09686451655e-05 2.11084361333e-05 2.20869729077e-05 2.09686451655e-05 2.16676000044e-05 2.09686451655e-05 2.15278090366e-05 2.09686451655e-05 1.943094452e-05 1.92911535523e-05 1.95707354878e-05 2.15278090366e-05 2.13880180688e-05 2.09686451655e-05 1.95707354878e-05 2.02696903267e-05 2.09686451655e-05 2.09686451655e-05 2.09686451655e-05 2.09686451655e-05 2.09686451655e-05 2.08288541977e-05 2.068906323e-05 1.95707354878e-05 2.01298993589e-05 2.05492722622e-05 2.09686451655e-05 1.95707354878e-05 1.943094452e-05 1.92911535523e-05 1.92911535523e-05 1.92911535523e-05 1.92911535523e-05 1.87319896812e-05 1.83126167779e-05 1.83126167779e-05 1.81728258101e-05 1.80330348423e-05 1.77534529068e-05 1.73340800035e-05 1.77534529068e-05 1.78932438746e-05 1.77534529068e-05 1.67749161324e-05 1.74738709713e-05 1.77534529068e-05 1.77534529068e-05 1.59361703258e-05
1.80330348423e-05 2.08288541977e-05 2.09686451655e-05 2.11084361333e-05 2.09686451655e-05 2.16676000044e-05 2.09686451655e-05 2.09686451655e-05 2.09686451655e-05 2.11084361333e-05 2.12482271011e-05 1.95707354878e-05 2.09686451655e-05 1.95707354878e-05 1.95707354878e-05 1.91513625845e-05 1.95707354878e-05 2.09686451655e-05 2.068906323e-05 2.09686451655e-05 2.09686451655e-05 2.08288541977e-05 2.09686451655e-05 2.08288541977e-05 2.09686451655e-05 2.09686451655e-05 2.09686451655e-05 2.09686451655e-05 2.08288541977e-05 2.09686451655e-05 1.95707354878e-05 1.95707354878e-05 1.92911535523e-05 1.91513625845e-05 1.92911535523e-05 1.92911535523e-05 1.91513625845e-05 1.92911535523e-05 1.78932438746e-05 1.80330348423e-05 1.80330348423e-05 1.83126167779e-05 1.69147071002e-05 1.70544980679e-05 1.74738709713e-05 1.67749161324e-05 1.80330348423e-05 1.67749161324e-05 1.67749161324e-05 1.71942890357e-05 1.69147071002e-05
1.92911535523e-05 2.068906323e-05 2.09686451655e-05 2.068906323e-05 2.18073909721e-05 2.12482271011e-05 2.09686451655e-05 2.09686451655e-05 2.11084361333e-05 2.068906323e-05 1.92911535523e-05 1.80330348423e-05 1.85921987134e-05 1.95707354878e-05 2.068906323e-05 2.08288541977e-05 1.95707354878e-05 1.95707354878e-05 1.95707354878e-05 2.068906323e-05 2.02696903267e-05 2.08288541977e-05 2.068906323e-05 2.09686451655e-05 2.08288541977e-05 2.08288541977e-05 2.01298993589e-05 2.02696903267e-05 2.09686451655e-05 2.09686451655e-05 1.95707354878e-05 1.95707354878e-05 1.943094452e-05 1.87319896812e-05 1.83126167779e-05 1.85921987134e-05 1.92911535523e-05 1.91513625845e-05 1.87319896812e-05 1.77534529068e-05 1.80330348423e-05 1.87319896812e-05 1.80330348423e-05 1.85921987134e-05 1.69147071002e-05 1.74738709713e-05 1.80330348423e-05 1.66351251646e-05 1.56565883902e-05 1.74738709713e-05 1.77534529068e-05
1.95707354878e-05 1.943094452e-05 2.09686451655e-05 1.80330348423e-05 2.12482271011e-05 2.12482271011e-05 1.92911535523e-05 2.09686451655e-05 1.95707354878e-05 2.068906323e-05 1.80330348423e-05 1.92911535523e-05 1.97105264556e-05 1.943094452e-05 1.97105264556e-05 1.95707354878e-05 1.95707354878e-05 1.943094452e-05 1.95707354878e-05 1.95707354878e-05 1.95707354878e-05 1.95707354878e-05 1.95707354878e-05 1.95707354878e-05 1.95707354878e-05 2.02696903267e-05 2.068906323e-05 2.068906323e-05 2.068906323e-05 1.95707354878e-05 1.95707354878e-05 1.92911535523e-05 1.95707354878e-05 1.92911535523e-05 1.85921987134e-05 1.91513625845e-05 1.90115716167e-05 1.83126167779e-05 1.91513625845e-05 1.91513625845e-05 1.80330348423e-05 1.77534529068e-05 1.77534529068e-05 1.83126167779e-05 1.80330348423e-05 1.64953341969e-05 1.80330348423e-05 1.80330348423e-05 1.62157522613e-05 1.59361703258e-05 1.74738709713e-05
1.92911535523e-05 1.92911535523e-05 1.95707354878e-05 1.97105264556e-05 1.92911535523e-05 1.90115716167e-05 1.95707354878e-05 1.95707354878e-05 1.91513625845e-05 1.91513625845e-05 1.92911535523e-05 1.95707354878e-05 1.943094452e-05 1.95707354878e-05 1.92911535523e-05 1.92911535523e-05 1.95707354878e-05 1.95707354878e-05 1.95707354878e-05 1.95707354878e-05 1.943094452e-05 1.95707354878e-05 1.95707354878e-05 1.95707354878e-05 1.95707354878e-05 1.95707354878e-05 1.95707354878e-05 1.95707354878e-05 2.068906323e-05 2.068906323e-05 2.02696903267e-05 1.943094452e-05 1.95707354878e-05 1.95707354878e-05 1.92911535523e-05 1.91513625845e-05 1.80330348423e-05 1.87319896812e-05 1.85921987134e-05 1.90115716167e-05 1.83126167779e-05 1.77534529068e-05 1.80330348423e-05 1.80330348423e-05 1.83126167779e-05 1.80330348423e-05 1.70544980679e-05 1.81728258101e-05 1.81728258101e-05 1.80330348423e-05 1.67749161324e-05
1.83126167779e-05 1.81728258101e-05 1.81728258101e-05 1.77534529068e-05 1.92911535523e-05 1.95707354878e-05 1.95707354878e-05 1.95707354878e-05 1.91513625845e-05 1.91513625845e-05 1.80330348423e-05 1.92911535523e-05 1.92911535523e-05 1.92911535523e-05 1.92911535523e-05 1.92911535523e-05 1.92911535523e-05 1.92911535523e-05 1.943094452e-05 1.92911535523e-05 1.92911535523e-05 1.92911535523e-05 1.943094452e-05 1.92911535523e-05 1.95707354878e-05 1.95707354878e-05 1.95707354878e-05 1.95707354878e-05 1.97105264556e-05 1.943094452e-05 2.02696903267e-05 1.95707354878e-05 1.95707354878e-05 1.95707354878e-05 1.92911535523e-05 1.92911535523e-05 1.91513625845e-05 1.80330348423e-05 1.80330348423e-05 1.80330348423e-05 1.91513625845e-05 1.85921987134e-05 1.77534529068e-05 1.77534529068e-05 1.80330348423e-05 1.83126167779e-05 1.77534529068e-05 1.64953341969e-05 1.77534529068e-05 1.81728258101e-05 1.74738709713e-05
1.77534529068e-05 1.80330348423e-05 1.77534529068e-05 1.77534529068e-05 1.77534529068e-05 1.78932438746e-05 1.77534529068e-05 1.85921987134e-05 1.85921987134e-05 1.91513625845e-05 1.74738709713e-05 1.91513625845e-05 1.92911535523e-05 1.91513625845e-05 1.91513625845e-05 1.92911535523e-05 1.92911535523e-05 1.92911535523e-05 1.92911535523e-05 1.92911535523e-05 1.91513625845e-05 1.92911535523e-05 1.92911535523e-05 1.92911535523e-05 1.943094452e-05 1.943094452e-05 1.95707354878e-05 1.95707354878e-05 1.943094452e-05 1.92911535523e-05 1.97105264556e-05 1.95707354878e-05 1.95707354878e-05 1.95707354878e-05 1.95707354878e-05 1.92911535523e-05 1.85921987134e-05 1.91513625845e-05 1.81728258101e-05 1.77534529068e-05 1.81728258101e-05 1.92911535523e-05 1.78932438746e-05 1.77534529068e-05 1.83126167779e-05 1.77534529068e-05 1.80330348423e-05 1.77534529068e-05 1.77534529068e-05 1.73340800035e-05 1.80330348423e-05
1.77534529068e-05 -9999 -9999 1.62157522613e-05 1.67749161324e-05 1.66351251646e-05 1.66351251646e-05 1.67749161324e-05 1.70544980679e-05 1.69147071002e-05 1.74738709713e-05 1.83126167779e-05 1.87319896812e-05 1.90115716167e-05 1.91513625845e-05 1.91513625845e-05 1.91513625845e-05 1.91513625845e-05 1.91513625845e-05 1.91513625845e-05 1.91513625845e-05 1.84524077456e-05 1.91513625845e-05 1.92911535523e-05 1.92911535523e-05 1.92911535523e-05 1.92911535523e-05 1.943094452e-05 1.943094452e-05 1.95707354878e-05 1.95707354878e-05 1.95707354878e-05 1.92911535523e-05 1.95707354878e-05 1.95707354878e-05 1.92911535523e-05 1.92911535523e-05 1.90115716167e-05 1.77534529068e-05 1.77534529068e-05 1.83126167779e-05 1.78932438746e-05 1.78932438746e-05 1.77534529068e-05 1.70544980679e-05 1.7613661939e-05 1.74738709713e-05 1.70544980679e-05 1.77534529068e-05 1.63555432291e-05 1.77534529068e-05
-9999 -9999 -9999 -9999 -9999 -9999 -9999 1.49576335514e-05 1.50974245192e-05 1.49576335514e-05 1.60759612936e-05 1.80330348423e-05 1.80330348423e-05 1.80330348423e-05 1.80330348423e-05 1.84524077456e-05 1.83126167779e-05 1.90115716167e-05 1.85921987134e-05 1.91513625845e-05 1.91513625845e-05 1.80330348423e-05 1.91513625845e-05 1.91513625845e-05 1.92911535523e-05 1.90115716167e-05 1.92911535523e-05 1.92911535523e-05 1.92911535523e-05 1.943094452e-05 1.95707354878e-05 1.95707354878e-05 1.91513625845e-05 1.92911535523e-05 1.92911535523e-05 1.92911535523e-05 1.91513625845e-05 1.85921987134e-05 1.83126167779e-05 1.73340800035e-05 1.80330348423e-05 1.83126167779e-05 1.77534529068e-05 1.77534529068e-05 1.77534529068e-05 1.80330348423e-05 1.70544980679e-05 1.77534529068e-05 1.66351251646e-05 1.74738709713e-05 1.74738709713e-05
-9999 -9999 -9999 -9999 -9999 -9999 -9999 -9999 -9999 -9999 1.56565883902e-05 1.59361703258e-05 1.69147071002e-05 1.74738709713e-05 1.77534529068e-05 1.77534529068e-05 1.77534529068e-05 1.80330348423e-05 1.83126167779e-05 1.81728258101e-05 1.85921987134e-05 1.83126167779e-05 1.87319896812e-05 1.87319896812e-05 1.77534529068e-05 1.85921987134e-05 1.85921987134e-05 1.91513625845e-05 1.92911535523e-05 1.92911535523e-05 1.92911535523e-05 1.92911535523e-05 1.92911535523e-05 1.91513625845e-05 1.92911535523e-05 1.943094452e-05 1.92911535523e-05 1.80330348423e-05 1.70544980679e-05 1.67749161324e-05 1.74738709713e-05 1.77534529068e-05 1.70544980679e-05 1.77534529068e-05 1.77534529068e-05 1.73340800035e-05 1.77534529068e-05 1.77534529068e-05 1.67749161324e-05 1.66351251646e-05 1.67749161324e-05
-9999 -9999 -9999 -9999 -9999 -9999 -9999 -9999 -9999 -9999 -9999 -9999 1.49576335514e-05 1.63555432291e-05 1.67749161324e-05 1.70544980679e-05 1.77534529068e-05 1.77534529068e-05 1.80330348423e-05 1.77534529068e-05 1.78932438746e-05 1.74738709713e-05 1.78932438746e-05 1.77534529068e-05 1.80330348423e-05 1.83126167779e-05 1.87319896812e-05 1.85921987134e-05 1.90115716167e-05 1.91513625845e-05 1.92911535523e-05 1.92911535523e-05 1.92911535523e-05 1.92911535523e-05 1.87319896812e-05 1.92911535523e-05 1.74738709713e-05 1.80330348423e-05 1.83126167779e-05 1.80330348423e-05 1.74738709713e-05 1.85921987134e-05 1.85921987134e-05 1.74738709713e-05 1.77534529068e-05 1.77534529068e-05 1.67749161324e-05 1.77534529068e-05 1.59361703258e-05 1.74738709713e-05 1.77534529068e-05
