Example/niche_identity/models/ENFA/normalized_grids/coelestinus_1.asc
ncols        743
nrows        319
xllcorner    -74.500956448335
yllcorner    17.448920549066
cellsize     0.008333333333
NODATA_value  -9999
[rows 92 to 114 of 318, columns 408 to 458 of 743]
6.70996645296e-06 6.70996645296e-06 6.70996645296e-06 6.70996645296e-06 7.12933935627e-06 7.54871225958e-06 4.33352000087e-06 4.89268387195e-06 4.47331096864e-06 4.61310193641e-06 3.63456516202e-06 5.73142967857e-06 3.21519225871e-06 3.77435612979e-06 3.35498322648e-06 3.91414709756e-06 6.43038451742e-06 5.45184774303e-06 3.77435612979e-06 3.77435612979e-06 3.77435612979e-06 3.63456516202e-06 4.33352000087e-06 3.77435612979e-06 3.77435612979e-06 4.89268387195e-06 4.33352000087e-06 4.61310193641e-06 3.63456516202e-06 3.63456516202e-06 3.91414709756e-06 4.89268387195e-06 3.91414709756e-06 3.63456516202e-06 3.91414709756e-06 3.91414709756e-06 3.91414709756e-06 4.89268387195e-06 3.91414709756e-06 4.89268387195e-06 3.91414709756e-06 3.91414709756e-06 3.35498322648e-06 3.63456516202e-06 3.77435612979e-06 1.81728258101e-06 3.07540129094e-06 3.91414709756e-06 4.61310193641e-06 3.91414709756e-06 3.77435612979e-06
9.78536774391e-06 6.70996645296e-06 6.01101161411e-06 7.68850322735e-06 5.45184774303e-06 5.03247483972e-06 5.87122064634e-06 5.31205677526e-06 4.33352000087e-06 5.45184774303e-06 5.17226580749e-06 5.17226580749e-06 4.33352000087e-06 4.89268387195e-06 3.91414709756e-06 4.33352000087e-06 4.89268387195e-06 5.5916387108e-06 3.07540129094e-06 5.03247483972e-06 3.77435612979e-06 4.89268387195e-06 3.91414709756e-06 3.91414709756e-06 3.63456516202e-06 3.77435612979e-06 3.21519225871e-06 4.05393806533e-06 4.1937290331e-06 4.75289290418e-06 3.91414709756e-06 4.33352000087e-06 3.91414709756e-06 3.35498322648e-06 3.35498322648e-06 3.77435612979e-06 4.05393806533e-06 4.75289290418e-06 3.35498322648e-06 3.63456516202e-06 3.77435612979e-06 2.7958193554e-06 2.7958193554e-06 2.7958193554e-06 3.77435612979e-06 3.07540129094e-06 2.7958193554e-06 3.91414709756e-06 4.89268387195e-06 5.87122064634e-06 5.73142967857e-06
7.26913032404e-06 9.08641290505e-06 6.43038451742e-06 7.54871225958e-06 6.84975742073e-06 6.01101161411e-06 7.68850322735e-06 3.77435612979e-06 6.70996645296e-06 6.01101161411e-06 6.84975742073e-06 5.73142967857e-06 5.45184774303e-06 5.17226580749e-06 4.33352000087e-06 3.77435612979e-06 4.89268387195e-06 5.45184774303e-06 4.1937290331e-06 4.1937290331e-06 3.63456516202e-06 3.91414709756e-06 3.91414709756e-06 4.05393806533e-06 3.91414709756e-06 3.91414709756e-06 3.91414709756e-06 3.07540129094e-06 3.07540129094e-06 4.89268387195e-06 3.35498322648e-06 3.63456516202e-06 3.21519225871e-06 2.09686451655e-06 3.91414709756e-06 3.91414709756e-06 4.05393806533e-06 5.73142967857e-06 3.91414709756e-06 2.7958193554e-06 3.91414709756e-06 3.07540129094e-06 2.7958193554e-06 3.21519225871e-06 3.77435612979e-06 3.63456516202e-06 3.49477419425e-06 3.91414709756e-06 3.77435612979e-06 5.31205677526e-06 4.1937290331e-06
6.9895483885e-06 6.43038451742e-06 7.68850322735e-06 7.40892129181e-06 6.01101161411e-06 6.43038451742e-06 9.92515871168e-06 6.70996645296e-06 7.68850322735e-06 6.01101161411e-06 6.29059354965e-06 4.05393806533e-06 5.45184774303e-06 5.87122064634e-06 6.70996645296e-06 3.91414709756e-06 4.1937290331e-06 4.33352000087e-06 3.91414709756e-06 3.91414709756e-06 5.45184774303e-06 3.77435612979e-06 5.45184774303e-06 5.31205677526e-06 4.05393806533e-06 4.33352000087e-06 3.91414709756e-06 3.91414709756e-06 3.35498322648e-06 4.33352000087e-06 4.89268387195e-06 3.91414709756e-06 3.21519225871e-06 3.63456516202e-06 3.07540129094e-06 4.05393806533e-06 4.1937290331e-06 3.91414709756e-06 3.91414709756e-06 2.7958193554e-06 3.35498322648e-06 3.63456516202e-06 3.63456516202e-06 3.91414709756e-06 3.77435612979e-06 4.1937290331e-06 3.91414709756e-06 3.77435612979e-06 4.47331096864e-06 3.77435612979e-06 4.89268387195e-06
7.68850322735e-06 7.68850322735e-06 5.73142967857e-06 6.43038451742e-06 8.52724903397e-06 5.73142967857e-06 9.92515871168e-06 6.70996645296e-06 4.61310193641e-06 4.89268387195e-06 7.12933935627e-06 5.17226580749e-06 5.45184774303e-06 6.9895483885e-06 5.5916387108e-06 4.33352000087e-06 4.05393806533e-06 4.89268387195e-06 4.61310193641e-06 5.03247483972e-06 5.45184774303e-06 4.89268387195e-06 4.89268387195e-06 3.91414709756e-06 3.91414709756e-06 3.91414709756e-06 3.77435612979e-06 3.91414709756e-06 3.91414709756e-06 4.1937290331e-06 3.63456516202e-06 4.47331096864e-06 4.1937290331e-06 3.63456516202e-06 3.63456516202e-06 2.7958193554e-06 4.1937290331e-06 3.35498322648e-06 3.91414709756e-06 3.21519225871e-06 3.63456516202e-06 3.63456516202e-06 4.33352000087e-06 3.91414709756e-06 3.91414709756e-06 3.07540129094e-06 3.63456516202e-06 3.77435612979e-06 3.91414709756e-06 4.89268387195e-06 3.91414709756e-06
7.26913032404e-06 1.06241135505e-05 8.24766709843e-06 7.68850322735e-06 6.01101161411e-06 7.26913032404e-06 5.45184774303e-06 7.26913032404e-06 6.43038451742e-06 3.91414709756e-06 6.57017548519e-06 4.47331096864e-06 5.45184774303e-06 5.45184774303e-06 6.01101161411e-06 6.57017548519e-06 4.33352000087e-06 5.45184774303e-06 3.91414709756e-06 4.05393806533e-06 4.89268387195e-06 5.45184774303e-06 4.33352000087e-06 3.91414709756e-06 3.91414709756e-06 3.91414709756e-06 4.89268387195e-06 6.57017548519e-06 4.47331096864e-06 3.63456516202e-06 3.35498322648e-06 4.61310193641e-06 4.1937290331e-06 4.61310193641e-06 3.77435612979e-06 3.35498322648e-06 5.45184774303e-06 4.89268387195e-06 3.91414709756e-06 3.91414709756e-06 3.77435612979e-06 3.35498322648e-06 4.05393806533e-06 4.47331096864e-06 4.33352000087e-06 3.07540129094e-06 3.21519225871e-06 4.89268387195e-06 5.45184774303e-06 4.33352000087e-06 3.91414709756e-06
7.68850322735e-06 6.9895483885e-06 1.07639045183e-05 6.9895483885e-06 6.9895483885e-06 7.40892129181e-06 6.01101161411e-06 5.45184774303e-06 6.43038451742e-06 4.89268387195e-06 6.43038451742e-06 3.91414709756e-06 7.12933935627e-06 4.89268387195e-06 6.01101161411e-06 4.89268387195e-06 5.45184774303e-06 3.91414709756e-06 3.91414709756e-06 5.45184774303e-06 6.57017548519e-06 6.01101161411e-06 6.01101161411e-06 4.33352000087e-06 4.89268387195e-06 5.31205677526e-06 4.47331096864e-06 4.33352000087e-06 3.91414709756e-06 4.33352000087e-06 4.89268387195e-06 3.91414709756e-06 4.89268387195e-06 4.33352000087e-06 4.1937290331e-06 3.77435612979e-06 3.07540129094e-06 4.1937290331e-06 2.7958193554e-06 2.7958193554e-06 3.91414709756e-06 5.17226580749e-06 4.1937290331e-06 4.89268387195e-06 2.7958193554e-06 3.63456516202e-06 3.63456516202e-06 5.31205677526e-06 5.5916387108e-06 5.5916387108e-06 5.31205677526e-06
5.45184774303e-06 6.43038451742e-06 8.52724903397e-06 8.24766709843e-06 8.52724903397e-06 6.43038451742e-06 4.47331096864e-06 4.1937290331e-06 3.91414709756e-06 3.07540129094e-06 5.5916387108e-06 4.33352000087e-06 6.43038451742e-06 4.33352000087e-06 5.73142967857e-06 6.01101161411e-06 4.89268387195e-06 4.89268387195e-06 5.17226580749e-06 5.87122064634e-06 4.33352000087e-06 4.33352000087e-06 5.45184774303e-06 5.03247483972e-06 4.05393806533e-06 4.1937290331e-06 4.1937290331e-06 3.91414709756e-06 3.77435612979e-06 4.89268387195e-06 4.89268387195e-06 5.17226580749e-06 4.89268387195e-06 4.1937290331e-06 3.91414709756e-06 4.05393806533e-06 3.91414709756e-06 5.45184774303e-06 4.61310193641e-06 5.31205677526e-06 3.21519225871e-06 3.91414709756e-06 3.77435612979e-06 5.45184774303e-06 4.33352000087e-06 2.51623741986e-06 5.45184774303e-06 5.45184774303e-06 4.05393806533e-06 5.45184774303e-06 4.47331096864e-06
2.93561032317e-06 3.91414709756e-06 5.45184774303e-06 6.70996645296e-06 6.43038451742e-06 6.9895483885e-06 7.68850322735e-06 4.1937290331e-06 3.21519225871e-06 2.65602838763e-06 3.07540129094e-06 3.35498322648e-06 2.65602838763e-06 3.91414709756e-06 5.45184774303e-06 6.01101161411e-06 6.15080258188e-06 5.73142967857e-06 7.68850322735e-06 4.61310193641e-06 5.45184774303e-06 5.31205677526e-06 5.17226580749e-06 5.45184774303e-06 4.1937290331e-06 3.63456516202e-06 4.89268387195e-06 3.63456516202e-06 4.1937290331e-06 3.91414709756e-06 4.1937290331e-06 4.89268387195e-06 4.89268387195e-06 3.77435612979e-06 4.61310193641e-06 5.17226580749e-06 4.75289290418e-06 4.47331096864e-06 4.05393806533e-06 3.91414709756e-06 3.91414709756e-06 3.63456516202e-06 3.21519225871e-06 3.91414709756e-06 3.91414709756e-06 5.45184774303e-06 5.45184774303e-06 4.89268387195e-06 5.17226580749e-06 5.87122064634e-06 4.89268387195e-06
3.21519225871e-06 1.95707354878e-06 2.09686451655e-06 3.91414709756e-06 5.5916387108e-06 7.12933935627e-06 5.45184774303e-06 7.68850322735e-06 5.45184774303e-06 3.77435612979e-06 3.77435612979e-06 4.1937290331e-06 6.01101161411e-06 4.61310193641e-06 5.45184774303e-06 4.89268387195e-06 6.43038451742e-06 6.70996645296e-06 4.33352000087e-06 6.43038451742e-06 6.01101161411e-06 6.01101161411e-06 6.01101161411e-06 5.5916387108e-06 3.91414709756e-06 5.45184774303e-06 4.61310193641e-06 4.1937290331e-06 4.61310193641e-06 5.45184774303e-06 4.33352000087e-06 4.33352000087e-06 5.31205677526e-06 4.33352000087e-06 4.47331096864e-06 4.33352000087e-06 4.33352000087e-06 4.1937290331e-06 5.5916387108e-06 5.17226580749e-06 5.03247483972e-06 5.31205677526e-06 3.91414709756e-06 3.91414709756e-06 4.1937290331e-06 4.89268387195e-06 4.1937290331e-06 4.89268387195e-06 4.61310193641e-06 4.33352000087e-06 3.91414709756e-06
1.53770064547e-06 3.35498322648e-06 3.63456516202e-06 3.91414709756e-06 6.70996645296e-06 3.63456516202e-06 6.9895483885e-06 6.84975742073e-06 5.5916387108e-06 3.63456516202e-06 1.3979096777e-06 3.63456516202e-06 4.61310193641e-06 4.75289290418e-06 3.77435612979e-06 4.47331096864e-06 5.17226580749e-06 6.43038451742e-06 6.43038451742e-06 6.43038451742e-06 5.45184774303e-06 5.5916387108e-06 4.1937290331e-06 5.45184774303e-06 5.03247483972e-06 6.01101161411e-06 5.45184774303e-06 4.89268387195e-06 5.5916387108e-06 4.47331096864e-06 3.91414709756e-06 6.01101161411e-06 4.33352000087e-06 5.03247483972e-06 4.89268387195e-06 4.1937290331e-06 5.45184774303e-06 5.45184774303e-06 4.33352000087e-06 3.91414709756e-06 6.01101161411e-06 4.05393806533e-06 4.89268387195e-06 6.01101161411e-06 4.89268387195e-06 4.89268387195e-06 6.01101161411e-06 4.61310193641e-06 4.05393806533e-06 4.1937290331e-06 6.43038451742e-06
2.51623741986e-06 3.63456516202e-06 3.91414709756e-06 5.45184774303e-06 3.91414709756e-06 5.45184774303e-06 6.43038451742e-06 4.33352000087e-06 3.91414709756e-06 4.05393806533e-06 3.63456516202e-06 2.65602838763e-06 1.95707354878e-06 2.51623741986e-06 1.95707354878e-06 3.91414709756e-06 4.61310193641e-06 5.45184774303e-06 6.01101161411e-06 5.45184774303e-06 6.01101161411e-06 5.31205677526e-06 6.15080258188e-06 4.05393806533e-06 5.45184774303e-06 4.89268387195e-06 3.91414709756e-06 5.31205677526e-06 5.45184774303e-06 4.89268387195e-06 3.91414709756e-06 4.05393806533e-06 3.91414709756e-06 4.89268387195e-06 5.03247483972e-06 4.89268387195e-06 4.05393806533e-06 4.1937290331e-06 3.91414709756e-06 3.91414709756e-06 5.45184774303e-06 3.91414709756e-06 4.89268387195e-06 5.17226580749e-06 4.1937290331e-06 6.70996645296e-06 4.47331096864e-06 4.89268387195e-06 4.89268387195e-06 3.91414709756e-06 5.03247483972e-06
9.78536774391e-07 2.65602838763e-06 4.33352000087e-06 3.91414709756e-06 2.65602838763e-06 5.31205677526e-06 3.91414709756e-06 3.91414709756e-06 3.63456516202e-06 3.35498322648e-06 3.63456516202e-06 3.77435612979e-06 1.53770064547e-06 8.3874580662e-07 2.7958193554e-07 9.78536774391e-07 3.63456516202e-06 4.05393806533e-06 5.73142967857e-06 5.03247483972e-06 5.73142967857e-06 5.5916387108e-06 6.01101161411e-06 4.89268387195e-06 6.01101161411e-06 4.89268387195e-06 4.47331096864e-06 3.77435612979e-06 4.05393806533e-06 3.35498322648e-06 4.89268387195e-06 4.75289290418e-06 4.33352000087e-06 4.89268387195e-06 5.45184774303e-06 4.89268387195e-06 4.33352000087e-06 4.89268387195e-06 5.31205677526e-06 4.1937290331e-06 4.89268387195e-06 5.45184774303e-06 4.33352000087e-06 4.61310193641e-06 5.73142967857e-06 6.01101161411e-06 4.89268387195e-06 4.05393806533e-06 4.1937290331e-06 3.77435612979e-06 6.01101161411e-06
2.65602838763e-06 3.91414709756e-06 5.45184774303e-06 3.91414709756e-06 3.07540129094e-06 2.51623741986e-06 3.91414709756e-06 3.91414709756e-06 2.7958193554e-06 3.63456516202e-06 1.95707354878e-06 3.21519225871e-06 1.95707354878e-06 1.3979096777e-06 2.51623741986e-06 3.21519225871e-06 3.91414709756e-06 5.45184774303e-06 6.01101161411e-06 5.73142967857e-06 5.45184774303e-06 5.45184774303e-06 5.45184774303e-06 4.1937290331e-06 4.89268387195e-06 5.45184774303e-06 5.45184774303e-06 4.33352000087e-06 4.1937290331e-06 4.89268387195e-06 3.77435612979e-06 5.45184774303e-06 3.91414709756e-06 4.89268387195e-06 4.1937290331e-06 4.33352000087e-06 3.63456516202e-06 3.91414709756e-06 5.17226580749e-06 4.33352000087e-06 4.05393806533e-06 5.45184774303e-06 5.45184774303e-06 4.33352000087e-06 3.91414709756e-06 4.1937290331e-06 4.89268387195e-06 4.75289290418e-06 4.89268387195e-06 5.17226580749e-06 5.87122064634e-06
3.63456516202e-06 3.35498322648e-06 3.77435612979e-06 2.51623741986e-06 2.7958193554e-07 2.65602838763e-06 3.35498322648e-06 2.65602838763e-06 1.3979096777e-06 1.53770064547e-06 2.51623741986e-06 3.35498322648e-06 1.95707354878e-06 2.09686451655e-06 2.51623741986e-06 4.33352000087e-06 4.75289290418e-06 6.9895483885e-06 7.26913032404e-06 7.26913032404e-06 6.9895483885e-06 7.12933935627e-06 5.73142967857e-06 5.87122064634e-06 5.45184774303e-06 5.31205677526e-06 5.45184774303e-06 4.89268387195e-06 5.45184774303e-06 5.31205677526e-06 6.01101161411e-06 5.45184774303e-06 4.89268387195e-06 3.77435612979e-06 3.91414709756e-06 4.05393806533e-06 3.91414709756e-06 3.91414709756e-06 4.33352000087e-06 4.1937290331e-06 5.45184774303e-06 4.1937290331e-06 4.89268387195e-06 4.89268387195e-06 5.45184774303e-06 4.89268387195e-06 4.89268387195e-06 4.89268387195e-06 4.1937290331e-06 5.45184774303e-06 5.45184774303e-06
1.81728258101e-06 2.65602838763e-06 3.77435612979e-06 1.25811870993e-06 8.3874580662e-07 8.3874580662e-07 1.3979096777e-06 2.51623741986e-06 8.3874580662e-07 1.53770064547e-06 3.35498322648e-06 3.07540129094e-06 2.65602838763e-06 3.91414709756e-06 6.43038451742e-06 5.5916387108e-06 6.70996645296e-06 5.45184774303e-06 4.89268387195e-06 5.5916387108e-06 5.87122064634e-06 5.03247483972e-06 5.73142967857e-06 5.73142967857e-06 4.89268387195e-06 5.17226580749e-06 4.89268387195e-06 4.89268387195e-06 5.73142967857e-06 6.01101161411e-06 6.43038451742e-06 4.47331096864e-06 4.89268387195e-06 4.89268387195e-06 3.21519225871e-06 3.21519225871e-06 3.91414709756e-06 4.61310193641e-06 4.61310193641e-06 5.31205677526e-06 4.1937290331e-06 5.45184774303e-06 4.33352000087e-06 4.89268387195e-06 4.61310193641e-06 5.45184774303e-06 3.77435612979e-06 3.91414709756e-06 4.1937290331e-06 4.05393806533e-06 4.1937290331e-06
1.3979096777e-06 3.35498322648e-06 1.25811870993e-06 1.67749161324e-06 2.7958193554e-07 0.0 2.7958193554e-07 2.7958193554e-07 2.7958193554e-07 2.7958193554e-07 2.09686451655e-06 3.63456516202e-06 3.77435612979e-06 4.89268387195e-06 7.26913032404e-06 5.45184774303e-06 4.89268387195e-06 4.1937290331e-06 5.5916387108e-06 5.03247483972e-06 5.45184774303e-06 5.45184774303e-06 5.31205677526e-06 4.61310193641e-06 4.89268387195e-06 4.89268387195e-06 4.89268387195e-06 5.45184774303e-06 4.89268387195e-06 4.61310193641e-06 6.43038451742e-06 3.77435612979e-06 3.07540129094e-06 3.91414709756e-06 2.65602838763e-06 2.09686451655e-06 3.63456516202e-06 3.07540129094e-06 4.89268387195e-06 4.89268387195e-06 5.45184774303e-06 5.45184774303e-06 4.47331096864e-06 4.1937290331e-06 4.89268387195e-06 5.31205677526e-06 5.45184774303e-06 5.45184774303e-06 4.89268387195e-06 4.89268387195e-06 4.47331096864e-06
2.7958193554e-07 2.65602838763e-06 2.09686451655e-06 1.3979096777e-06 0.0 0.0 2.7958193554e-07 0.0 2.7958193554e-07 1.53770064547e-06 1.53770064547e-06 3.35498322648e-06 4.89268387195e-06 4.1937290331e-06 4.89268387195e-06 3.63456516202e-06 3.91414709756e-06 3.91414709756e-06 4.1937290331e-06 5.87122064634e-06 4.33352000087e-06 4.1937290331e-06 3.91414709756e-06 4.05393806533e-06 3.91414709756e-06 3.91414709756e-06 4.61310193641e-06 4.61310193641e-06 3.91414709756e-06 3.91414709756e-06 3.91414709756e-06 5.73142967857e-06 3.35498322648e-06 2.7958193554e-06 3.63456516202e-06 2.51623741986e-06 2.65602838763e-06 3.63456516202e-06 4.89268387195e-06 5.45184774303e-06 4.33352000087e-06 4.89268387195e-06 4.1937290331e-06 4.05393806533e-06 5.03247483972e-06 4.61310193641e-06 5.45184774303e-06 4.89268387195e-06 5.03247483972e-06 5.03247483972e-06 5.31205677526e-06
2.7958193554e-07 2.7958193554e-07 1.53770064547e-06 2.7958193554e-07 0.0 0.0 0.0 0.0 0.0 2.7958193554e-07 1.95707354878e-06 1.81728258101e-06 4.47331096864e-06 3.91414709756e-06 2.7958193554e-06 3.35498322648e-06 3.21519225871e-06 2.7958193554e-06 3.77435612979e-06 5.45184774303e-06 4.75289290418e-06 4.05393806533e-06 2.65602838763e-06 3.07540129094e-06 3.07540129094e-06 4.05393806533e-06 5.31205677526e-06 5.5916387108e-06 4.05393806533e-06 3.77435612979e-06 3.63456516202e-06 4.05393806533e-06 4.89268387195e-06 3.91414709756e-06 3.91414709756e-06 3.35498322648e-06 3.91414709756e-06 3.91414709756e-06 4.33352000087e-06 3.63456516202e-06 3.77435612979e-06 3.77435612979e-06 4.33352000087e-06 4.47331096864e-06 4.89268387195e-06 5.17226580749e-06 4.33352000087e-06 4.1937290331e-06 6.01101161411e-06 6.43038451742e-06 6.70996645296e-06
0.0 0.0 2.7958193554e-07 0.0 0.0 0.0 8.3874580662e-07 5.5916387108e-07 0.0 0.0 0.0 1.3979096777e-06 3.77435612979e-06 5.5916387108e-06 3.07540129094e-06 1.67749161324e-06 3.21519225871e-06 1.3979096777e-06 3.07540129094e-06 3.91414709756e-06 3.21519225871e-06 3.35498322648e-06 8.3874580662e-07 1.67749161324e-06 3.35498322648e-06 4.33352000087e-06 6.01101161411e-06 3.91414709756e-06 3.07540129094e-06 1.67749161324e-06 3.63456516202e-06 3.77435612979e-06 4.89268387195e-06 3.91414709756e-06 3.77435612979e-06 3.91414709756e-06 3.91414709756e-06 4.89268387195e-06 4.1937290331e-06 4.33352000087e-06 4.05393806533e-06 3.07540129094e-06 4.1937290331e-06 5.31205677526e-06 4.47331096864e-06 5.45184774303e-06 5.45184774303e-06 4.33352000087e-06 5.73142967857e-06 5.45184774303e-06 4.47331096864e-06
0.0 0.0 0.0 0.0 0.0 0.0 2.7958193554e-07 1.53770064547e-06 3.07540129094e-06 1.53770064547e-06 9.78536774391e-07 1.53770064547e-06 5.17226580749e-06 5.45184774303e-06 3.63456516202e-06 2.09686451655e-06 1.3979096777e-06 2.09686451655e-06 3.21519225871e-06 3.07540129094e-06 1.3979096777e-06 1.53770064547e-06 2.65602838763e-06 2.7958193554e-06 3.77435612979e-06 4.89268387195e-06 3.77435612979e-06 3.91414709756e-06 3.63456516202e-06 1.95707354878e-06 2.7958193554e-06 3.77435612979e-06 3.91414709756e-06 2.09686451655e-06 3.07540129094e-06 3.91414709756e-06 4.1937290331e-06 4.1937290331e-06 3.91414709756e-06 4.47331096864e-06 5.17226580749e-06 5.87122064634e-06 5.45184774303e-06 4.75289290418e-06 5.45184774303e-06 3.91414709756e-06 4.61310193641e-06 5.17226580749e-06 3.91414709756e-06 3.91414709756e-06 5.31205677526e-06
0.0 0.0 0.0 0.0 0.0 0.0 2.7958193554e-07 1.3979096777e-06 2.51623741986e-06 3.63456516202e-06 1.3979096777e-06 3.77435612979e-06 2.7958193554e-06 2.09686451655e-06 3.63456516202e-06 1.11832774216e-06 2.7958193554e-07 9.78536774391e-07 3.07540129094e-06 1.53770064547e-06 1.53770064547e-06 2.51623741986e-06 3.35498322648e-06 4.05393806533e-06 4.33352000087e-06 3.91414709756e-06 3.77435612979e-06 2.65602838763e-06 3.21519225871e-06 1.3979096777e-06 2.65602838763e-06 3.35498322648e-06 3.77435612979e-06 1.3979096777e-06 2.65602838763e-06 3.21519225871e-06 3.63456516202e-06 3.91414709756e-06 4.61310193641e-06 4.1937290331e-06 5.73142967857e-06 4.33352000087e-06 5.73142967857e-06 4.89268387195e-06 6.01101161411e-06 5.5916387108e-06 5.03247483972e-06 5.45184774303e-06 5.5916387108e-06 4.33352000087e-06 5.45184774303e-06
0.0 0.0 0.0 0.0 0.0 0.0 0.0 2.7958193554e-07 1.3979096777e-06 3.63456516202e-06 4.1937290331e-06 3.63456516202e-06 1.3979096777e-06 1.3979096777e-06 3.07540129094e-06 1.11832774216e-06 2.7958193554e-07 5.5916387108e-07 1.81728258101e-06 2.51623741986e-06 1.95707354878e-06 3.07540129094e-06 3.63456516202e-06 3.91414709756e-06 3.35498322648e-06 3.21519225871e-06 3.91414709756e-06 2.51623741986e-06 2.51623741986e-06 1.53770064547e-06 2.51623741986e-06 2.7958193554e-06 3.35498322648e-06 2.65602838763e-06 1.67749161324e-06 1.53770064547e-06 3.07540129094e-06 2.93561032317e-06 3.91414709756e-06 4.89268387195e-06 5.31205677526e-06 4.89268387195e-06 5.45184774303e-06 3.91414709756e-06 4.61310193641e-06 5.45184774303e-06 5.45184774303e-06 5.45184774303e-06 6.01101161411e-06 5.31205677526e-06 6.9895483885e-06
