Example/niche_identity/models/ENFA/normalized_grids/coelestinus_0.asc
ncols        743
nrows        319
xllcorner    -74.500956448335
yllcorner    17.448920549066
cellsize     0.008333333333
NODATA_value  -9999
[rows 138 to 160 of 318, columns 208 to 259 of 743]
-9999 -9999 -9999 -9999 -9999 1.57988406213e-05 1.65105001087e-05 1.65105001087e-05 1.70798276987e-05 1.57988406213e-05 1.08172242092e-05 1.13865517991e-05 8.53991384935e-06 8.82457764433e-06 1.06748923117e-05 7.8282543619e-06 7.11659487446e-06 7.40125866944e-06 1.2809870774e-05 1.11018880042e-05 7.25892677195e-06 6.97426297697e-06 6.97426297697e-06 7.11659487446e-06 9.82090092675e-06 1.03902285167e-05 1.35215302615e-05 1.13865517991e-05 9.82090092675e-06 1.2809870774e-05 1.06748923117e-05 1.13865517991e-05 1.06748923117e-05 9.25157333679e-06 3.84296123221e-06 2.84663794978e-06 5.83560779705e-06 8.53991384935e-06 1.19558793891e-05 1.06748923117e-05 1.13865517991e-05 1.16712155941e-05 8.82457764433e-06 7.40125866944e-06 6.83193107948e-06 4.83928451463e-06 4.69695261714e-06 5.2662802071e-06 5.69327589957e-06 4.83928451463e-06 4.83928451463e-06 5.2662802071e-06
-9999 -9999 -9999 -9999 -9999 -9999 -9999 1.60835044163e-05 1.63681682113e-05 1.67951639037e-05 1.42331897489e-05 1.18135474916e-05 1.20982112866e-05 1.06748923117e-05 8.82457764433e-06 7.8282543619e-06 1.08172242092e-05 6.97426297697e-06 1.08172242092e-05 9.10924143931e-06 7.11659487446e-06 4.26995692467e-06 2.84663794978e-06 3.9852931297e-06 5.2662802071e-06 6.83193107948e-06 8.96690954182e-06 1.20982112866e-05 1.06748923117e-05 8.53991384935e-06 1.08172242092e-05 7.25892677195e-06 7.97058625939e-06 8.53991384935e-06 6.97426297697e-06 4.69695261714e-06 3.41596553974e-06 5.83560779705e-06 1.12442199016e-05 1.22405431841e-05 1.13865517991e-05 1.19558793891e-05 1.11018880042e-05 1.02478966192e-05 7.40125866944e-06 5.83560779705e-06 5.83560779705e-06 6.5472672845e-06 5.2662802071e-06 4.83928451463e-06 5.83560779705e-06 4.41228882216e-06
-9999 -9999 -9999 -9999 -9999 -9999 -9999 -9999 -9999 -9999 1.65105001087e-05 1.45178535439e-05 1.42331897489e-05 1.06748923117e-05 1.16712155941e-05 1.11018880042e-05 7.40125866944e-06 7.25892677195e-06 1.03902285167e-05 6.83193107948e-06 6.68959918199e-06 4.83928451463e-06 5.69327589957e-06 4.98161641212e-06 2.84663794978e-06 1.56565087238e-06 3.13130174476e-06 7.40125866944e-06 1.13865517991e-05 1.03902285167e-05 7.11659487446e-06 4.83928451463e-06 4.83928451463e-06 6.68959918199e-06 6.83193107948e-06 4.83928451463e-06 2.13497846234e-06 3.55829743723e-06 7.25892677195e-06 1.3094534569e-05 1.3094534569e-05 1.2809870774e-05 1.22405431841e-05 1.16712155941e-05 9.25157333679e-06 7.40125866944e-06 6.40493538701e-06 6.68959918199e-06 4.83928451463e-06 3.55829743723e-06 2.84663794978e-06 2.84663794978e-06
-9999 -9999 -9999 -9999 -9999 -9999 -9999 -9999 -9999 -9999 -9999 -9999 1.67951639037e-05 1.63681682113e-05 1.2809870774e-05 1.03902285167e-05 1.12442199016e-05 7.25892677195e-06 6.97426297697e-06 5.69327589957e-06 4.69695261714e-06 3.84296123221e-06 4.83928451463e-06 5.83560779705e-06 6.5472672845e-06 2.70430605229e-06 7.11659487446e-07 1.70798276987e-06 6.83193107948e-06 8.53991384935e-06 6.68959918199e-06 3.13130174476e-06 2.84663794978e-06 3.9852931297e-06 4.41228882216e-06 5.2662802071e-06 3.41596553974e-06 4.55462071965e-06 6.12027159203e-06 7.25892677195e-06 1.13865517991e-05 1.16712155941e-05 1.22405431841e-05 1.3094534569e-05 1.22405431841e-05 1.13865517991e-05 7.40125866944e-06 5.97793969454e-06 5.2662802071e-06 4.83928451463e-06 3.9852931297e-06 3.84296123221e-06
-9999 -9999 -9999 -9999 -9999 -9999 -9999 -9999 -9999 -9999 -9999 -9999 -9999 -9999 1.56565087238e-05 1.42331897489e-05 1.38061940564e-05 1.12442199016e-05 7.25892677195e-06 6.83193107948e-06 6.83193107948e-06 4.83928451463e-06 3.13130174476e-06 4.41228882216e-06 6.97426297697e-06 7.25892677195e-06 2.84663794978e-06 1.70798276987e-06 4.83928451463e-06 5.12394830961e-06 6.40493538701e-06 5.83560779705e-06 3.13130174476e-06 3.9852931297e-06 5.69327589957e-06 6.83193107948e-06 6.5472672845e-06 5.69327589957e-06 2.41964225732e-06 2.70430605229e-06 4.41228882216e-06 7.25892677195e-06 8.53991384935e-06 1.03902285167e-05 1.3094534569e-05 1.2809870774e-05 1.20982112866e-05 1.13865517991e-05 6.83193107948e-06 5.83560779705e-06 4.55462071965e-06 5.83560779705e-06
-9999 -9999 -9999 -9999 -9999 -9999 -9999 -9999 -9999 -9999 -9999 -9999 -9999 -9999 -9999 1.76491552887e-05 1.38061940564e-05 1.2809870774e-05 1.2809870774e-05 6.5472672845e-06 9.96323282424e-06 7.40125866944e-06 4.83928451463e-06 4.83928451463e-06 5.69327589957e-06 8.53991384935e-06 7.40125866944e-06 5.55094400208e-06 2.84663794978e-06 5.69327589957e-06 1.06748923117e-05 1.09595561067e-05 9.25157333679e-06 6.68959918199e-06 6.97426297697e-06 6.5472672845e-06 5.55094400208e-06 5.55094400208e-06 2.84663794978e-06 1.13865517991e-06 2.13497846234e-06 3.13130174476e-06 6.97426297697e-06 1.12442199016e-05 1.22405431841e-05 1.39485259539e-05 1.26675388765e-05 1.06748923117e-05 8.53991384935e-06 7.11659487446e-06 4.55462071965e-06 5.12394830961e-06
-9999 -9999 -9999 -9999 -9999 -9999 -9999 -9999 -9999 -9999 -9999 -9999 -9999 -9999 -9999 -9999 1.65105001087e-05 1.63681682113e-05 1.50871811338e-05 1.39485259539e-05 7.40125866944e-06 1.20982112866e-05 7.25892677195e-06 6.5472672845e-06 6.5472672845e-06 7.68592246441e-06 8.53991384935e-06 1.06748923117e-05 6.12027159203e-06 6.83193107948e-06 1.39485259539e-05 1.02478966192e-05 5.83560779705e-06 4.41228882216e-06 2.41964225732e-06 4.83928451463e-06 6.83193107948e-06 7.25892677195e-06 5.83560779705e-06 3.70062933472e-06 2.27731035983e-06 3.55829743723e-06 3.84296123221e-06 3.9852931297e-06 7.40125866944e-06 1.11018880042e-05 1.3663862159e-05 1.38061940564e-05 8.53991384935e-06 9.39390523428e-06 8.53991384935e-06 6.97426297697e-06
-9999 -9999 -9999 -9999 -9999 -9999 -9999 -9999 -9999 -9999 -9999 -9999 -9999 -9999 -9999 -9999 -9999 1.77914871861e-05 1.55141768263e-05 1.3094534569e-05 1.16712155941e-05 1.3094534569e-05 9.39390523428e-06 8.53991384935e-06 5.55094400208e-06 5.2662802071e-06 6.5472672845e-06 1.22405431841e-05 1.42331897489e-05 1.08172242092e-05 1.42331897489e-05 7.68592246441e-06 6.5472672845e-06 1.12442199016e-05 6.97426297697e-06 7.25892677195e-06 7.25892677195e-06 9.10924143931e-06 1.02478966192e-05 8.53991384935e-06 7.25892677195e-06 5.2662802071e-06 3.13130174476e-06 2.84663794978e-06 2.84663794978e-06 7.25892677195e-06 1.18135474916e-05 1.38061940564e-05 1.3094534569e-05 1.15288836966e-05 7.25892677195e-06 7.25892677195e-06
-9999 -9999 -9999 -9999 -9999 -9999 -9999 -9999 -9999 -9999 -9999 -9999 -9999 -9999 -9999 -9999 -9999 -9999 1.76491552887e-05 1.29522026715e-05 1.45178535439e-05 1.2809870774e-05 1.13865517991e-05 1.13865517991e-05 7.97058625939e-06 6.40493538701e-06 8.39758195186e-06 7.40125866944e-06 1.26675388765e-05 1.42331897489e-05 1.49448492364e-05 1.20982112866e-05 7.25892677195e-06 8.53991384935e-06 1.43755216464e-05 1.16712155941e-05 1.3663862159e-05 7.40125866944e-06 8.25525005437e-06 1.2809870774e-05 1.38061940564e-05 7.8282543619e-06 6.40493538701e-06 3.13130174476e-06 2.5619741548e-06 2.84663794978e-06 6.40493538701e-06 1.13865517991e-05 1.3094534569e-05 1.3094534569e-05 1.06748923117e-05 8.39758195186e-06
-9999 -9999 -9999 -9999 -9999 -9999 -9999 -9999 -9999 -9999 -9999 -9999 -9999 -9999 -9999 -9999 -9999 -9999 1.70798276987e-05 1.87878104686e-05 1.65105001087e-05 1.42331897489e-05 1.40908578514e-05 1.43755216464e-05 1.12442199016e-05 1.13865517991e-05 1.12442199016e-05 1.2809870774e-05 1.2809870774e-05 1.39485259539e-05 1.43755216464e-05 1.06748923117e-05 1.22405431841e-05 1.15288836966e-05 1.3094534569e-05 1.3094534569e-05 1.20982112866e-05 8.82457764433e-06 7.97058625939e-06 1.06748923117e-05 1.39485259539e-05 1.38061940564e-05 1.15288836966e-05 6.5472672845e-06 3.13130174476e-06 2.27731035983e-06 3.84296123221e-06 8.25525005437e-06 9.53623713177e-06 1.3094534569e-05 1.26675388765e-05 8.53991384935e-06
-9999 -9999 -9999 -9999 -9999 -9999 -9999 -9999 -9999 -9999 -9999 -9999 -9999 -9999 -9999 -9999 -9999 -9999 1.77914871861e-05 1.87878104686e-05 1.76491552887e-05 1.79338190836e-05 1.49448492364e-05 1.42331897489e-05 1.2809870774e-05 1.42331897489e-05 1.20982112866e-05 1.42331897489e-05 1.42331897489e-05 1.52295130313e-05 1.38061940564e-05 1.42331897489e-05 1.42331897489e-05 1.22405431841e-05 1.3094534569e-05 1.43755216464e-05 1.40908578514e-05 1.2809870774e-05 1.16712155941e-05 1.3663862159e-05 1.3094534569e-05 1.11018880042e-05 1.11018880042e-05 8.68224574684e-06 7.25892677195e-06 4.83928451463e-06 5.2662802071e-06 5.55094400208e-06 6.97426297697e-06 1.20982112866e-05 1.2809870774e-05 1.2809870774e-05
-9999 -9999 -9999 -9999 -9999 -9999 -9999 -9999 -9999 -9999 -9999 -9999 -9999 -9999 -9999 -9999 -9999 -9999 -9999 1.83608147761e-05 1.83608147761e-05 1.89301423661e-05 1.69374958012e-05 1.52295130313e-05 1.50871811338e-05 1.2809870774e-05 1.42331897489e-05 1.22405431841e-05 1.52295130313e-05 1.65105001087e-05 1.38061940564e-05 1.42331897489e-05 1.3094534569e-05 1.42331897489e-05 1.45178535439e-05 1.2809870774e-05 1.11018880042e-05 1.16712155941e-05 1.42331897489e-05 1.38061940564e-05 1.2809870774e-05 7.25892677195e-06 1.3094534569e-05 1.22405431841e-05 1.19558793891e-05 8.53991384935e-06 7.97058625939e-06 9.10924143931e-06 1.20982112866e-05 1.43755216464e-05 1.43755216464e-05 1.42331897489e-05
-9999 -9999 -9999 -9999 -9999 -9999 -9999 -9999 -9999 -9999 -9999 -9999 -9999 -9999 -9999 -9999 -9999 -9999 -9999 -9999 -9999 1.9214806161e-05 1.77914871861e-05 1.76491552887e-05 1.69374958012e-05 1.45178535439e-05 1.42331897489e-05 1.42331897489e-05 1.52295130313e-05 1.38061940564e-05 1.3663862159e-05 1.42331897489e-05 1.38061940564e-05 1.42331897489e-05 1.42331897489e-05 1.42331897489e-05 1.42331897489e-05 1.43755216464e-05 1.06748923117e-05 1.45178535439e-05 9.39390523428e-06 5.2662802071e-06 7.25892677195e-06 1.22405431841e-05 1.35215302615e-05 1.26675388765e-05 1.2809870774e-05 9.53623713177e-06 1.19558793891e-05 1.3094534569e-05 1.39485259539e-05 1.42331897489e-05
-9999 -9999 -9999 -9999 -9999 -9999 -9999 -9999 -9999 -9999 -9999 -9999 -9999 -9999 -9999 -9999 -9999 -9999 -9999 -9999 -9999 1.77914871861e-05 1.9214806161e-05 1.9499469956e-05 1.86454785711e-05 1.77914871861e-05 1.93571380585e-05 1.79338190836e-05 1.79338190836e-05 1.77914871861e-05 1.52295130313e-05 1.50871811338e-05 1.40908578514e-05 1.42331897489e-05 1.42331897489e-05 1.45178535439e-05 1.42331897489e-05 1.45178535439e-05 1.45178535439e-05 7.25892677195e-06 5.69327589957e-06 5.83560779705e-06 8.82457764433e-06 1.20982112866e-05 1.42331897489e-05 1.29522026715e-05 9.10924143931e-06 1.3094534569e-05 1.3663862159e-05 1.45178535439e-05 1.3379198364e-05 1.16712155941e-05
-9999 -9999 -9999 -9999 -9999 -9999 -9999 -9999 -9999 -9999 -9999 -9999 -9999 -9999 -9999 -9999 -9999 -9999 -9999 -9999 -9999 -9999 -9999 1.69374958012e-05 1.93571380585e-05 1.9499469956e-05 1.93571380585e-05 1.93571380585e-05 1.85031466736e-05 1.9214806161e-05 1.79338190836e-05 1.67951639037e-05 1.62258363138e-05 1.53718449288e-05 1.57988406213e-05 1.45178535439e-05 1.42331897489e-05 1.43755216464e-05 1.43755216464e-05 1.19558793891e-05 8.82457764433e-06 6.83193107948e-06 1.20982112866e-05 1.09595561067e-05 8.39758195186e-06 1.26675388765e-05 1.3663862159e-05 1.42331897489e-05 1.43755216464e-05 1.3094534569e-05 1.16712155941e-05 8.53991384935e-06
-9999 -9999 -9999 -9999 -9999 -9999 -9999 -9999 -9999 -9999 -9999 -9999 -9999 -9999 -9999 -9999 -9999 -9999 -9999 -9999 -9999 -9999 -9999 1.83608147761e-05 1.75068233912e-05 1.89301423661e-05 2.02111294435e-05 1.9214806161e-05 1.85031466736e-05 2.0068797546e-05 1.86454785711e-05 1.79338190836e-05 1.66528320062e-05 1.75068233912e-05 1.70798276987e-05 1.66528320062e-05 1.52295130313e-05 1.50871811338e-05 1.45178535439e-05 1.50871811338e-05 1.48025173389e-05 1.43755216464e-05 1.3663862159e-05 1.50871811338e-05 1.29522026715e-05 1.45178535439e-05 1.42331897489e-05 1.45178535439e-05 1.26675388765e-05 6.97426297697e-06 4.41228882216e-06 5.83560779705e-06
-9999 -9999 -9999 -9999 -9999 -9999 -9999 -9999 -9999 -9999 -9999 -9999 -9999 -9999 -9999 -9999 -9999 -9999 -9999 -9999 -9999 -9999 -9999 1.79338190836e-05 1.9499469956e-05 2.02111294435e-05 2.06381251359e-05 2.06381251359e-05 2.10651208284e-05 2.02111294435e-05 1.96418018535e-05 1.93571380585e-05 2.02111294435e-05 1.79338190836e-05 1.70798276987e-05 1.57988406213e-05 1.50871811338e-05 1.62258363138e-05 1.50871811338e-05 1.45178535439e-05 1.48025173389e-05 1.45178535439e-05 1.45178535439e-05 1.43755216464e-05 1.42331897489e-05 1.42331897489e-05 1.29522026715e-05 1.2809870774e-05 1.45178535439e-05 1.22405431841e-05 4.83928451463e-06 7.25892677195e-06
-9999 -9999 -9999 -9999 -9999 -9999 -9999 -9999 -9999 -9999 -9999 -9999 -9999 -9999 -9999 -9999 -9999 -9999 -9999 -9999 -9999 -9999 -9999 -9999 1.79338190836e-05 2.02111294435e-05 2.02111294435e-05 1.9784133751e-05 2.12074527259e-05 1.96418018535e-05 2.02111294435e-05 2.06381251359e-05 2.07804570334e-05 1.86454785711e-05 1.80761509811e-05 1.70798276987e-05 1.63681682113e-05 1.62258363138e-05 1.66528320062e-05 1.62258363138e-05 1.42331897489e-05 1.52295130313e-05 1.42331897489e-05 1.42331897489e-05 1.49448492364e-05 1.2809870774e-05 1.15288836966e-05 1.43755216464e-05 1.45178535439e-05 1.52295130313e-05 1.3094534569e-05 8.53991384935e-06
-9999 -9999 -9999 -9999 -9999 -9999 -9999 -9999 -9999 -9999 -9999 -9999 -9999 -9999 -9999 -9999 -9999 -9999 -9999 -9999 -9999 -9999 -9999 -9999 -9999 1.9499469956e-05 2.02111294435e-05 2.06381251359e-05 2.10651208284e-05 2.10651208284e-05 2.06381251359e-05 2.06381251359e-05 2.13497846234e-05 2.02111294435e-05 1.9214806161e-05 1.9499469956e-05 1.9214806161e-05 1.69374958012e-05 1.69374958012e-05 1.70798276987e-05 1.65105001087e-05 1.63681682113e-05 1.63681682113e-05 1.63681682113e-05 1.50871811338e-05 1.42331897489e-05 1.38061940564e-05 1.40908578514e-05 1.52295130313e-05 1.52295130313e-05 1.50871811338e-05 1.29522026715e-05
-9999 -9999 -9999 -9999 -9999 -9999 -9999 -9999 -9999 -9999 -9999 -9999 -9999 -9999 -9999 -9999 -9999 -9999 -9999 -9999 -9999 -9999 -9999 -9999 -9999 1.76491552887e-05 1.89301423661e-05 2.02111294435e-05 2.06381251359e-05 2.06381251359e-05 2.07804570334e-05 2.12074527259e-05 2.13497846234e-05 1.93571380585e-05 2.07804570334e-05 1.9214806161e-05 2.02111294435e-05 2.12074527259e-05 1.9214806161e-05 1.87878104686e-05 1.79338190836e-05 1.73644914937e-05 1.63681682113e-05 1.77914871861e-05 1.66528320062e-05 1.63681682113e-05 1.43755216464e-05 1.42331897489e-05 1.45178535439e-05 1.42331897489e-05 1.3094534569e-05 1.52295130313e-05
-9999 -9999 -9999 -9999 -9999 -9999 -9999 -9999 -9999 -9999 -9999 -9999 -9999 -9999 -9999 -9999 -9999 -9999 -9999 -9999 -9999 -9999 -9999 -9999 -9999 -9999 -9999 2.0068797546e-05 2.02111294435e-05 2.0068797546e-05 2.12074527259e-05 2.12074527259e-05 2.13497846234e-05 2.13497846234e-05 2.16344484183e-05 2.0068797546e-05 2.16344484183e-05 2.12074527259e-05 2.13497846234e-05 1.9784133751e-05 1.90724742635e-05 2.07804570334e-05 1.9499469956e-05 1.9499469956e-05 1.69374958012e-05 1.67951639037e-05 1.53718449288e-05 1.38061940564e-05 1.40908578514e-05 1.35215302615e-05 1.52295130313e-05 1.49448492364e-05
-9999 -9999 -9999 -9999 -9999 -9999 -9999 -9999 -9999 -9999 -9999 -9999 -9999 -9999 -9999 -9999 -9999 -9999 -9999 -9999 -9999 -9999 -9999 -9999 -9999 -9999 -9999 2.02111294435e-05 2.07804570334e-05 2.07804570334e-05 2.07804570334e-05 2.12074527259e-05 2.02111294435e-05 2.12074527259e-05 2.12074527259e-05 2.12074527259e-05 2.12074527259e-05 2.16344484183e-05 2.16344484183e-05 2.16344484183e-05 2.13497846234e-05 2.16344484183e-05 2.12074527259e-05 2.06381251359e-05 1.79338190836e-05 1.93571380585e-05 1.69374958012e-05 1.69374958012e-05 1.52295130313e-05 1.59411725188e-05 1.50871811338e-05 1.2809870774e-05
-9999 -9999 -9999 -9999 -9999 -9999 -9999 -9999 -9999 -9999 -9999 -9999 -9999 -9999 -9999 -9999 -9999 -9999 -9999 -9999 -9999 -9999 -9999 -9999 -9999 -9999 -9999 -9999 -9999 1.89301423661e-05 2.12074527259e-05 2.12074527259e-05 1.93571380585e-05 1.83608147761e-05 2.07804570334e-05 2.13497846234e-05 2.12074527259e-05 2.12074527259e-05 2.16344484183e-05 2.16344484183e-05 2.16344484183e-05 2.12074527259e-05 2.12074527259e-05 2.12074527259e-05 2.16344484183e-05 2.02111294435e-05 1.77914871861e-05 1.65105001087e-05 1.63681682113e-05 1.52295130313e-05 1.45178535439e-05 1.42331897489e-05
