Example/niche_identity/models/ENFA/normalized_grids/coelestinus_1.asc
ncols        743
nrows        319
xllcorner    -74.500956448335
yllcorner    17.448920549066
cellsize     0.008333333333
NODATA_value  -9999
[rows 138 to 160 of 318, columns 255 to 305 of 743]
3.21519225871e-06 3.35498322648e-06 3.07540129094e-06 2.7958193554e-06 3.07540129094e-06 2.65602838763e-06 1.3979096777e-06 1.53770064547e-06 1.67749161324e-06 1.3979096777e-06 1.53770064547e-06 3.21519225871e-06 4.05393806533e-06 6.9895483885e-06 2.65602838763e-06 3.91414709756e-06 3.07540129094e-06 9.78536774391e-07 1.67749161324e-06 1.25811870993e-06 2.51623741986e-06 3.07540129094e-06 1.67749161324e-06 9.78536774391e-07 1.11832774216e-06 1.3979096777e-06 8.3874580662e-07 1.81728258101e-06 1.67749161324e-06 3.35498322648e-06 3.07540129094e-06 3.91414709756e-06 8.24766709843e-06 1.35597238737e-05 1.36995148415e-05 7.26913032404e-06 1.13230683894e-05 1.46780516159e-05 1.60759612936e-05 1.38393058092e-05 1.32801419382e-05 8.52724903397e-06 6.9895483885e-06 3.77435612979e-06 5.17226580749e-06 3.35498322648e-06 3.63456516202e-06 4.1937290331e-06 3.07540129094e-06 3.35498322648e-06 1.81728258101e-06
3.77435612979e-06 3.07540129094e-06 3.07540129094e-06 3.63456516202e-06 2.65602838763e-06 3.07540129094e-06 2.09686451655e-06 1.3979096777e-06 1.11832774216e-06 1.67749161324e-06 1.53770064547e-06 1.81728258101e-06 2.51623741986e-06 2.51623741986e-06 3.07540129094e-06 4.89268387195e-06 2.09686451655e-06 1.3979096777e-06 1.3979096777e-06 1.53770064547e-06 1.25811870993e-06 1.81728258101e-06 1.3979096777e-06 8.3874580662e-07 9.78536774391e-07 9.78536774391e-07 2.7958193554e-07 2.7958193554e-07 2.7958193554e-07 8.3874580662e-07 1.3979096777e-06 9.78536774391e-07 2.23665548432e-06 2.09686451655e-06 3.07540129094e-06 5.45184774303e-06 1.30005600026e-05 1.43984696803e-05 1.60759612936e-05 1.49576335514e-05 1.35597238737e-05 9.08641290505e-06 1.13230683894e-05 8.24766709843e-06 4.33352000087e-06 3.91414709756e-06 3.91414709756e-06 3.07540129094e-06 3.21519225871e-06 2.09686451655e-06 2.51623741986e-06
3.91414709756e-06 2.7958193554e-06 2.51623741986e-06 1.81728258101e-06 1.81728258101e-06 2.09686451655e-06 3.07540129094e-06 2.09686451655e-06 1.3979096777e-06 9.78536774391e-07 1.53770064547e-06 1.95707354878e-06 2.65602838763e-06 3.07540129094e-06 3.63456516202e-06 6.01101161411e-06 4.89268387195e-06 3.07540129094e-06 9.78536774391e-07 8.3874580662e-07 1.53770064547e-06 1.81728258101e-06 2.09686451655e-06 1.3979096777e-06 8.3874580662e-07 2.7958193554e-07 2.7958193554e-07 9.78536774391e-07 5.5916387108e-07 2.7958193554e-07 2.7958193554e-07 5.5916387108e-07 2.7958193554e-07 2.7958193554e-07 2.7958193554e-07 3.07540129094e-06 5.45184774303e-06 1.17424412927e-05 1.45382606481e-05 1.49576335514e-05 1.49576335514e-05 1.35597238737e-05 1.17424412927e-05 1.17424412927e-05 5.5916387108e-06 4.05393806533e-06 3.63456516202e-06 2.51623741986e-06 1.95707354878e-06 1.53770064547e-06 1.3979096777e-06
3.77435612979e-06 3.21519225871e-06 3.07540129094e-06 2.65602838763e-06 2.51623741986e-06 2.09686451655e-06 2.7958193554e-06 1.95707354878e-06 1.67749161324e-06 1.53770064547e-06 1.53770064547e-06 1.3979096777e-06 5.5916387108e-07 9.78536774391e-07 2.51623741986e-06 2.65602838763e-06 2.7958193554e-06 2.65602838763e-06 8.3874580662e-07 2.7958193554e-07 1.95707354878e-06 1.3979096777e-06 9.78536774391e-07 1.3979096777e-06 5.5916387108e-07 1.53770064547e-06 5.5916387108e-07 5.5916387108e-07 5.5916387108e-07 2.7958193554e-07 2.7958193554e-07 2.7958193554e-07 2.7958193554e-07 2.7958193554e-07 2.7958193554e-07 2.7958193554e-07 3.07540129094e-06 4.05393806533e-06 1.2161814196e-05 1.43984696803e-05 1.50974245192e-05 1.2161814196e-05 1.56565883902e-05 1.25811870993e-05 5.17226580749e-06 2.51623741986e-06 3.91414709756e-06 2.09686451655e-06 1.81728258101e-06 1.81728258101e-06 1.95707354878e-06
1.18822322605e-05 4.1937290331e-06 3.63456516202e-06 2.7958193554e-06 3.63456516202e-06 2.09686451655e-06 2.51623741986e-06 1.95707354878e-06 1.53770064547e-06 1.95707354878e-06 1.95707354878e-06 1.95707354878e-06 1.3979096777e-06 1.3979096777e-06 1.95707354878e-06 1.3979096777e-06 5.5916387108e-07 1.95707354878e-06 9.78536774391e-07 5.5916387108e-07 1.53770064547e-06 1.11832774216e-06 8.3874580662e-07 1.53770064547e-06 1.25811870993e-06 1.53770064547e-06 8.3874580662e-07 2.7958193554e-07 2.7958193554e-07 8.3874580662e-07 2.7958193554e-07 2.7958193554e-07 2.7958193554e-07 2.7958193554e-07 2.7958193554e-07 1.3979096777e-07 2.7958193554e-07 2.51623741986e-06 3.07540129094e-06 1.07639045183e-05 9.08641290505e-06 1.24413961315e-05 1.38393058092e-05 6.43038451742e-06 9.78536774391e-07 2.7958193554e-07 2.65602838763e-06 1.95707354878e-06 1.95707354878e-06 2.09686451655e-06 1.3979096777e-06
1.06241135505e-05 6.9895483885e-06 4.89268387195e-06 2.7958193554e-06 3.07540129094e-06 1.95707354878e-06 1.95707354878e-06 2.65602838763e-06 1.3979096777e-06 1.81728258101e-06 1.67749161324e-06 2.09686451655e-06 1.81728258101e-06 2.09686451655e-06 1.53770064547e-06 1.53770064547e-06 1.67749161324e-06 8.3874580662e-07 9.78536774391e-07 5.5916387108e-07 9.78536774391e-07 2.7958193554e-07 9.78536774391e-07 1.3979096777e-06 9.78536774391e-07 2.51623741986e-06 1.3979096777e-06 9.78536774391e-07 2.7958193554e-07 2.7958193554e-07 2.7958193554e-07 1.3979096777e-07 1.3979096777e-07 0.0 2.7958193554e-07 2.7958193554e-07 2.7958193554e-07 5.5916387108e-07 2.51623741986e-06 3.91414709756e-06 4.89268387195e-06 6.01101161411e-06 2.65602838763e-06 1.11832774216e-06 5.5916387108e-07 9.78536774391e-07 8.3874580662e-07 3.07540129094e-06 1.3979096777e-06 1.3979096777e-06 1.95707354878e-06
1.49576335514e-05 7.26913032404e-06 8.80683096951e-06 7.12933935627e-06 4.89268387195e-06 3.07540129094e-06 3.07540129094e-06 2.51623741986e-06 1.95707354878e-06 1.53770064547e-06 1.3979096777e-06 1.53770064547e-06 1.3979096777e-06 2.65602838763e-06 1.3979096777e-06 1.3979096777e-06 1.3979096777e-06 1.3979096777e-06 1.3979096777e-06 5.5916387108e-07 8.3874580662e-07 1.11832774216e-06 9.78536774391e-07 1.95707354878e-06 3.35498322648e-06 2.65602838763e-06 9.78536774391e-07 8.3874580662e-07 8.3874580662e-07 2.7958193554e-07 2.7958193554e-07 2.7958193554e-07 2.7958193554e-07 2.7958193554e-07 2.7958193554e-07 2.7958193554e-07 2.7958193554e-07 2.7958193554e-07 2.7958193554e-07 8.3874580662e-07 2.7958193554e-07 2.7958193554e-07 9.78536774391e-07 8.3874580662e-07 9.78536774391e-07 1.3979096777e-06 2.09686451655e-06 1.53770064547e-06 9.78536774391e-07 9.78536774391e-07 1.81728258101e-06
1.50974245192e-05 1.32801419382e-05 1.25811870993e-05 5.17226580749e-06 5.87122064634e-06 3.91414709756e-06 2.65602838763e-06 2.51623741986e-06 1.53770064547e-06 1.81728258101e-06 1.81728258101e-06 2.09686451655e-06 1.53770064547e-06 1.81728258101e-06 1.53770064547e-06 1.53770064547e-06 1.67749161324e-06 2.09686451655e-06 1.3979096777e-06 1.3979096777e-06 9.78536774391e-07 9.78536774391e-07 2.7958193554e-07 8.3874580662e-07 1.3979096777e-06 2.65602838763e-06 9.78536774391e-07 2.7958193554e-07 2.7958193554e-07 5.5916387108e-07 2.7958193554e-07 2.7958193554e-07 2.7958193554e-07 1.3979096777e-07 2.7958193554e-07 2.7958193554e-07 2.7958193554e-07 8.3874580662e-07 1.81728258101e-06 1.95707354878e-06 9.78536774391e-07 2.7958193554e-07 2.7958193554e-07 1.3979096777e-06 3.35498322648e-06 3.63456516202e-06 2.09686451655e-06 9.78536774391e-07 1.53770064547e-06 9.78536774391e-07 1.95707354878e-06
1.34199329059e-05 1.49576335514e-05 1.43984696803e-05 9.08641290505e-06 6.9895483885e-06 6.84975742073e-06 3.91414709756e-06 2.93561032317e-06 5.31205677526e-06 3.35498322648e-06 2.65602838763e-06 2.51623741986e-06 1.67749161324e-06 2.7958193554e-06 2.93561032317e-06 3.21519225871e-06 2.09686451655e-06 1.95707354878e-06 1.3979096777e-06 1.53770064547e-06 1.67749161324e-06 1.3979096777e-06 2.7958193554e-07 9.78536774391e-07 8.3874580662e-07 2.7958193554e-07 2.7958193554e-07 2.7958193554e-07 2.7958193554e-07 2.7958193554e-07 2.7958193554e-07 2.7958193554e-07 2.7958193554e-07 2.7958193554e-07 8.3874580662e-07 2.7958193554e-07 2.7958193554e-07 9.78536774391e-07 5.45184774303e-06 1.07639045183e-05 1.36995148415e-05 1.53770064547e-06 5.5916387108e-07 8.3874580662e-07 3.21519225871e-06 2.51623741986e-06 1.3979096777e-06 1.53770064547e-06 9.78536774391e-07 9.78536774391e-07 2.09686451655e-06
9.08641290505e-06 9.78536774391e-06 1.49576335514e-05 1.46780516159e-05 6.9895483885e-06 8.94662193728e-06 6.43038451742e-06 5.5916387108e-06 1.07639045183e-05 4.1937290331e-06 5.73142967857e-06 3.21519225871e-06 4.05393806533e-06 3.63456516202e-06 5.45184774303e-06 3.91414709756e-06 3.21519225871e-06 2.51623741986e-06 2.09686451655e-06 1.95707354878e-06 1.67749161324e-06 2.09686451655e-06 1.3979096777e-06 1.67749161324e-06 9.78536774391e-07 5.5916387108e-07 8.3874580662e-07 2.7958193554e-07 2.7958193554e-07 2.7958193554e-07 2.7958193554e-07 2.7958193554e-07 9.78536774391e-07 2.7958193554e-07 2.7958193554e-07 1.3979096777e-07 2.7958193554e-07 8.3874580662e-07 6.57017548519e-06 1.67749161324e-05 1.50974245192e-05 3.91414709756e-06 5.5916387108e-07 8.3874580662e-07 2.7958193554e-06 3.91414709756e-06 1.95707354878e-06 1.3979096777e-06 1.3979096777e-06 2.51623741986e-06 2.7958193554e-06
4.89268387195e-06 6.9895483885e-06 1.38393058092e-05 1.49576335514e-05 1.45382606481e-05 1.31403509704e-05 1.38393058092e-05 1.50974245192e-05 1.46780516159e-05 1.50974245192e-05 1.45382606481e-05 1.32801419382e-05 1.24413961315e-05 3.91414709756e-06 8.52724903397e-06 7.40892129181e-06 5.17226580749e-06 3.77435612979e-06 2.51623741986e-06 1.53770064547e-06 1.3979096777e-06 1.53770064547e-06 1.25811870993e-06 1.3979096777e-06 9.78536774391e-07 8.3874580662e-07 9.78536774391e-07 2.7958193554e-07 2.7958193554e-07 2.7958193554e-07 5.5916387108e-07 2.7958193554e-07 2.7958193554e-07 2.7958193554e-07 2.7958193554e-07 1.3979096777e-07 2.7958193554e-07 2.7958193554e-07 4.05393806533e-06 1.35597238737e-05 1.49576335514e-05 8.94662193728e-06 1.95707354878e-06 1.3979096777e-06 2.23665548432e-06 1.67749161324e-06 1.81728258101e-06 1.67749161324e-06 2.7958193554e-06 3.63456516202e-06 2.09686451655e-06
9.92515871168e-06 1.32801419382e-05 1.59361703258e-05 1.59361703258e-05 1.49576335514e-05 1.49576335514e-05 1.56565883902e-05 1.49576335514e-05 1.66351251646e-05 1.45382606481e-05 1.0344531615e-05 1.32801419382e-05 1.48178425836e-05 1.38393058092e-05 1.46780516159e-05 1.36995148415e-05 1.06241135505e-05 8.94662193728e-06 4.47331096864e-06 2.7958193554e-06 1.3979096777e-06 1.3979096777e-06 1.67749161324e-06 1.67749161324e-06 2.51623741986e-06 8.3874580662e-07 1.53770064547e-06 1.25811870993e-06 9.78536774391e-07 9.78536774391e-07 2.7958193554e-07 2.7958193554e-07 2.7958193554e-07 8.3874580662e-07 2.7958193554e-07 0.0 5.5916387108e-07 2.7958193554e-07 2.09686451655e-06 1.31403509704e-05 1.10434864538e-05 1.49576335514e-05 1.31403509704e-05 9.64557677613e-06 6.84975742073e-06 3.91414709756e-06 2.09686451655e-06 2.51623741986e-06 1.67749161324e-06 2.51623741986e-06 3.63456516202e-06
1.06241135505e-05 1.31403509704e-05 1.49576335514e-05 1.48178425836e-05 1.52372154869e-05 1.49576335514e-05 1.50974245192e-05 1.45382606481e-05 1.50974245192e-05 1.56565883902e-05 1.59361703258e-05 1.49576335514e-05 1.30005600026e-05 1.38393058092e-05 1.45382606481e-05 1.46780516159e-05 1.45382606481e-05 1.30005600026e-05 8.52724903397e-06 3.91414709756e-06 3.07540129094e-06 1.81728258101e-06 1.95707354878e-06 1.25811870993e-06 1.3979096777e-06 1.3979096777e-06 1.53770064547e-06 5.5916387108e-07 1.3979096777e-06 9.78536774391e-07 4.1937290331e-07 5.5916387108e-07 2.7958193554e-07 2.7958193554e-07 8.3874580662e-07 2.7958193554e-07 5.5916387108e-07 2.7958193554e-07 2.7958193554e-07 3.21519225871e-06 1.59361703258e-05 1.09036954861e-05 1.09036954861e-05 1.41188877448e-05 1.46780516159e-05 1.2161814196e-05 7.68850322735e-06 4.89268387195e-06 3.63456516202e-06 2.7958193554e-06 2.65602838763e-06
1.38393058092e-05 1.45382606481e-05 1.60759612936e-05 1.43984696803e-05 1.36995148415e-05 1.41188877448e-05 1.49576335514e-05 1.55167974225e-05 1.50974245192e-05 1.30005600026e-05 1.62157522613e-05 1.50974245192e-05 1.56565883902e-05 1.10434864538e-05 9.64557677613e-06 8.80683096951e-06 1.45382606481e-05 1.52372154869e-05 1.36995148415e-05 1.18822322605e-05 6.9895483885e-06 2.65602838763e-06 2.09686451655e-06 1.3979096777e-06 1.53770064547e-06 1.53770064547e-06 1.67749161324e-06 1.53770064547e-06 9.78536774391e-07 9.78536774391e-07 8.3874580662e-07 9.78536774391e-07 2.7958193554e-07 8.3874580662e-07 4.1937290331e-07 2.7958193554e-07 4.1937290331e-07 9.78536774391e-07 5.5916387108e-07 2.51623741986e-06 1.13230683894e-05 1.55167974225e-05 7.68850322735e-06 9.08641290505e-06 1.56565883902e-05 1.38393058092e-05 1.36995148415e-05 1.23016051638e-05 8.10787613066e-06 3.21519225871e-06 2.09686451655e-06
1.50974245192e-05 1.55167974225e-05 1.43984696803e-05 1.28607690348e-05 8.80683096951e-06 6.70996645296e-06 1.09036954861e-05 1.31403509704e-05 1.56565883902e-05 1.38393058092e-05 1.30005600026e-05 1.52372154869e-05 1.52372154869e-05 1.38393058092e-05 1.28607690348e-05 1.2161814196e-05 1.31403509704e-05 1.43984696803e-05 1.48178425836e-05 1.41188877448e-05 6.70996645296e-06 3.63456516202e-06 2.65602838763e-06 1.53770064547e-06 1.81728258101e-06 2.51623741986e-06 1.3979096777e-06 1.53770064547e-06 8.3874580662e-07 9.78536774391e-07 9.78536774391e-07 2.7958193554e-07 2.7958193554e-07 2.7958193554e-07 8.3874580662e-07 8.3874580662e-07 9.78536774391e-07 8.3874580662e-07 1.3979096777e-06 2.51623741986e-06 3.63456516202e-06 8.10787613066e-06 1.49576335514e-05 1.38393058092e-05 8.52724903397e-06 1.10434864538e-05 1.38393058092e-05 1.67749161324e-05 1.31403509704e-05 3.07540129094e-06 2.65602838763e-06
1.56565883902e-05 1.36995148415e-05 7.26913032404e-06 3.91414709756e-06 5.45184774303e-06 6.01101161411e-06 8.94662193728e-06 1.30005600026e-05 1.55167974225e-05 1.56565883902e-05 1.31403509704e-05 1.48178425836e-05 1.38393058092e-05 1.38393058092e-05 1.67749161324e-05 1.64953341969e-05 1.31403509704e-05 1.13230683894e-05 1.20220232282e-05 6.70996645296e-06 5.45184774303e-06 3.07540129094e-06 2.7958193554e-06 1.53770064547e-06 1.81728258101e-06 1.95707354878e-06 1.81728258101e-06 1.25811870993e-06 1.53770064547e-06 9.78536774391e-07 1.53770064547e-06 2.7958193554e-07 9.78536774391e-07 1.3979096777e-06 1.3979096777e-06 9.78536774391e-07 9.78536774391e-07 1.3979096777e-06 4.1937290331e-07 3.63456516202e-06 3.63456516202e-06 5.5916387108e-06 7.68850322735e-06 1.38393058092e-05 1.56565883902e-05 7.68850322735e-06 8.66704000174e-06 1.34199329059e-05 1.66351251646e-05 6.84975742073e-06 4.05393806533e-06
1.18822322605e-05 1.56565883902e-05 1.25811870993e-05 4.05393806533e-06 7.68850322735e-06 6.43038451742e-06 9.08641290505e-06 1.10434864538e-05 1.38393058092e-05 1.59361703258e-05 1.45382606481e-05 1.49576335514e-05 1.49576335514e-05 1.28607690348e-05 8.66704000174e-06 8.66704000174e-06 9.08641290505e-06 8.52724903397e-06 4.33352000087e-06 5.17226580749e-06 3.91414709756e-06 3.07540129094e-06 3.07540129094e-06 2.7958193554e-06 1.81728258101e-06 2.09686451655e-06 2.51623741986e-06 3.21519225871e-06 1.53770064547e-06 1.53770064547e-06 1.3979096777e-06 5.5916387108e-07 9.78536774391e-07 2.09686451655e-06 2.51623741986e-06 1.3979096777e-06 1.3979096777e-06 1.25811870993e-06 1.3979096777e-06 2.51623741986e-06 4.47331096864e-06 6.01101161411e-06 6.01101161411e-06 1.23016051638e-05 1.23016051638e-05 1.50974245192e-05 1.38393058092e-05 9.22620387282e-06 1.60759612936e-05 1.49576335514e-05 4.33352000087e-06
1.49576335514e-05 1.50974245192e-05 1.60759612936e-05 1.38393058092e-05 8.80683096951e-06 9.08641290505e-06 5.73142967857e-06 7.68850322735e-06 1.48178425836e-05 1.56565883902e-05 1.41188877448e-05 1.31403509704e-05 1.49576335514e-05 1.38393058092e-05 1.06241135505e-05 9.78536774391e-06 6.43038451742e-06 5.5916387108e-06 5.17226580749e-06 3.77435612979e-06 3.91414709756e-06 4.05393806533e-06 3.77435612979e-06 3.35498322648e-06 2.7958193554e-06 2.09686451655e-06 3.07540129094e-06 1.95707354878e-06 2.51623741986e-06 1.3979096777e-06 1.3979096777e-06 1.81728258101e-06 1.3979096777e-06 1.3979096777e-06 1.3979096777e-06 1.67749161324e-06 1.3979096777e-06 9.78536774391e-07 1.3979096777e-06 2.51623741986e-06 2.09686451655e-06 4.33352000087e-06 2.09686451655e-06 1.28607690348e-05 7.68850322735e-06 1.23016051638e-05 1.70544980679e-05 1.59361703258e-05 1.32801419382e-05 1.2161814196e-05 5.45184774303e-06
1.36995148415e-05 1.60759612936e-05 1.63555432291e-05 1.59361703258e-05 1.31403509704e-05 9.08641290505e-06 6.70996645296e-06 4.89268387195e-06 1.13230683894e-05 1.49576335514e-05 1.49576335514e-05 1.45382606481e-05 1.48178425836e-05 1.11832774216e-05 1.14628593571e-05 1.02047406472e-05 8.52724903397e-06 5.73142967857e-06 6.84975742073e-06 5.45184774303e-06 4.47331096864e-06 3.91414709756e-06 3.63456516202e-06 3.07540129094e-06 3.07540129094e-06 3.35498322648e-06 2.65602838763e-06 1.95707354878e-06 2.65602838763e-06 2.09686451655e-06 2.7958193554e-06 1.81728258101e-06 9.78536774391e-07 2.09686451655e-06 1.3979096777e-06 2.65602838763e-06 1.53770064547e-06 2.7958193554e-06 2.51623741986e-06 3.07540129094e-06 2.51623741986e-06 2.09686451655e-06 2.37644645209e-06 3.77435612979e-06 3.91414709756e-06 5.45184774303e-06 9.92515871168e-06 1.63555432291e-05 1.10434864538e-05 6.70996645296e-06 4.33352000087e-06
1.41188877448e-05 1.49576335514e-05 1.56565883902e-05 1.38393058092e-05 1.62157522613e-05 1.49576335514e-05 5.87122064634e-06 6.43038451742e-06 9.08641290505e-06 1.38393058092e-05 1.48178425836e-05 1.50974245192e-05 1.36995148415e-05 1.09036954861e-05 1.30005600026e-05 8.94662193728e-06 9.36599484059e-06 7.26913032404e-06 6.57017548519e-06 7.12933935627e-06 5.31205677526e-06 5.45184774303e-06 5.45184774303e-06 3.77435612979e-06 3.77435612979e-06 3.63456516202e-06 3.91414709756e-06 3.35498322648e-06 2.65602838763e-06 2.65602838763e-06 3.35498322648e-06 2.09686451655e-06 1.81728258101e-06 2.51623741986e-06 2.65602838763e-06 2.65602838763e-06 2.51623741986e-06 2.51623741986e-06 2.51623741986e-06 1.53770064547e-06 2.65602838763e-06 2.7958193554e-06 3.35498322648e-06 3.63456516202e-06 3.21519225871e-06 3.91414709756e-06 3.91414709756e-06 6.43038451742e-06 6.43038451742e-06 4.33352000087e-06 7.40892129181e-06
1.30005600026e-05 1.56565883902e-05 1.45382606481e-05 1.64953341969e-05 1.49576335514e-05 1.49576335514e-05 1.49576335514e-05 1.50974245192e-05 1.62157522613e-05 1.49576335514e-05 1.66351251646e-05 1.49576335514e-05 1.38393058092e-05 1.38393058092e-05 1.23016051638e-05 1.31403509704e-05 1.24413961315e-05 9.64557677613e-06 7.68850322735e-06 6.9895483885e-06 5.45184774303e-06 4.33352000087e-06 3.77435612979e-06 3.63456516202e-06 4.1937290331e-06 3.91414709756e-06 3.35498322648e-06 3.63456516202e-06 3.77435612979e-06 2.65602838763e-06 2.65602838763e-06 1.81728258101e-06 3.35498322648e-06 2.65602838763e-06 3.35498322648e-06 3.21519225871e-06 3.07540129094e-06 3.07540129094e-06 2.65602838763e-06 2.51623741986e-06 3.77435612979e-06 3.77435612979e-06 3.35498322648e-06 3.77435612979e-06 4.33352000087e-06 4.05393806533e-06 5.45184774303e-06 4.89268387195e-06 6.01101161411e-06 1.2161814196e-05 1.24413961315e-05
1.62157522613e-05 1.50974245192e-05 1.60759612936e-05 1.62157522613e-05 1.41188877448e-05 1.07639045183e-05 9.64557677613e-06 1.0344531615e-05 1.43984696803e-05 1.50974245192e-05 1.64953341969e-05 1.56565883902e-05 1.62157522613e-05 1.49576335514e-05 1.3979096777e-05 1.3979096777e-05 1.38393058092e-05 1.23016051638e-05 6.43038451742e-06 8.24766709843e-06 4.89268387195e-06 4.61310193641e-06 5.17226580749e-06 5.5916387108e-06 4.89268387195e-06 5.5916387108e-06 4.33352000087e-06 3.21519225871e-06 3.77435612979e-06 3.91414709756e-06 3.63456516202e-06 2.7958193554e-06 3.91414709756e-06 3.77435612979e-06 2.65602838763e-06 3.63456516202e-06 3.91414709756e-06 4.33352000087e-06 3.91414709756e-06 3.91414709756e-06 4.33352000087e-06 4.1937290331e-06 4.47331096864e-06 4.61310193641e-06 4.47331096864e-06 6.43038451742e-06 6.43038451742e-06 5.87122064634e-06 4.89268387195e-06 6.43038451742e-06 1.31403509704e-05
1.59361703258e-05 1.50974245192e-05 1.43984696803e-05 1.45382606481e-05 1.38393058092e-05 9.22620387282e-06 8.10787613066e-06 1.36995148415e-05 1.10434864538e-05 1.50974245192e-05 1.38393058092e-05 1.52372154869e-05 1.59361703258e-05 1.50974245192e-05 1.59361703258e-05 1.49576335514e-05 1.55167974225e-05 1.34199329059e-05 1.13230683894e-05 9.08641290505e-06 9.92515871168e-06 1.07639045183e-05 6.01101161411e-06 6.43038451742e-06 7.26913032404e-06 6.43038451742e-06 4.05393806533e-06 6.70996645296e-06 5.87122064634e-06 5.45184774303e-06 3.77435612979e-06 3.91414709756e-06 4.05393806533e-06 4.05393806533e-06 3.91414709756e-06 3.07540129094e-06 3.91414709756e-06 5.17226580749e-06 4.61310193641e-06 3.91414709756e-06 4.47331096864e-06 5.45184774303e-06 6.43038451742e-06 5.87122064634e-06 8.80683096951e-06 8.80683096951e-06 8.94662193728e-06 1.23016051638e-05 7.12933935627e-06 7.68850322735e-06 9.78536774391e-06
