Example/niche_identity/models/ENFA/normalized_grids/coelestinus_0.asc
ncols        743
nrows        319
xllcorner    -74.500956448335
yllcorner    17.448920549066
cellsize     0.008333333333
NODATA_value  -9999
[rows 92 to 114 of 318, columns 208 to 259 of 743]
-9999 8.53991384935e-06 9.53623713177e-06 9.67856902926e-06 9.39390523428e-06 9.53623713177e-06 1.02478966192e-05 1.03902285167e-05 1.03902285167e-05 1.03902285167e-05 1.02478966192e-05 9.82090092675e-06 1.06748923117e-05 1.06748923117e-05 1.08172242092e-05 8.53991384935e-06 8.96690954182e-06 8.82457764433e-06 9.10924143931e-06 1.13865517991e-05 1.09595561067e-05 1.16712155941e-05 1.12442199016e-05 1.35215302615e-05 1.26675388765e-05 1.40908578514e-05 1.52295130313e-05 1.38061940564e-05 1.42331897489e-05 3.27363364225e-06 6.83193107948e-06 7.40125866944e-06 7.40125866944e-06 7.25892677195e-06 5.2662802071e-06 6.83193107948e-06 6.5472672845e-06 6.83193107948e-06 7.40125866944e-06 8.82457764433e-06 8.53991384935e-06 1.22405431841e-05 8.39758195186e-06 8.82457764433e-06 7.25892677195e-06 1.05325604142e-05 1.11018880042e-05 1.22405431841e-05 1.49448492364e-05 1.06748923117e-05 1.52295130313e-05 1.65105001087e-05
-9999 8.53991384935e-06 9.39390523428e-06 9.53623713177e-06 9.10924143931e-06 9.10924143931e-06 9.82090092675e-06 1.03902285167e-05 1.03902285167e-05 1.03902285167e-05 1.05325604142e-05 1.03902285167e-05 1.02478966192e-05 1.03902285167e-05 1.06748923117e-05 9.10924143931e-06 8.25525005437e-06 9.39390523428e-06 8.53991384935e-06 1.06748923117e-05 1.03902285167e-05 1.02478966192e-05 1.20982112866e-05 1.42331897489e-05 1.50871811338e-05 1.42331897489e-05 7.11659487446e-06 7.8282543619e-06 1.02478966192e-05 1.16712155941e-05 6.5472672845e-06 8.82457764433e-06 1.35215302615e-05 1.05325604142e-05 6.68959918199e-06 6.5472672845e-06 7.40125866944e-06 7.25892677195e-06 7.25892677195e-06 5.83560779705e-06 6.5472672845e-06 6.97426297697e-06 8.53991384935e-06 7.40125866944e-06 7.25892677195e-06 1.12442199016e-05 1.11018880042e-05 1.20982112866e-05 1.63681682113e-05 1.16712155941e-05 1.35215302615e-05 1.15288836966e-05
-9999 -9999 -9999 -9999 -9999 1.03902285167e-05 1.03902285167e-05 1.03902285167e-05 1.03902285167e-05 1.05325604142e-05 1.05325604142e-05 1.02478966192e-05 1.03902285167e-05 1.03902285167e-05 1.02478966192e-05 8.96690954182e-06 8.53991384935e-06 8.39758195186e-06 8.82457764433e-06 1.06748923117e-05 1.11018880042e-05 1.12442199016e-05 1.12442199016e-05 1.3094534569e-05 1.13865517991e-05 6.40493538701e-06 5.55094400208e-06 7.25892677195e-06 1.03902285167e-05 1.06748923117e-05 1.15288836966e-05 6.5472672845e-06 8.53991384935e-06 4.83928451463e-06 5.97793969454e-06 1.06748923117e-05 5.55094400208e-06 8.25525005437e-06 7.25892677195e-06 6.83193107948e-06 7.40125866944e-06 6.83193107948e-06 8.53991384935e-06 9.67856902926e-06 7.40125866944e-06 1.06748923117e-05 1.38061940564e-05 1.13865517991e-05 1.63681682113e-05 1.22405431841e-05 1.15288836966e-05 1.2809870774e-05
-9999 -9999 -9999 1.03902285167e-05 1.03902285167e-05 1.03902285167e-05 1.03902285167e-05 1.05325604142e-05 1.03902285167e-05 1.05325604142e-05 1.02478966192e-05 1.06748923117e-05 1.06748923117e-05 1.09595561067e-05 1.02478966192e-05 9.67856902926e-06 9.39390523428e-06 7.97058625939e-06 8.96690954182e-06 1.11018880042e-05 1.13865517991e-05 1.09595561067e-05 1.12442199016e-05 8.82457764433e-06 1.3094534569e-05 1.3094534569e-05 5.97793969454e-06 4.83928451463e-06 8.39758195186e-06 1.20982112866e-05 7.25892677195e-06 5.69327589957e-06 8.53991384935e-06 5.83560779705e-06 6.5472672845e-06 6.83193107948e-06 5.2662802071e-06 5.83560779705e-06 6.97426297697e-06 7.97058625939e-06 8.25525005437e-06 6.83193107948e-06 6.12027159203e-06 8.53991384935e-06 8.53991384935e-06 9.82090092675e-06 8.25525005437e-06 7.97058625939e-06 1.16712155941e-05 1.18135474916e-05 1.53718449288e-05 1.13865517991e-05
-9999 -9999 -9999 -9999 -9999 -9999 1.05325604142e-05 1.05325604142e-05 1.03902285167e-05 1.05325604142e-05 1.06748923117e-05 1.06748923117e-05 1.05325604142e-05 1.09595561067e-05 1.09595561067e-05 1.12442199016e-05 1.06748923117e-05 1.05325604142e-05 9.67856902926e-06 1.13865517991e-05 1.06748923117e-05 1.02478966192e-05 9.39390523428e-06 9.82090092675e-06 1.15288836966e-05 1.13865517991e-05 5.83560779705e-06 5.83560779705e-06 5.55094400208e-06 6.83193107948e-06 1.16712155941e-05 7.40125866944e-06 7.25892677195e-06 9.39390523428e-06 6.5472672845e-06 6.5472672845e-06 7.25892677195e-06 5.83560779705e-06 9.82090092675e-06 8.11291815688e-06 1.06748923117e-05 7.68592246441e-06 6.5472672845e-06 5.83560779705e-06 8.53991384935e-06 1.15288836966e-05 1.26675388765e-05 1.32368664665e-05 1.06748923117e-05 1.38061940564e-05 1.45178535439e-05 1.39485259539e-05
-9999 -9999 -9999 -9999 -9999 -9999 1.03902285167e-05 1.03902285167e-05 1.02478966192e-05 1.03902285167e-05 1.03902285167e-05 1.06748923117e-05 1.06748923117e-05 1.11018880042e-05 1.09595561067e-05 1.06748923117e-05 1.12442199016e-05 1.13865517991e-05 8.82457764433e-06 8.11291815688e-06 1.13865517991e-05 1.06748923117e-05 1.13865517991e-05 1.15288836966e-05 1.15288836966e-05 1.3094534569e-05 1.2809870774e-05 6.83193107948e-06 7.25892677195e-06 8.53991384935e-06 1.12442199016e-05 1.2809870774e-05 1.22405431841e-05 1.42331897489e-05 1.2809870774e-05 1.13865517991e-05 6.5472672845e-06 5.2662802071e-06 6.97426297697e-06 7.25892677195e-06 8.82457764433e-06 1.15288836966e-05 7.25892677195e-06 8.53991384935e-06 9.82090092675e-06 8.53991384935e-06 1.2809870774e-05 1.3094534569e-05 1.22405431841e-05 1.2525206979e-05 1.2809870774e-05 1.2809870774e-05
-9999 -9999 -9999 1.06748923117e-05 -9999 -9999 1.05325604142e-05 1.05325604142e-05 1.06748923117e-05 1.05325604142e-05 1.06748923117e-05 1.06748923117e-05 1.06748923117e-05 1.05325604142e-05 9.10924143931e-06 8.53991384935e-06 1.11018880042e-05 9.53623713177e-06 1.03902285167e-05 1.11018880042e-05 1.08172242092e-05 1.12442199016e-05 1.12442199016e-05 1.12442199016e-05 1.09595561067e-05 1.20982112866e-05 8.53991384935e-06 6.5472672845e-06 6.83193107948e-06 4.41228882216e-06 4.83928451463e-06 1.2809870774e-05 1.03902285167e-05 1.02478966192e-05 9.82090092675e-06 1.12442199016e-05 1.2809870774e-05 9.82090092675e-06 5.2662802071e-06 8.53991384935e-06 1.08172242092e-05 1.13865517991e-05 1.13865517991e-05 7.25892677195e-06 7.97058625939e-06 8.53991384935e-06 8.82457764433e-06 1.05325604142e-05 1.09595561067e-05 1.12442199016e-05 1.35215302615e-05 1.52295130313e-05
9.82090092675e-06 9.82090092675e-06 9.82090092675e-06 9.82090092675e-06 1.02478966192e-05 1.06748923117e-05 1.06748923117e-05 1.06748923117e-05 1.06748923117e-05 1.06748923117e-05 1.08172242092e-05 1.09595561067e-05 1.09595561067e-05 8.53991384935e-06 9.82090092675e-06 9.39390523428e-06 1.03902285167e-05 9.82090092675e-06 9.82090092675e-06 9.82090092675e-06 1.02478966192e-05 9.39390523428e-06 1.03902285167e-05 1.06748923117e-05 1.09595561067e-05 1.06748923117e-05 1.11018880042e-05 8.53991384935e-06 6.83193107948e-06 6.5472672845e-06 5.83560779705e-06 6.83193107948e-06 1.32368664665e-05 1.12442199016e-05 7.25892677195e-06 1.03902285167e-05 7.25892677195e-06 7.68592246441e-06 7.25892677195e-06 6.83193107948e-06 1.16712155941e-05 1.01055647217e-05 9.67856902926e-06 1.13865517991e-05 8.39758195186e-06 9.53623713177e-06 1.03902285167e-05 1.03902285167e-05 1.11018880042e-05 1.56565087238e-05 1.57988406213e-05 1.3663862159e-05
9.53623713177e-06 9.53623713177e-06 9.53623713177e-06 9.53623713177e-06 9.10924143931e-06 9.53623713177e-06 1.03902285167e-05 1.06748923117e-05 1.06748923117e-05 1.06748923117e-05 1.08172242092e-05 1.09595561067e-05 1.03902285167e-05 9.53623713177e-06 7.68592246441e-06 8.39758195186e-06 7.97058625939e-06 8.53991384935e-06 7.97058625939e-06 8.96690954182e-06 1.09595561067e-05 8.96690954182e-06 1.06748923117e-05 8.39758195186e-06 7.54359056692e-06 7.25892677195e-06 9.10924143931e-06 9.82090092675e-06 1.16712155941e-05 1.09595561067e-05 1.20982112866e-05 1.2809870774e-05 9.25157333679e-06 1.2809870774e-05 1.12442199016e-05 1.11018880042e-05 1.06748923117e-05 1.3094534569e-05 7.25892677195e-06 8.53991384935e-06 5.83560779705e-06 1.05325604142e-05 9.39390523428e-06 8.53991384935e-06 7.40125866944e-06 7.25892677195e-06 7.8282543619e-06 1.11018880042e-05 1.22405431841e-05 9.39390523428e-06 1.45178535439e-05 1.12442199016e-05
1.06748923117e-05 1.05325604142e-05 1.05325604142e-05 1.03902285167e-05 1.05325604142e-05 1.06748923117e-05 1.08172242092e-05 1.08172242092e-05 1.08172242092e-05 1.06748923117e-05 1.03902285167e-05 1.03902285167e-05 1.03902285167e-05 1.06748923117e-05 8.96690954182e-06 7.25892677195e-06 7.8282543619e-06 8.53991384935e-06 8.25525005437e-06 1.06748923117e-05 1.06748923117e-05 1.13865517991e-05 8.53991384935e-06 8.53991384935e-06 7.25892677195e-06 8.39758195186e-06 8.96690954182e-06 8.96690954182e-06 1.09595561067e-05 1.05325604142e-05 7.25892677195e-06 1.13865517991e-05 9.39390523428e-06 8.39758195186e-06 1.26675388765e-05 1.2809870774e-05 1.42331897489e-05 7.25892677195e-06 7.25892677195e-06 7.25892677195e-06 8.53991384935e-06 8.11291815688e-06 1.11018880042e-05 7.8282543619e-06 1.13865517991e-05 7.25892677195e-06 1.09595561067e-05 7.97058625939e-06 1.45178535439e-05 1.06748923117e-05 1.3094534569e-05 1.15288836966e-05
1.06748923117e-05 1.06748923117e-05 1.06748923117e-05 1.05325604142e-05 1.06748923117e-05 1.06748923117e-05 1.08172242092e-05 1.09595561067e-05 1.06748923117e-05 1.08172242092e-05 1.06748923117e-05 1.11018880042e-05 1.11018880042e-05 1.12442199016e-05 1.06748923117e-05 8.53991384935e-06 8.53991384935e-06 8.96690954182e-06 1.06748923117e-05 1.06748923117e-05 1.08172242092e-05 9.82090092675e-06 9.10924143931e-06 8.82457764433e-06 9.10924143931e-06 7.8282543619e-06 1.15288836966e-05 1.15288836966e-05 9.96323282424e-06 7.25892677195e-06 7.97058625939e-06 8.53991384935e-06 8.53991384935e-06 7.97058625939e-06 7.25892677195e-06 1.03902285167e-05 6.83193107948e-06 7.40125866944e-06 6.5472672845e-06 6.68959918199e-06 7.25892677195e-06 7.11659487446e-06 7.40125866944e-06 1.3094534569e-05 7.97058625939e-06 1.3094534569e-05 7.25892677195e-06 8.53991384935e-06 1.22405431841e-05 1.13865517991e-05 1.2809870774e-05 8.39758195186e-06
1.06748923117e-05 1.05325604142e-05 1.06748923117e-05 1.06748923117e-05 1.06748923117e-05 1.06748923117e-05 1.09595561067e-05 1.09595561067e-05 1.08172242092e-05 1.11018880042e-05 1.06748923117e-05 1.06748923117e-05 1.03902285167e-05 1.06748923117e-05 1.06748923117e-05 1.06748923117e-05 8.53991384935e-06 9.39390523428e-06 1.03902285167e-05 8.82457764433e-06 8.82457764433e-06 8.82457764433e-06 1.05325604142e-05 7.40125866944e-06 9.10924143931e-06 9.10924143931e-06 1.09595561067e-05 9.25157333679e-06 9.82090092675e-06 7.8282543619e-06 7.8282543619e-06 9.10924143931e-06 1.06748923117e-05 9.53623713177e-06 8.53991384935e-06 1.09595561067e-05 6.97426297697e-06 9.39390523428e-06 1.02478966192e-05 6.97426297697e-06 7.25892677195e-06 6.97426297697e-06 6.5472672845e-06 1.13865517991e-05 7.68592246441e-06 1.20982112866e-05 1.42331897489e-05 7.68592246441e-06 1.13865517991e-05 1.13865517991e-05 1.20982112866e-05 7.40125866944e-06
-9999 1.09595561067e-05 1.06748923117e-05 1.08172242092e-05 1.06748923117e-05 1.09595561067e-05 1.11018880042e-05 1.09595561067e-05 1.11018880042e-05 1.11018880042e-05 1.09595561067e-05 1.09595561067e-05 1.11018880042e-05 1.05325604142e-05 1.06748923117e-05 1.03902285167e-05 8.39758195186e-06 8.53991384935e-06 1.06748923117e-05 9.39390523428e-06 1.13865517991e-05 1.19558793891e-05 1.19558793891e-05 1.12442199016e-05 9.39390523428e-06 7.97058625939e-06 8.11291815688e-06 8.53991384935e-06 1.13865517991e-05 9.10924143931e-06 1.05325604142e-05 1.03902285167e-05 9.53623713177e-06 9.10924143931e-06 7.25892677195e-06 7.97058625939e-06 1.16712155941e-05 8.53991384935e-06 9.82090092675e-06 7.25892677195e-06 8.82457764433e-06 8.11291815688e-06 9.82090092675e-06 1.11018880042e-05 1.12442199016e-05 1.2809870774e-05 8.39758195186e-06 1.06748923117e-05 1.03902285167e-05 1.02478966192e-05 1.49448492364e-05 1.22405431841e-05
1.06748923117e-05 1.09595561067e-05 1.09595561067e-05 1.08172242092e-05 1.08172242092e-05 1.06748923117e-05 1.06748923117e-05 1.09595561067e-05 1.12442199016e-05 1.06748923117e-05 1.06748923117e-05 1.11018880042e-05 1.08172242092e-05 1.13865517991e-05 1.11018880042e-05 1.12442199016e-05 9.10924143931e-06 9.39390523428e-06 9.10924143931e-06 1.03902285167e-05 1.12442199016e-05 1.16712155941e-05 1.06748923117e-05 1.09595561067e-05 8.53991384935e-06 8.11291815688e-06 8.53991384935e-06 1.06748923117e-05 9.25157333679e-06 9.39390523428e-06 8.53991384935e-06 1.03902285167e-05 1.13865517991e-05 1.05325604142e-05 7.25892677195e-06 7.25892677195e-06 6.83193107948e-06 1.03902285167e-05 9.39390523428e-06 1.3094534569e-05 1.13865517991e-05 1.20982112866e-05 1.35215302615e-05 1.22405431841e-05 1.06748923117e-05 1.66528320062e-05 1.50871811338e-05 1.19558793891e-05 1.3663862159e-05 1.2809870774e-05 1.19558793891e-05 1.42331897489e-05
1.05325604142e-05 1.06748923117e-05 1.06748923117e-05 1.08172242092e-05 1.11018880042e-05 1.08172242092e-05 1.09595561067e-05 1.08172242092e-05 1.06748923117e-05 1.09595561067e-05 1.08172242092e-05 1.13865517991e-05 1.11018880042e-05 1.05325604142e-05 1.02478966192e-05 1.06748923117e-05 1.11018880042e-05 8.82457764433e-06 1.12442199016e-05 1.12442199016e-05 1.16712155941e-05 1.12442199016e-05 1.09595561067e-05 1.06748923117e-05 9.39390523428e-06 8.39758195186e-06 8.25525005437e-06 9.39390523428e-06 1.06748923117e-05 1.06748923117e-05 8.53991384935e-06 7.25892677195e-06 7.25892677195e-06 6.5472672845e-06 6.5472672845e-06 5.83560779705e-06 8.82457764433e-06 6.12027159203e-06 7.40125866944e-06 1.16712155941e-05 1.19558793891e-05 7.54359056692e-06 7.8282543619e-06 1.16712155941e-05 1.13865517991e-05 9.39390523428e-06 1.20982112866e-05 1.80761509811e-05 1.53718449288e-05 1.52295130313e-05 1.2809870774e-05 1.43755216464e-05
1.02478966192e-05 1.06748923117e-05 1.06748923117e-05 1.09595561067e-05 1.11018880042e-05 1.11018880042e-05 1.09595561067e-05 1.11018880042e-05 1.11018880042e-05 1.11018880042e-05 1.03902285167e-05 1.13865517991e-05 9.39390523428e-06 9.82090092675e-06 1.02478966192e-05 1.06748923117e-05 1.13865517991e-05 1.13865517991e-05 1.13865517991e-05 1.12442199016e-05 1.13865517991e-05 1.13865517991e-05 1.03902285167e-05 1.06748923117e-05 1.03902285167e-05 9.82090092675e-06 1.05325604142e-05 8.96690954182e-06 8.53991384935e-06 8.53991384935e-06 7.25892677195e-06 6.83193107948e-06 6.5472672845e-06 6.68959918199e-06 7.25892677195e-06 6.12027159203e-06 7.25892677195e-06 5.2662802071e-06 1.06748923117e-05 8.53991384935e-06 1.03902285167e-05 7.97058625939e-06 1.16712155941e-05 8.53991384935e-06 7.54359056692e-06 7.25892677195e-06 7.97058625939e-06 1.12442199016e-05 1.38061940564e-05 1.52295130313e-05 1.43755216464e-05 1.57988406213e-05
1.06748923117e-05 1.06748923117e-05 1.06748923117e-05 1.08172242092e-05 1.11018880042e-05 1.12442199016e-05 1.12442199016e-05 1.13865517991e-05 1.12442199016e-05 1.09595561067e-05 1.06748923117e-05 1.08172242092e-05 1.06748923117e-05 9.53623713177e-06 1.08172242092e-05 1.20982112866e-05 1.20982112866e-05 1.20982112866e-05 1.15288836966e-05 1.15288836966e-05 1.19558793891e-05 1.12442199016e-05 9.82090092675e-06 1.02478966192e-05 9.39390523428e-06 9.10924143931e-06 9.39390523428e-06 8.53991384935e-06 7.40125866944e-06 7.25892677195e-06 5.83560779705e-06 6.5472672845e-06 7.25892677195e-06 7.25892677195e-06 7.25892677195e-06 6.83193107948e-06 6.5472672845e-06 6.83193107948e-06 7.25892677195e-06 7.25892677195e-06 1.18135474916e-05 1.16712155941e-05 1.06748923117e-05 1.42331897489e-05 1.35215302615e-05 1.2525206979e-05 7.97058625939e-06 1.12442199016e-05 1.45178535439e-05 1.2809870774e-05 1.63681682113e-05 1.45178535439e-05
1.09595561067e-05 1.12442199016e-05 1.11018880042e-05 1.09595561067e-05 1.11018880042e-05 1.11018880042e-05 1.13865517991e-05 1.13865517991e-05 1.13865517991e-05 1.11018880042e-05 1.13865517991e-05 1.09595561067e-05 1.09595561067e-05 1.08172242092e-05 1.12442199016e-05 1.20982112866e-05 1.2809870774e-05 1.09595561067e-05 1.20982112866e-05 1.05325604142e-05 1.06748923117e-05 1.06748923117e-05 7.97058625939e-06 1.08172242092e-05 1.06748923117e-05 1.03902285167e-05 7.68592246441e-06 7.25892677195e-06 6.83193107948e-06 6.5472672845e-06 6.12027159203e-06 7.25892677195e-06 7.25892677195e-06 8.82457764433e-06 6.68959918199e-06 6.5472672845e-06 5.83560779705e-06 1.03902285167e-05 6.83193107948e-06 6.83193107948e-06 1.06748923117e-05 1.22405431841e-05 1.26675388765e-05 1.35215302615e-05 1.42331897489e-05 1.16712155941e-05 1.3094534569e-05 6.97426297697e-06 8.82457764433e-06 1.45178535439e-05 1.42331897489e-05 1.45178535439e-05
1.20982112866e-05 1.22405431841e-05 1.19558793891e-05 1.13865517991e-05 1.12442199016e-05 1.12442199016e-05 1.09595561067e-05 1.13865517991e-05 1.13865517991e-05 1.15288836966e-05 1.16712155941e-05 1.16712155941e-05 1.12442199016e-05 1.13865517991e-05 1.22405431841e-05 1.20982112866e-05 1.2809870774e-05 1.13865517991e-05 1.06748923117e-05 1.06748923117e-05 1.06748923117e-05 1.11018880042e-05 9.53623713177e-06 1.06748923117e-05 9.25157333679e-06 7.25892677195e-06 6.83193107948e-06 6.83193107948e-06 7.25892677195e-06 7.40125866944e-06 7.25892677195e-06 7.25892677195e-06 6.83193107948e-06 6.97426297697e-06 7.25892677195e-06 7.25892677195e-06 7.25892677195e-06 8.11291815688e-06 6.83193107948e-06 6.83193107948e-06 6.5472672845e-06 6.83193107948e-06 1.20982112866e-05 1.02478966192e-05 1.52295130313e-05 1.2525206979e-05 1.20982112866e-05 1.3094534569e-05 1.3094534569e-05 1.32368664665e-05 1.52295130313e-05 1.63681682113e-05
1.16712155941e-05 1.2809870774e-05 1.20982112866e-05 1.29522026715e-05 1.2809870774e-05 1.22405431841e-05 1.20982112866e-05 1.15288836966e-05 1.13865517991e-05 1.19558793891e-05 1.16712155941e-05 1.22405431841e-05 1.09595561067e-05 1.22405431841e-05 1.2525206979e-05 1.26675388765e-05 1.15288836966e-05 1.22405431841e-05 1.12442199016e-05 1.02478966192e-05 1.13865517991e-05 1.12442199016e-05 1.06748923117e-05 8.25525005437e-06 7.25892677195e-06 6.5472672845e-06 6.5472672845e-06 6.83193107948e-06 7.25892677195e-06 7.25892677195e-06 8.25525005437e-06 7.68592246441e-06 6.5472672845e-06 5.55094400208e-06 7.11659487446e-06 7.25892677195e-06 7.25892677195e-06 5.2662802071e-06 5.97793969454e-06 5.2662802071e-06 6.5472672845e-06 8.53991384935e-06 1.08172242092e-05 1.06748923117e-05 1.19558793891e-05 1.57988406213e-05 1.20982112866e-05 1.09595561067e-05 1.20982112866e-05 1.2809870774e-05 1.2809870774e-05 1.45178535439e-05
1.15288836966e-05 1.2809870774e-05 9.10924143931e-06 1.22405431841e-05 1.20982112866e-05 1.2809870774e-05 1.26675388765e-05 1.2525206979e-05 1.22405431841e-05 1.20982112866e-05 1.13865517991e-05 1.2525206979e-05 1.20982112866e-05 1.15288836966e-05 1.19558793891e-05 1.20982112866e-05 1.22405431841e-05 9.53623713177e-06 1.20982112866e-05 1.12442199016e-05 1.16712155941e-05 9.25157333679e-06 9.25157333679e-06 7.25892677195e-06 7.11659487446e-06 6.68959918199e-06 7.25892677195e-06 7.25892677195e-06 7.25892677195e-06 9.10924143931e-06 7.8282543619e-06 7.25892677195e-06 6.5472672845e-06 7.97058625939e-06 7.25892677195e-06 7.11659487446e-06 6.83193107948e-06 7.40125866944e-06 7.40125866944e-06 5.97793969454e-06 5.83560779705e-06 4.83928451463e-06 8.53991384935e-06 1.13865517991e-05 1.3663862159e-05 1.3094534569e-05 1.26675388765e-05 1.13865517991e-05 9.53623713177e-06 1.08172242092e-05 1.50871811338e-05 1.49448492364e-05
-9999 1.16712155941e-05 1.2809870774e-05 1.06748923117e-05 1.16712155941e-05 1.13865517991e-05 1.19558793891e-05 1.3094534569e-05 1.2809870774e-05 1.3094534569e-05 1.2809870774e-05 1.2809870774e-05 1.29522026715e-05 1.20982112866e-05 1.13865517991e-05 1.22405431841e-05 1.13865517991e-05 1.13865517991e-05 1.12442199016e-05 1.06748923117e-05 1.02478966192e-05 8.39758195186e-06 7.25892677195e-06 7.25892677195e-06 6.97426297697e-06 7.68592246441e-06 7.11659487446e-06 7.25892677195e-06 8.96690954182e-06 8.53991384935e-06 7.25892677195e-06 6.83193107948e-06 7.25892677195e-06 7.11659487446e-06 7.25892677195e-06 6.68959918199e-06 5.83560779705e-06 6.5472672845e-06 7.97058625939e-06 5.83560779705e-06 6.83193107948e-06 6.5472672845e-06 9.53623713177e-06 1.12442199016e-05 1.06748923117e-05 1.42331897489e-05 1.39485259539e-05 1.38061940564e-05 1.15288836966e-05 9.10924143931e-06 1.26675388765e-05 1.42331897489e-05
-9999 -9999 1.13865517991e-05 1.15288836966e-05 1.06748923117e-05 1.13865517991e-05 8.39758195186e-06 1.13865517991e-05 1.3663862159e-05 1.3663862159e-05 1.2809870774e-05 1.3094534569e-05 1.35215302615e-05 1.22405431841e-05 1.11018880042e-05 1.2809870774e-05 1.18135474916e-05 1.15288836966e-05 1.05325604142e-05 1.06748923117e-05 1.11018880042e-05 7.68592246441e-06 7.68592246441e-06 7.40125866944e-06 7.68592246441e-06 1.02478966192e-05 9.39390523428e-06 8.82457764433e-06 7.40125866944e-06 7.25892677195e-06 6.83193107948e-06 7.25892677195e-06 6.68959918199e-06 6.83193107948e-06 4.83928451463e-06 5.2662802071e-06 4.41228882216e-06 5.97793969454e-06 6.12027159203e-06 5.2662802071e-06 6.40493538701e-06 7.25892677195e-06 5.83560779705e-06 9.25157333679e-06 1.11018880042e-05 1.50871811338e-05 1.42331897489e-05 1.52295130313e-05 1.56565087238e-05 1.3094534569e-05 1.2809870774e-05 1.45178535439e-05
