Example/niche_background/models/RF/normalized_grids/Anolis_chlorocyanus_0.asc
ncols        743
nrows        319
xllcorner    -74.500956448335
yllcorner    17.448920549066
cellsize     0.008333333333
NODATA_value  -9999
[rows 220 to 241 of 318, columns 51 to 101 of 743]
6.59081518449e-06 4.29169355539e-06 6.28426548168e-06 5.51789190984e-06 5.67116653285e-06 5.97771577886e-06 4.75151788121e-06 4.4449681784e-06 4.4449681784e-06 5.51789190984e-06 5.36461683004e-06 4.29169355539e-06 4.5982432582e-06 5.36461683004e-06 5.82444115586e-06 6.8973644305e-06 4.5982432582e-06 4.90479250422e-06 5.82444115586e-06 5.51789190984e-06 6.13099085867e-06 5.51789190984e-06 5.05806758402e-06 3.67859437816e-06 5.36461683004e-06 5.36461683004e-06 5.51789190984e-06 6.13099085867e-06 5.05806758402e-06 6.7440898075e-06 5.97771577886e-06 6.28426548168e-06 6.59081518449e-06 7.20391413332e-06 5.67116653285e-06 7.05063951031e-06 6.7440898075e-06 7.20391413332e-06 4.29169355539e-06 6.8973644305e-06 7.81701308214e-06 9.65631038542e-06 8.27683786476e-06 9.1964865164e-06 5.67116653285e-06 8.58338711077e-06 4.90479250422e-06 5.21134220703e-06 6.8973644305e-06 6.28426548168e-06 6.43754010468e-06
5.82444115586e-06 3.98514385258e-06 3.67859437816e-06 4.5982432582e-06 4.29169355539e-06 5.51789190984e-06 5.82444115586e-06 4.5982432582e-06 4.5982432582e-06 5.67116653285e-06 5.21134220703e-06 5.82444115586e-06 4.75151788121e-06 5.97771577886e-06 5.82444115586e-06 6.28426548168e-06 6.8973644305e-06 5.05806758402e-06 4.90479250422e-06 3.52531975515e-06 5.51789190984e-06 5.51789190984e-06 6.28426548168e-06 6.59081518449e-06 5.82444115586e-06 6.28426548168e-06 5.67116653285e-06 6.7440898075e-06 5.36461683004e-06 6.7440898075e-06 6.13099085867e-06 7.66373845913e-06 7.05063951031e-06 6.59081518449e-06 7.05063951031e-06 6.7440898075e-06 6.8973644305e-06 6.8973644305e-06 6.7440898075e-06 6.7440898075e-06 6.8973644305e-06 7.81701308214e-06 7.66373845913e-06 8.43011248777e-06 5.97771577886e-06 5.67116653285e-06 8.73666173378e-06 6.28426548168e-06 5.82444115586e-06 6.43754010468e-06 6.59081518449e-06
6.7440898075e-06 5.51789190984e-06 8.43011248777e-06 9.65631038542e-06 6.13099085867e-06 5.05806758402e-06 5.36461683004e-06 6.43754010468e-06 5.67116653285e-06 4.29169355539e-06 4.75151788121e-06 5.51789190984e-06 5.97771577886e-06 7.35718875632e-06 5.67116653285e-06 7.66373845913e-06 5.51789190984e-06 6.8973644305e-06 6.13099085867e-06 6.13099085867e-06 5.82444115586e-06 5.97771577886e-06 5.36461683004e-06 6.28426548168e-06 6.59081518449e-06 5.97771577886e-06 5.67116653285e-06 6.13099085867e-06 6.13099085867e-06 6.13099085867e-06 6.59081518449e-06 6.59081518449e-06 7.20391413332e-06 7.05063951031e-06 6.13099085867e-06 6.43754010468e-06 7.35718875632e-06 4.90479250422e-06 7.35718875632e-06 5.97771577886e-06 6.59081518449e-06 8.88993635679e-06 6.28426548168e-06 9.0432109798e-06 9.0432109798e-06 5.05806758402e-06 4.90479250422e-06 5.36461683004e-06 6.13099085867e-06 5.21134220703e-06 7.05063951031e-06
5.97771577886e-06 5.21134220703e-06 7.35718875632e-06 7.51046383613e-06 5.05806758402e-06 5.05806758402e-06 4.5982432582e-06 5.36461683004e-06 4.13841893238e-06 4.90479250422e-06 5.21134220703e-06 3.98514385258e-06 5.36461683004e-06 6.13099085867e-06 7.51046383613e-06 6.8973644305e-06 5.05806758402e-06 4.75151788121e-06 6.59081518449e-06 6.28426548168e-06 6.43754010468e-06 5.51789190984e-06 6.13099085867e-06 5.67116653285e-06 6.8973644305e-06 6.59081518449e-06 6.7440898075e-06 5.51789190984e-06 6.13099085867e-06 6.59081518449e-06 8.73666173378e-06 7.20391413332e-06 6.7440898075e-06 6.8973644305e-06 5.67116653285e-06 5.82444115586e-06 6.8973644305e-06 4.90479250422e-06 6.28426548168e-06 3.98514385258e-06 9.34976113941e-06 8.58338711077e-06 6.8973644305e-06 8.12356232816e-06 8.88993635679e-06 9.50303576241e-06 5.21134220703e-06 5.51789190984e-06 5.21134220703e-06 7.97028770515e-06 6.28426548168e-06
4.29169355539e-06 5.97771577886e-06 7.35718875632e-06 9.1964865164e-06 8.58338711077e-06 5.21134220703e-06 6.43754010468e-06 5.36461683004e-06 4.75151788121e-06 4.90479250422e-06 4.90479250422e-06 4.5982432582e-06 4.75151788121e-06 4.75151788121e-06 6.43754010468e-06 8.27683786476e-06 7.20391413332e-06 5.21134220703e-06 5.67116653285e-06 6.43754010468e-06 5.67116653285e-06 6.43754010468e-06 7.66373845913e-06 7.66373845913e-06 6.7440898075e-06 6.7440898075e-06 6.43754010468e-06 7.51046383613e-06 6.59081518449e-06 8.73666173378e-06 7.20391413332e-06 7.35718875632e-06 7.05063951031e-06 5.82444115586e-06 7.20391413332e-06 7.05063951031e-06 6.43754010468e-06 6.59081518449e-06 5.05806758402e-06 4.13841893238e-06 7.51046383613e-06 7.35718875632e-06 6.59081518449e-06 6.59081518449e-06 8.27683786476e-06 5.36461683004e-06 -9999 -9999 5.51789190984e-06 6.7440898075e-06 -9999
-9999 5.51789190984e-06 4.90479250422e-06 7.35718875632e-06 7.20391413332e-06 8.27683786476e-06 8.88993635679e-06 5.67116653285e-06 4.4449681784e-06 6.43754010468e-06 8.88993635679e-06 3.98514385258e-06 4.75151788121e-06 4.75151788121e-06 5.05806758402e-06 5.67116653285e-06 7.35718875632e-06 7.66373845913e-06 5.36461683004e-06 5.67116653285e-06 7.51046383613e-06 8.43011248777e-06 8.43011248777e-06 6.8973644305e-06 8.58338711077e-06 6.59081518449e-06 7.51046383613e-06 7.35718875632e-06 7.20391413332e-06 7.97028770515e-06 7.05063951031e-06 5.36461683004e-06 6.43754010468e-06 6.28426548168e-06 7.05063951031e-06 6.59081518449e-06 6.7440898075e-06 5.21134220703e-06 5.05806758402e-06 5.51789190984e-06 6.7440898075e-06 8.88993635679e-06 8.12356232816e-06 9.34976113941e-06 6.59081518449e-06 -9999 -9999 -9999 7.35718875632e-06 -9999 -9999
-9999 -9999 5.21134220703e-06 3.98514385258e-06 5.82444115586e-06 4.29169355539e-06 6.59081518449e-06 8.88993635679e-06 7.51046383613e-06 8.27683786476e-06 7.97028770515e-06 5.82444115586e-06 4.90479250422e-06 4.90479250422e-06 5.05806758402e-06 5.21134220703e-06 7.81701308214e-06 6.8973644305e-06 9.0432109798e-06 4.90479250422e-06 4.5982432582e-06 7.20391413332e-06 6.8973644305e-06 7.81701308214e-06 7.35718875632e-06 7.05063951031e-06 7.35718875632e-06 7.97028770515e-06 7.20391413332e-06 8.27683786476e-06 7.05063951031e-06 6.43754010468e-06 7.05063951031e-06 6.28426548168e-06 7.35718875632e-06 5.67116653285e-06 6.43754010468e-06 6.28426548168e-06 3.83186922957e-06 4.4449681784e-06 5.05806758402e-06 6.28426548168e-06 6.13099085867e-06 6.59081518449e-06 4.4449681784e-06 -9999 -9999 -9999 -9999 -9999 6.59081518449e-06
-9999 -9999 -9999 6.43754010468e-06 5.21134220703e-06 8.88993635679e-06 9.65631038542e-06 7.66373845913e-06 9.1964865164e-06 6.8973644305e-06 7.97028770515e-06 8.58338711077e-06 5.67116653285e-06 5.67116653285e-06 4.90479250422e-06 4.5982432582e-06 5.82444115586e-06 6.59081518449e-06 8.27683786476e-06 8.12356232816e-06 8.58338711077e-06 7.97028770515e-06 7.35718875632e-06 7.66373845913e-06 5.82444115586e-06 8.27683786476e-06 7.20391413332e-06 7.35718875632e-06 8.12356232816e-06 7.35718875632e-06 7.97028770515e-06 5.36461683004e-06 7.05063951031e-06 7.20391413332e-06 6.59081518449e-06 6.59081518449e-06 6.8973644305e-06 5.21134220703e-06 4.29169355539e-06 5.36461683004e-06 3.83186922957e-06 3.67859437816e-06 3.52531975515e-06 2.91222057793e-06 -9999 -9999 -9999 -9999 -9999 -9999 -9999
-9999 -9999 -9999 -9999 4.75151788121e-06 7.20391413332e-06 6.7440898075e-06 7.35718875632e-06 9.80958500843e-06 6.8973644305e-06 6.8973644305e-06 6.8973644305e-06 7.51046383613e-06 6.43754010468e-06 5.36461683004e-06 5.51789190984e-06 5.67116653285e-06 4.75151788121e-06 6.7440898075e-06 7.35718875632e-06 7.51046383613e-06 7.97028770515e-06 7.51046383613e-06 8.43011248777e-06 9.0432109798e-06 7.05063951031e-06 7.51046383613e-06 7.20391413332e-06 6.7440898075e-06 6.28426548168e-06 5.67116653285e-06 7.05063951031e-06 7.97028770515e-06 6.7440898075e-06 6.7440898075e-06 5.21134220703e-06 5.21134220703e-06 5.21134220703e-06 4.29169355539e-06 4.4449681784e-06 4.4449681784e-06 3.67859437816e-06 -9999 -9999 -9999 -9999 -9999 -9999 -9999 -9999 -9999
-9999 -9999 -9999 -9999 -9999 -9999 2.60567110351e-06 3.06549542933e-06 4.29169355539e-06 6.43754010468e-06 6.8973644305e-06 8.73666173378e-06 6.8973644305e-06 5.05806758402e-06 5.36461683004e-06 7.05063951031e-06 7.05063951031e-06 5.82444115586e-06 5.97771577886e-06 7.20391413332e-06 6.7440898075e-06 7.20391413332e-06 7.97028770515e-06 7.35718875632e-06 7.35718875632e-06 7.51046383613e-06 9.65631038542e-06 6.7440898075e-06 6.7440898075e-06 6.7440898075e-06 7.05063951031e-06 5.36461683004e-06 6.59081518449e-06 6.43754010468e-06 6.8973644305e-06 6.59081518449e-06 6.43754010468e-06 4.4449681784e-06 4.4449681784e-06 4.5982432582e-06 3.37204490375e-06 -9999 -9999 -9999 -9999 -9999 -9999 -9999 -9999 -9999 -9999
-9999 -9999 -9999 -9999 -9999 -9999 -9999 5.51789190984e-06 2.75894595492e-06 3.37204490375e-06 8.27683786476e-06 7.20391413332e-06 6.7440898075e-06 5.82444115586e-06 5.51789190984e-06 7.05063951031e-06 5.36461683004e-06 5.97771577886e-06 7.81701308214e-06 7.35718875632e-06 7.05063951031e-06 6.8973644305e-06 6.28426548168e-06 6.59081518449e-06 8.88993635679e-06 7.05063951031e-06 5.97771577886e-06 7.05063951031e-06 6.8973644305e-06 5.21134220703e-06 6.7440898075e-06 7.20391413332e-06 6.7440898075e-06 7.51046383613e-06 6.7440898075e-06 4.90479250422e-06 4.5982432582e-06 5.21134220703e-06 6.13099085867e-06 -9999 -9999 -9999 -9999 -9999 -9999 -9999 -9999 -9999 -9999 -9999 -9999
-9999 -9999 -9999 -9999 -9999 -9999 -9999 -9999 -9999 6.13099085867e-06 6.59081518449e-06 8.88993635679e-06 8.43011248777e-06 7.05063951031e-06 6.8973644305e-06 8.88993635679e-06 6.7440898075e-06 6.28426548168e-06 6.28426548168e-06 6.28426548168e-06 7.81701308214e-06 7.51046383613e-06 7.81701308214e-06 7.20391413332e-06 7.05063951031e-06 6.8973644305e-06 5.67116653285e-06 5.51789190984e-06 5.51789190984e-06 6.7440898075e-06 6.43754010468e-06 6.43754010468e-06 6.8973644305e-06 7.35718875632e-06 7.05063951031e-06 6.13099085867e-06 -9999 -9999 -9999 -9999 -9999 -9999 -9999 -9999 -9999 -9999 -9999 -9999 -9999 -9999 -9999
-9999 -9999 -9999 -9999 -9999 -9999 -9999 -9999 -9999 5.36461683004e-06 5.05806758402e-06 6.43754010468e-06 7.20391413332e-06 8.43011248777e-06 8.58338711077e-06 9.34976113941e-06 9.1964865164e-06 6.28426548168e-06 6.59081518449e-06 6.7440898075e-06 7.05063951031e-06 7.20391413332e-06 7.20391413332e-06 5.36461683004e-06 8.27683786476e-06 6.7440898075e-06 5.36461683004e-06 6.7440898075e-06 6.8973644305e-06 5.51789190984e-06 5.36461683004e-06 6.8973644305e-06 6.8973644305e-06 6.59081518449e-06 -9999 -9999 -9999 -9999 -9999 -9999 -9999 -9999 -9999 -9999 -9999 -9999 -9999 -9999 -9999 -9999 -9999
-9999 -9999 -9999 -9999 -9999 -9999 -9999 -9999 -9999 -9999 -9999 -9999 9.1964865164e-06 9.34976113941e-06 7.20391413332e-06 1.04226844141e-05 7.97028770515e-06 7.20391413332e-06 6.43754010468e-06 6.13099085867e-06 7.05063951031e-06 6.8973644305e-06 7.20391413332e-06 9.65631038542e-06 6.8973644305e-06 5.36461683004e-06 5.82444115586e-06 6.59081518449e-06 5.05806758402e-06 5.05806758402e-06 6.8973644305e-06 6.59081518449e-06 6.8973644305e-06 -9999 -9999 -9999 -9999 -9999 -9999 -9999 -9999 -9999 -9999 -9999 -9999 -9999 -9999 -9999 -9999 -9999 -9999
-9999 -9999 -9999 -9999 -9999 -9999 -9999 -9999 -9999 -9999 -9999 -9999 8.43011248777e-06 9.34976113941e-06 9.50303576241e-06 7.97028770515e-06 9.0432109798e-06 7.35718875632e-06 6.59081518449e-06 6.59081518449e-06 7.81701308214e-06 7.35718875632e-06 6.8973644305e-06 8.27683786476e-06 6.7440898075e-06 6.8973644305e-06 6.43754010468e-06 4.75151788121e-06 5.05806758402e-06 6.8973644305e-06 6.7440898075e-06 -9999 -9999 -9999 -9999 -9999 -9999 -9999 -9999 -9999 -9999 -9999 -9999 -9999 -9999 -9999 -9999 -9999 -9999 -9999 -9999
-9999 -9999 -9999 -9999 -9999 -9999 -9999 -9999 -9999 -9999 -9999 -9999 3.98514385258e-06 9.96285963144e-06 8.27683786476e-06 7.97028770515e-06 7.97028770515e-06 8.27683786476e-06 5.82444115586e-06 6.7440898075e-06 7.20391413332e-06 6.28426548168e-06 5.97771577886e-06 6.8973644305e-06 6.59081518449e-06 4.90479250422e-06 4.5982432582e-06 4.5982432582e-06 6.59081518449e-06 7.20391413332e-06 -9999 -9999 -9999 -9999 -9999 -9999 -9999 -9999 -9999 -9999 -9999 -9999 -9999 -9999 -9999 -9999 -9999 -9999 -9999 -9999 -9999
-9999 -9999 -9999 -9999 -9999 -9999 -9999 -9999 -9999 -9999 -9999 -9999 -9999 7.66373845913e-06 9.65631038542e-06 6.8973644305e-06 9.0432109798e-06 7.97028770515e-06 6.13099085867e-06 6.59081518449e-06 6.7440898075e-06 5.82444115586e-06 7.35718875632e-06 7.35718875632e-06 7.97028770515e-06 6.43754010468e-06 4.75151788121e-06 5.21134220703e-06 4.75151788121e-06 -9999 -9999 -9999 -9999 -9999 -9999 -9999 -9999 -9999 -9999 -9999 -9999 -9999 -9999 -9999 -9999 -9999 -9999 -9999 -9999 -9999 -9999
-9999 -9999 -9999 -9999 -9999 -9999 -9999 -9999 -9999 -9999 -9999 -9999 -9999 -9999 -9999 4.90479250422e-06 9.1964865164e-06 9.96285963144e-06 7.81701308214e-06 7.66373845913e-06 5.82444115586e-06 6.28426548168e-06 5.97771577886e-06 6.7440898075e-06 6.13099085867e-06 5.67116653285e-06 5.36461683004e-06 5.36461683004e-06 -9999 -9999 -9999 -9999 -9999 -9999 -9999 -9999 -9999 -9999 -9999 -9999 -9999 -9999 -9999 -9999 -9999 -9999 -9999 -9999 -9999 -9999 -9999
-9999 -9999 -9999 -9999 -9999 -9999 -9999 -9999 -9999 -9999 -9999 -9999 -9999 -9999 -9999 -9999 9.65631038542e-06 9.0432109798e-06 8.43011248777e-06 6.7440898075e-06 7.51046383613e-06 6.43754010468e-06 6.28426548168e-06 5.67116653285e-06 6.43754010468e-06 6.13099085867e-06 5.97771577886e-06 5.05806758402e-06 -9999 -9999 -9999 -9999 -9999 -9999 -9999 -9999 -9999 -9999 -9999 -9999 -9999 -9999 -9999 -9999 -9999 -9999 -9999 -9999 -9999 -9999 -9999
-9999 -9999 -9999 -9999 -9999 -9999 -9999 -9999 -9999 -9999 -9999 -9999 -9999 -9999 -9999 -9999 6.59081518449e-06 9.1964865164e-06 9.0432109798e-06 9.0432109798e-06 7.66373845913e-06 7.81701308214e-06 6.7440898075e-06 6.28426548168e-06 6.43754010468e-06 5.67116653285e-06 9.0432109798e-06 6.8973644305e-06 -9999 -9999 -9999 -9999 -9999 -9999 -9999 -9999 -9999 -9999 -9999 -9999 -9999 -9999 -9999 -9999 -9999 -9999 -9999 -9999 -9999 -9999 -9999
-9999 -9999 -9999 -9999 -9999 -9999 -9999 -9999 -9999 -9999 -9999 -9999 -9999 -9999 -9999 -9999 5.67116653285e-06 8.58338711077e-06 7.05063951031e-06 8.58338711077e-06 9.50303576241e-06 8.58338711077e-06 7.66373845913e-06 6.59081518449e-06 6.28426548168e-06 5.97771577886e-06 8.73666173378e-06 7.66373845913e-06 -9999 -9999 -9999 -9999 -9999 -9999 -9999 -9999 -9999 -9999 -9999 -9999 -9999 -9999 -9999 -9999 4.5982432582e-06 -9999 5.05806758402e-06 -9999 -9999 -9999 -9999
-9999 -9999 -9999 -9999 -9999 -9999 -9999 -9999 -9999 -9999 -9999 -9999 -9999 -9999 -9999 -9999 -9999 8.12356232816e-06 9.34976113941e-06 9.0432109798e-06 8.88993635679e-06 9.0432109798e-06 7.51046383613e-06 6.59081518449e-06 6.13099085867e-06 5.97771577886e-06 8.43011248777e-06 7.97028770515e-06 7.35718875632e-06 -9999 -9999 -9999 -9999 -9999 -9999 -9999 -9999 -9999 -9999 -9999 -9999 -9999 -9999 -9999 -9999 5.21134220703e-06 6.13099085867e-06 6.59081518449e-06 4.90479250422e-06 -9999 -9999
