Example/niche_background/models/RF/normalized_grids/Anolis_chlorocyanus_0.asc
ncols        743
nrows        319
xllcorner    -74.500956448335
yllcorner    17.448920549066
cellsize     0.008333333333
NODATA_value  -9999
[rows 44 to 65 of 318, columns 255 to 305 of 743]
1.39480043976e-05 1.3181630369e-05 7.81701308214e-06 9.65631038542e-06 9.50303576241e-06 -9999 -9999 -9999 1.3334904992e-05 1.39480043976e-05 1.3641454238e-05 1.44078282666e-05 1.47143775126e-05 1.21087070943e-05 1.19554315577e-05 1.45611028896e-05 1.21087070943e-05 1.27218055864e-05 9.96285963144e-06 9.0432109798e-06 9.34976113941e-06 8.12356232816e-06 7.51046383613e-06 7.35718875632e-06 7.35718875632e-06 6.28426548168e-06 8.58338711077e-06 7.05063951031e-06 7.97028770515e-06 9.50303576241e-06 -9999 -9999 -9999 -9999 -9999 -9999 -9999 -9999 -9999 -9999 -9999 -9999 -9999 -9999 -9999 -9999 -9999 -9999 -9999 -9999 -9999
1.21087070943e-05 9.34976113941e-06 8.73666173378e-06 7.66373845913e-06 7.66373845913e-06 -9999 -9999 -9999 1.25685309634e-05 8.58338711077e-06 1.3334904992e-05 1.3488179615e-05 1.3641454238e-05 1.39480043976e-05 1.39480043976e-05 1.3488179615e-05 1.44078282666e-05 1.14956076887e-05 7.81701308214e-06 9.1964865164e-06 8.88993635679e-06 8.27683786476e-06 6.8973644305e-06 6.8973644305e-06 7.35718875632e-06 8.43011248777e-06 7.51046383613e-06 5.21134220703e-06 7.81701308214e-06 9.34976113941e-06 1.07292336601e-05 8.58338711077e-06 -9999 -9999 -9999 9.50303576241e-06 9.50303576241e-06 9.50303576241e-06 9.65631038542e-06 9.0432109798e-06 9.50303576241e-06 -9999 -9999 -9999 -9999 -9999 -9999 1.11890584427e-05 1.11890584427e-05 1.10357838197e-05 1.08825082831e-05
1.39480043976e-05 1.25685309634e-05 8.88993635679e-06 7.81701308214e-06 8.58338711077e-06 -9999 -9999 -9999 8.88993635679e-06 8.88993635679e-06 9.50303576241e-06 9.50303576241e-06 1.39480043976e-05 9.96285963144e-06 1.3794728861e-05 1.0116135168e-05 8.73666173378e-06 8.12356232816e-06 9.50303576241e-06 9.50303576241e-06 8.27683786476e-06 7.05063951031e-06 7.05063951031e-06 9.96285963144e-06 7.51046383613e-06 5.82444115586e-06 6.7440898075e-06 8.88993635679e-06 1.07292336601e-05 1.08825082831e-05 1.0116135168e-05 1.05759590371e-05 9.50303576241e-06 9.80958500843e-06 9.50303576241e-06 9.96285963144e-06 9.34976113941e-06 -9999 9.65631038542e-06 8.73666173378e-06 -9999 -9999 -9999 -9999 -9999 -9999 1.10357838197e-05 1.11890584427e-05 1.22619817173e-05 1.05759590371e-05 1.10357838197e-05
9.0432109798e-06 1.48676530492e-05 9.65631038542e-06 7.81701308214e-06 7.66373845913e-06 8.43011248777e-06 -9999 -9999 9.1964865164e-06 8.88993635679e-06 1.39480043976e-05 9.50303576241e-06 1.3794728861e-05 1.24152563403e-05 1.10357838197e-05 8.43011248777e-06 1.05759590371e-05 9.34976113941e-06 7.81701308214e-06 9.34976113941e-06 8.88993635679e-06 6.7440898075e-06 7.66373845913e-06 9.96285963144e-06 8.58338711077e-06 5.36461683004e-06 4.5982432582e-06 9.80958500843e-06 8.58338711077e-06 9.65631038542e-06 1.07292336601e-05 8.58338711077e-06 9.80958500843e-06 9.65631038542e-06 9.50303576241e-06 9.34976113941e-06 -9999 9.65631038542e-06 9.34976113941e-06 9.50303576241e-06 9.0432109798e-06 -9999 -9999 -9999 -9999 -9999 -9999 1.10357838197e-05 1.0269409791e-05 1.10357838197e-05 1.08825082831e-05
6.7440898075e-06 7.51046383613e-06 1.3794728861e-05 1.14956076887e-05 7.97028770515e-06 8.27683786476e-06 8.43011248777e-06 8.73666173378e-06 8.88993635679e-06 8.88993635679e-06 9.80958500843e-06 8.88993635679e-06 8.88993635679e-06 1.07292336601e-05 8.88993635679e-06 8.27683786476e-06 1.04226844141e-05 1.0269409791e-05 8.43011248777e-06 9.0432109798e-06 8.58338711077e-06 8.58338711077e-06 8.43011248777e-06 6.8973644305e-06 6.43754010468e-06 5.67116653285e-06 4.90479250422e-06 8.43011248777e-06 1.0269409791e-05 1.0269409791e-05 1.07292336601e-05 8.12356232816e-06 7.35718875632e-06 9.50303576241e-06 9.50303576241e-06 9.50303576241e-06 -9999 9.1964865164e-06 -9999 9.1964865164e-06 -9999 -9999 -9999 -9999 -9999 -9999 1.10357838197e-05 1.07292336601e-05 1.08825082831e-05 1.10357838197e-05 1.08825082831e-05
6.8973644305e-06 7.20391413332e-06 1.04226844141e-05 1.3334904992e-05 1.11890584427e-05 1.11890584427e-05 9.0432109798e-06 7.97028770515e-06 8.58338711077e-06 1.08825082831e-05 1.08825082831e-05 1.24152563403e-05 8.88993635679e-06 9.1964865164e-06 8.43011248777e-06 7.66373845913e-06 7.81701308214e-06 1.0116135168e-05 9.1964865164e-06 7.51046383613e-06 7.35718875632e-06 6.59081518449e-06 6.13099085867e-06 6.59081518449e-06 6.43754010468e-06 5.97771577886e-06 4.75151788121e-06 8.73666173378e-06 9.65631038542e-06 1.0116135168e-05 1.05759590371e-05 1.0116135168e-05 9.80958500843e-06 8.88993635679e-06 9.50303576241e-06 9.34976113941e-06 9.1964865164e-06 9.1964865164e-06 -9999 -9999 8.27683786476e-06 9.50303576241e-06 1.05759590371e-05 1.10357838197e-05 1.08825082831e-05 1.0269409791e-05 1.10357838197e-05 1.07292336601e-05 1.07292336601e-05 1.16488823117e-05 1.0116135168e-05
7.81701308214e-06 7.35718875632e-06 8.58338711077e-06 1.16488823117e-05 1.13423330657e-05 1.3181630369e-05 9.50303576241e-06 1.27218055864e-05 1.0269409791e-05 8.88993635679e-06 1.3028355746e-05 8.88993635679e-06 8.73666173378e-06 9.96285963144e-06 1.19554315577e-05 7.81701308214e-06 7.97028770515e-06 8.12356232816e-06 7.51046383613e-06 7.81701308214e-06 7.81701308214e-06 9.1964865164e-06 7.66373845913e-06 9.96285963144e-06 1.05759590371e-05 5.21134220703e-06 5.36461683004e-06 8.88993635679e-06 8.73666173378e-06 1.10357838197e-05 1.05759590371e-05 1.0116135168e-05 1.13423330657e-05 9.0432109798e-06 9.34976113941e-06 1.13423330657e-05 1.13423330657e-05 8.43011248777e-06 9.1964865164e-06 8.88993635679e-06 9.1964865164e-06 9.50303576241e-06 9.65631038542e-06 1.0269409791e-05 1.08825082831e-05 1.04226844141e-05 1.07292336601e-05 1.0269409791e-05 1.13423330657e-05 1.10357838197e-05 1.08825082831e-05
9.80958500843e-06 8.73666173378e-06 8.88993635679e-06 7.35718875632e-06 1.27218055864e-05 1.25685309634e-05 1.22619817173e-05 1.0116135168e-05 9.96285963144e-06 8.73666173378e-06 8.88993635679e-06 8.88993635679e-06 9.0432109798e-06 8.88993635679e-06 1.21087070943e-05 1.10357838197e-05 1.05759590371e-05 9.34976113941e-06 7.81701308214e-06 7.81701308214e-06 8.12356232816e-06 8.73666173378e-06 6.59081518449e-06 7.97028770515e-06 9.50303576241e-06 9.0432109798e-06 9.80958500843e-06 9.65631038542e-06 1.04226844141e-05 1.0116135168e-05 1.08825082831e-05 9.96285963144e-06 1.19554315577e-05 1.14956076887e-05 1.10357838197e-05 1.16488823117e-05 1.21087070943e-05 9.34976113941e-06 8.73666173378e-06 9.34976113941e-06 9.34976113941e-06 9.34976113941e-06 9.34976113941e-06 9.1964865164e-06 1.04226844141e-05 1.07292336601e-05 1.05759590371e-05 1.08825082831e-05 1.08825082831e-05 1.0116135168e-05 1.11890584427e-05
1.27218055864e-05 1.07292336601e-05 9.0432109798e-06 1.13423330657e-05 1.14956076887e-05 1.3641454238e-05 1.27218055864e-05 1.3488179615e-05 1.39480043976e-05 9.0432109798e-06 8.27683786476e-06 8.12356232816e-06 9.1964865164e-06 1.22619817173e-05 1.21087070943e-05 1.11890584427e-05 1.04226844141e-05 1.0116135168e-05 7.20391413332e-06 7.66373845913e-06 7.66373845913e-06 6.59081518449e-06 7.81701308214e-06 7.20391413332e-06 7.20391413332e-06 9.0432109798e-06 9.96285963144e-06 9.34976113941e-06 9.96285963144e-06 1.04226844141e-05 1.14956076887e-05 1.08825082831e-05 9.96285963144e-06 1.0116135168e-05 9.50303576241e-06 9.80958500843e-06 1.10357838197e-05 9.80958500843e-06 9.0432109798e-06 8.12356232816e-06 9.1964865164e-06 8.73666173378e-06 9.1964865164e-06 9.34976113941e-06 8.88993635679e-06 1.04226844141e-05 1.11890584427e-05 1.10357838197e-05 1.08825082831e-05 1.10357838197e-05 1.13423330657e-05
7.66373845913e-06 7.97028770515e-06 8.43011248777e-06 1.21087070943e-05 8.73666173378e-06 1.10357838197e-05 1.19554315577e-05 9.96285963144e-06 9.34976113941e-06 1.39480043976e-05 1.18021569347e-05 8.73666173378e-06 1.27218055864e-05 1.25685309634e-05 1.21087070943e-05 1.13423330657e-05 1.10357838197e-05 1.05759590371e-05 7.81701308214e-06 7.97028770515e-06 8.27683786476e-06 7.97028770515e-06 9.96285963144e-06 6.7440898075e-06 1.05759590371e-05 1.0116135168e-05 1.14956076887e-05 1.0269409791e-05 1.11890584427e-05 9.34976113941e-06 1.11890584427e-05 1.08825082831e-05 1.0116135168e-05 9.96285963144e-06 1.04226844141e-05 9.80958500843e-06 9.65631038542e-06 9.34976113941e-06 9.34976113941e-06 5.97771577886e-06 8.88993635679e-06 9.50303576241e-06 9.34976113941e-06 9.50303576241e-06 9.34976113941e-06 9.50303576241e-06 1.05759590371e-05 1.10357838197e-05 9.80958500843e-06 1.10357838197e-05 1.14956076887e-05
8.88993635679e-06 7.97028770515e-06 8.27683786476e-06 1.16488823117e-05 9.65631038542e-06 1.21087070943e-05 1.41012790206e-05 1.3488179615e-05 1.3641454238e-05 8.73666173378e-06 1.0116135168e-05 9.80958500843e-06 1.05759590371e-05 1.14956076887e-05 1.22619817173e-05 1.24152563403e-05 1.13423330657e-05 1.22619817173e-05 1.18021569347e-05 7.51046383613e-06 9.1964865164e-06 7.81701308214e-06 1.05759590371e-05 6.7440898075e-06 9.65631038542e-06 8.58338711077e-06 9.34976113941e-06 7.05063951031e-06 9.65631038542e-06 1.14956076887e-05 1.14956076887e-05 8.43011248777e-06 1.0116135168e-05 9.1964865164e-06 1.10357838197e-05 1.0269409791e-05 1.0116135168e-05 1.0269409791e-05 1.11890584427e-05 9.50303576241e-06 9.0432109798e-06 8.73666173378e-06 9.1964865164e-06 9.1964865164e-06 9.65631038542e-06 8.73666173378e-06 8.58338711077e-06 1.0269409791e-05 1.0269409791e-05 1.05759590371e-05 1.18021569347e-05
9.80958500843e-06 1.11890584427e-05 7.97028770515e-06 8.12356232816e-06 1.16488823117e-05 1.21087070943e-05 9.80958500843e-06 1.04226844141e-05 1.18021569347e-05 9.65631038542e-06 9.0432109798e-06 9.1964865164e-06 1.21087070943e-05 1.27218055864e-05 9.50303576241e-06 9.1964865164e-06 1.16488823117e-05 1.27218055864e-05 1.22619817173e-05 9.1964865164e-06 1.05759590371e-05 8.88993635679e-06 7.35718875632e-06 8.12356232816e-06 6.7440898075e-06 1.0269409791e-05 9.34976113941e-06 9.34976113941e-06 1.08825082831e-05 8.12356232816e-06 7.97028770515e-06 7.66373845913e-06 9.50303576241e-06 5.67116653285e-06 9.96285963144e-06 1.05759590371e-05 1.0116135168e-05 1.04226844141e-05 1.21087070943e-05 9.80958500843e-06 9.1964865164e-06 8.73666173378e-06 9.50303576241e-06 9.50303576241e-06 9.1964865164e-06 9.96285963144e-06 9.0432109798e-06 9.65631038542e-06 9.96285963144e-06 1.07292336601e-05 1.0269409791e-05
1.08825082831e-05 1.0116135168e-05 1.07292336601e-05 1.16488823117e-05 8.88993635679e-06 8.43011248777e-06 8.58338711077e-06 9.0432109798e-06 8.43011248777e-06 9.96285963144e-06 9.34976113941e-06 1.3641454238e-05 1.0269409791e-05 1.3334904992e-05 1.3181630369e-05 1.16488823117e-05 1.0269409791e-05 1.0116135168e-05 1.41012790206e-05 1.3794728861e-05 1.27218055864e-05 1.13423330657e-05 1.18021569347e-05 7.35718875632e-06 7.81701308214e-06 7.81701308214e-06 7.66373845913e-06 8.88993635679e-06 1.11890584427e-05 8.88993635679e-06 1.08825082831e-05 1.28750802094e-05 1.28750802094e-05 9.80958500843e-06 6.59081518449e-06 9.80958500843e-06 1.04226844141e-05 1.10357838197e-05 1.05759590371e-05 9.80958500843e-06 1.16488823117e-05 7.81701308214e-06 9.96285963144e-06 9.96285963144e-06 9.96285963144e-06 1.04226844141e-05 9.96285963144e-06 9.80958500843e-06 1.0116135168e-05 1.0116135168e-05 1.07292336601e-05
8.58338711077e-06 9.96285963144e-06 1.11890584427e-05 9.1964865164e-06 1.16488823117e-05 1.18021569347e-05 1.25685309634e-05 9.50303576241e-06 1.19554315577e-05 1.45611028896e-05 1.25685309634e-05 1.41012790206e-05 9.34976113941e-06 9.34976113941e-06 9.50303576241e-06 9.1964865164e-06 9.1964865164e-06 1.3488179615e-05 1.48676530492e-05 1.3794728861e-05 1.3641454238e-05 1.41012790206e-05 9.96285963144e-06 7.81701308214e-06 9.65631038542e-06 6.8973644305e-06 9.65631038542e-06 9.0432109798e-06 9.0432109798e-06 7.81701308214e-06 1.27218055864e-05 1.22619817173e-05 1.13423330657e-05 1.50209276723e-05 9.80958500843e-06 1.08825082831e-05 9.96285963144e-06 1.05759590371e-05 1.10357838197e-05 9.34976113941e-06 9.80958500843e-06 9.50303576241e-06 9.1964865164e-06 1.0269409791e-05 1.0116135168e-05 1.05759590371e-05 9.65631038542e-06 8.73666173378e-06 9.50303576241e-06 9.80958500843e-06 9.50303576241e-06
9.1964865164e-06 7.81701308214e-06 1.08825082831e-05 1.0116135168e-05 1.08825082831e-05 8.58338711077e-06 9.96285963144e-06 1.08825082831e-05 8.12356232816e-06 1.3488179615e-05 1.3794728861e-05 8.88993635679e-06 9.0432109798e-06 1.3794728861e-05 1.16488823117e-05 1.28750802094e-05 1.0116135168e-05 1.05759590371e-05 1.14956076887e-05 1.10357838197e-05 1.22619817173e-05 1.41012790206e-05 1.0269409791e-05 9.80958500843e-06 7.20391413332e-06 7.66373845913e-06 9.50303576241e-06 9.80958500843e-06 9.80958500843e-06 1.04226844141e-05 9.80958500843e-06 9.80958500843e-06 8.73666173378e-06 1.24152563403e-05 8.73666173378e-06 8.43011248777e-06 1.04226844141e-05 9.34976113941e-06 1.0116135168e-05 1.04226844141e-05 1.0269409791e-05 1.25685309634e-05 1.08825082831e-05 9.96285963144e-06 9.96285963144e-06 1.0269409791e-05 8.88993635679e-06 8.88993635679e-06 9.80958500843e-06 9.50303576241e-06 9.50303576241e-06
7.20391413332e-06 8.12356232816e-06 6.59081518449e-06 8.73666173378e-06 8.27683786476e-06 8.88993635679e-06 8.27683786476e-06 1.0269409791e-05 9.80958500843e-06 9.80958500843e-06 1.05759590371e-05 1.25685309634e-05 1.3794728861e-05 1.3794728861e-05 1.07292336601e-05 9.96285963144e-06 1.3181630369e-05 1.10357838197e-05 1.10357838197e-05 1.28750802094e-05 1.41012790206e-05 1.47143775126e-05 1.04226844141e-05 1.42545536436e-05 8.88993635679e-06 9.65631038542e-06 9.34976113941e-06 9.1964865164e-06 7.05063951031e-06 7.97028770515e-06 7.97028770515e-06 1.0269409791e-05 1.3028355746e-05 1.18021569347e-05 1.24152563403e-05 9.1964865164e-06 8.43011248777e-06 1.10357838197e-05 1.0116135168e-05 9.34976113941e-06 1.11890584427e-05 9.34976113941e-06 8.88993635679e-06 9.80958500843e-06 1.07292336601e-05 8.88993635679e-06 1.05759590371e-05 8.88993635679e-06 1.16488823117e-05 1.21087070943e-05 9.50303576241e-06
8.43011248777e-06 1.10357838197e-05 8.12356232816e-06 6.43754010468e-06 9.34976113941e-06 8.58338711077e-06 1.04226844141e-05 8.58338711077e-06 8.58338711077e-06 1.0269409791e-05 9.1964865164e-06 1.0269409791e-05 9.50303576241e-06 9.50303576241e-06 1.04226844141e-05 1.13423330657e-05 1.10357838197e-05 1.16488823117e-05 8.73666173378e-06 1.11890584427e-05 1.25685309634e-05 1.13423330657e-05 1.25685309634e-05 9.0432109798e-06 7.81701308214e-06 1.05759590371e-05 1.18021569347e-05 9.0432109798e-06 9.50303576241e-06 1.18021569347e-05 7.51046383613e-06 1.14956076887e-05 9.80958500843e-06 1.22619817173e-05 1.14956076887e-05 1.25685309634e-05 8.88993635679e-06 7.66373845913e-06 8.73666173378e-06 1.04226844141e-05 9.0432109798e-06 9.1964865164e-06 1.0116135168e-05 1.0116135168e-05 1.24152563403e-05 9.1964865164e-06 7.35718875632e-06 9.50303576241e-06 9.1964865164e-06 9.96285963144e-06 1.24152563403e-05
1.19554315577e-05 9.96285963144e-06 9.65631038542e-06 9.50303576241e-06 9.50303576241e-06 1.0269409791e-05 8.73666173378e-06 5.82444115586e-06 8.88993635679e-06 1.0116135168e-05 8.43011248777e-06 7.51046383613e-06 9.80958500843e-06 1.04226844141e-05 9.65631038542e-06 1.11890584427e-05 1.08825082831e-05 1.11890584427e-05 9.80958500843e-06 1.07292336601e-05 1.10357838197e-05 8.12356232816e-06 1.05759590371e-05 8.43011248777e-06 9.96285963144e-06 1.19554315577e-05 1.14956076887e-05 1.04226844141e-05 1.3028355746e-05 1.41012790206e-05 1.16488823117e-05 9.96285963144e-06 1.04226844141e-05 1.19554315577e-05 1.21087070943e-05 1.04226844141e-05 1.11890584427e-05 9.1964865164e-06 9.96285963144e-06 9.65631038542e-06 1.07292336601e-05 8.43011248777e-06 9.50303576241e-06 1.16488823117e-05 1.19554315577e-05 8.58338711077e-06 7.66373845913e-06 8.12356232816e-06 1.0269409791e-05 7.20391413332e-06 9.0432109798e-06
1.08825082831e-05 1.14956076887e-05 1.08825082831e-05 9.50303576241e-06 9.34976113941e-06 1.08825082831e-05 1.08825082831e-05 9.80958500843e-06 5.21134220703e-06 9.80958500843e-06 1.14956076887e-05 1.21087070943e-05 9.50303576241e-06 8.58338711077e-06 7.81701308214e-06 8.43011248777e-06 1.14956076887e-05 1.04226844141e-05 9.80958500843e-06 6.28426548168e-06 9.1964865164e-06 9.1964865164e-06 8.58338711077e-06 9.65631038542e-06 8.88993635679e-06 9.65631038542e-06 1.0269409791e-05 1.21087070943e-05 1.13423330657e-05 1.22619817173e-05 1.18021569347e-05 1.13423330657e-05 1.13423330657e-05 8.88993635679e-06 7.20391413332e-06 1.19554315577e-05 9.0432109798e-06 1.10357838197e-05 9.50303576241e-06 9.65631038542e-06 9.96285963144e-06 1.08825082831e-05 9.50303576241e-06 7.35718875632e-06 9.0432109798e-06 9.50303576241e-06 9.1964865164e-06 8.43011248777e-06 7.97028770515e-06 9.50303576241e-06 1.0116135168e-05
1.0269409791e-05 9.50303576241e-06 9.50303576241e-06 1.11890584427e-05 9.80958500843e-06 9.50303576241e-06 9.0432109798e-06 7.97028770515e-06 9.50303576241e-06 9.80958500843e-06 1.11890584427e-05 1.08825082831e-05 1.08825082831e-05 1.21087070943e-05 1.04226844141e-05 1.18021569347e-05 1.27218055864e-05 1.04226844141e-05 1.0269409791e-05 7.51046383613e-06 1.3028355746e-05 1.10357838197e-05 9.96285963144e-06 1.04226844141e-05 1.08825082831e-05 8.43011248777e-06 1.04226844141e-05 1.13423330657e-05 1.11890584427e-05 7.97028770515e-06 1.04226844141e-05 7.51046383613e-06 1.18021569347e-05 7.05063951031e-06 9.96285963144e-06 1.04226844141e-05 1.08825082831e-05 1.08825082831e-05 1.0269409791e-05 8.88993635679e-06 1.05759590371e-05 7.81701308214e-06 1.04226844141e-05 8.43011248777e-06 1.08825082831e-05 7.97028770515e-06 1.0269409791e-05 8.58338711077e-06 7.51046383613e-06 8.73666173378e-06 9.50303576241e-06
1.05759590371e-05 9.96285963144e-06 9.80958500843e-06 1.16488823117e-05 1.10357838197e-05 9.0432109798e-06 9.80958500843e-06 8.88993635679e-06 9.96285963144e-06 1.14956076887e-05 1.18021569347e-05 1.0116135168e-05 1.21087070943e-05 8.73666173378e-06 1.10357838197e-05 9.50303576241e-06 1.04226844141e-05 8.43011248777e-06 9.96285963144e-06 1.3028355746e-05 9.80958500843e-06 7.51046383613e-06 9.50303576241e-06 1.05759590371e-05 9.50303576241e-06 1.14956076887e-05 9.80958500843e-06 1.04226844141e-05 8.58338711077e-06 8.27683786476e-06 7.66373845913e-06 8.27683786476e-06 1.07292336601e-05 9.1964865164e-06 1.10357838197e-05 1.05759590371e-05 9.65631038542e-06 9.96285963144e-06 9.34976113941e-06 1.16488823117e-05 7.51046383613e-06 1.04226844141e-05 9.65631038542e-06 1.07292336601e-05 1.05759590371e-05 1.18021569347e-05 1.19554315577e-05 9.0432109798e-06 9.0432109798e-06 9.50303576241e-06 7.97028770515e-06
9.80958500843e-06 8.88993635679e-06 1.19554315577e-05 1.08825082831e-05 9.80958500843e-06 9.0432109798e-06 8.88993635679e-06 1.0116135168e-05 9.0432109798e-06 9.96285963144e-06 1.11890584427e-05 1.0269409791e-05 9.0432109798e-06 9.96285963144e-06 9.96285963144e-06 1.10357838197e-05 1.0116135168e-05 1.04226844141e-05 1.04226844141e-05 1.07292336601e-05 1.0116135168e-05 1.08825082831e-05 6.59081518449e-06 9.65631038542e-06 1.19554315577e-05 9.50303576241e-06 1.05759590371e-05 9.0432109798e-06 1.04226844141e-05 9.0432109798e-06 7.66373845913e-06 9.80958500843e-06 8.73666173378e-06 1.0269409791e-05 1.07292336601e-05 8.73666173378e-06 8.58338711077e-06 1.11890584427e-05 1.10357838197e-05 1.04226844141e-05 8.88993635679e-06 1.0116135168e-05 7.81701308214e-06 1.10357838197e-05 9.0432109798e-06 9.34976113941e-06 1.10357838197e-05 1.22619817173e-05 1.18021569347e-05 1.0269409791e-05 1.0116135168e-05
