Example/niche_background/models/RF/normalized_grids/Anolis_coelestinus_1.asc
ncols        743
nrows        319
xllcorner    -74.500956448335
yllcorner    17.448920549066
cellsize     0.008333333333
NODATA_value  -9999
[rows 184 to 206 of 318, columns 450 to 499 of 743]
7.13154864394e-06 5.78233689358e-06 6.55331495458e-06 5.97508126522e-06 6.93880427229e-06 5.58959194751e-06 5.97508126522e-06 5.78233689358e-06 6.36057058294e-06 5.39684757586e-06 5.97508126522e-06 5.78233689358e-06 6.36057058294e-06 5.97508126522e-06 6.74605932622e-06 5.97508126522e-06 6.93880427229e-06 6.74605932622e-06 6.55331495458e-06 6.16782563687e-06 5.39684757586e-06 6.36057058294e-06 5.97508126522e-06 5.97508126522e-06 6.93880427229e-06 6.55331495458e-06 5.97508126522e-06 7.90252670494e-06 1.15646737872e-05 1.15646737872e-05 1.19501625304e-05 1.17574181588e-05 4.04763553829e-06 4.81861388651e-06 4.62586922765e-06 3.66214650779e-06 4.43312485601e-06 5.39684757586e-06 4.62586922765e-06 3.27665747729e-06 4.24038019715e-06 7.32429301558e-06 6.16782563687e-06 3.27665747729e-06 4.04763553829e-06 7.13154864394e-06 4.24038019715e-06 4.24038019715e-06 6.16782563687e-06 5.01135825815e-06
6.55331495458e-06 6.55331495458e-06 8.4807603943e-06 6.36057058294e-06 5.97508126522e-06 6.93880427229e-06 6.36057058294e-06 7.51703738723e-06 5.58959194751e-06 5.39684757586e-06 6.36057058294e-06 5.97508126522e-06 8.67350476594e-06 7.7097823333e-06 6.74605932622e-06 6.36057058294e-06 5.97508126522e-06 5.20410320422e-06 6.55331495458e-06 6.36057058294e-06 6.55331495458e-06 5.78233689358e-06 6.74605932622e-06 6.16782563687e-06 5.58959194751e-06 7.32429301558e-06 5.97508126522e-06 1.09864395234e-05 1.17574181588e-05 1.31066299092e-05 1.23356512737e-05 1.23356512737e-05 6.93880427229e-06 6.55331495458e-06 4.24038019715e-06 6.16782563687e-06 5.97508126522e-06 7.32429301558e-06 6.16782563687e-06 5.97508126522e-06 3.08391281843e-06 7.51703738723e-06 6.74605932622e-06 8.28801602265e-06 8.86624971201e-06 8.4807603943e-06 3.46940213615e-06 3.08391281843e-06 4.04763553829e-06 4.04763553829e-06
1.23356512737e-05 9.2517384553e-06 6.93880427229e-06 6.93880427229e-06 5.58959194751e-06 5.97508126522e-06 7.13154864394e-06 7.13154864394e-06 6.36057058294e-06 6.93880427229e-06 5.58959194751e-06 5.97508126522e-06 6.36057058294e-06 7.13154864394e-06 7.90252670494e-06 5.78233689358e-06 6.16782563687e-06 7.51703738723e-06 6.74605932622e-06 5.97508126522e-06 6.74605932622e-06 7.51703738723e-06 8.28801602265e-06 5.78233689358e-06 8.4807603943e-06 7.51703738723e-06 7.32429301558e-06 1.09864395234e-05 1.13719282667e-05 1.25283956454e-05 1.29138855375e-05 1.09864395234e-05 1.07936951517e-05 4.81861388651e-06 5.58959194751e-06 4.62586922765e-06 6.36057058294e-06 6.55331495458e-06 5.39684757586e-06 5.97508126522e-06 5.01135825815e-06 4.62586922765e-06 3.85489116665e-06 4.24038019715e-06 9.82997214466e-06 4.62586922765e-06 2.89116844679e-06 4.24038019715e-06 5.39684757586e-06 4.04763553829e-06
1.40703529162e-05 1.56123090382e-05 1.31066299092e-05 9.63722777301e-06 8.4807603943e-06 6.55331495458e-06 6.36057058294e-06 6.74605932622e-06 6.74605932622e-06 6.55331495458e-06 7.90252670494e-06 6.74605932622e-06 6.16782563687e-06 5.78233689358e-06 6.55331495458e-06 6.74605932622e-06 6.93880427229e-06 9.05899408366e-06 1.06009507801e-05 6.93880427229e-06 5.20410320422e-06 8.28801602265e-06 1.06009507801e-05 9.05899408366e-06 1.13719282667e-05 7.51703738723e-06 8.4807603943e-06 8.4807603943e-06 1.19501625304e-05 1.21429069021e-05 1.27211411659e-05 1.1179183895e-05 1.07936951517e-05 6.93880427229e-06 5.78233689358e-06 4.81861388651e-06 5.20410320422e-06 6.16782563687e-06 6.36057058294e-06 5.58959194751e-06 5.58959194751e-06 6.74605932622e-06 5.01135825815e-06 3.85489116665e-06 5.97508126522e-06 8.09527107658e-06 4.81861388651e-06 4.81861388651e-06 5.20410320422e-06 5.39684757586e-06
1.27211411659e-05 1.15646737872e-05 9.63722777301e-06 9.63722777301e-06 7.90252670494e-06 7.32429301558e-06 6.36057058294e-06 6.93880427229e-06 5.58959194751e-06 5.20410320422e-06 5.78233689358e-06 6.74605932622e-06 6.16782563687e-06 7.13154864394e-06 5.97508126522e-06 7.90252670494e-06 1.09864395234e-05 8.86624971201e-06 1.15646737872e-05 1.13719282667e-05 6.55331495458e-06 7.7097823333e-06 7.13154864394e-06 1.13719282667e-05 9.05899408366e-06 1.17574181588e-05 1.07936951517e-05 1.09864395234e-05 1.32993742808e-05 1.29138855375e-05 1.15646737872e-05 1.00227165163e-05 1.06009507801e-05 6.55331495458e-06 6.16782563687e-06 5.01135825815e-06 5.20410320422e-06 5.78233689358e-06 6.36057058294e-06 5.78233689358e-06 6.36057058294e-06 5.20410320422e-06 4.43312485601e-06 6.93880427229e-06 8.09527107658e-06 8.28801602265e-06 8.4807603943e-06 4.04763553829e-06 5.01135825815e-06 4.43312485601e-06
1.23356512737e-05 1.1179183895e-05 7.51703738723e-06 7.51703738723e-06 6.36057058294e-06 6.74605932622e-06 1.21429069021e-05 6.16782563687e-06 7.90252670494e-06 7.51703738723e-06 6.55331495458e-06 6.74605932622e-06 6.16782563687e-06 5.97508126522e-06 6.16782563687e-06 8.86624971201e-06 1.15646737872e-05 8.86624971201e-06 9.05899408366e-06 1.19501625304e-05 1.09864395234e-05 1.04082064084e-05 1.07936951517e-05 1.19501625304e-05 1.00227165163e-05 1.15646737872e-05 1.19501625304e-05 1.25283956454e-05 1.31066299092e-05 1.32993742808e-05 1.23356512737e-05 5.58959194751e-06 8.28801602265e-06 5.97508126522e-06 5.97508126522e-06 5.97508126522e-06 6.55331495458e-06 5.58959194751e-06 5.58959194751e-06 4.24038019715e-06 4.04763553829e-06 5.78233689358e-06 8.4807603943e-06 6.93880427229e-06 6.36057058294e-06 6.74605932622e-06 1.36848630241e-05 1.06009507801e-05 3.85489116665e-06 4.04763553829e-06
1.50340747745e-05 1.27211411659e-05 1.29138855375e-05 1.19501625304e-05 1.07936951517e-05 1.17574181588e-05 1.13719282667e-05 5.97508126522e-06 7.7097823333e-06 7.90252670494e-06 1.1179183895e-05 8.09527107658e-06 1.07936951517e-05 8.09527107658e-06 7.13154864394e-06 6.16782563687e-06 7.13154864394e-06 7.32429301558e-06 6.93880427229e-06 1.02154608879e-05 1.13719282667e-05 1.21429069021e-05 1.27211411659e-05 1.27211411659e-05 8.67350476594e-06 5.97508126522e-06 9.63722777301e-06 1.25283956454e-05 1.29138855375e-05 1.27211411659e-05 1.23356512737e-05 8.28801602265e-06 5.20410320422e-06 6.16782563687e-06 5.78233689358e-06 5.39684757586e-06 5.97508126522e-06 5.01135825815e-06 5.58959194751e-06 7.13154864394e-06 6.16782563687e-06 5.58959194751e-06 4.04763553829e-06 6.93880427229e-06 5.20410320422e-06 3.66214650779e-06 6.16782563687e-06 1.25283956454e-05 4.62586922765e-06 4.24038019715e-06
1.44558416595e-05 1.34921186524e-05 1.25283956454e-05 1.04082064084e-05 1.21429069021e-05 1.44558416595e-05 1.13719282667e-05 7.51703738723e-06 7.7097823333e-06 6.93880427229e-06 8.67350476594e-06 1.19501625304e-05 1.27211411659e-05 1.31066299092e-05 1.25283956454e-05 7.7097823333e-06 6.16782563687e-06 1.04082064084e-05 1.09864395234e-05 1.15646737872e-05 9.44448340137e-06 1.19501625304e-05 1.25283956454e-05 1.29138855375e-05 1.29138855375e-05 8.67350476594e-06 5.78233689358e-06 1.00227165163e-05 1.32993742808e-05 1.17574181588e-05 1.13719282667e-05 6.36057058294e-06 5.97508126522e-06 6.16782563687e-06 5.20410320422e-06 5.78233689358e-06 5.58959194751e-06 5.58959194751e-06 6.16782563687e-06 5.01135825815e-06 7.51703738723e-06 4.43312485601e-06 5.97508126522e-06 5.58959194751e-06 5.58959194751e-06 6.55331495458e-06 5.97508126522e-06 1.04082064084e-05 6.36057058294e-06 9.05899408366e-06
1.73470095319e-05 1.48413304028e-05 1.44558416595e-05 1.34921186524e-05 1.50340747745e-05 1.32993742808e-05 1.13719282667e-05 9.82997214466e-06 7.7097823333e-06 7.32429301558e-06 6.16782563687e-06 8.09527107658e-06 1.13719282667e-05 1.36848630241e-05 1.21429069021e-05 8.67350476594e-06 9.05899408366e-06 1.21429069021e-05 1.29138855375e-05 1.34921186524e-05 1.23356512737e-05 1.07936951517e-05 1.06009507801e-05 8.28801602265e-06 1.29138855375e-05 1.48413304028e-05 1.15646737872e-05 9.82997214466e-06 1.52268202949e-05 1.29138855375e-05 1.00227165163e-05 9.2517384553e-06 5.97508126522e-06 6.16782563687e-06 5.78233689358e-06 5.97508126522e-06 5.78233689358e-06 5.58959194751e-06 5.58959194751e-06 5.58959194751e-06 5.58959194751e-06 5.20410320422e-06 6.74605932622e-06 5.78233689358e-06 4.43312485601e-06 3.46940213615e-06 1.02154608879e-05 7.90252670494e-06 1.29138855375e-05 1.40703529162e-05
1.7732499424e-05 1.71542651602e-05 1.75397550524e-05 1.38776085446e-05 1.50340747745e-05 1.46485860312e-05 1.29138855375e-05 1.34921186524e-05 1.27211411659e-05 8.09527107658e-06 1.02154608879e-05 1.40703529162e-05 1.21429069021e-05 1.46485860312e-05 1.32993742808e-05 1.27211411659e-05 1.06009507801e-05 1.27211411659e-05 1.44558416595e-05 1.54195646666e-05 1.34921186524e-05 9.82997214466e-06 7.7097823333e-06 5.39684757586e-06 8.86624971201e-06 1.07936951517e-05 1.38776085446e-05 1.54195646666e-05 1.58050534099e-05 1.59977977815e-05 1.48413304028e-05 1.19501625304e-05 7.51703738723e-06 7.51703738723e-06 7.7097823333e-06 6.36057058294e-06 5.78233689358e-06 6.36057058294e-06 6.36057058294e-06 7.90252670494e-06 5.58959194751e-06 6.55331495458e-06 5.78233689358e-06 5.39684757586e-06 6.16782563687e-06 7.90252670494e-06 7.32429301558e-06 4.62586922765e-06 5.97508126522e-06 9.82997214466e-06
1.73470095319e-05 1.8310732539e-05 1.73470095319e-05 1.69615207886e-05 1.40703529162e-05 1.50340747745e-05 1.48413304028e-05 1.48413304028e-05 1.36848630241e-05 1.36848630241e-05 1.54195646666e-05 1.58050534099e-05 1.38776085446e-05 1.56123090382e-05 1.52268202949e-05 1.54195646666e-05 1.50340747745e-05 1.63832876737e-05 1.59977977815e-05 1.54195646666e-05 1.48413304028e-05 1.07936951517e-05 7.90252670494e-06 7.7097823333e-06 9.2517384553e-06 8.4807603943e-06 1.00227165163e-05 9.63722777301e-06 1.61905421532e-05 1.58050534099e-05 1.48413304028e-05 1.40703529162e-05 9.05899408366e-06 7.32429301558e-06 5.78233689358e-06 6.36057058294e-06 5.20410320422e-06 5.97508126522e-06 6.93880427229e-06 6.93880427229e-06 5.39684757586e-06 5.78233689358e-06 4.81861388651e-06 6.74605932622e-06 5.39684757586e-06 7.51703738723e-06 3.66214650779e-06 6.16782563687e-06 4.62586922765e-06 5.78233689358e-06
1.69615207886e-05 1.71542651602e-05 1.81179881673e-05 1.8310732539e-05 1.73470095319e-05 1.54195646666e-05 1.69615207886e-05 1.63832876737e-05 1.81179881673e-05 1.85034769106e-05 1.8310732539e-05 1.81179881673e-05 1.86962224311e-05 1.86962224311e-05 1.81179881673e-05 1.85034769106e-05 1.81179881673e-05 1.8310732539e-05 1.81179881673e-05 1.59977977815e-05 1.69615207886e-05 1.25283956454e-05 8.67350476594e-06 7.90252670494e-06 7.7097823333e-06 8.09527107658e-06 1.06009507801e-05 1.25283956454e-05 1.58050534099e-05 1.23356512737e-05 1.59977977815e-05 1.17574181588e-05 1.23356512737e-05 9.82997214466e-06 8.09527107658e-06 6.55331495458e-06 5.58959194751e-06 6.74605932622e-06 6.36057058294e-06 6.93880427229e-06 7.32429301558e-06 5.97508126522e-06 6.74605932622e-06 6.74605932622e-06 8.09527107658e-06 4.62586922765e-06 6.16782563687e-06 5.58959194751e-06 6.16782563687e-06 4.62586922765e-06
1.71542651602e-05 1.8310732539e-05 1.8310732539e-05 1.81179881673e-05 1.85034769106e-05 1.8310732539e-05 1.46485860312e-05 1.56123090382e-05 1.7732499424e-05 1.85034769106e-05 1.75397550524e-05 1.85034769106e-05 1.8310732539e-05 1.85034769106e-05 1.86962224311e-05 1.88889668027e-05 1.85034769106e-05 1.81179881673e-05 1.85034769106e-05 1.81179881673e-05 1.56123090382e-05 1.48413304028e-05 1.07936951517e-05 8.4807603943e-06 1.17574181588e-05 8.4807603943e-06 9.63722777301e-06 1.36848630241e-05 1.7732499424e-05 1.58050534099e-05 1.54195646666e-05 1.36848630241e-05 1.61905421532e-05 1.31066299092e-05 8.28801602265e-06 5.78233689358e-06 6.16782563687e-06 5.97508126522e-06 6.16782563687e-06 6.93880427229e-06 7.7097823333e-06 7.51703738723e-06 5.97508126522e-06 6.36057058294e-06 4.62586922765e-06 4.62586922765e-06 5.39684757586e-06 9.05899408366e-06 5.20410320422e-06 6.36057058294e-06
1.81179881673e-05 1.81179881673e-05 1.81179881673e-05 1.86962224311e-05 1.86962224311e-05 1.7732499424e-05 1.81179881673e-05 1.85034769106e-05 1.86962224311e-05 1.8310732539e-05 1.85034769106e-05 1.88889668027e-05 1.86962224311e-05 1.6768776417e-05 1.88889668027e-05 1.86962224311e-05 1.8310732539e-05 1.85034769106e-05 1.73470095319e-05 1.8310732539e-05 1.65760320453e-05 1.52268202949e-05 1.31066299092e-05 9.44448340137e-06 8.28801602265e-06 1.19501625304e-05 1.42630972879e-05 1.02154608879e-05 8.09527107658e-06 1.59977977815e-05 1.54195646666e-05 1.36848630241e-05 1.73470095319e-05 1.23356512737e-05 9.82997214466e-06 9.05899408366e-06 6.16782563687e-06 6.74605932622e-06 5.97508126522e-06 7.7097823333e-06 6.93880427229e-06 5.39684757586e-06 5.58959194751e-06 5.78233689358e-06 6.74605932622e-06 6.36057058294e-06 5.58959194751e-06 7.32429301558e-06 8.4807603943e-06 6.93880427229e-06
1.81179881673e-05 1.85034769106e-05 1.85034769106e-05 1.85034769106e-05 1.81179881673e-05 1.81179881673e-05 1.86962224311e-05 1.88889668027e-05 1.86962224311e-05 1.86962224311e-05 1.79252437957e-05 1.81179881673e-05 1.86962224311e-05 1.81179881673e-05 1.85034769106e-05 1.8310732539e-05 1.86962224311e-05 1.85034769106e-05 1.8310732539e-05 1.59977977815e-05 1.27211411659e-05 1.07936951517e-05 1.54195646666e-05 1.46485860312e-05 1.06009507801e-05 9.63722777301e-06 1.40703529162e-05 1.63832876737e-05 1.36848630241e-05 1.71542651602e-05 1.65760320453e-05 1.73470095319e-05 1.73470095319e-05 1.65760320453e-05 1.48413304028e-05 9.05899408366e-06 1.1179183895e-05 7.7097823333e-06 6.36057058294e-06 6.74605932622e-06 7.13154864394e-06 6.36057058294e-06 6.36057058294e-06 6.36057058294e-06 6.16782563687e-06 6.93880427229e-06 5.78233689358e-06 6.93880427229e-06 7.32429301558e-06 7.32429301558e-06
1.81179881673e-05 1.85034769106e-05 1.7732499424e-05 1.79252437957e-05 1.75397550524e-05 1.88889668027e-05 1.86962224311e-05 1.7732499424e-05 1.79252437957e-05 1.85034769106e-05 1.79252437957e-05 1.8310732539e-05 1.8310732539e-05 1.85034769106e-05 1.85034769106e-05 1.86962224311e-05 1.79252437957e-05 1.8310732539e-05 1.86962224311e-05 1.8310732539e-05 1.71542651602e-05 1.25283956454e-05 1.38776085446e-05 1.59977977815e-05 1.23356512737e-05 8.09527107658e-06 1.06009507801e-05 1.71542651602e-05 1.52268202949e-05 1.61905421532e-05 1.63832876737e-05 1.75397550524e-05 1.73470095319e-05 1.58050534099e-05 1.40703529162e-05 7.51703738723e-06 7.7097823333e-06 7.90252670494e-06 7.32429301558e-06 7.7097823333e-06 6.93880427229e-06 6.36057058294e-06 6.16782563687e-06 6.55331495458e-06 5.97508126522e-06 4.43312485601e-06 4.62586922765e-06 8.4807603943e-06 6.74605932622e-06 6.55331495458e-06
1.85034769106e-05 1.81179881673e-05 1.85034769106e-05 1.85034769106e-05 1.81179881673e-05 1.86962224311e-05 1.86962224311e-05 1.86962224311e-05 1.86962224311e-05 1.86962224311e-05 1.88889668027e-05 1.86962224311e-05 1.85034769106e-05 1.85034769106e-05 1.85034769106e-05 1.85034769106e-05 1.85034769106e-05 1.85034769106e-05 1.86962224311e-05 1.8310732539e-05 1.7732499424e-05 1.50340747745e-05 1.52268202949e-05 1.73470095319e-05 1.50340747745e-05 1.58050534099e-05 1.46485860312e-05 1.71542651602e-05 1.71542651602e-05 1.31066299092e-05 1.54195646666e-05 1.58050534099e-05 1.69615207886e-05 1.65760320453e-05 1.56123090382e-05 1.65760320453e-05 8.86624971201e-06 7.7097823333e-06 7.13154864394e-06 6.93880427229e-06 6.55331495458e-06 7.13154864394e-06 5.97508126522e-06 5.97508126522e-06 7.32429301558e-06 6.74605932622e-06 7.7097823333e-06 5.20410320422e-06 5.78233689358e-06 5.78233689358e-06
1.85034769106e-05 1.85034769106e-05 1.85034769106e-05 1.85034769106e-05 1.86962224311e-05 1.81179881673e-05 1.86962224311e-05 -9999 -9999 -9999 -9999 1.85034769106e-05 1.85034769106e-05 1.79252437957e-05 1.79252437957e-05 1.86962224311e-05 1.85034769106e-05 1.85034769106e-05 1.86962224311e-05 1.86962224311e-05 1.85034769106e-05 1.48413304028e-05 1.25283956454e-05 1.56123090382e-05 1.65760320453e-05 1.65760320453e-05 1.69615207886e-05 1.71542651602e-05 1.69615207886e-05 1.75397550524e-05 1.59977977815e-05 1.59977977815e-05 1.63832876737e-05 1.63832876737e-05 1.65760320453e-05 1.71542651602e-05 1.63832876737e-05 8.09527107658e-06 7.7097823333e-06 7.32429301558e-06 8.67350476594e-06 5.97508126522e-06 6.16782563687e-06 6.74605932622e-06 5.97508126522e-06 7.51703738723e-06 9.2517384553e-06 9.05899408366e-06 6.16782563687e-06 6.16782563687e-06
1.85034769106e-05 1.81179881673e-05 1.8310732539e-05 1.88889668027e-05 1.86962224311e-05 1.86962224311e-05 1.86962224311e-05 -9999 -9999 -9999 -9999 -9999 -9999 -9999 -9999 1.85034769106e-05 -9999 1.86962224311e-05 1.88889668027e-05 1.86962224311e-05 1.86962224311e-05 1.59977977815e-05 1.71542651602e-05 1.71542651602e-05 1.8310732539e-05 1.59977977815e-05 1.54195646666e-05 1.71542651602e-05 1.71542651602e-05 1.71542651602e-05 1.65760320453e-05 1.69615207886e-05 1.59977977815e-05 1.63832876737e-05 1.61905421532e-05 1.61905421532e-05 1.52268202949e-05 1.32993742808e-05 1.29138855375e-05 7.32429301558e-06 5.78233689358e-06 7.51703738723e-06 7.13154864394e-06 5.78233689358e-06 5.78233689358e-06 5.97508126522e-06 9.05899408366e-06 1.34921186524e-05 7.13154864394e-06 6.55331495458e-06
1.7732499424e-05 1.86962224311e-05 1.85034769106e-05 1.85034769106e-05 1.86962224311e-05 -9999 -9999 -9999 -9999 -9999 -9999 -9999 -9999 -9999 -9999 -9999 -9999 -9999 -9999 -9999 1.85034769106e-05 1.79252437957e-05 1.8310732539e-05 1.8310732539e-05 1.81179881673e-05 1.85034769106e-05 1.54195646666e-05 1.8310732539e-05 1.7732499424e-05 1.69615207886e-05 1.63832876737e-05 1.29138855375e-05 1.69615207886e-05 1.63832876737e-05 1.54195646666e-05 1.54195646666e-05 1.59977977815e-05 1.73470095319e-05 1.56123090382e-05 8.4807603943e-06 1.1179183895e-05 7.51703738723e-06 5.39684757586e-06 6.74605932622e-06 5.58959194751e-06 8.09527107658e-06 8.09527107658e-06 1.48413304028e-05 1.34921186524e-05 6.55331495458e-06
1.86962224311e-05 1.86962224311e-05 1.85034769106e-05 1.86962224311e-05 1.86962224311e-05 -9999 -9999 -9999 -9999 -9999 -9999 -9999 -9999 -9999 -9999 -9999 -9999 -9999 -9999 -9999 1.86962224311e-05 1.88889668027e-05 1.86962224311e-05 1.88889668027e-05 1.88889668027e-05 1.86962224311e-05 1.86962224311e-05 1.56123090382e-05 1.6768776417e-05 1.65760320453e-05 1.6768776417e-05 1.71542651602e-05 1.71542651602e-05 1.58050534099e-05 1.59977977815e-05 1.6768776417e-05 1.61905421532e-05 1.65760320453e-05 1.56123090382e-05 1.52268202949e-05 1.25283956454e-05 5.97508126522e-06 5.39684757586e-06 7.90252670494e-06 5.20410320422e-06 6.74605932622e-06 7.90252670494e-06 1.31066299092e-05 1.69615207886e-05 1.59977977815e-05
1.86962224311e-05 1.8310732539e-05 1.85034769106e-05 1.88889668027e-05 1.85034769106e-05 -9999 -9999 -9999 -9999 -9999 -9999 -9999 -9999 -9999 -9999 -9999 -9999 -9999 -9999 -9999 -9999 1.88889668027e-05 1.88889668027e-05 1.88889668027e-05 1.88889668027e-05 1.8310732539e-05 1.86962224311e-05 1.6768776417e-05 1.75397550524e-05 1.69615207886e-05 1.58050534099e-05 1.58050534099e-05 1.65760320453e-05 1.50340747745e-05 1.56123090382e-05 1.61905421532e-05 1.65760320453e-05 1.56123090382e-05 1.63832876737e-05 1.32993742808e-05 7.32429301558e-06 8.09527107658e-06 6.74605932622e-06 7.32429301558e-06 8.4807603943e-06 1.15646737872e-05 6.55331495458e-06 8.4807603943e-06 1.06009507801e-05 1.63832876737e-05
1.86962224311e-05 1.86962224311e-05 1.8310732539e-05 1.85034769106e-05 1.86962224311e-05 1.86962224311e-05 -9999 -9999 -9999 -9999 -9999 -9999 -9999 -9999 -9999 -9999 -9999 -9999 -9999 -9999 -9999 1.88889668027e-05 1.88889668027e-05 1.88889668027e-05 1.88889668027e-05 1.85034769106e-05 1.8310732539e-05 1.59977977815e-05 1.59977977815e-05 1.65760320453e-05 1.56123090382e-05 1.56123090382e-05 1.54195646666e-05 1.52268202949e-05 1.56123090382e-05 1.59977977815e-05 1.6768776417e-05 1.65760320453e-05 1.63832876737e-05 1.34921186524e-05 1.61905421532e-05 1.21429069021e-05 1.04082064084e-05 1.21429069021e-05 1.46485860312e-05 1.27211411659e-05 6.74605932622e-06 6.74605932622e-06 1.1179183895e-05 1.34921186524e-05
