Example/niche_background/models/RF/normalized_grids/Anolis_chlorocyanus.asc
ncols        743
nrows        319
xllcorner    -74.500956448335
yllcorner    17.448920549066
cellsize     0.008333333333
NODATA_value  -9999
[rows 132 to 153 of 318, columns 459 to 509 of 743]
1.3454522304e-05 1.37674178679e-05 1.23593868977e-05 1.39238656499e-05 1.39238656499e-05 1.37674178679e-05 1.31416258075e-05 1.3454522304e-05 1.26722824616e-05 1.31416258075e-05 1.15771470554e-05 1.31416258075e-05 1.20464904013e-05 1.39238656499e-05 1.36109700859e-05 1.37674178679e-05 1.31416258075e-05 1.25158346797e-05 1.3298074522e-05 1.18900426193e-05 1.26722824616e-05 8.76108418253e-06 9.07397974646e-06 8.91753196449e-06 1.01691151527e-05 9.38687624289e-06 9.38687624289e-06 1.18900426193e-05 1.0951354995e-05 1.25158346797e-05 1.15771470554e-05 1.29851780256e-05 1.23593868977e-05 1.23593868977e-05 1.29851780256e-05 1.18900426193e-05 1.18900426193e-05 1.17335948374e-05 1.23593868977e-05 1.00126673707e-05 9.07397974646e-06 1.15771470554e-05 1.22029381833e-05 1.25158346797e-05 1.03255638672e-05 1.03255638672e-05 1.22029381833e-05 6.88370893395e-06 9.69977180682e-06 8.13529212217e-06 1.22029381833e-05
1.3454522304e-05 1.39238656499e-05 1.37674178679e-05 1.23593868977e-05 1.42367621463e-05 1.3298074522e-05 1.39238656499e-05 1.43932099283e-05 1.26722824616e-05 1.04820116491e-05 1.20464904013e-05 1.0951354995e-05 1.00126673707e-05 1.20464904013e-05 1.20464904013e-05 1.37674178679e-05 1.28287302436e-05 1.20464904013e-05 1.36109700859e-05 1.26722824616e-05 1.22029381833e-05 9.07397974646e-06 1.03255638672e-05 1.12642514915e-05 1.15771470554e-05 8.91753196449e-06 1.01691151527e-05 1.22029381833e-05 1.25158346797e-05 1.26722824616e-05 1.3298074522e-05 1.26722824616e-05 1.23593868977e-05 1.40803134318e-05 1.26722824616e-05 1.25158346797e-05 1.3454522304e-05 1.37674178679e-05 1.17335948374e-05 1.25158346797e-05 1.26722824616e-05 1.20464904013e-05 1.20464904013e-05 1.17335948374e-05 1.12642514915e-05 1.00126673707e-05 1.03255638672e-05 1.12642514915e-05 1.00126673707e-05 1.20464904013e-05 1.01691151527e-05
1.42367621463e-05 1.37674178679e-05 1.29851780256e-05 1.37674178679e-05 1.37674178679e-05 1.29851780256e-05 1.3298074522e-05 1.37674178679e-05 1.39238656499e-05 1.26722824616e-05 1.3298074522e-05 1.15771470554e-05 1.26722824616e-05 1.25158346797e-05 1.37674178679e-05 1.37674178679e-05 1.15771470554e-05 1.29851780256e-05 1.25158346797e-05 1.06384594311e-05 1.15771470554e-05 9.54332402485e-06 1.01691151527e-05 7.66594877627e-06 1.03255638672e-05 1.17335948374e-05 8.13529212217e-06 1.26722824616e-05 1.3454522304e-05 1.31416258075e-05 1.29851780256e-05 6.72726115199e-06 1.22029381833e-05 1.18900426193e-05 1.36109700859e-05 1.29851780256e-05 1.17335948374e-05 1.23593868977e-05 1.23593868977e-05 1.20464904013e-05 1.15771470554e-05 1.17335948374e-05 1.20464904013e-05 1.18900426193e-05 1.23593868977e-05 1.15771470554e-05 1.01691151527e-05 1.03255638672e-05 1.03255638672e-05 1.15771470554e-05 1.15771470554e-05
1.39238656499e-05 1.42367621463e-05 1.3454522304e-05 1.42367621463e-05 1.40803134318e-05 1.25158346797e-05 1.42367621463e-05 1.29851780256e-05 1.39238656499e-05 1.3454522304e-05 1.29851780256e-05 1.22029381833e-05 1.01691151527e-05 1.20464904013e-05 1.3454522304e-05 1.31416258075e-05 1.36109700859e-05 1.29851780256e-05 9.07397974646e-06 8.29173990413e-06 8.29173990413e-06 8.29173990413e-06 8.29173990413e-06 1.01691151527e-05 8.13529212217e-06 7.50950052806e-06 1.15771470554e-05 1.22029381833e-05 1.25158346797e-05 1.23593868977e-05 1.39238656499e-05 1.20464904013e-05 7.50950052806e-06 6.25791733984e-06 1.26722824616e-05 1.17335948374e-05 1.25158346797e-05 1.26722824616e-05 1.20464904013e-05 1.17335948374e-05 1.17335948374e-05 1.04820116491e-05 1.22029381833e-05 6.10146909163e-06 9.38687624289e-06 1.20464904013e-05 1.06384594311e-05 1.00126673707e-05 8.91753196449e-06 1.20464904013e-05 8.29173990413e-06
1.42367621463e-05 1.26722824616e-05 1.42367621463e-05 1.39238656499e-05 1.40803134318e-05 1.42367621463e-05 1.28287302436e-05 1.28287302436e-05 1.43932099283e-05 1.42367621463e-05 1.18900426193e-05 1.28287302436e-05 1.42367621463e-05 1.42367621463e-05 1.42367621463e-05 1.28287302436e-05 1.22029381833e-05 9.23042752842e-06 6.88370893395e-06 7.82239655824e-06 1.04820116491e-05 9.54332402485e-06 1.00126673707e-05 8.60463640056e-06 9.23042752842e-06 8.4481886186e-06 6.88370893395e-06 1.25158346797e-05 1.20464904013e-05 1.29851780256e-05 1.45496577102e-05 1.26722824616e-05 1.26722824616e-05 1.3298074522e-05 1.18900426193e-05 1.15771470554e-05 1.26722824616e-05 1.26722824616e-05 1.23593868977e-05 9.85621958878e-06 1.0951354995e-05 1.0951354995e-05 1.23593868977e-05 8.29173990413e-06 6.88370893395e-06 1.12642514915e-05 1.1107802777e-05 1.23593868977e-05 1.0951354995e-05 9.69977180682e-06 8.4481886186e-06
1.39238656499e-05 1.36109700859e-05 1.45496577102e-05 1.28287302436e-05 1.42367621463e-05 1.42367621463e-05 1.40803134318e-05 1.26722824616e-05 1.47061054922e-05 1.42367621463e-05 1.43932099283e-05 1.43932099283e-05 1.42367621463e-05 1.18900426193e-05 1.3454522304e-05 1.39238656499e-05 1.20464904013e-05 1.18900426193e-05 9.07397974646e-06 1.00126673707e-05 1.07949072131e-05 7.35305274609e-06 9.85621958878e-06 8.76108418253e-06 9.85621958878e-06 1.04820116491e-05 8.91753196449e-06 1.15771470554e-05 1.26722824616e-05 1.28287302436e-05 1.22029381833e-05 1.28287302436e-05 1.23593868977e-05 1.18900426193e-05 1.17335948374e-05 1.17335948374e-05 1.20464904013e-05 1.22029381833e-05 1.18900426193e-05 1.14206992734e-05 1.12642514915e-05 1.23593868977e-05 1.22029381833e-05 1.17335948374e-05 9.85621958878e-06 8.91753196449e-06 1.03255638672e-05 1.04820116491e-05 1.0951354995e-05 9.69977180682e-06 9.54332402485e-06
1.28287302436e-05 1.43932099283e-05 1.43932099283e-05 1.42367621463e-05 1.43932099283e-05 1.40803134318e-05 1.28287302436e-05 1.42367621463e-05 1.40803134318e-05 1.28287302436e-05 1.40803134318e-05 1.37674178679e-05 1.3298074522e-05 1.3454522304e-05 1.39238656499e-05 1.23593868977e-05 1.15771470554e-05 1.14206992734e-05 1.23593868977e-05 1.14206992734e-05 1.14206992734e-05 9.23042752842e-06 9.85621958878e-06 8.91753196449e-06 9.69977180682e-06 1.07949072131e-05 7.9788443402e-06 1.23593868977e-05 1.25158346797e-05 1.28287302436e-05 1.26722824616e-05 1.14206992734e-05 1.23593868977e-05 1.26722824616e-05 1.20464904013e-05 1.17335948374e-05 1.23593868977e-05 1.20464904013e-05 1.07949072131e-05 1.20464904013e-05 1.29851780256e-05 1.07949072131e-05 1.07949072131e-05 1.1107802777e-05 1.07949072131e-05 1.15771470554e-05 1.0951354995e-05 1.06384594311e-05 1.22029381833e-05 1.03255638672e-05 1.01691151527e-05
1.29851780256e-05 1.26722824616e-05 1.23593868977e-05 1.23593868977e-05 1.25158346797e-05 1.40803134318e-05 1.31416258075e-05 1.42367621463e-05 1.40803134318e-05 1.39238656499e-05 1.20464904013e-05 1.37674178679e-05 1.3454522304e-05 1.29851780256e-05 1.17335948374e-05 1.1107802777e-05 1.39238656499e-05 1.36109700859e-05 1.42367621463e-05 1.29851780256e-05 1.37674178679e-05 9.85621958878e-06 1.00126673707e-05 1.31416258075e-05 8.76108418253e-06 1.06384594311e-05 7.35305274609e-06 1.3298074522e-05 1.31416258075e-05 1.26722824616e-05 1.23593868977e-05 1.15771470554e-05 1.23593868977e-05 1.17335948374e-05 1.12642514915e-05 1.17335948374e-05 1.3298074522e-05 1.14206992734e-05 1.22029381833e-05 1.0951354995e-05 1.0951354995e-05 1.14206992734e-05 1.1107802777e-05 1.18900426193e-05 1.14206992734e-05 1.0951354995e-05 1.00126673707e-05 1.12642514915e-05 1.15771470554e-05 1.06384594311e-05 9.85621958878e-06
1.42367621463e-05 1.40803134318e-05 1.29851780256e-05 1.43932099283e-05 1.43932099283e-05 1.36109700859e-05 1.42367621463e-05 1.40803134318e-05 1.37674178679e-05 1.40803134318e-05 1.23593868977e-05 1.29851780256e-05 1.07949072131e-05 1.20464904013e-05 1.29851780256e-05 1.1107802777e-05 1.0951354995e-05 1.1107802777e-05 1.12642514915e-05 1.40803134318e-05 1.3454522304e-05 1.0951354995e-05 9.23042752842e-06 1.20464904013e-05 8.4481886186e-06 1.17335948374e-05 5.94502130966e-06 1.17335948374e-05 1.3298074522e-05 1.31416258075e-05 1.15771470554e-05 1.20464904013e-05 1.1107802777e-05 1.1107802777e-05 1.1107802777e-05 1.12642514915e-05 1.22029381833e-05 1.12642514915e-05 1.07949072131e-05 1.12642514915e-05 1.20464904013e-05 1.25158346797e-05 1.14206992734e-05 1.12642514915e-05 1.17335948374e-05 1.06384594311e-05 1.07949072131e-05 1.15771470554e-05 1.1107802777e-05 9.85621958878e-06 1.03255638672e-05
1.23593868977e-05 1.25158346797e-05 1.42367621463e-05 1.45496577102e-05 1.43932099283e-05 1.42367621463e-05 1.36109700859e-05 1.23593868977e-05 1.37674178679e-05 1.0951354995e-05 1.37674178679e-05 1.23593868977e-05 1.15771470554e-05 1.1107802777e-05 1.18900426193e-05 1.12642514915e-05 1.14206992734e-05 1.17335948374e-05 1.1107802777e-05 1.14206992734e-05 1.15771470554e-05 9.23042752842e-06 1.07949072131e-05 1.01691151527e-05 1.1107802777e-05 8.91753196449e-06 9.07397974646e-06 1.20464904013e-05 1.29851780256e-05 1.20464904013e-05 1.1107802777e-05 1.22029381833e-05 1.17335948374e-05 1.12642514915e-05 1.22029381833e-05 1.12642514915e-05 1.14206992734e-05 1.26722824616e-05 1.22029381833e-05 1.20464904013e-05 1.25158346797e-05 1.14206992734e-05 1.22029381833e-05 1.15771470554e-05 1.14206992734e-05 1.06384594311e-05 1.14206992734e-05 1.01691151527e-05 1.03255638672e-05 1.03255638672e-05 9.85621958878e-06
1.42367621463e-05 1.45496577102e-05 1.20464904013e-05 1.39238656499e-05 1.25158346797e-05 1.40803134318e-05 1.40803134318e-05 1.45496577102e-05 1.23593868977e-05 1.36109700859e-05 1.22029381833e-05 1.31416258075e-05 1.3298074522e-05 1.26722824616e-05 1.26722824616e-05 1.29851780256e-05 1.28287302436e-05 1.28287302436e-05 1.22029381833e-05 1.17335948374e-05 1.42367621463e-05 1.37674178679e-05 1.14206992734e-05 8.4481886186e-06 9.85621958878e-06 1.1107802777e-05 6.72726115199e-06 1.23593868977e-05 1.3454522304e-05 1.3298074522e-05 1.18900426193e-05 1.17335948374e-05 1.12642514915e-05 1.14206992734e-05 1.0951354995e-05 1.14206992734e-05 1.1107802777e-05 1.22029381833e-05 1.31416258075e-05 1.23593868977e-05 1.03255638672e-05 1.20464904013e-05 7.50950052806e-06 1.18900426193e-05 1.12642514915e-05 1.06384594311e-05 1.14206992734e-05 1.04820116491e-05 1.0951354995e-05 1.07949072131e-05 1.04820116491e-05
1.47061054922e-05 1.43932099283e-05 1.45496577102e-05 1.23593868977e-05 1.22029381833e-05 1.39238656499e-05 1.26722824616e-05 1.47061054922e-05 1.45496577102e-05 1.22029381833e-05 1.3454522304e-05 1.17335948374e-05 1.23593868977e-05 1.18900426193e-05 1.31416258075e-05 1.3454522304e-05 1.40803134318e-05 1.23593868977e-05 1.23593868977e-05 1.39238656499e-05 1.28287302436e-05 1.29851780256e-05 1.04820116491e-05 1.14206992734e-05 8.91753196449e-06 9.69977180682e-06 8.76108418253e-06 1.18900426193e-05 1.15771470554e-05 1.18900426193e-05 1.3298074522e-05 1.15771470554e-05 1.18900426193e-05 1.23593868977e-05 1.12642514915e-05 1.12642514915e-05 1.12642514915e-05 1.1107802777e-05 6.72726115199e-06 9.38687624289e-06 6.41436512181e-06 7.66594877627e-06 9.38687624289e-06 9.38687624289e-06 9.54332402485e-06 1.1107802777e-05 1.12642514915e-05 1.12642514915e-05 1.1107802777e-05 1.03255638672e-05 1.03255638672e-05
1.15771470554e-05 1.23593868977e-05 1.20464904013e-05 1.14206992734e-05 1.1107802777e-05 1.23593868977e-05 1.28287302436e-05 1.25158346797e-05 1.43932099283e-05 1.28287302436e-05 1.25158346797e-05 1.3298074522e-05 1.28287302436e-05 1.37674178679e-05 1.26722824616e-05 1.25158346797e-05 1.29851780256e-05 1.3298074522e-05 1.00126673707e-05 1.39238656499e-05 1.40803134318e-05 8.13529212217e-06 8.29173990413e-06 8.4481886186e-06 1.01691151527e-05 7.35305274609e-06 9.54332402485e-06 1.26722824616e-05 1.25158346797e-05 1.15771470554e-05 1.25158346797e-05 1.28287302436e-05 1.20464904013e-05 1.17335948374e-05 1.15771470554e-05 1.18900426193e-05 1.1107802777e-05 1.14206992734e-05 1.18900426193e-05 6.57081290377e-06 7.50950052806e-06 9.85621958878e-06 1.26722824616e-05 9.38687624289e-06 1.12642514915e-05 1.15771470554e-05 1.12642514915e-05 1.12642514915e-05 1.01691151527e-05 1.00126673707e-05 1.00126673707e-05
1.28287302436e-05 1.42367621463e-05 1.28287302436e-05 1.20464904013e-05 1.42367621463e-05 1.40803134318e-05 1.23593868977e-05 1.40803134318e-05 1.28287302436e-05 1.42367621463e-05 1.23593868977e-05 1.42367621463e-05 1.43932099283e-05 8.76108418253e-06 7.19660496413e-06 6.25791733984e-06 5.94502130966e-06 8.29173990413e-06 1.04820116491e-05 8.4481886186e-06 9.23042752842e-06 8.76108418253e-06 1.01691151527e-05 9.07397974646e-06 7.9788443402e-06 1.14206992734e-05 1.29851780256e-05 1.3298074522e-05 1.22029381833e-05 1.14206992734e-05 1.15771470554e-05 1.20464904013e-05 1.17335948374e-05 1.12642514915e-05 1.1107802777e-05 1.25158346797e-05 1.12642514915e-05 1.14206992734e-05 1.20464904013e-05 7.04015671591e-06 7.66594877627e-06 9.54332402485e-06 9.07397974646e-06 9.38687624289e-06 1.14206992734e-05 1.0951354995e-05 1.07949072131e-05 1.23593868977e-05 1.14206992734e-05 1.1107802777e-05 1.23593868977e-05
1.29851780256e-05 1.22029381833e-05 1.25158346797e-05 1.40803134318e-05 1.43932099283e-05 1.25158346797e-05 1.29851780256e-05 1.29851780256e-05 1.3454522304e-05 7.82239655824e-06 8.76108418253e-06 8.60463640056e-06 8.13529212217e-06 1.12642514915e-05 9.69977180682e-06 9.54332402485e-06 1.18900426193e-05 1.1107802777e-05 1.0951354995e-05 1.1107802777e-05 7.82239655824e-06 1.1107802777e-05 9.69977180682e-06 1.25158346797e-05 7.50950052806e-06 1.12642514915e-05 1.14206992734e-05 1.17335948374e-05 1.17335948374e-05 1.18900426193e-05 1.14206992734e-05 1.20464904013e-05 1.23593868977e-05 1.23593868977e-05 1.15771470554e-05 1.15771470554e-05 1.18900426193e-05 1.12642514915e-05 1.17335948374e-05 1.25158346797e-05 8.13529212217e-06 7.50950052806e-06 9.07397974646e-06 1.18900426193e-05 1.17335948374e-05 1.26722824616e-05 1.0951354995e-05 1.12642514915e-05 1.25158346797e-05 1.17335948374e-05 1.06384594311e-05
1.12642514915e-05 1.26722824616e-05 1.43932099283e-05 1.29851780256e-05 1.40803134318e-05 1.42367621463e-05 1.12642514915e-05 1.14206992734e-05 1.29851780256e-05 1.15771470554e-05 1.31416258075e-05 1.39238656499e-05 1.28287302436e-05 8.29173990413e-06 1.28287302436e-05 1.01691151527e-05 1.0951354995e-05 9.23042752842e-06 1.18900426193e-05 1.00126673707e-05 1.22029381833e-05 6.10146909163e-06 8.29173990413e-06 7.9788443402e-06 6.41436512181e-06 7.35305274609e-06 8.4481886186e-06 1.0951354995e-05 1.12642514915e-05 1.22029381833e-05 7.04015671591e-06 7.04015671591e-06 6.25791733984e-06 8.60463640056e-06 1.28287302436e-05 1.15771470554e-05 1.15771470554e-05 1.22029381833e-05 1.18900426193e-05 1.20464904013e-05 1.17335948374e-05 1.25158346797e-05 9.85621958878e-06 1.1107802777e-05 1.20464904013e-05 1.03255638672e-05 8.29173990413e-06 1.20464904013e-05 7.66594877627e-06 7.35305274609e-06 8.60463640056e-06
1.39238656499e-05 1.37674178679e-05 1.40803134318e-05 1.43932099283e-05 1.12642514915e-05 1.39238656499e-05 1.1107802777e-05 1.1107802777e-05 1.26722824616e-05 1.39238656499e-05 1.43932099283e-05 1.29851780256e-05 8.13529212217e-06 1.22029381833e-05 1.42367621463e-05 1.39238656499e-05 1.1107802777e-05 1.03255638672e-05 8.29173990413e-06 7.04015671591e-06 1.01691151527e-05 1.01691151527e-05 9.23042752842e-06 1.03255638672e-05 1.17335948374e-05 9.85621958878e-06 7.50950052806e-06 1.07949072131e-05 1.0951354995e-05 1.07949072131e-05 7.35305274609e-06 6.57081290377e-06 7.19660496413e-06 1.23593868977e-05 1.20464904013e-05 1.22029381833e-05 1.17335948374e-05 1.15771470554e-05 1.0951354995e-05 1.26722824616e-05 1.28287302436e-05 1.17335948374e-05 1.18900426193e-05 1.0951354995e-05 9.54332402485e-06 7.50950052806e-06 8.91753196449e-06 9.07397974646e-06 1.1107802777e-05 8.29173990413e-06 8.4481886186e-06
1.3298074522e-05 1.12642514915e-05 1.22029381833e-05 1.37674178679e-05 1.43932099283e-05 1.43932099283e-05 1.40803134318e-05 1.1107802777e-05 1.22029381833e-05 1.42367621463e-05 1.47061054922e-05 1.48625532742e-05 1.06384594311e-05 1.40803134318e-05 1.20464904013e-05 1.45496577102e-05 9.07397974646e-06 9.07397974646e-06 9.69977180682e-06 1.12642514915e-05 8.76108418253e-06 7.19660496413e-06 7.35305274609e-06 9.07397974646e-06 7.35305274609e-06 9.07397974646e-06 6.72726115199e-06 7.04015671591e-06 8.76108418253e-06 1.1107802777e-05 5.94502130966e-06 1.1107802777e-05 7.04015671591e-06 7.9788443402e-06 1.17335948374e-05 1.18900426193e-05 1.18900426193e-05 1.20464904013e-05 1.28287302436e-05 1.20464904013e-05 1.17335948374e-05 1.26722824616e-05 1.3454522304e-05 1.20464904013e-05 1.15771470554e-05 9.23042752842e-06 7.9788443402e-06 8.91753196449e-06 9.69977180682e-06 9.69977180682e-06 7.82239655824e-06
1.23593868977e-05 1.18900426193e-05 1.3454522304e-05 1.12642514915e-05 1.18900426193e-05 1.17335948374e-05 1.3298074522e-05 1.12642514915e-05 1.1107802777e-05 1.28287302436e-05 1.43932099283e-05 1.47061054922e-05 1.48625532742e-05 1.20464904013e-05 1.28287302436e-05 1.29851780256e-05 1.3298074522e-05 1.25158346797e-05 1.15771470554e-05 1.07949072131e-05 1.03255638672e-05 1.20464904013e-05 7.9788443402e-06 1.12642514915e-05 9.38687624289e-06 1.14206992734e-05 6.72726115199e-06 9.38687624289e-06 1.12642514915e-05 1.14206992734e-05 9.69977180682e-06 8.91753196449e-06 7.04015671591e-06 1.20464904013e-05 1.23593868977e-05 1.23593868977e-05 1.20464904013e-05 1.18900426193e-05 1.15771470554e-05 1.26722824616e-05 1.20464904013e-05 1.3298074522e-05 1.1107802777e-05 1.03255638672e-05 1.20464904013e-05 8.91753196449e-06 9.23042752842e-06 7.35305274609e-06 9.07397974646e-06 1.03255638672e-05 7.9788443402e-06
1.40803134318e-05 1.22029381833e-05 1.36109700859e-05 1.0951354995e-05 1.12642514915e-05 1.37674178679e-05 1.0951354995e-05 1.17335948374e-05 1.40803134318e-05 1.42367621463e-05 1.40803134318e-05 1.43932099283e-05 1.31416258075e-05 1.42367621463e-05 1.43932099283e-05 1.42367621463e-05 1.47061054922e-05 1.43932099283e-05 8.76108418253e-06 9.54332402485e-06 1.12642514915e-05 1.15771470554e-05 8.76108418253e-06 1.17335948374e-05 1.17335948374e-05 1.01691151527e-05 1.22029381833e-05 9.85621958878e-06 9.54332402485e-06 1.06384594311e-05 1.06384594311e-05 6.72726115199e-06 5.7885735277e-06 6.25791733984e-06 6.88370893395e-06 1.14206992734e-05 1.20464904013e-05 1.17335948374e-05 1.12642514915e-05 9.54332402485e-06 1.06384594311e-05 1.00126673707e-05 1.14206992734e-05 1.0951354995e-05 7.04015671591e-06 8.60463640056e-06 7.66594877627e-06 8.76108418253e-06 9.38687624289e-06 8.91753196449e-06 8.60463640056e-06
1.12642514915e-05 1.39238656499e-05 1.23593868977e-05 1.0951354995e-05 1.1107802777e-05 1.31416258075e-05 1.14206992734e-05 1.07949072131e-05 1.28287302436e-05 1.22029381833e-05 1.17335948374e-05 1.40803134318e-05 1.25158346797e-05 1.23593868977e-05 1.26722824616e-05 1.18900426193e-05 1.28287302436e-05 1.43932099283e-05 1.1107802777e-05 1.04820116491e-05 9.69977180682e-06 1.20464904013e-05 7.35305274609e-06 1.18900426193e-05 1.03255638672e-05 1.18900426193e-05 8.13529212217e-06 1.23593868977e-05 1.03255638672e-05 1.07949072131e-05 1.1107802777e-05 1.01691151527e-05 1.0951354995e-05 9.38687624289e-06 7.04015671591e-06 1.03255638672e-05 9.69977180682e-06 8.60463640056e-06 7.66594877627e-06 1.0951354995e-05 1.20464904013e-05 1.0951354995e-05 7.04015671591e-06 6.57081290377e-06 7.66594877627e-06 7.04015671591e-06 7.82239655824e-06 9.23042752842e-06 7.04015671591e-06 6.41436512181e-06 8.76108418253e-06
1.3454522304e-05 1.17335948374e-05 1.29851780256e-05 1.26722824616e-05 1.07949072131e-05 1.22029381833e-05 1.0951354995e-05 1.25158346797e-05 1.1107802777e-05 1.14206992734e-05 1.14206992734e-05 1.37674178679e-05 1.22029381833e-05 1.01691151527e-05 1.28287302436e-05 1.28287302436e-05 1.31416258075e-05 1.28287302436e-05 1.23593868977e-05 1.43932099283e-05 1.14206992734e-05 1.0951354995e-05 8.91753196449e-06 9.23042752842e-06 9.54332402485e-06 1.14206992734e-05 8.4481886186e-06 1.17335948374e-05 9.69977180682e-06 1.00126673707e-05 1.3298074522e-05 1.17335948374e-05 1.22029381833e-05 8.4481886186e-06 6.72726115199e-06 7.19660496413e-06 8.76108418253e-06 1.03255638672e-05 1.06384594311e-05 9.69977180682e-06 1.0951354995e-05 1.06384594311e-05 1.1107802777e-05 9.54332402485e-06 8.91753196449e-06 8.29173990413e-06 7.19660496413e-06 7.19660496413e-06 7.66594877627e-06 1.03255638672e-05 9.23042752842e-06
