Example/niche_background/models/RF/normalized_grids/Anolis_coelestinus.asc
ncols        743
nrows        319
xllcorner    -74.500956448335
yllcorner    17.448920549066
cellsize     0.008333333333
NODATA_value  -9999
[rows 110 to 131 of 318, columns 510 to 560 of 743]
1.07253465787e-05 1.07253465787e-05 1.01065771512e-05 8.25026702455e-06 9.07529354259e-06 1.01065771512e-05 1.0312833627e-05 1.01065771512e-05 1.0312833627e-05 1.07253465787e-05 1.0312833627e-05 1.05190901028e-05 1.0312833627e-05 1.07253465787e-05 1.05190901028e-05 1.05190901028e-05 1.05190901028e-05 8.25026702455e-06 1.01065771512e-05 8.04400993402e-06 8.04400993402e-06 7.4252405065e-06 6.80647046429e-06 4.95016003032e-06 7.4252405065e-06 7.4252405065e-06 5.36267328934e-06 4.74390355448e-06 5.36267328934e-06 4.5376467713e-06 6.80647046429e-06 6.18770042208e-06 7.21898341597e-06 8.04400993402e-06 1.07253465787e-05 9.90032006064e-06 1.11378607598e-05 1.21691431389e-05 1.34066832234e-05 1.4850481013e-05 1.38191974044e-05 1.4850481013e-05 1.42317103561e-05 1.36129409286e-05 1.42317103561e-05 1.40254538803e-05 1.44379668319e-05 1.42317103561e-05 1.42317103561e-05 1.36129409286e-05 1.40254538803e-05
1.07253465787e-05 1.05190901028e-05 1.01065771512e-05 1.01065771512e-05 1.01065771512e-05 1.11378607598e-05 1.11378607598e-05 1.01065771512e-05 1.05190901028e-05 1.01065771512e-05 1.05190901028e-05 1.01065771512e-05 1.01065771512e-05 1.01065771512e-05 9.90032006064e-06 1.01065771512e-05 1.01065771512e-05 1.05190901028e-05 8.86903706676e-06 8.86903706676e-06 8.04400993402e-06 7.63149698234e-06 8.04400993402e-06 7.4252405065e-06 7.63149698234e-06 4.74390355448e-06 4.95016003032e-06 4.74390355448e-06 4.74390355448e-06 4.74390355448e-06 7.01272694013e-06 5.98144333155e-06 7.01272694013e-06 7.4252405065e-06 7.4252405065e-06 9.6940635848e-06 9.90032006064e-06 1.27879137958e-05 1.40254538803e-05 1.38191974044e-05 1.4850481013e-05 1.42317103561e-05 1.38191974044e-05 1.38191974044e-05 1.4850481013e-05 1.42317103561e-05 1.40254538803e-05 1.36129409286e-05 1.40254538803e-05 1.46442233078e-05 1.34066832234e-05
1.05190901028e-05 9.90032006064e-06 1.0312833627e-05 1.0312833627e-05 1.0312833627e-05 1.07253465787e-05 1.07253465787e-05 1.05190901028e-05 1.0312833627e-05 1.01065771512e-05 9.90032006064e-06 1.07253465787e-05 1.05190901028e-05 1.07253465787e-05 1.07253465787e-05 1.05190901028e-05 1.07253465787e-05 1.07253465787e-05 8.04400993402e-06 8.86903706676e-06 8.25026702455e-06 9.90032006064e-06 7.01272694013e-06 7.01272694013e-06 5.98144333155e-06 5.77518685571e-06 5.56893037988e-06 4.95016003032e-06 4.74390355448e-06 4.74390355448e-06 4.5376467713e-06 4.5376467713e-06 7.21898341597e-06 8.25026702455e-06 8.86903706676e-06 8.86903706676e-06 1.23754008442e-05 1.21691431389e-05 1.29941702717e-05 1.29941702717e-05 1.38191974044e-05 1.54692504405e-05 1.58817633922e-05 1.8356843561e-05 1.58817633922e-05 1.4850481013e-05 1.38191974044e-05 1.38191974044e-05 1.42317103561e-05 1.46442233078e-05 1.38191974044e-05
1.07253465787e-05 1.07253465787e-05 1.0312833627e-05 1.11378607598e-05 1.09316030545e-05 1.05190901028e-05 1.05190901028e-05 1.0312833627e-05 1.01065771512e-05 8.86903706676e-06 9.90032006064e-06 9.90032006064e-06 1.01065771512e-05 1.01065771512e-05 1.07253465787e-05 1.01065771512e-05 1.05190901028e-05 8.25026702455e-06 1.0312833627e-05 8.04400993402e-06 1.01065771512e-05 7.63149698234e-06 5.98144333155e-06 5.77518685571e-06 4.95016003032e-06 4.74390355448e-06 5.56893037988e-06 4.74390355448e-06 4.74390355448e-06 4.74390355448e-06 7.4252405065e-06 8.04400993402e-06 7.4252405065e-06 5.56893037988e-06 8.25026702455e-06 9.90032006064e-06 1.15503737114e-05 1.19628866631e-05 1.29941702717e-05 1.29941702717e-05 1.34066832234e-05 1.38191974044e-05 1.69130470008e-05 1.62942775733e-05 1.71193034766e-05 1.46442233078e-05 1.38191974044e-05 1.40254538803e-05 1.34066832234e-05 1.36129409286e-05 1.36129409286e-05
1.0312833627e-05 1.0312833627e-05 1.13441172356e-05 1.13441172356e-05 1.07253465787e-05 1.01065771512e-05 9.90032006064e-06 8.45652350039e-06 8.04400993402e-06 8.04400993402e-06 8.25026702455e-06 8.25026702455e-06 1.01065771512e-05 9.90032006064e-06 1.0312833627e-05 1.01065771512e-05 7.4252405065e-06 8.04400993402e-06 8.86903706676e-06 7.4252405065e-06 7.01272694013e-06 7.21898341597e-06 5.56893037988e-06 7.21898341597e-06 5.56893037988e-06 5.36267328934e-06 5.15641681351e-06 4.74390355448e-06 4.74390355448e-06 7.01272694013e-06 7.21898341597e-06 7.4252405065e-06 7.63149698234e-06 8.25026702455e-06 7.83775345818e-06 1.0312833627e-05 1.29941702717e-05 1.21691431389e-05 1.34066832234e-05 1.32004267475e-05 1.29941702717e-05 1.44379668319e-05 1.56755069164e-05 1.36129409286e-05 1.40254538803e-05 1.52629939647e-05 1.42317103561e-05 1.38191974044e-05 1.34066832234e-05 1.36129409286e-05 1.36129409286e-05
1.0312833627e-05 1.0312833627e-05 1.07253465787e-05 1.11378607598e-05 1.07253465787e-05 1.07253465787e-05 8.25026702455e-06 8.25026702455e-06 9.90032006064e-06 1.01065771512e-05 1.01065771512e-05 1.01065771512e-05 1.01065771512e-05 1.01065771512e-05 8.86903706676e-06 8.04400993402e-06 7.63149698234e-06 8.86903706676e-06 7.83775345818e-06 8.04400993402e-06 7.01272694013e-06 5.98144333155e-06 5.98144333155e-06 7.21898341597e-06 5.77518685571e-06 4.74390355448e-06 5.98144333155e-06 4.95016003032e-06 4.74390355448e-06 4.74390355448e-06 6.60021337376e-06 7.21898341597e-06 7.83775345818e-06 7.83775345818e-06 9.07529354259e-06 1.15503737114e-05 1.34066832234e-05 1.56755069164e-05 1.77380741335e-05 1.36129409286e-05 1.27879137958e-05 1.32004267475e-05 1.58817633922e-05 1.56755069164e-05 1.34066832234e-05 1.52629939647e-05 1.50567374888e-05 1.38191974044e-05 1.34066832234e-05 1.34066832234e-05 1.38191974044e-05
1.01065771512e-05 1.07253465787e-05 1.0312833627e-05 9.90032006064e-06 9.07529354259e-06 1.0312833627e-05 1.01065771512e-05 1.0312833627e-05 1.0312833627e-05 1.0312833627e-05 1.05190901028e-05 1.01065771512e-05 1.01065771512e-05 1.01065771512e-05 1.01065771512e-05 9.90032006064e-06 1.01065771512e-05 9.90032006064e-06 1.01065771512e-05 7.63149698234e-06 7.63149698234e-06 8.25026702455e-06 6.80647046429e-06 7.21898341597e-06 6.80647046429e-06 5.77518685571e-06 5.77518685571e-06 5.36267328934e-06 5.36267328934e-06 4.74390355448e-06 4.33138998811e-06 7.63149698234e-06 5.36267328934e-06 5.98144333155e-06 9.07529354259e-06 9.48780710896e-06 1.05190901028e-05 1.38191974044e-05 1.46442233078e-05 1.32004267475e-05 1.34066832234e-05 1.6088019868e-05 1.54692504405e-05 1.6088019868e-05 1.46442233078e-05 1.52629939647e-05 1.54692504405e-05 1.42317103561e-05 1.42317103561e-05 1.38191974044e-05 1.36129409286e-05
1.01065771512e-05 1.0312833627e-05 1.05190901028e-05 1.0312833627e-05 1.07253465787e-05 1.0312833627e-05 1.01065771512e-05 9.90032006064e-06 1.01065771512e-05 1.01065771512e-05 1.01065771512e-05 1.01065771512e-05 1.01065771512e-05 1.01065771512e-05 8.86903706676e-06 1.01065771512e-05 7.63149698234e-06 1.01065771512e-05 7.83775345818e-06 7.4252405065e-06 7.01272694013e-06 7.63149698234e-06 7.01272694013e-06 7.01272694013e-06 5.77518685571e-06 4.33138998811e-06 7.63149698234e-06 5.98144333155e-06 4.5376467713e-06 4.5376467713e-06 4.5376467713e-06 4.74390355448e-06 6.39395689792e-06 9.28155001843e-06 8.66277997622e-06 8.66277997622e-06 9.07529354259e-06 1.17566301873e-05 1.21691431389e-05 1.17566301873e-05 1.32004267475e-05 1.6088019868e-05 1.65005340491e-05 1.6088019868e-05 1.46442233078e-05 1.85631000369e-05 1.6088019868e-05 1.58817633922e-05 1.46442233078e-05 1.40254538803e-05 1.34066832234e-05
1.07253465787e-05 1.07253465787e-05 1.0312833627e-05 1.01065771512e-05 9.90032006064e-06 8.25026702455e-06 9.90032006064e-06 1.01065771512e-05 8.04400993402e-06 8.86903706676e-06 8.04400993402e-06 1.01065771512e-05 8.86903706676e-06 7.4252405065e-06 8.04400993402e-06 7.63149698234e-06 1.01065771512e-05 5.56893037988e-06 8.04400993402e-06 7.21898341597e-06 7.4252405065e-06 7.01272694013e-06 6.60021337376e-06 5.36267328934e-06 6.80647046429e-06 6.60021337376e-06 7.63149698234e-06 9.28155001843e-06 7.83775345818e-06 6.18770042208e-06 7.01272694013e-06 5.56893037988e-06 5.77518685571e-06 5.15641681351e-06 7.4252405065e-06 5.77518685571e-06 9.07529354259e-06 1.19628866631e-05 1.07253465787e-05 1.27879137958e-05 1.34066832234e-05 1.34066832234e-05 1.6088019868e-05 1.42317103561e-05 1.79443306093e-05 1.4850481013e-05 1.52629939647e-05 1.65005340491e-05 1.52629939647e-05 1.65005340491e-05 1.52629939647e-05
1.01065771512e-05 1.01065771512e-05 1.01065771512e-05 1.01065771512e-05 9.90032006064e-06 1.01065771512e-05 9.90032006064e-06 1.01065771512e-05 8.04400993402e-06 7.63149698234e-06 7.4252405065e-06 8.04400993402e-06 1.01065771512e-05 7.63149698234e-06 7.63149698234e-06 7.01272694013e-06 8.86903706676e-06 7.63149698234e-06 8.04400993402e-06 7.01272694013e-06 7.01272694013e-06 8.45652350039e-06 7.83775345818e-06 4.95016003032e-06 8.25026702455e-06 5.56893037988e-06 7.21898341597e-06 4.95016003032e-06 5.77518685571e-06 5.77518685571e-06 5.36267328934e-06 5.36267328934e-06 5.36267328934e-06 4.95016003032e-06 3.91887672909e-06 4.95016003032e-06 7.21898341597e-06 1.29941702717e-05 1.6088019868e-05 8.86903706676e-06 6.18770042208e-06 8.86903706676e-06 8.86903706676e-06 8.45652350039e-06 9.07529354259e-06 1.11378607598e-05 1.42317103561e-05 1.52629939647e-05 1.4850481013e-05 1.56755069164e-05 1.4850481013e-05
1.0312833627e-05 9.90032006064e-06 7.4252405065e-06 1.01065771512e-05 8.86903706676e-06 1.01065771512e-05 1.01065771512e-05 8.25026702455e-06 1.01065771512e-05 8.04400993402e-06 1.01065771512e-05 1.01065771512e-05 7.4252405065e-06 8.86903706676e-06 6.80647046429e-06 7.4252405065e-06 7.63149698234e-06 7.63149698234e-06 7.63149698234e-06 7.21898341597e-06 7.01272694013e-06 7.63149698234e-06 7.01272694013e-06 6.80647046429e-06 5.15641681351e-06 6.18770042208e-06 5.98144333155e-06 5.36267328934e-06 9.07529354259e-06 4.74390355448e-06 4.95016003032e-06 5.56893037988e-06 7.4252405065e-06 5.36267328934e-06 4.33138998811e-06 5.36267328934e-06 5.15641681351e-06 4.95016003032e-06 1.62942775733e-05 1.42317103561e-05 1.71193034766e-05 7.21898341597e-06 9.07529354259e-06 9.6940635848e-06 9.07529354259e-06 1.09316030545e-05 8.45652350039e-06 9.28155001843e-06 1.40254538803e-05 1.36129409286e-05 1.4850481013e-05
1.01065771512e-05 1.01065771512e-05 1.0312833627e-05 1.07253465787e-05 1.01065771512e-05 1.01065771512e-05 8.25026702455e-06 8.04400993402e-06 8.86903706676e-06 9.90032006064e-06 1.01065771512e-05 7.4252405065e-06 1.01065771512e-05 7.21898341597e-06 7.4252405065e-06 6.60021337376e-06 6.80647046429e-06 7.4252405065e-06 7.83775345818e-06 7.63149698234e-06 8.04400993402e-06 7.63149698234e-06 7.4252405065e-06 8.25026702455e-06 7.83775345818e-06 6.80647046429e-06 7.63149698234e-06 8.86903706676e-06 9.6940635848e-06 9.28155001843e-06 8.04400993402e-06 8.04400993402e-06 5.77518685571e-06 8.04400993402e-06 5.15641681351e-06 9.28155001843e-06 4.95016003032e-06 4.5376467713e-06 4.33138998811e-06 4.5376467713e-06 1.71193034766e-05 1.56755069164e-05 1.75318176577e-05 8.25026702455e-06 1.01065771512e-05 9.07529354259e-06 8.25026702455e-06 8.66277997622e-06 9.90032006064e-06 8.86903706676e-06 9.90032006064e-06
1.01065771512e-05 1.01065771512e-05 9.90032006064e-06 1.05190901028e-05 8.25026702455e-06 9.90032006064e-06 1.01065771512e-05 1.01065771512e-05 1.01065771512e-05 8.25026702455e-06 8.04400993402e-06 7.4252405065e-06 7.4252405065e-06 7.4252405065e-06 7.63149698234e-06 8.86903706676e-06 8.86903706676e-06 8.25026702455e-06 7.63149698234e-06 6.39395689792e-06 7.83775345818e-06 8.25026702455e-06 8.86903706676e-06 9.28155001843e-06 7.4252405065e-06 7.4252405065e-06 7.21898341597e-06 7.01272694013e-06 7.4252405065e-06 7.83775345818e-06 8.04400993402e-06 9.07529354259e-06 7.21898341597e-06 5.56893037988e-06 5.15641681351e-06 7.4252405065e-06 6.18770042208e-06 4.12513351227e-06 7.01272694013e-06 4.95016003032e-06 5.77518685571e-06 1.19628866631e-05 6.60021337376e-06 4.74390355448e-06 5.36267328934e-06 8.45652350039e-06 8.25026702455e-06 1.19628866631e-05 1.0312833627e-05 1.32004267475e-05 1.0312833627e-05
8.86903706676e-06 1.01065771512e-05 8.04400993402e-06 8.25026702455e-06 1.0312833627e-05 8.86903706676e-06 9.90032006064e-06 9.90032006064e-06 9.90032006064e-06 7.63149698234e-06 7.63149698234e-06 7.4252405065e-06 1.01065771512e-05 7.63149698234e-06 7.63149698234e-06 7.4252405065e-06 7.83775345818e-06 7.01272694013e-06 8.25026702455e-06 7.83775345818e-06 7.63149698234e-06 8.66277997622e-06 7.4252405065e-06 7.63149698234e-06 1.0312833627e-05 8.25026702455e-06 8.66277997622e-06 9.6940635848e-06 8.86903706676e-06 8.25026702455e-06 5.36267328934e-06 5.77518685571e-06 9.90032006064e-06 9.28155001843e-06 6.60021337376e-06 7.83775345818e-06 5.56893037988e-06 4.5376467713e-06 5.36267328934e-06 6.18770042208e-06 4.5376467713e-06 1.0312833627e-05 4.95016003032e-06 5.77518685571e-06 4.5376467713e-06 4.95016003032e-06 8.45652350039e-06 1.05190901028e-05 8.86903706676e-06 9.07529354259e-06 1.09316030545e-05
1.05190901028e-05 1.01065771512e-05 9.90032006064e-06 1.01065771512e-05 1.0312833627e-05 8.25026702455e-06 1.01065771512e-05 1.01065771512e-05 8.04400993402e-06 8.25026702455e-06 7.4252405065e-06 7.21898341597e-06 7.21898341597e-06 7.4252405065e-06 5.56893037988e-06 7.4252405065e-06 7.63149698234e-06 7.4252405065e-06 7.83775345818e-06 7.83775345818e-06 7.63149698234e-06 6.80647046429e-06 7.83775345818e-06 7.21898341597e-06 8.04400993402e-06 7.83775345818e-06 1.01065771512e-05 8.86903706676e-06 9.48780710896e-06 6.60021337376e-06 7.63149698234e-06 9.07529354259e-06 7.63149698234e-06 5.15641681351e-06 6.80647046429e-06 6.60021337376e-06 8.45652350039e-06 5.56893037988e-06 4.74390355448e-06 5.77518685571e-06 7.4252405065e-06 1.15503737114e-05 4.95016003032e-06 4.74390355448e-06 5.56893037988e-06 4.95016003032e-06 4.74390355448e-06 7.63149698234e-06 4.95016003032e-06 5.15641681351e-06 8.45652350039e-06
1.17566301873e-05 1.05190901028e-05 7.63149698234e-06 1.01065771512e-05 8.86903706676e-06 8.25026702455e-06 8.25026702455e-06 7.63149698234e-06 8.04400993402e-06 6.39395689792e-06 7.4252405065e-06 6.80647046429e-06 7.21898341597e-06 7.21898341597e-06 7.01272694013e-06 6.39395689792e-06 8.25026702455e-06 7.63149698234e-06 7.4252405065e-06 8.04400993402e-06 5.98144333155e-06 4.74390355448e-06 9.48780710896e-06 9.6940635848e-06 6.60021337376e-06 8.25026702455e-06 8.86903706676e-06 9.48780710896e-06 9.07529354259e-06 8.45652350039e-06 8.86903706676e-06 7.21898341597e-06 9.48780710896e-06 8.25026702455e-06 8.04400993402e-06 9.48780710896e-06 7.63149698234e-06 6.60021337376e-06 7.21898341597e-06 5.56893037988e-06 5.56893037988e-06 1.29941702717e-05 5.36267328934e-06 5.36267328934e-06 4.33138998811e-06 4.74390355448e-06 5.98144333155e-06 6.39395689792e-06 5.98144333155e-06 6.60021337376e-06 4.95016003032e-06
1.07253465787e-05 1.01065771512e-05 1.15503737114e-05 7.83775345818e-06 8.86903706676e-06 1.01065771512e-05 8.25026702455e-06 7.4252405065e-06 7.63149698234e-06 1.0312833627e-05 7.4252405065e-06 8.25026702455e-06 7.63149698234e-06 7.4252405065e-06 7.4252405065e-06 7.63149698234e-06 6.39395689792e-06 7.4252405065e-06 7.4252405065e-06 6.18770042208e-06 5.56893037988e-06 6.39395689792e-06 7.83775345818e-06 8.45652350039e-06 9.28155001843e-06 9.6940635848e-06 1.07253465787e-05 8.66277997622e-06 8.86903706676e-06 9.28155001843e-06 9.48780710896e-06 8.66277997622e-06 9.28155001843e-06 8.66277997622e-06 9.07529354259e-06 8.66277997622e-06 7.4252405065e-06 5.77518685571e-06 6.18770042208e-06 8.45652350039e-06 1.34066832234e-05 1.34066832234e-05 7.01272694013e-06 4.33138998811e-06 4.33138998811e-06 4.33138998811e-06 4.12513351227e-06 5.15641681351e-06 5.98144333155e-06 4.5376467713e-06 6.39395689792e-06
1.13441172356e-05 1.19628866631e-05 9.90032006064e-06 1.13441172356e-05 7.63149698234e-06 7.63149698234e-06 7.4252405065e-06 1.0312833627e-05 1.01065771512e-05 9.6940635848e-06 1.0312833627e-05 7.4252405065e-06 1.01065771512e-05 6.39395689792e-06 7.4252405065e-06 5.56893037988e-06 7.4252405065e-06 7.63149698234e-06 5.98144333155e-06 5.77518685571e-06 5.77518685571e-06 7.63149698234e-06 7.4252405065e-06 7.21898341597e-06 1.01065771512e-05 1.0312833627e-05 9.90032006064e-06 9.28155001843e-06 8.25026702455e-06 9.48780710896e-06 8.86903706676e-06 9.28155001843e-06 1.01065771512e-05 1.05190901028e-05 1.09316030545e-05 9.28155001843e-06 9.90032006064e-06 8.66277997622e-06 7.63149698234e-06 8.86903706676e-06 1.36129409286e-05 1.29941702717e-05 6.60021337376e-06 5.56893037988e-06 5.98144333155e-06 5.98144333155e-06 4.12513351227e-06 5.98144333155e-06 6.60021337376e-06 5.98144333155e-06 4.74390355448e-06
1.09316030545e-05 9.90032006064e-06 1.05190901028e-05 1.21691431389e-05 1.21691431389e-05 7.4252405065e-06 7.83775345818e-06 9.48780710896e-06 1.19628866631e-05 1.01065771512e-05 1.19628866631e-05 9.28155001843e-06 7.63149698234e-06 7.83775345818e-06 7.63149698234e-06 7.63149698234e-06 5.98144333155e-06 5.98144333155e-06 5.77518685571e-06 6.18770042208e-06 7.4252405065e-06 8.04400993402e-06 8.04400993402e-06 9.48780710896e-06 9.48780710896e-06 1.01065771512e-05 1.0312833627e-05 1.01065771512e-05 1.0312833627e-05 1.01065771512e-05 1.0312833627e-05 1.0312833627e-05 1.07253465787e-05 1.05190901028e-05 1.01065771512e-05 1.07253465787e-05 1.0312833627e-05 9.6940635848e-06 9.48780710896e-06 1.13441172356e-05 1.07253465787e-05 1.42317103561e-05 6.39395689792e-06 7.01272694013e-06 6.60021337376e-06 7.01272694013e-06 5.98144333155e-06 5.36267328934e-06 6.60021337376e-06 5.56893037988e-06 6.18770042208e-06
1.23754008442e-05 1.11378607598e-05 9.90032006064e-06 1.21691431389e-05 9.6940635848e-06 9.07529354259e-06 9.07529354259e-06 8.66277997622e-06 9.28155001843e-06 1.27879137958e-05 1.27879137958e-05 1.0312833627e-05 7.63149698234e-06 1.01065771512e-05 9.28155001843e-06 7.63149698234e-06 6.80647046429e-06 6.80647046429e-06 8.04400993402e-06 7.01272694013e-06 7.83775345818e-06 9.07529354259e-06 7.83775345818e-06 7.83775345818e-06 1.01065771512e-05 1.11378607598e-05 1.07253465787e-05 9.90032006064e-06 1.07253465787e-05 1.11378607598e-05 9.6940635848e-06 1.0312833627e-05 9.6940635848e-06 1.01065771512e-05 1.01065771512e-05 1.07253465787e-05 1.05190901028e-05 9.90032006064e-06 9.28155001843e-06 1.13441172356e-05 1.09316030545e-05 8.86903706676e-06 7.01272694013e-06 9.28155001843e-06 8.25026702455e-06 4.95016003032e-06 6.18770042208e-06 4.95016003032e-06 8.86903706676e-06 5.98144333155e-06 6.60021337376e-06
1.09316030545e-05 1.258165732e-05 8.66277997622e-06 1.13441172356e-05 1.09316030545e-05 8.04400993402e-06 8.25026702455e-06 8.25026702455e-06 1.11378607598e-05 1.21691431389e-05 1.07253465787e-05 9.28155001843e-06 1.09316030545e-05 1.19628866631e-05 9.6940635848e-06 8.45652350039e-06 7.01272694013e-06 7.83775345818e-06 8.04400993402e-06 9.28155001843e-06 7.83775345818e-06 1.17566301873e-05 9.28155001843e-06 8.66277997622e-06 1.07253465787e-05 1.09316030545e-05 1.29941702717e-05 1.05190901028e-05 1.15503737114e-05 1.07253465787e-05 1.09316030545e-05 1.05190901028e-05 1.19628866631e-05 1.11378607598e-05 1.09316030545e-05 1.11378607598e-05 1.05190901028e-05 1.0312833627e-05 1.21691431389e-05 1.17566301873e-05 1.11378607598e-05 8.66277997622e-06 8.66277997622e-06 9.48780710896e-06 7.21898341597e-06 9.07529354259e-06 1.09316030545e-05 5.98144333155e-06 6.39395689792e-06 8.86903706676e-06 5.77518685571e-06
1.21691431389e-05 1.40254538803e-05 1.17566301873e-05 9.28155001843e-06 1.0312833627e-05 1.13441172356e-05 9.28155001843e-06 1.15503737114e-05 1.0312833627e-05 9.07529354259e-06 1.0312833627e-05 1.05190901028e-05 1.05190901028e-05 1.0312833627e-05 1.0312833627e-05 7.83775345818e-06 7.83775345818e-06 7.83775345818e-06 8.25026702455e-06 1.01065771512e-05 9.90032006064e-06 1.09316030545e-05 1.01065771512e-05 8.45652350039e-06 1.11378607598e-05 1.07253465787e-05 1.05190901028e-05 1.4850481013e-05 1.13441172356e-05 1.07253465787e-05 1.13441172356e-05 1.13441172356e-05 1.0312833627e-05 1.11378607598e-05 1.19628866631e-05 1.05190901028e-05 1.09316030545e-05 1.11378607598e-05 1.32004267475e-05 1.32004267475e-05 1.17566301873e-05 1.09316030545e-05 1.19628866631e-05 9.07529354259e-06 1.09316030545e-05 9.48780710896e-06 8.45652350039e-06 9.6940635848e-06 9.07529354259e-06 6.80647046429e-06 8.04400993402e-06
