Example/niche_background/models/RF/normalized_grids/Anolis_coelestinus.asc
ncols        743
nrows        319
xllcorner    -74.500956448335
yllcorner    17.448920549066
cellsize     0.008333333333
NODATA_value  -9999
[rows 132 to 153 of 318, columns 408 to 458 of 743]
4.5376467713e-06 4.5376467713e-06 4.5376467713e-06 3.71262025325e-06 3.71262025325e-06 4.12513351227e-06 4.5376467713e-06 4.33138998811e-06 4.33138998811e-06 3.71262025325e-06 4.5376467713e-06 4.5376467713e-06 4.5376467713e-06 4.5376467713e-06 4.12513351227e-06 4.5376467713e-06 4.5376467713e-06 4.74390355448e-06 3.71262025325e-06 3.50636347007e-06 4.74390355448e-06 4.74390355448e-06 3.91887672909e-06 3.91887672909e-06 3.91887672909e-06 4.12513351227e-06 3.71262025325e-06 3.71262025325e-06 4.95016003032e-06 3.71262025325e-06 3.71262025325e-06 4.5376467713e-06 3.91887672909e-06 4.33138998811e-06 3.91887672909e-06 4.12513351227e-06 3.71262025325e-06 4.33138998811e-06 4.12513351227e-06 3.91887672909e-06 3.50636347007e-06 3.71262025325e-06 3.30010668688e-06 4.33138998811e-06 3.91887672909e-06 3.71262025325e-06 4.12513351227e-06 3.71262025325e-06 3.30010668688e-06 2.88759342786e-06 2.47508001516e-06
4.33138998811e-06 3.71262025325e-06 4.12513351227e-06 3.71262025325e-06 4.33138998811e-06 4.5376467713e-06 4.33138998811e-06 4.33138998811e-06 4.95016003032e-06 3.50636347007e-06 3.71262025325e-06 4.5376467713e-06 4.33138998811e-06 3.71262025325e-06 4.5376467713e-06 4.12513351227e-06 4.12513351227e-06 4.12513351227e-06 3.50636347007e-06 4.33138998811e-06 3.91887672909e-06 3.50636347007e-06 3.91887672909e-06 4.5376467713e-06 3.91887672909e-06 4.33138998811e-06 3.71262025325e-06 4.33138998811e-06 4.33138998811e-06 3.91887672909e-06 3.91887672909e-06 4.74390355448e-06 3.50636347007e-06 3.71262025325e-06 3.71262025325e-06 4.12513351227e-06 4.5376467713e-06 3.71262025325e-06 3.71262025325e-06 3.91887672909e-06 3.71262025325e-06 4.33138998811e-06 4.12513351227e-06 3.71262025325e-06 3.71262025325e-06 4.33138998811e-06 3.71262025325e-06 3.30010668688e-06 3.91887672909e-06 3.30010668688e-06 3.50636347007e-06
4.33138998811e-06 4.74390355448e-06 3.50636347007e-06 3.71262025325e-06 4.33138998811e-06 4.33138998811e-06 4.12513351227e-06 4.5376467713e-06 4.5376467713e-06 4.5376467713e-06 4.5376467713e-06 4.12513351227e-06 4.5376467713e-06 4.5376467713e-06 4.5376467713e-06 4.33138998811e-06 4.33138998811e-06 4.5376467713e-06 3.91887672909e-06 4.74390355448e-06 3.91887672909e-06 5.15641681351e-06 4.12513351227e-06 3.91887672909e-06 4.33138998811e-06 4.5376467713e-06 3.91887672909e-06 3.50636347007e-06 4.33138998811e-06 4.5376467713e-06 4.33138998811e-06 4.12513351227e-06 3.71262025325e-06 3.50636347007e-06 3.50636347007e-06 3.50636347007e-06 3.71262025325e-06 3.50636347007e-06 4.5376467713e-06 3.71262025325e-06 3.91887672909e-06 3.50636347007e-06 3.71262025325e-06 3.50636347007e-06 4.33138998811e-06 4.12513351227e-06 3.30010668688e-06 3.50636347007e-06 3.50636347007e-06 3.71262025325e-06 3.30010668688e-06
4.33138998811e-06 4.12513351227e-06 4.12513351227e-06 4.5376467713e-06 3.91887672909e-06 3.91887672909e-06 4.5376467713e-06 4.5376467713e-06 4.12513351227e-06 4.12513351227e-06 3.91887672909e-06 4.5376467713e-06 4.33138998811e-06 4.95016003032e-06 4.5376467713e-06 4.33138998811e-06 4.12513351227e-06 3.71262025325e-06 4.12513351227e-06 3.09385021104e-06 3.71262025325e-06 3.30010668688e-06 4.74390355448e-06 4.33138998811e-06 4.33138998811e-06 3.71262025325e-06 3.71262025325e-06 3.91887672909e-06 4.5376467713e-06 4.5376467713e-06 3.91887672909e-06 4.5376467713e-06 3.91887672909e-06 4.74390355448e-06 3.71262025325e-06 3.91887672909e-06 3.91887672909e-06 3.91887672909e-06 4.5376467713e-06 3.50636347007e-06 4.74390355448e-06 3.71262025325e-06 3.71262025325e-06 3.50636347007e-06 3.71262025325e-06 3.91887672909e-06 3.30010668688e-06 2.68133664467e-06 3.30010668688e-06 4.12513351227e-06 3.91887672909e-06
4.74390355448e-06 4.5376467713e-06 3.71262025325e-06 4.5376467713e-06 4.5376467713e-06 4.12513351227e-06 4.12513351227e-06 4.12513351227e-06 3.91887672909e-06 3.09385021104e-06 4.74390355448e-06 4.33138998811e-06 4.33138998811e-06 4.33138998811e-06 4.33138998811e-06 3.50636347007e-06 3.09385021104e-06 2.88759342786e-06 4.12513351227e-06 4.33138998811e-06 4.12513351227e-06 4.74390355448e-06 3.50636347007e-06 4.33138998811e-06 4.33138998811e-06 4.33138998811e-06 3.71262025325e-06 4.33138998811e-06 3.50636347007e-06 3.50636347007e-06 2.88759342786e-06 4.12513351227e-06 4.33138998811e-06 3.71262025325e-06 4.74390355448e-06 3.71262025325e-06 3.91887672909e-06 3.71262025325e-06 3.71262025325e-06 3.91887672909e-06 4.12513351227e-06 4.12513351227e-06 4.5376467713e-06 3.71262025325e-06 3.71262025325e-06 3.50636347007e-06 2.88759342786e-06 2.88759342786e-06 2.26882338565e-06 3.50636347007e-06 2.68133664467e-06
4.74390355448e-06 4.74390355448e-06 4.33138998811e-06 4.12513351227e-06 4.5376467713e-06 3.91887672909e-06 3.09385021104e-06 2.88759342786e-06 3.50636347007e-06 3.30010668688e-06 3.09385021104e-06 4.33138998811e-06 4.5376467713e-06 4.33138998811e-06 4.12513351227e-06 4.12513351227e-06 2.68133664467e-06 4.33138998811e-06 3.50636347007e-06 4.5376467713e-06 4.33138998811e-06 4.74390355448e-06 4.33138998811e-06 3.91887672909e-06 4.5376467713e-06 3.71262025325e-06 4.5376467713e-06 4.5376467713e-06 4.12513351227e-06 3.71262025325e-06 2.47508001516e-06 2.68133664467e-06 3.71262025325e-06 2.88759342786e-06 4.12513351227e-06 4.74390355448e-06 3.91887672909e-06 3.71262025325e-06 3.50636347007e-06 3.50636347007e-06 3.30010668688e-06 3.50636347007e-06 3.91887672909e-06 3.30010668688e-06 4.12513351227e-06 4.5376467713e-06 3.09385021104e-06 2.68133664467e-06 2.68133664467e-06 2.47508001516e-06 2.88759342786e-06
4.5376467713e-06 4.5376467713e-06 4.74390355448e-06 4.33138998811e-06 4.33138998811e-06 4.12513351227e-06 3.91887672909e-06 3.50636347007e-06 3.30010668688e-06 3.50636347007e-06 3.30010668688e-06 4.5376467713e-06 3.91887672909e-06 4.12513351227e-06 3.91887672909e-06 4.12513351227e-06 3.09385021104e-06 3.91887672909e-06 4.12513351227e-06 3.50636347007e-06 3.50636347007e-06 3.50636347007e-06 3.91887672909e-06 3.71262025325e-06 4.12513351227e-06 3.71262025325e-06 4.33138998811e-06 3.50636347007e-06 4.12513351227e-06 4.12513351227e-06 2.68133664467e-06 2.88759342786e-06 2.26882338565e-06 2.47508001516e-06 4.74390355448e-06 3.91887672909e-06 4.33138998811e-06 4.5376467713e-06 2.88759342786e-06 2.88759342786e-06 2.47508001516e-06 4.12513351227e-06 3.50636347007e-06 3.71262025325e-06 3.50636347007e-06 3.30010668688e-06 3.09385021104e-06 3.09385021104e-06 3.09385021104e-06 2.88759342786e-06 2.68133664467e-06
3.91887672909e-06 4.12513351227e-06 3.91887672909e-06 4.33138998811e-06 4.12513351227e-06 3.30010668688e-06 3.91887672909e-06 3.30010668688e-06 3.09385021104e-06 3.50636347007e-06 2.88759342786e-06 3.71262025325e-06 4.95016003032e-06 4.33138998811e-06 2.88759342786e-06 2.88759342786e-06 4.12513351227e-06 4.5376467713e-06 3.91887672909e-06 4.5376467713e-06 3.71262025325e-06 4.5376467713e-06 4.12513351227e-06 4.12513351227e-06 4.33138998811e-06 4.33138998811e-06 4.12513351227e-06 3.50636347007e-06 2.68133664467e-06 2.47508001516e-06 2.26882338565e-06 2.68133664467e-06 2.88759342786e-06 2.68133664467e-06 3.09385021104e-06 5.15641681351e-06 4.5376467713e-06 4.33138998811e-06 2.88759342786e-06 2.68133664467e-06 2.47508001516e-06 3.71262025325e-06 4.12513351227e-06 3.30010668688e-06 2.47508001516e-06 3.71262025325e-06 2.06256675614e-06 2.26882338565e-06 2.68133664467e-06 2.68133664467e-06 2.88759342786e-06
4.95016003032e-06 4.5376467713e-06 4.33138998811e-06 4.33138998811e-06 3.71262025325e-06 3.09385021104e-06 3.09385021104e-06 3.30010668688e-06 3.71262025325e-06 3.50636347007e-06 5.36267328934e-06 2.68133664467e-06 2.88759342786e-06 2.68133664467e-06 3.09385021104e-06 3.09385021104e-06 2.88759342786e-06 3.09385021104e-06 3.50636347007e-06 4.33138998811e-06 4.5376467713e-06 4.74390355448e-06 4.33138998811e-06 3.71262025325e-06 4.33138998811e-06 3.50636347007e-06 2.68133664467e-06 2.88759342786e-06 3.71262025325e-06 3.50636347007e-06 2.88759342786e-06 3.71262025325e-06 3.91887672909e-06 3.09385021104e-06 3.09385021104e-06 4.12513351227e-06 3.71262025325e-06 3.71262025325e-06 2.68133664467e-06 3.09385021104e-06 2.47508001516e-06 3.30010668688e-06 2.88759342786e-06 2.06256675614e-06 2.88759342786e-06 2.68133664467e-06 2.68133664467e-06 4.12513351227e-06 2.47508001516e-06 3.50636347007e-06 3.30010668688e-06
3.09385021104e-06 4.12513351227e-06 4.12513351227e-06 4.74390355448e-06 4.74390355448e-06 3.30010668688e-06 4.12513351227e-06 3.30010668688e-06 3.09385021104e-06 4.12513351227e-06 6.80647046429e-06 3.71262025325e-06 4.33138998811e-06 5.36267328934e-06 3.30010668688e-06 3.30010668688e-06 4.12513351227e-06 3.50636347007e-06 3.50636347007e-06 4.12513351227e-06 3.50636347007e-06 3.50636347007e-06 4.5376467713e-06 3.91887672909e-06 3.91887672909e-06 4.12513351227e-06 3.30010668688e-06 3.30010668688e-06 2.47508001516e-06 2.88759342786e-06 3.09385021104e-06 3.71262025325e-06 3.50636347007e-06 3.09385021104e-06 3.09385021104e-06 2.88759342786e-06 3.50636347007e-06 4.33138998811e-06 2.88759342786e-06 2.88759342786e-06 2.88759342786e-06 3.50636347007e-06 2.47508001516e-06 3.09385021104e-06 2.26882338565e-06 3.09385021104e-06 3.71262025325e-06 4.12513351227e-06 2.68133664467e-06 2.68133664467e-06 2.68133664467e-06
2.88759342786e-06 3.71262025325e-06 4.33138998811e-06 4.33138998811e-06 3.30010668688e-06 3.50636347007e-06 4.5376467713e-06 3.50636347007e-06 3.50636347007e-06 4.33138998811e-06 6.60021337376e-06 6.18770042208e-06 3.50636347007e-06 3.09385021104e-06 3.30010668688e-06 3.50636347007e-06 3.71262025325e-06 3.50636347007e-06 3.91887672909e-06 3.50636347007e-06 3.91887672909e-06 4.12513351227e-06 4.33138998811e-06 4.12513351227e-06 2.88759342786e-06 4.12513351227e-06 2.26882338565e-06 2.26882338565e-06 2.68133664467e-06 2.88759342786e-06 4.33138998811e-06 3.71262025325e-06 3.09385021104e-06 2.68133664467e-06 3.50636347007e-06 4.12513351227e-06 3.50636347007e-06 2.88759342786e-06 2.47508001516e-06 3.71262025325e-06 2.26882338565e-06 2.68133664467e-06 2.68133664467e-06 3.91887672909e-06 2.47508001516e-06 2.68133664467e-06 2.47508001516e-06 2.26882338565e-06 2.26882338565e-06 2.68133664467e-06 2.47508001516e-06
3.09385021104e-06 3.91887672909e-06 4.12513351227e-06 3.50636347007e-06 2.68133664467e-06 4.95016003032e-06 4.5376467713e-06 5.56893037988e-06 4.12513351227e-06 6.18770042208e-06 6.80647046429e-06 3.91887672909e-06 3.71262025325e-06 4.33138998811e-06 3.91887672909e-06 4.12513351227e-06 4.12513351227e-06 3.91887672909e-06 4.12513351227e-06 2.88759342786e-06 3.91887672909e-06 4.12513351227e-06 4.33138998811e-06 3.71262025325e-06 3.71262025325e-06 3.09385021104e-06 4.12513351227e-06 4.33138998811e-06 3.30010668688e-06 2.88759342786e-06 3.71262025325e-06 4.74390355448e-06 2.88759342786e-06 3.30010668688e-06 3.71262025325e-06 2.47508001516e-06 2.26882338565e-06 2.68133664467e-06 3.71262025325e-06 2.47508001516e-06 2.68133664467e-06 3.91887672909e-06 4.33138998811e-06 3.30010668688e-06 3.91887672909e-06 3.50636347007e-06 3.09385021104e-06 3.09385021104e-06 3.09385021104e-06 2.88759342786e-06 2.68133664467e-06
3.30010668688e-06 3.30010668688e-06 3.71262025325e-06 3.09385021104e-06 3.09385021104e-06 2.88759342786e-06 4.12513351227e-06 6.18770042208e-06 5.56893037988e-06 6.18770042208e-06 4.74390355448e-06 3.91887672909e-06 2.47508001516e-06 4.12513351227e-06 3.50636347007e-06 4.33138998811e-06 4.74390355448e-06 4.33138998811e-06 2.68133664467e-06 2.68133664467e-06 3.09385021104e-06 4.12513351227e-06 4.33138998811e-06 3.71262025325e-06 3.50636347007e-06 2.88759342786e-06 3.30010668688e-06 3.71262025325e-06 3.50636347007e-06 3.91887672909e-06 3.30010668688e-06 5.15641681351e-06 4.12513351227e-06 3.91887672909e-06 4.12513351227e-06 3.71262025325e-06 2.47508001516e-06 3.50636347007e-06 3.71262025325e-06 4.5376467713e-06 4.5376467713e-06 4.12513351227e-06 4.33138998811e-06 3.91887672909e-06 3.71262025325e-06 3.91887672909e-06 3.91887672909e-06 4.12513351227e-06 2.88759342786e-06 3.09385021104e-06 2.88759342786e-06
3.71262025325e-06 3.30010668688e-06 3.91887672909e-06 3.30010668688e-06 3.09385021104e-06 3.30010668688e-06 4.12513351227e-06 5.77518685571e-06 5.98144333155e-06 6.18770042208e-06 4.12513351227e-06 3.71262025325e-06 3.09385021104e-06 2.68133664467e-06 3.91887672909e-06 4.12513351227e-06 3.91887672909e-06 2.88759342786e-06 2.88759342786e-06 3.30010668688e-06 2.68133664467e-06 2.47508001516e-06 2.88759342786e-06 3.50636347007e-06 3.71262025325e-06 2.88759342786e-06 3.71262025325e-06 3.71262025325e-06 4.74390355448e-06 3.50636347007e-06 5.36267328934e-06 4.33138998811e-06 3.30010668688e-06 3.50636347007e-06 3.09385021104e-06 3.30010668688e-06 3.91887672909e-06 2.68133664467e-06 3.71262025325e-06 2.88759342786e-06 3.71262025325e-06 3.71262025325e-06 4.95016003032e-06 4.5376467713e-06 3.91887672909e-06 3.91887672909e-06 3.91887672909e-06 3.50636347007e-06 3.09385021104e-06 2.68133664467e-06 3.09385021104e-06
5.98144333155e-06 4.95016003032e-06 5.15641681351e-06 4.12513351227e-06 4.5376467713e-06 3.50636347007e-06 3.30010668688e-06 4.74390355448e-06 6.18770042208e-06 6.39395689792e-06 5.98144333155e-06 5.36267328934e-06 4.33138998811e-06 4.12513351227e-06 2.88759342786e-06 3.09385021104e-06 2.88759342786e-06 2.47508001516e-06 3.30010668688e-06 3.30010668688e-06 3.50636347007e-06 3.30010668688e-06 2.88759342786e-06 2.88759342786e-06 2.47508001516e-06 2.88759342786e-06 3.09385021104e-06 3.30010668688e-06 5.15641681351e-06 4.95016003032e-06 3.91887672909e-06 3.30010668688e-06 3.09385021104e-06 3.09385021104e-06 3.30010668688e-06 5.15641681351e-06 3.09385021104e-06 3.50636347007e-06 4.33138998811e-06 2.68133664467e-06 2.88759342786e-06 3.91887672909e-06 3.91887672909e-06 3.50636347007e-06 3.91887672909e-06 3.50636347007e-06 3.30010668688e-06 2.68133664467e-06 2.88759342786e-06 3.50636347007e-06 3.91887672909e-06
7.21898341597e-06 5.98144333155e-06 3.71262025325e-06 4.33138998811e-06 5.98144333155e-06 5.98144333155e-06 3.50636347007e-06 3.50636347007e-06 4.33138998811e-06 5.98144333155e-06 7.01272694013e-06 6.39395689792e-06 6.18770042208e-06 6.60021337376e-06 3.30010668688e-06 3.09385021104e-06 3.91887672909e-06 3.71262025325e-06 3.09385021104e-06 4.12513351227e-06 5.56893037988e-06 3.50636347007e-06 3.09385021104e-06 2.47508001516e-06 3.91887672909e-06 2.88759342786e-06 3.50636347007e-06 3.91887672909e-06 4.5376467713e-06 4.95016003032e-06 3.30010668688e-06 2.26882338565e-06 3.91887672909e-06 3.50636347007e-06 3.50636347007e-06 4.74390355448e-06 3.09385021104e-06 3.09385021104e-06 3.50636347007e-06 3.50636347007e-06 4.12513351227e-06 2.88759342786e-06 2.47508001516e-06 3.30010668688e-06 2.68133664467e-06 2.68133664467e-06 3.30010668688e-06 2.47508001516e-06 2.68133664467e-06 3.71262025325e-06 4.5376467713e-06
8.04400993402e-06 7.4252405065e-06 8.25026702455e-06 5.56893037988e-06 6.39395689792e-06 4.95016003032e-06 5.15641681351e-06 4.5376467713e-06 5.36267328934e-06 7.21898341597e-06 7.01272694013e-06 5.15641681351e-06 4.12513351227e-06 4.95016003032e-06 3.30010668688e-06 4.33138998811e-06 4.74390355448e-06 6.18770042208e-06 3.91887672909e-06 6.39395689792e-06 3.91887672909e-06 4.33138998811e-06 3.30010668688e-06 2.88759342786e-06 2.68133664467e-06 2.68133664467e-06 2.88759342786e-06 3.30010668688e-06 5.15641681351e-06 5.15641681351e-06 3.50636347007e-06 3.30010668688e-06 4.12513351227e-06 3.91887672909e-06 2.88759342786e-06 3.30010668688e-06 4.5376467713e-06 2.68133664467e-06 4.12513351227e-06 4.12513351227e-06 4.33138998811e-06 4.33138998811e-06 4.33138998811e-06 3.09385021104e-06 3.09385021104e-06 2.88759342786e-06 2.88759342786e-06 4.12513351227e-06 3.91887672909e-06 4.12513351227e-06 3.91887672909e-06
9.48780710896e-06 6.80647046429e-06 7.63149698234e-06 7.4252405065e-06 7.63149698234e-06 6.60021337376e-06 6.60021337376e-06 6.60021337376e-06 8.66277997622e-06 8.86903706676e-06 7.63149698234e-06 7.63149698234e-06 3.09385021104e-06 4.74390355448e-06 4.74390355448e-06 3.50636347007e-06 3.09385021104e-06 3.91887672909e-06 5.77518685571e-06 5.98144333155e-06 4.74390355448e-06 3.50636347007e-06 3.71262025325e-06 3.30010668688e-06 3.30010668688e-06 2.88759342786e-06 3.30010668688e-06 3.30010668688e-06 4.5376467713e-06 5.15641681351e-06 3.30010668688e-06 3.30010668688e-06 3.71262025325e-06 4.5376467713e-06 4.12513351227e-06 4.33138998811e-06 3.50636347007e-06 2.26882338565e-06 4.12513351227e-06 4.33138998811e-06 3.50636347007e-06 4.12513351227e-06 3.91887672909e-06 3.91887672909e-06 2.88759342786e-06 2.47508001516e-06 2.68133664467e-06 2.68133664467e-06 3.09385021104e-06 3.09385021104e-06 3.30010668688e-06
9.48780710896e-06 8.04400993402e-06 8.04400993402e-06 6.39395689792e-06 7.21898341597e-06 7.4252405065e-06 7.4252405065e-06 7.4252405065e-06 9.48780710896e-06 7.01272694013e-06 5.56893037988e-06 3.91887672909e-06 4.74390355448e-06 7.01272694013e-06 4.95016003032e-06 5.77518685571e-06 5.56893037988e-06 3.30010668688e-06 5.56893037988e-06 6.18770042208e-06 5.15641681351e-06 5.77518685571e-06 5.36267328934e-06 3.91887672909e-06 2.68133664467e-06 2.88759342786e-06 2.88759342786e-06 4.74390355448e-06 5.56893037988e-06 3.30010668688e-06 3.30010668688e-06 3.91887672909e-06 3.91887672909e-06 4.12513351227e-06 4.33138998811e-06 3.50636347007e-06 3.71262025325e-06 3.30010668688e-06 3.50636347007e-06 3.91887672909e-06 4.12513351227e-06 4.5376467713e-06 3.71262025325e-06 4.12513351227e-06 3.30010668688e-06 3.91887672909e-06 4.5376467713e-06 3.91887672909e-06 4.5376467713e-06 3.91887672909e-06 3.71262025325e-06
9.90032006064e-06 9.48780710896e-06 9.6940635848e-06 9.28155001843e-06 9.07529354259e-06 7.4252405065e-06 8.25026702455e-06 1.17566301873e-05 7.83775345818e-06 7.01272694013e-06 4.95016003032e-06 5.36267328934e-06 7.63149698234e-06 7.83775345818e-06 6.60021337376e-06 5.77518685571e-06 6.39395689792e-06 4.5376467713e-06 4.33138998811e-06 5.98144333155e-06 6.39395689792e-06 6.39395689792e-06 4.74390355448e-06 4.33138998811e-06 4.12513351227e-06 3.50636347007e-06 3.09385021104e-06 4.5376467713e-06 5.56893037988e-06 5.36267328934e-06 2.88759342786e-06 3.71262025325e-06 4.5376467713e-06 3.50636347007e-06 4.33138998811e-06 3.91887672909e-06 3.50636347007e-06 4.33138998811e-06 3.91887672909e-06 3.71262025325e-06 4.74390355448e-06 4.12513351227e-06 3.91887672909e-06 3.71262025325e-06 4.12513351227e-06 3.71262025325e-06 3.71262025325e-06 3.50636347007e-06 3.50636347007e-06 3.91887672909e-06 3.50636347007e-06
7.21898341597e-06 6.80647046429e-06 1.07253465787e-05 9.6940635848e-06 7.83775345818e-06 8.66277997622e-06 9.07529354259e-06 1.13441172356e-05 1.01065771512e-05 8.86903706676e-06 7.4252405065e-06 5.77518685571e-06 7.21898341597e-06 7.63149698234e-06 7.63149698234e-06 7.01272694013e-06 6.39395689792e-06 5.98144333155e-06 6.18770042208e-06 4.5376467713e-06 6.39395689792e-06 6.39395689792e-06 5.56893037988e-06 5.98144333155e-06 5.77518685571e-06 7.4252405065e-06 6.60021337376e-06 6.39395689792e-06 5.15641681351e-06 3.30010668688e-06 4.33138998811e-06 3.50636347007e-06 3.91887672909e-06 3.50636347007e-06 3.91887672909e-06 4.95016003032e-06 3.71262025325e-06 3.71262025325e-06 3.71262025325e-06 3.50636347007e-06 4.5376467713e-06 4.12513351227e-06 4.12513351227e-06 3.50636347007e-06 3.71262025325e-06 4.12513351227e-06 3.71262025325e-06 3.71262025325e-06 3.71262025325e-06 3.91887672909e-06 3.71262025325e-06
9.28155001843e-06 1.11378607598e-05 1.11378607598e-05 8.86903706676e-06 8.86903706676e-06 9.90032006064e-06 9.90032006064e-06 1.13441172356e-05 7.4252405065e-06 8.04400993402e-06 9.28155001843e-06 6.80647046429e-06 5.98144333155e-06 7.21898341597e-06 6.60021337376e-06 6.18770042208e-06 8.45652350039e-06 6.39395689792e-06 7.63149698234e-06 6.80647046429e-06 6.39395689792e-06 5.98144333155e-06 7.4252405065e-06 5.98144333155e-06 6.80647046429e-06 5.36267328934e-06 5.56893037988e-06 5.15641681351e-06 3.71262025325e-06 3.71262025325e-06 3.71262025325e-06 2.88759342786e-06 3.50636347007e-06 3.50636347007e-06 4.5376467713e-06 4.12513351227e-06 3.71262025325e-06 3.71262025325e-06 3.91887672909e-06 3.50636347007e-06 4.12513351227e-06 3.50636347007e-06 3.91887672909e-06 3.91887672909e-06 3.71262025325e-06 3.71262025325e-06 3.71262025325e-06 3.91887672909e-06 4.5376467713e-06 3.71262025325e-06 3.50636347007e-06
