Example/niche_background/models/RF/normalized_grids/Anolis_chlorocyanus.asc
ncols        743
nrows        319
xllcorner    -74.500956448335
yllcorner    17.448920549066
cellsize     0.008333333333
NODATA_value  -9999
[rows 154 to 175 of 318, columns 510 to 560 of 743]
9.54332402485e-06 7.19660496413e-06 8.29173990413e-06 6.25791733984e-06 6.57081290377e-06 6.10146909163e-06 7.82239655824e-06 7.9788443402e-06 5.94502130966e-06 5.94502130966e-06 5.7885735277e-06 5.63212574573e-06 8.4481886186e-06 9.07397974646e-06 7.82239655824e-06 8.91753196449e-06 1.00126673707e-05 9.38687624289e-06 9.38687624289e-06 8.13529212217e-06 9.38687624289e-06 1.03255638672e-05 8.4481886186e-06 1.12642514915e-05 1.14206992734e-05 1.04820116491e-05 1.1107802777e-05 9.23042752842e-06 1.06384594311e-05 1.04820116491e-05 8.29173990413e-06 7.9788443402e-06 7.9788443402e-06 8.13529212217e-06 7.50950052806e-06 7.82239655824e-06 7.82239655824e-06 7.82239655824e-06 7.9788443402e-06 7.9788443402e-06 7.9788443402e-06 7.66594877627e-06 7.9788443402e-06 7.50950052806e-06 7.9788443402e-06 8.13529212217e-06 8.29173990413e-06 7.82239655824e-06 7.9788443402e-06 7.9788443402e-06 8.60463640056e-06
1.3454522304e-05 8.76108418253e-06 6.57081290377e-06 7.50950052806e-06 6.72726115199e-06 7.9788443402e-06 7.66594877627e-06 5.63212574573e-06 6.88370893395e-06 6.25791733984e-06 6.72726115199e-06 7.50950052806e-06 5.63212574573e-06 8.91753196449e-06 8.76108418253e-06 8.60463640056e-06 8.76108418253e-06 7.04015671591e-06 8.13529212217e-06 1.01691151527e-05 1.01691151527e-05 1.12642514915e-05 8.29173990413e-06 8.60463640056e-06 9.54332402485e-06 1.12642514915e-05 1.12642514915e-05 1.18900426193e-05 7.66594877627e-06 1.1107802777e-05 9.85621958878e-06 7.50950052806e-06 8.60463640056e-06 1.01691151527e-05 7.9788443402e-06 7.66594877627e-06 7.50950052806e-06 7.82239655824e-06 8.60463640056e-06 7.82239655824e-06 8.13529212217e-06 7.9788443402e-06 8.4481886186e-06 7.66594877627e-06 8.13529212217e-06 7.9788443402e-06 8.60463640056e-06 8.29173990413e-06 8.29173990413e-06 7.50950052806e-06 8.60463640056e-06
8.76108418253e-06 1.01691151527e-05 8.60463640056e-06 6.57081290377e-06 6.10146909163e-06 7.35305274609e-06 5.7885735277e-06 7.04015671591e-06 6.10146909163e-06 5.94502130966e-06 6.25791733984e-06 8.29173990413e-06 7.82239655824e-06 5.31922971555e-06 8.4481886186e-06 9.23042752842e-06 7.9788443402e-06 6.57081290377e-06 7.19660496413e-06 1.01691151527e-05 9.85621958878e-06 8.60463640056e-06 8.60463640056e-06 8.76108418253e-06 8.60463640056e-06 9.23042752842e-06 8.29173990413e-06 9.54332402485e-06 1.0951354995e-05 8.60463640056e-06 7.82239655824e-06 7.35305274609e-06 9.69977180682e-06 7.66594877627e-06 7.35305274609e-06 7.66594877627e-06 7.9788443402e-06 7.9788443402e-06 7.82239655824e-06 7.82239655824e-06 8.13529212217e-06 8.4481886186e-06 8.29173990413e-06 7.9788443402e-06 8.13529212217e-06 8.4481886186e-06 8.4481886186e-06 8.4481886186e-06 8.29173990413e-06 8.76108418253e-06 8.91753196449e-06
7.9788443402e-06 9.54332402485e-06 8.91753196449e-06 7.04015671591e-06 6.88370893395e-06 5.63212574573e-06 6.25791733984e-06 6.25791733984e-06 5.63212574573e-06 5.47567749752e-06 6.57081290377e-06 5.94502130966e-06 7.9788443402e-06 6.41436512181e-06 6.57081290377e-06 9.23042752842e-06 9.85621958878e-06 1.17335948374e-05 9.69977180682e-06 7.35305274609e-06 8.29173990413e-06 5.94502130966e-06 8.60463640056e-06 9.38687624289e-06 1.01691151527e-05 9.23042752842e-06 7.82239655824e-06 6.57081290377e-06 7.19660496413e-06 7.19660496413e-06 8.29173990413e-06 8.76108418253e-06 8.4481886186e-06 7.82239655824e-06 7.04015671591e-06 7.04015671591e-06 7.82239655824e-06 7.82239655824e-06 8.13529212217e-06 8.13529212217e-06 7.9788443402e-06 8.13529212217e-06 8.4481886186e-06 8.13529212217e-06 8.76108418253e-06 8.76108418253e-06 8.60463640056e-06 8.29173990413e-06 8.29173990413e-06 8.29173990413e-06 8.60463640056e-06
7.9788443402e-06 7.82239655824e-06 1.04820116491e-05 8.60463640056e-06 7.50950052806e-06 7.50950052806e-06 6.41436512181e-06 5.63212574573e-06 5.7885735277e-06 6.72726115199e-06 6.25791733984e-06 8.13529212217e-06 8.13529212217e-06 6.57081290377e-06 7.82239655824e-06 8.60463640056e-06 9.85621958878e-06 1.06384594311e-05 1.01691151527e-05 1.06384594311e-05 8.29173990413e-06 8.4481886186e-06 8.29173990413e-06 1.03255638672e-05 7.19660496413e-06 7.9788443402e-06 7.35305274609e-06 9.69977180682e-06 7.82239655824e-06 9.54332402485e-06 7.04015671591e-06 8.60463640056e-06 8.13529212217e-06 1.17335948374e-05 6.88370893395e-06 7.19660496413e-06 7.35305274609e-06 7.9788443402e-06 7.9788443402e-06 8.13529212217e-06 9.23042752842e-06 8.4481886186e-06 8.4481886186e-06 8.76108418253e-06 8.76108418253e-06 8.60463640056e-06 8.76108418253e-06 8.4481886186e-06 8.76108418253e-06 8.60463640056e-06 9.07397974646e-06
7.50950052806e-06 6.57081290377e-06 8.29173990413e-06 8.76108418253e-06 7.35305274609e-06 1.14206992734e-05 7.35305274609e-06 5.94502130966e-06 5.31922971555e-06 5.7885735277e-06 7.9788443402e-06 8.91753196449e-06 8.13529212217e-06 9.23042752842e-06 7.82239655824e-06 7.04015671591e-06 7.35305274609e-06 7.50950052806e-06 8.91753196449e-06 9.69977180682e-06 9.23042752842e-06 9.54332402485e-06 8.13529212217e-06 1.01691151527e-05 7.04015671591e-06 8.29173990413e-06 7.35305274609e-06 8.13529212217e-06 8.76108418253e-06 7.66594877627e-06 7.19660496413e-06 9.38687624289e-06 6.41436512181e-06 7.35305274609e-06 1.01691151527e-05 8.13529212217e-06 7.50950052806e-06 7.9788443402e-06 8.91753196449e-06 8.29173990413e-06 8.4481886186e-06 8.29173990413e-06 8.4481886186e-06 8.29173990413e-06 8.76108418253e-06 8.60463640056e-06 8.60463640056e-06 8.60463640056e-06 8.60463640056e-06 8.76108418253e-06 9.69977180682e-06
6.88370893395e-06 6.88370893395e-06 6.88370893395e-06 1.01691151527e-05 1.07949072131e-05 1.12642514915e-05 1.15771470554e-05 8.91753196449e-06 7.04015671591e-06 5.47567749752e-06 6.57081290377e-06 9.07397974646e-06 8.29173990413e-06 9.23042752842e-06 6.88370893395e-06 8.4481886186e-06 6.88370893395e-06 6.57081290377e-06 7.82239655824e-06 7.19660496413e-06 1.01691151527e-05 1.00126673707e-05 9.38687624289e-06 7.19660496413e-06 8.4481886186e-06 8.91753196449e-06 9.23042752842e-06 8.76108418253e-06 7.66594877627e-06 8.29173990413e-06 8.13529212217e-06 8.60463640056e-06 7.66594877627e-06 7.50950052806e-06 7.19660496413e-06 7.19660496413e-06 7.82239655824e-06 7.9788443402e-06 8.29173990413e-06 8.4481886186e-06 8.4481886186e-06 8.4481886186e-06 9.38687624289e-06 8.76108418253e-06 8.76108418253e-06 8.60463640056e-06 8.76108418253e-06 8.29173990413e-06 8.60463640056e-06 8.29173990413e-06 8.60463640056e-06
7.66594877627e-06 6.10146909163e-06 5.94502130966e-06 9.54332402485e-06 8.29173990413e-06 1.17335948374e-05 1.3454522304e-05 1.20464904013e-05 1.04820116491e-05 6.10146909163e-06 7.19660496413e-06 6.10146909163e-06 5.94502130966e-06 7.35305274609e-06 7.82239655824e-06 9.69977180682e-06 9.07397974646e-06 8.91753196449e-06 8.4481886186e-06 1.01691151527e-05 1.01691151527e-05 6.10146909163e-06 1.04820116491e-05 9.38687624289e-06 8.91753196449e-06 1.07949072131e-05 9.23042752842e-06 1.04820116491e-05 1.0951354995e-05 1.01691151527e-05 7.50950052806e-06 7.66594877627e-06 8.76108418253e-06 9.07397974646e-06 7.19660496413e-06 8.76108418253e-06 7.82239655824e-06 7.50950052806e-06 8.4481886186e-06 8.4481886186e-06 8.91753196449e-06 9.07397974646e-06 9.07397974646e-06 9.23042752842e-06 8.60463640056e-06 8.29173990413e-06 8.4481886186e-06 9.54332402485e-06 9.69977180682e-06 9.07397974646e-06 9.07397974646e-06
6.41436512181e-06 5.94502130966e-06 6.88370893395e-06 7.82239655824e-06 8.60463640056e-06 8.60463640056e-06 7.66594877627e-06 8.29173990413e-06 1.18900426193e-05 1.20464904013e-05 8.91753196449e-06 7.35305274609e-06 6.41436512181e-06 6.41436512181e-06 6.10146909163e-06 7.04015671591e-06 8.91753196449e-06 9.38687624289e-06 9.69977180682e-06 9.23042752842e-06 9.07397974646e-06 7.9788443402e-06 9.38687624289e-06 9.54332402485e-06 1.01691151527e-05 1.01691151527e-05 9.85621958878e-06 1.03255638672e-05 8.29173990413e-06 8.91753196449e-06 7.66594877627e-06 9.38687624289e-06 7.50950052806e-06 8.60463640056e-06 7.35305274609e-06 9.07397974646e-06 8.91753196449e-06 7.9788443402e-06 8.4481886186e-06 8.76108418253e-06 8.4481886186e-06 9.38687624289e-06 8.76108418253e-06 8.4481886186e-06 8.4481886186e-06 8.76108418253e-06 8.4481886186e-06 9.69977180682e-06 8.76108418253e-06 9.85621958878e-06 8.91753196449e-06
5.94502130966e-06 5.7885735277e-06 5.94502130966e-06 6.72726115199e-06 7.50950052806e-06 6.88370893395e-06 5.00633368537e-06 7.82239655824e-06 8.91753196449e-06 1.15771470554e-05 1.22029381833e-05 9.07397974646e-06 6.41436512181e-06 7.04015671591e-06 6.72726115199e-06 8.76108418253e-06 6.10146909163e-06 8.29173990413e-06 8.4481886186e-06 8.91753196449e-06 8.91753196449e-06 1.00126673707e-05 7.50950052806e-06 6.10146909163e-06 8.76108418253e-06 8.29173990413e-06 1.0951354995e-05 1.1107802777e-05 7.9788443402e-06 8.60463640056e-06 1.14206992734e-05 9.23042752842e-06 7.66594877627e-06 9.69977180682e-06 8.29173990413e-06 8.76108418253e-06 7.82239655824e-06 8.13529212217e-06 8.76108418253e-06 8.29173990413e-06 8.76108418253e-06 9.23042752842e-06 8.76108418253e-06 9.07397974646e-06 8.29173990413e-06 9.38687624289e-06 8.76108418253e-06 8.91753196449e-06 9.07397974646e-06 9.54332402485e-06 9.38687624289e-06
6.25791733984e-06 5.7885735277e-06 6.72726115199e-06 6.25791733984e-06 6.25791733984e-06 6.25791733984e-06 6.41436512181e-06 6.25791733984e-06 7.35305274609e-06 1.22029381833e-05 1.20464904013e-05 1.3454522304e-05 5.47567749752e-06 5.63212574573e-06 7.9788443402e-06 6.57081290377e-06 6.88370893395e-06 5.94502130966e-06 9.23042752842e-06 9.07397974646e-06 9.23042752842e-06 9.85621958878e-06 9.54332402485e-06 9.38687624289e-06 7.9788443402e-06 8.29173990413e-06 9.85621958878e-06 9.38687624289e-06 1.14206992734e-05 8.76108418253e-06 9.38687624289e-06 9.23042752842e-06 7.66594877627e-06 8.91753196449e-06 7.35305274609e-06 8.29173990413e-06 8.91753196449e-06 8.76108418253e-06 8.60463640056e-06 8.91753196449e-06 9.07397974646e-06 9.38687624289e-06 9.23042752842e-06 9.07397974646e-06 9.07397974646e-06 8.91753196449e-06 9.23042752842e-06 8.91753196449e-06 9.85621958878e-06 9.54332402485e-06 9.23042752842e-06
6.72726115199e-06 5.63212574573e-06 5.16278193359e-06 5.47567749752e-06 6.10146909163e-06 5.63212574573e-06 6.25791733984e-06 5.47567749752e-06 6.72726115199e-06 1.14206992734e-05 1.31416258075e-05 1.31416258075e-05 9.38687624289e-06 9.23042752842e-06 6.10146909163e-06 8.4481886186e-06 6.57081290377e-06 6.88370893395e-06 9.07397974646e-06 9.54332402485e-06 9.38687624289e-06 9.38687624289e-06 1.06384594311e-05 1.00126673707e-05 9.07397974646e-06 6.88370893395e-06 8.76108418253e-06 1.1107802777e-05 1.03255638672e-05 9.54332402485e-06 7.9788443402e-06 8.13529212217e-06 8.29173990413e-06 8.4481886186e-06 8.13529212217e-06 8.76108418253e-06 8.60463640056e-06 9.38687624289e-06 9.69977180682e-06 9.07397974646e-06 9.07397974646e-06 8.91753196449e-06 9.54332402485e-06 8.91753196449e-06 9.23042752842e-06 9.38687624289e-06 9.23042752842e-06 9.38687624289e-06 9.38687624289e-06 9.23042752842e-06 9.85621958878e-06
5.31922971555e-06 6.72726115199e-06 5.94502130966e-06 6.57081290377e-06 5.47567749752e-06 6.57081290377e-06 6.41436512181e-06 7.04015671591e-06 6.25791733984e-06 9.69977180682e-06 1.3298074522e-05 1.3298074522e-05 8.91753196449e-06 8.76108418253e-06 1.01691151527e-05 6.88370893395e-06 6.41436512181e-06 8.29173990413e-06 8.29173990413e-06 9.85621958878e-06 1.00126673707e-05 8.4481886186e-06 1.04820116491e-05 1.00126673707e-05 1.03255638672e-05 9.38687624289e-06 1.03255638672e-05 7.66594877627e-06 9.54332402485e-06 9.69977180682e-06 1.00126673707e-05 1.00126673707e-05 9.07397974646e-06 7.82239655824e-06 7.04015671591e-06 8.76108418253e-06 7.50950052806e-06 8.91753196449e-06 9.07397974646e-06 9.23042752842e-06 9.38687624289e-06 9.54332402485e-06 9.38687624289e-06 9.23042752842e-06 9.07397974646e-06 9.54332402485e-06 9.54332402485e-06 9.54332402485e-06 9.54332402485e-06 9.07397974646e-06 9.23042752842e-06
6.10146909163e-06 6.10146909163e-06 5.31922971555e-06 5.47567749752e-06 5.47567749752e-06 6.41436512181e-06 5.7885735277e-06 9.07397974646e-06 9.23042752842e-06 6.41436512181e-06 6.88370893395e-06 7.66594877627e-06 6.25791733984e-06 5.7885735277e-06 7.9788443402e-06 5.16278193359e-06 6.25791733984e-06 7.04015671591e-06 6.41436512181e-06 7.35305274609e-06 1.03255638672e-05 1.03255638672e-05 9.85621958878e-06 1.00126673707e-05 8.91753196449e-06 1.03255638672e-05 1.03255638672e-05 1.12642514915e-05 9.38687624289e-06 1.01691151527e-05 9.54332402485e-06 9.69977180682e-06 8.13529212217e-06 9.07397974646e-06 7.9788443402e-06 8.60463640056e-06 7.82239655824e-06 9.23042752842e-06 9.23042752842e-06 9.23042752842e-06 8.91753196449e-06 9.69977180682e-06 8.91753196449e-06 9.23042752842e-06 9.23042752842e-06 9.07397974646e-06 9.54332402485e-06 8.76108418253e-06 8.60463640056e-06 8.76108418253e-06 9.69977180682e-06
5.94502130966e-06 6.57081290377e-06 5.16278193359e-06 5.16278193359e-06 6.25791733984e-06 6.72726115199e-06 6.72726115199e-06 5.00633368537e-06 8.60463640056e-06 6.88370893395e-06 6.25791733984e-06 5.31922971555e-06 6.41436512181e-06 4.84988590341e-06 6.25791733984e-06 8.4481886186e-06 7.35305274609e-06 6.88370893395e-06 6.25791733984e-06 8.76108418253e-06 6.57081290377e-06 8.4481886186e-06 7.50950052806e-06 1.00126673707e-05 1.01691151527e-05 1.0951354995e-05 1.06384594311e-05 1.03255638672e-05 9.38687624289e-06 9.38687624289e-06 1.12642514915e-05 9.07397974646e-06 1.1107802777e-05 1.06384594311e-05 9.85621958878e-06 9.07397974646e-06 9.38687624289e-06 9.54332402485e-06 9.69977180682e-06 9.54332402485e-06 9.38687624289e-06 9.38687624289e-06 9.38687624289e-06 8.60463640056e-06 9.54332402485e-06 9.54332402485e-06 9.38687624289e-06 8.76108418253e-06 8.29173990413e-06 8.91753196449e-06 9.69977180682e-06
5.00633368537e-06 5.47567749752e-06 5.16278193359e-06 5.16278193359e-06 5.00633368537e-06 6.88370893395e-06 5.31922971555e-06 6.57081290377e-06 5.7885735277e-06 5.16278193359e-06 4.84988590341e-06 6.10146909163e-06 1.03255638672e-05 7.35305274609e-06 5.94502130966e-06 7.82239655824e-06 7.04015671591e-06 8.76108418253e-06 8.91753196449e-06 6.88370893395e-06 7.66594877627e-06 6.72726115199e-06 1.01691151527e-05 1.01691151527e-05 1.03255638672e-05 8.29173990413e-06 8.29173990413e-06 6.72726115199e-06 9.69977180682e-06 8.60463640056e-06 9.38687624289e-06 9.23042752842e-06 9.85621958878e-06 9.85621958878e-06 7.9788443402e-06 8.91753196449e-06 9.07397974646e-06 8.60463640056e-06 9.54332402485e-06 9.07397974646e-06 8.91753196449e-06 9.07397974646e-06 9.38687624289e-06 9.23042752842e-06 9.38687624289e-06 9.38687624289e-06 9.38687624289e-06 9.07397974646e-06 8.13529212217e-06 8.91753196449e-06 9.85621958878e-06
7.66594877627e-06 6.10146909163e-06 5.16278193359e-06 6.88370893395e-06 5.47567749752e-06 4.69343812144e-06 7.66594877627e-06 7.66594877627e-06 5.47567749752e-06 7.04015671591e-06 6.25791733984e-06 5.94502130966e-06 6.41436512181e-06 1.22029381833e-05 6.41436512181e-06 5.94502130966e-06 6.88370893395e-06 5.31922971555e-06 1.04820116491e-05 1.00126673707e-05 8.60463640056e-06 8.76108418253e-06 7.35305274609e-06 7.50950052806e-06 8.91753196449e-06 8.91753196449e-06 1.07949072131e-05 1.07949072131e-05 1.00126673707e-05 1.18900426193e-05 1.14206992734e-05 9.54332402485e-06 8.60463640056e-06 8.91753196449e-06 8.60463640056e-06 8.91753196449e-06 8.13529212217e-06 8.4481886186e-06 8.76108418253e-06 9.85621958878e-06 9.23042752842e-06 8.29173990413e-06 8.76108418253e-06 8.91753196449e-06 8.91753196449e-06 8.91753196449e-06 8.4481886186e-06 8.4481886186e-06 9.38687624289e-06 9.54332402485e-06 8.76108418253e-06
1.18900426193e-05 7.82239655824e-06 5.00633368537e-06 4.84988590341e-06 5.47567749752e-06 5.00633368537e-06 7.82239655824e-06 6.41436512181e-06 7.19660496413e-06 7.9788443402e-06 3.75475026403e-06 7.66594877627e-06 7.04015671591e-06 1.04820116491e-05 8.4481886186e-06 6.72726115199e-06 7.82239655824e-06 7.04015671591e-06 7.9788443402e-06 8.60463640056e-06 7.19660496413e-06 6.57081290377e-06 7.35305274609e-06 7.19660496413e-06 1.00126673707e-05 7.9788443402e-06 7.9788443402e-06 1.00126673707e-05 1.03255638672e-05 8.60463640056e-06 9.38687624289e-06 9.85621958878e-06 9.07397974646e-06 8.91753196449e-06 8.76108418253e-06 8.91753196449e-06 9.54332402485e-06 8.76108418253e-06 9.07397974646e-06 9.69977180682e-06 9.54332402485e-06 9.07397974646e-06 9.23042752842e-06 9.38687624289e-06 9.38687624289e-06 8.91753196449e-06 9.23042752842e-06 9.07397974646e-06 8.91753196449e-06 8.76108418253e-06 9.54332402485e-06
1.00126673707e-05 7.82239655824e-06 6.57081290377e-06 5.16278193359e-06 4.38054209126e-06 4.84988590341e-06 6.88370893395e-06 7.9788443402e-06 7.82239655824e-06 7.82239655824e-06 5.94502130966e-06 7.19660496413e-06 6.10146909163e-06 8.76108418253e-06 7.82239655824e-06 7.35305274609e-06 7.04015671591e-06 7.50950052806e-06 6.88370893395e-06 7.04015671591e-06 7.04015671591e-06 7.50950052806e-06 7.66594877627e-06 8.76108418253e-06 6.88370893395e-06 9.54332402485e-06 7.9788443402e-06 7.9788443402e-06 7.82239655824e-06 8.76108418253e-06 9.07397974646e-06 9.38687624289e-06 1.03255638672e-05 1.00126673707e-05 1.04820116491e-05 1.03255638672e-05 9.23042752842e-06 8.91753196449e-06 9.38687624289e-06 9.23042752842e-06 7.82239655824e-06 8.76108418253e-06 9.07397974646e-06 9.38687624289e-06 9.07397974646e-06 9.07397974646e-06 8.60463640056e-06 8.4481886186e-06 9.38687624289e-06 9.85621958878e-06 9.38687624289e-06
1.00126673707e-05 9.85621958878e-06 5.47567749752e-06 5.00633368537e-06 4.38054209126e-06 5.00633368537e-06 7.9788443402e-06 8.29173990413e-06 7.66594877627e-06 7.9788443402e-06 6.10146909163e-06 7.04015671591e-06 5.94502130966e-06 4.38054209126e-06 5.7885735277e-06 9.54332402485e-06 7.04015671591e-06 7.50950052806e-06 7.82239655824e-06 7.04015671591e-06 7.04015671591e-06 7.50950052806e-06 8.13529212217e-06 8.29173990413e-06 8.29173990413e-06 7.04015671591e-06 9.07397974646e-06 7.66594877627e-06 8.13529212217e-06 8.60463640056e-06 8.91753196449e-06 1.15771470554e-05 1.15771470554e-05 1.07949072131e-05 9.54332402485e-06 9.38687624289e-06 8.76108418253e-06 9.54332402485e-06 9.23042752842e-06 8.60463640056e-06 9.23042752842e-06 7.82239655824e-06 9.54332402485e-06 9.23042752842e-06 8.91753196449e-06 9.07397974646e-06 8.4481886186e-06 9.07397974646e-06 9.85621958878e-06 9.38687624289e-06 9.85621958878e-06
1.18900426193e-05 7.66594877627e-06 8.91753196449e-06 4.53698987323e-06 6.72726115199e-06 4.84988590341e-06 5.94502130966e-06 8.4481886186e-06 7.82239655824e-06 7.82239655824e-06 7.82239655824e-06 7.82239655824e-06 7.82239655824e-06 8.29173990413e-06 7.82239655824e-06 5.94502130966e-06 7.82239655824e-06 5.47567749752e-06 5.16278193359e-06 7.04015671591e-06 5.16278193359e-06 7.19660496413e-06 7.04015671591e-06 8.91753196449e-06 8.76108418253e-06 7.9788443402e-06 9.23042752842e-06 7.82239655824e-06 8.76108418253e-06 8.91753196449e-06 9.38687624289e-06 1.01691151527e-05 1.04820116491e-05 1.0951354995e-05 1.12642514915e-05 9.07397974646e-06 9.54332402485e-06 9.23042752842e-06 9.23042752842e-06 8.76108418253e-06 8.60463640056e-06 8.29173990413e-06 8.76108418253e-06 8.4481886186e-06 9.07397974646e-06 8.76108418253e-06 9.85621958878e-06 9.38687624289e-06 9.54332402485e-06 9.69977180682e-06 9.23042752842e-06
1.04820116491e-05 7.9788443402e-06 1.00126673707e-05 1.00126673707e-05 5.94502130966e-06 4.2240943093e-06 5.00633368537e-06 7.50950052806e-06 8.4481886186e-06 8.29173990413e-06 8.29173990413e-06 7.50950052806e-06 8.60463640056e-06 8.60463640056e-06 6.10146909163e-06 5.63212574573e-06 6.88370893395e-06 8.13529212217e-06 7.50950052806e-06 5.63212574573e-06 4.84988590341e-06 7.66594877627e-06 7.82239655824e-06 8.29173990413e-06 1.04820116491e-05 1.04820116491e-05 1.12642514915e-05 7.9788443402e-06 6.88370893395e-06 9.07397974646e-06 9.23042752842e-06 8.91753196449e-06 8.4481886186e-06 9.38687624289e-06 9.38687624289e-06 8.91753196449e-06 8.91753196449e-06 9.07397974646e-06 8.13529212217e-06 8.13529212217e-06 8.76108418253e-06 8.91753196449e-06 8.91753196449e-06 9.38687624289e-06 9.07397974646e-06 7.9788443402e-06 1.00126673707e-05 1.00126673707e-05 1.01691151527e-05 9.38687624289e-06 9.38687624289e-06
