Example/niche_identity/models/RF/normalized_grids/Anolis_chlorocyanus_1.asc
ncols        743
nrows        319
xllcorner    -74.500956448335
yllcorner    17.448920549066
cellsize     0.008333333333
NODATA_value  -9999
[rows 110 to 131 of 318, columns 408 to 458 of 743]
1.14882807346e-05 1.1641457665e-05 1.1641457665e-05 1.13351038042e-05 1.07223951697e-05 1.1641457665e-05 1.11819268738e-05 1.10287499435e-05 1.11819268738e-05 1.13351038042e-05 1.14882807346e-05 1.19478115257e-05 5.66755190211e-06 8.27156245759e-06 1.01096874482e-05 9.8033326744e-06 9.8033326744e-06 1.10287499435e-05 9.19062495288e-06 7.04614564504e-06 7.96520768382e-06 8.27156245759e-06 1.05692182393e-05 9.49697881364e-06 8.88427017911e-06 6.58661439739e-06 7.96520768382e-06 8.1183846142e-06 8.27156245759e-06 8.88427017911e-06 9.19062495288e-06 8.42473938797e-06 7.65885382306e-06 8.57791631835e-06 9.19062495288e-06 9.49697881364e-06 9.19062495288e-06 8.42473938797e-06 7.96520768382e-06 8.27156245759e-06 8.57791631835e-06 8.88427017911e-06 9.34380188326e-06 9.03744710949e-06 1.02628643785e-05 1.02628643785e-05 9.95650960478e-06 1.10287499435e-05 1.1641457665e-05 1.07223951697e-05 1.07223951697e-05
1.1641457665e-05 1.13351038042e-05 1.17946345954e-05 1.14882807346e-05 1.08755721001e-05 1.14882807346e-05 1.08755721001e-05 1.02628643785e-05 1.01096874482e-05 1.11819268738e-05 1.1641457665e-05 1.24073432299e-05 9.49697881364e-06 7.96520768382e-06 8.88427017911e-06 1.14882807346e-05 8.42473938797e-06 1.19478115257e-05 1.10287499435e-05 9.03744710949e-06 9.49697881364e-06 9.8033326744e-06 1.19478115257e-05 1.14882807346e-05 9.95650960478e-06 7.65885382306e-06 7.50567689268e-06 8.42473938797e-06 1.13351038042e-05 1.08755721001e-05 9.65015574402e-06 8.1183846142e-06 7.96520768382e-06 9.34380188326e-06 8.73109324873e-06 9.03744710949e-06 8.42473938797e-06 8.57791631835e-06 8.27156245759e-06 8.1183846142e-06 7.96520768382e-06 9.8033326744e-06 8.73109324873e-06 8.88427017911e-06 9.19062495288e-06 9.34380188326e-06 8.88427017911e-06 9.8033326744e-06 1.05692182393e-05 1.14882807346e-05 7.81203075344e-06
1.11819268738e-05 1.1641457665e-05 1.13351038042e-05 1.10287499435e-05 1.14882807346e-05 1.13351038042e-05 1.14882807346e-05 1.19478115257e-05 9.8033326744e-06 1.13351038042e-05 1.07223951697e-05 1.22541662995e-05 8.1183846142e-06 7.65885382306e-06 9.49697881364e-06 9.8033326744e-06 1.21009893691e-05 1.11819268738e-05 1.13351038042e-05 1.07223951697e-05 1.1641457665e-05 1.14882807346e-05 1.02628643785e-05 1.02628643785e-05 9.49697881364e-06 7.96520768382e-06 9.34380188326e-06 8.1183846142e-06 9.65015574402e-06 1.11819268738e-05 1.11819268738e-05 9.03744710949e-06 8.73109324873e-06 1.02628643785e-05 9.49697881364e-06 8.57791631835e-06 8.42473938797e-06 8.27156245759e-06 7.50567689268e-06 8.27156245759e-06 8.1183846142e-06 8.27156245759e-06 8.88427017911e-06 8.88427017911e-06 8.42473938797e-06 9.65015574402e-06 9.8033326744e-06 9.34380188326e-06 8.88427017911e-06 9.95650960478e-06 1.02628643785e-05
1.14882807346e-05 1.13351038042e-05 1.14882807346e-05 1.11819268738e-05 1.10287499435e-05 1.11819268738e-05 1.1641457665e-05 1.14882807346e-05 1.19478115257e-05 8.42473938797e-06 1.14882807346e-05 8.42473938797e-06 1.13351038042e-05 1.07223951697e-05 7.81203075344e-06 1.17946345954e-05 1.13351038042e-05 1.17946345954e-05 1.08755721001e-05 1.19478115257e-05 1.14882807346e-05 1.08755721001e-05 1.07223951697e-05 9.49697881364e-06 7.81203075344e-06 8.42473938797e-06 9.49697881364e-06 1.07223951697e-05 1.08755721001e-05 1.14882807346e-05 1.11819268738e-05 1.13351038042e-05 9.19062495288e-06 1.19478115257e-05 1.11819268738e-05 9.8033326744e-06 8.57791631835e-06 8.88427017911e-06 7.96520768382e-06 9.03744710949e-06 8.42473938797e-06 8.42473938797e-06 9.19062495288e-06 9.03744710949e-06 9.34380188326e-06 9.49697881364e-06 8.73109324873e-06 9.19062495288e-06 9.34380188326e-06 9.95650960478e-06 1.04160413089e-05
1.02628643785e-05 1.14882807346e-05 1.04160413089e-05 1.13351038042e-05 1.10287499435e-05 1.11819268738e-05 1.14882807346e-05 1.13351038042e-05 1.17946345954e-05 9.65015574402e-06 8.73109324873e-06 9.34380188326e-06 1.19478115257e-05 1.19478115257e-05 1.04160413089e-05 1.14882807346e-05 1.14882807346e-05 1.1641457665e-05 1.17946345954e-05 1.13351038042e-05 1.19478115257e-05 1.13351038042e-05 9.95650960478e-06 9.65015574402e-06 1.08755721001e-05 1.14882807346e-05 8.73109324873e-06 1.11819268738e-05 1.11819268738e-05 1.14882807346e-05 1.11819268738e-05 1.11819268738e-05 1.14882807346e-05 1.11819268738e-05 1.19478115257e-05 1.19478115257e-05 1.13351038042e-05 1.10287499435e-05 8.88427017911e-06 8.1183846142e-06 8.73109324873e-06 8.73109324873e-06 8.57791631835e-06 8.73109324873e-06 8.88427017911e-06 9.49697881364e-06 9.19062495288e-06 9.49697881364e-06 1.05692182393e-05 8.88427017911e-06 1.07223951697e-05
1.1641457665e-05 1.07223951697e-05 1.04160413089e-05 1.10287499435e-05 1.08755721001e-05 1.1641457665e-05 1.13351038042e-05 1.19478115257e-05 1.17946345954e-05 1.25605201603e-05 1.13351038042e-05 1.08755721001e-05 1.07223951697e-05 1.17946345954e-05 1.17946345954e-05 1.11819268738e-05 1.14882807346e-05 1.24073432299e-05 1.19478115257e-05 1.17946345954e-05 1.21009893691e-05 1.13351038042e-05 1.08755721001e-05 1.17946345954e-05 1.10287499435e-05 1.14882807346e-05 9.65015574402e-06 1.13351038042e-05 1.11819268738e-05 1.21009893691e-05 1.17946345954e-05 1.1641457665e-05 1.13351038042e-05 1.21009893691e-05 1.10287499435e-05 1.17946345954e-05 9.34380188326e-06 9.19062495288e-06 8.1183846142e-06 8.42473938797e-06 8.88427017911e-06 8.73109324873e-06 8.73109324873e-06 9.49697881364e-06 8.88427017911e-06 9.34380188326e-06 9.8033326744e-06 1.07223951697e-05 1.02628643785e-05 9.49697881364e-06 9.8033326744e-06
1.1641457665e-05 1.17946345954e-05 1.1641457665e-05 1.19478115257e-05 9.49697881364e-06 1.04160413089e-05 9.49697881364e-06 1.14882807346e-05 1.1641457665e-05 9.34380188326e-06 1.13351038042e-05 1.1641457665e-05 1.13351038042e-05 1.13351038042e-05 1.17946345954e-05 1.14882807346e-05 1.14882807346e-05 1.1641457665e-05 1.19478115257e-05 1.17946345954e-05 1.14882807346e-05 1.14882807346e-05 1.22541662995e-05 1.22541662995e-05 1.19478115257e-05 1.10287499435e-05 1.11819268738e-05 1.14882807346e-05 1.14882807346e-05 1.22541662995e-05 1.11819268738e-05 1.19478115257e-05 1.14882807346e-05 1.14882807346e-05 1.14882807346e-05 1.1641457665e-05 8.73109324873e-06 8.57791631835e-06 8.27156245759e-06 8.1183846142e-06 8.42473938797e-06 8.42473938797e-06 8.27156245759e-06 8.42473938797e-06 8.42473938797e-06 9.34380188326e-06 9.19062495288e-06 9.03744710949e-06 9.49697881364e-06 9.49697881364e-06 9.95650960478e-06
1.1641457665e-05 1.14882807346e-05 1.14882807346e-05 1.10287499435e-05 1.22541662995e-05 1.17946345954e-05 9.65015574402e-06 1.04160413089e-05 8.42473938797e-06 9.49697881364e-06 1.22541662995e-05 1.14882807346e-05 1.17946345954e-05 1.17946345954e-05 1.10287499435e-05 1.1641457665e-05 1.13351038042e-05 1.1641457665e-05 1.10287499435e-05 1.1641457665e-05 1.21009893691e-05 1.19478115257e-05 1.17946345954e-05 1.1641457665e-05 1.17946345954e-05 1.14882807346e-05 1.14882807346e-05 1.14882807346e-05 1.13351038042e-05 1.13351038042e-05 1.19478115257e-05 1.1641457665e-05 1.17946345954e-05 1.17946345954e-05 1.1641457665e-05 1.14882807346e-05 1.11819268738e-05 1.1641457665e-05 9.19062495288e-06 9.49697881364e-06 8.27156245759e-06 8.1183846142e-06 8.57791631835e-06 8.57791631835e-06 8.27156245759e-06 9.03744710949e-06 9.03744710949e-06 9.34380188326e-06 1.04160413089e-05 1.08755721001e-05 1.01096874482e-05
1.14882807346e-05 1.13351038042e-05 1.10287499435e-05 1.1641457665e-05 1.1641457665e-05 1.11819268738e-05 1.11819268738e-05 1.25605201603e-05 1.13351038042e-05 1.17946345954e-05 1.19478115257e-05 1.10287499435e-05 1.14882807346e-05 9.8033326744e-06 1.13351038042e-05 1.10287499435e-05 1.04160413089e-05 1.08755721001e-05 1.13351038042e-05 1.14882807346e-05 1.1641457665e-05 1.14882807346e-05 1.10287499435e-05 1.17946345954e-05 1.21009893691e-05 1.14882807346e-05 1.1641457665e-05 1.19478115257e-05 1.13351038042e-05 1.19478115257e-05 1.19478115257e-05 1.1641457665e-05 1.14882807346e-05 1.1641457665e-05 1.17946345954e-05 1.1641457665e-05 1.13351038042e-05 1.17946345954e-05 1.14882807346e-05 1.17946345954e-05 9.65015574402e-06 9.49697881364e-06 8.27156245759e-06 8.1183846142e-06 8.73109324873e-06 8.88427017911e-06 8.88427017911e-06 9.34380188326e-06 9.65015574402e-06 1.02628643785e-05 1.01096874482e-05
1.14882807346e-05 1.11819268738e-05 1.14882807346e-05 1.14882807346e-05 1.10287499435e-05 1.13351038042e-05 1.14882807346e-05 1.22541662995e-05 1.14882807346e-05 1.05692182393e-05 1.25605201603e-05 1.21009893691e-05 1.21009893691e-05 1.21009893691e-05 1.1641457665e-05 1.1641457665e-05 1.13351038042e-05 1.14882807346e-05 1.14882807346e-05 1.11819268738e-05 1.1641457665e-05 9.95650960478e-06 1.02628643785e-05 1.19478115257e-05 1.1641457665e-05 1.1641457665e-05 1.13351038042e-05 1.17946345954e-05 1.19478115257e-05 1.19478115257e-05 1.21009893691e-05 1.13351038042e-05 1.13351038042e-05 1.13351038042e-05 1.1641457665e-05 1.1641457665e-05 1.05692182393e-05 1.13351038042e-05 1.1641457665e-05 1.10287499435e-05 1.19478115257e-05 9.8033326744e-06 9.34380188326e-06 9.65015574402e-06 8.73109324873e-06 8.1183846142e-06 9.03744710949e-06 9.03744710949e-06 9.19062495288e-06 9.65015574402e-06 9.49697881364e-06
1.14882807346e-05 1.11819268738e-05 1.11819268738e-05 1.14882807346e-05 1.1641457665e-05 1.11819268738e-05 1.1641457665e-05 1.19478115257e-05 1.22541662995e-05 1.14882807346e-05 1.13351038042e-05 1.17946345954e-05 1.21009893691e-05 1.14882807346e-05 1.14882807346e-05 1.13351038042e-05 1.1641457665e-05 1.14882807346e-05 1.1641457665e-05 1.01096874482e-05 1.10287499435e-05 1.11819268738e-05 1.13351038042e-05 1.10287499435e-05 1.14882807346e-05 1.14882807346e-05 1.10287499435e-05 1.08755721001e-05 1.13351038042e-05 1.1641457665e-05 1.1641457665e-05 1.19478115257e-05 1.24073432299e-05 1.08755721001e-05 1.05692182393e-05 1.14882807346e-05 1.1641457665e-05 1.05692182393e-05 1.17946345954e-05 1.1641457665e-05 1.14882807346e-05 1.21009893691e-05 1.21009893691e-05 1.1641457665e-05 8.88427017911e-06 8.42473938797e-06 8.57791631835e-06 8.1183846142e-06 8.1183846142e-06 8.88427017911e-06 8.88427017911e-06
1.13351038042e-05 1.17946345954e-05 1.14882807346e-05 1.13351038042e-05 1.14882807346e-05 1.10287499435e-05 1.11819268738e-05 1.21009893691e-05 1.19478115257e-05 1.1641457665e-05 1.1641457665e-05 1.13351038042e-05 1.14882807346e-05 1.14882807346e-05 1.1641457665e-05 1.02628643785e-05 1.14882807346e-05 1.1641457665e-05 1.10287499435e-05 1.08755721001e-05 1.11819268738e-05 1.07223951697e-05 1.11819268738e-05 1.13351038042e-05 1.13351038042e-05 1.11819268738e-05 1.13351038042e-05 1.08755721001e-05 1.10287499435e-05 1.13351038042e-05 1.13351038042e-05 1.13351038042e-05 1.14882807346e-05 1.13351038042e-05 1.14882807346e-05 1.17946345954e-05 1.19478115257e-05 1.17946345954e-05 1.17946345954e-05 1.21009893691e-05 1.21009893691e-05 1.19478115257e-05 1.1641457665e-05 1.21009893691e-05 1.19478115257e-05 1.1641457665e-05 1.04160413089e-05 1.04160413089e-05 9.19062495288e-06 8.88427017911e-06 9.19062495288e-06
1.14882807346e-05 1.13351038042e-05 1.07223951697e-05 1.1641457665e-05 1.17946345954e-05 1.17946345954e-05 1.17946345954e-05 1.14882807346e-05 1.21009893691e-05 1.11819268738e-05 1.17946345954e-05 1.13351038042e-05 1.14882807346e-05 1.14882807346e-05 1.05692182393e-05 1.17946345954e-05 1.13351038042e-05 1.1641457665e-05 1.14882807346e-05 1.11819268738e-05 1.13351038042e-05 1.08755721001e-05 1.13351038042e-05 1.13351038042e-05 1.10287499435e-05 1.10287499435e-05 1.14882807346e-05 1.11819268738e-05 1.21009893691e-05 1.11819268738e-05 1.1641457665e-05 1.14882807346e-05 1.11819268738e-05 1.11819268738e-05 1.19478115257e-05 1.22541662995e-05 1.11819268738e-05 1.22541662995e-05 1.17946345954e-05 9.65015574402e-06 9.34380188326e-06 9.8033326744e-06 8.73109324873e-06 1.19478115257e-05 9.8033326744e-06 9.95650960478e-06 9.19062495288e-06 7.96520768382e-06 8.42473938797e-06 9.34380188326e-06 1.04160413089e-05
1.14882807346e-05 1.13351038042e-05 1.11819268738e-05 1.11819268738e-05 1.17946345954e-05 1.1641457665e-05 1.14882807346e-05 1.14882807346e-05 1.14882807346e-05 1.14882807346e-05 1.1641457665e-05 1.17946345954e-05 1.10287499435e-05 1.11819268738e-05 1.14882807346e-05 1.14882807346e-05 1.13351038042e-05 1.1641457665e-05 1.13351038042e-05 1.13351038042e-05 1.14882807346e-05 1.14882807346e-05 1.19478115257e-05 1.10287499435e-05 1.21009893691e-05 1.19478115257e-05 1.19478115257e-05 1.14882807346e-05 1.19478115257e-05 1.13351038042e-05 1.1641457665e-05 1.14882807346e-05 1.17946345954e-05 1.13351038042e-05 1.19478115257e-05 1.21009893691e-05 1.17946345954e-05 8.42473938797e-06 9.8033326744e-06 9.65015574402e-06 1.01096874482e-05 9.8033326744e-06 9.8033326744e-06 8.73109324873e-06 8.73109324873e-06 7.96520768382e-06 8.57791631835e-06 8.57791631835e-06 9.03744710949e-06 9.8033326744e-06 9.49697881364e-06
1.13351038042e-05 1.14882807346e-05 1.10287499435e-05 1.13351038042e-05 1.17946345954e-05 1.13351038042e-05 1.14882807346e-05 1.17946345954e-05 1.11819268738e-05 1.13351038042e-05 1.19478115257e-05 1.19478115257e-05 1.1641457665e-05 1.14882807346e-05 1.11819268738e-05 1.14882807346e-05 1.14882807346e-05 1.13351038042e-05 1.14882807346e-05 1.14882807346e-05 1.14882807346e-05 1.14882807346e-05 1.14882807346e-05 1.14882807346e-05 1.05692182393e-05 1.17946345954e-05 1.13351038042e-05 1.10287499435e-05 1.1641457665e-05 1.11819268738e-05 1.19478115257e-05 1.22541662995e-05 1.14882807346e-05 1.21009893691e-05 9.65015574402e-06 1.07223951697e-05 9.03744710949e-06 8.42473938797e-06 1.17946345954e-05 1.13351038042e-05 9.95650960478e-06 1.01096874482e-05 1.1641457665e-05 1.22541662995e-05 9.65015574402e-06 1.17946345954e-05 1.02628643785e-05 9.34380188326e-06 1.11819268738e-05 9.8033326744e-06 9.49697881364e-06
1.11819268738e-05 1.13351038042e-05 1.1641457665e-05 1.13351038042e-05 1.13351038042e-05 1.1641457665e-05 1.11819268738e-05 1.14882807346e-05 1.14882807346e-05 1.13351038042e-05 1.1641457665e-05 1.11819268738e-05 1.08755721001e-05 1.13351038042e-05 1.14882807346e-05 1.14882807346e-05 1.13351038042e-05 1.10287499435e-05 1.14882807346e-05 1.02628643785e-05 1.14882807346e-05 1.13351038042e-05 1.13351038042e-05 1.13351038042e-05 1.13351038042e-05 1.17946345954e-05 1.17946345954e-05 1.17946345954e-05 1.1641457665e-05 1.14882807346e-05 1.11819268738e-05 1.13351038042e-05 1.13351038042e-05 1.11819268738e-05 1.24073432299e-05 1.17946345954e-05 9.8033326744e-06 1.19478115257e-05 1.1641457665e-05 1.21009893691e-05 1.19478115257e-05 1.10287499435e-05 1.11819268738e-05 1.17946345954e-05 1.14882807346e-05 1.14882807346e-05 1.1641457665e-05 1.11819268738e-05 1.21009893691e-05 1.21009893691e-05 1.11819268738e-05
1.11819268738e-05 1.1641457665e-05 1.07223951697e-05 1.07223951697e-05 1.14882807346e-05 1.08755721001e-05 1.1641457665e-05 1.13351038042e-05 1.13351038042e-05 1.10287499435e-05 1.10287499435e-05 1.13351038042e-05 1.11819268738e-05 1.13351038042e-05 1.08755721001e-05 1.13351038042e-05 1.14882807346e-05 1.14882807346e-05 1.13351038042e-05 1.10287499435e-05 1.14882807346e-05 1.14882807346e-05 1.17946345954e-05 1.14882807346e-05 1.21009893691e-05 1.13351038042e-05 1.22541662995e-05 1.11819268738e-05 1.13351038042e-05 1.17946345954e-05 1.22541662995e-05 1.14882807346e-05 1.11819268738e-05 1.1641457665e-05 1.14882807346e-05 1.21009893691e-05 1.1641457665e-05 1.22541662995e-05 1.14882807346e-05 1.11819268738e-05 1.19478115257e-05 1.14882807346e-05 1.22541662995e-05 1.21009893691e-05 1.17946345954e-05 1.14882807346e-05 1.21009893691e-05 1.17946345954e-05 1.14882807346e-05 1.13351038042e-05 1.14882807346e-05
1.14882807346e-05 1.1641457665e-05 1.11819268738e-05 1.13351038042e-05 1.13351038042e-05 1.13351038042e-05 1.13351038042e-05 1.1641457665e-05 1.14882807346e-05 1.13351038042e-05 1.11819268738e-05 1.13351038042e-05 1.13351038042e-05 1.13351038042e-05 1.04160413089e-05 9.95650960478e-06 -9999 1.1641457665e-05 1.10287499435e-05 1.11819268738e-05 1.13351038042e-05 1.10287499435e-05 1.13351038042e-05 1.14882807346e-05 1.1641457665e-05 1.1641457665e-05 1.1641457665e-05 1.17946345954e-05 1.13351038042e-05 1.05692182393e-05 1.17946345954e-05 1.21009893691e-05 1.19478115257e-05 1.19478115257e-05 1.1641457665e-05 1.17946345954e-05 1.19478115257e-05 1.21009893691e-05 1.22541662995e-05 1.17946345954e-05 1.22541662995e-05 1.14882807346e-05 1.13351038042e-05 1.1641457665e-05 1.17946345954e-05 1.1641457665e-05 1.11819268738e-05 1.17946345954e-05 1.13351038042e-05 1.1641457665e-05 1.1641457665e-05
1.14882807346e-05 1.14882807346e-05 1.11819268738e-05 1.17946345954e-05 1.13351038042e-05 1.13351038042e-05 1.10287499435e-05 1.11819268738e-05 1.13351038042e-05 1.14882807346e-05 1.08755721001e-05 1.08755721001e-05 1.04160413089e-05 1.11819268738e-05 1.08755721001e-05 1.08755721001e-05 1.07223951697e-05 1.01096874482e-05 1.10287499435e-05 1.14882807346e-05 1.05692182393e-05 1.10287499435e-05 1.14882807346e-05 1.1641457665e-05 1.17946345954e-05 1.17946345954e-05 1.14882807346e-05 1.17946345954e-05 1.04160413089e-05 1.1641457665e-05 1.14882807346e-05 1.1641457665e-05 1.13351038042e-05 1.21009893691e-05 1.19478115257e-05 1.13351038042e-05 1.21009893691e-05 1.17946345954e-05 1.21009893691e-05 1.14882807346e-05 1.1641457665e-05 1.1641457665e-05 1.14882807346e-05 1.11819268738e-05 1.14882807346e-05 1.1641457665e-05 1.17946345954e-05 1.19478115257e-05 1.1641457665e-05 1.10287499435e-05 1.13351038042e-05
1.1641457665e-05 1.14882807346e-05 1.1641457665e-05 1.14882807346e-05 1.11819268738e-05 1.13351038042e-05 1.11819268738e-05 1.08755721001e-05 1.1641457665e-05 1.11819268738e-05 -9999 -9999 -9999 1.13351038042e-05 1.13351038042e-05 1.13351038042e-05 1.11819268738e-05 1.07223951697e-05 1.05692182393e-05 1.10287499435e-05 1.05692182393e-05 1.11819268738e-05 1.17946345954e-05 1.14882807346e-05 1.14882807346e-05 1.17946345954e-05 1.13351038042e-05 1.17946345954e-05 1.21009893691e-05 1.11819268738e-05 1.14882807346e-05 1.17946345954e-05 1.14882807346e-05 1.14882807346e-05 1.13351038042e-05 1.17946345954e-05 1.14882807346e-05 1.14882807346e-05 1.13351038042e-05 1.1641457665e-05 1.22541662995e-05 1.14882807346e-05 1.14882807346e-05 1.1641457665e-05 1.14882807346e-05 1.14882807346e-05 1.19478115257e-05 1.22541662995e-05 1.1641457665e-05 1.14882807346e-05 1.13351038042e-05
1.13351038042e-05 1.17946345954e-05 1.17946345954e-05 1.1641457665e-05 1.11819268738e-05 1.07223951697e-05 1.05692182393e-05 1.04160413089e-05 1.11819268738e-05 1.07223951697e-05 9.95650960478e-06 8.88427017911e-06 -9999 1.14882807346e-05 1.11819268738e-05 1.10287499435e-05 1.11819268738e-05 1.1641457665e-05 1.1641457665e-05 1.13351038042e-05 1.13351038042e-05 9.95650960478e-06 1.13351038042e-05 1.1641457665e-05 1.14882807346e-05 1.17946345954e-05 1.14882807346e-05 1.11819268738e-05 1.1641457665e-05 1.21009893691e-05 1.14882807346e-05 1.1641457665e-05 1.1641457665e-05 1.13351038042e-05 1.11819268738e-05 1.1641457665e-05 1.19478115257e-05 1.07223951697e-05 1.11819268738e-05 1.05692182393e-05 1.17946345954e-05 1.19478115257e-05 1.19478115257e-05 1.1641457665e-05 1.17946345954e-05 1.19478115257e-05 1.13351038042e-05 1.1641457665e-05 1.13351038042e-05 1.14882807346e-05 1.1641457665e-05
1.17946345954e-05 1.11819268738e-05 1.19478115257e-05 1.14882807346e-05 1.13351038042e-05 1.13351038042e-05 1.05692182393e-05 1.10287499435e-05 1.11819268738e-05 1.14882807346e-05 1.1641457665e-05 1.13351038042e-05 1.13351038042e-05 1.08755721001e-05 1.10287499435e-05 1.10287499435e-05 1.13351038042e-05 1.17946345954e-05 1.13351038042e-05 1.14882807346e-05 1.1641457665e-05 1.11819268738e-05 1.1641457665e-05 1.13351038042e-05 1.13351038042e-05 1.14882807346e-05 1.1641457665e-05 1.14882807346e-05 1.14882807346e-05 1.13351038042e-05 1.02628643785e-05 1.14882807346e-05 1.13351038042e-05 1.05692182393e-05 1.1641457665e-05 1.14882807346e-05 1.1641457665e-05 1.1641457665e-05 1.14882807346e-05 1.11819268738e-05 1.05692182393e-05 1.24073432299e-05 1.14882807346e-05 1.14882807346e-05 1.14882807346e-05 1.02628643785e-05 1.14882807346e-05 1.14882807346e-05 1.1641457665e-05 1.14882807346e-05 1.1641457665e-05
