Example/niche_identity/models/RF/normalized_grids/Anolis_coelestinus.asc
ncols        743
nrows        319
xllcorner    -74.500956448335
yllcorner    17.448920549066
cellsize     0.008333333333
NODATA_value  -9999
[rows 154 to 175 of 318, columns 663 to 713 of 743]
7.01684732669e-06 4.54031290373e-06 8.04873625955e-06 7.84235859599e-06 8.04873625955e-06 4.54031290373e-06 9.49338174964e-06 1.03188930189e-05 7.42960326886e-06 8.04873625955e-06 6.81046966312e-06 3.71480163443e-06 8.04873625955e-06 8.46149220173e-06 7.84235859599e-06 9.08062580746e-06 4.74669087482e-06 7.42960326886e-06 7.42960326886e-06 1.13507825669e-05 8.8742481439e-06 8.25511453816e-06 8.04873625955e-06 8.04873625955e-06 5.77858011521e-06 5.98495777877e-06 7.63598093242e-06 6.60409138451e-06 5.15944650947e-06 5.36582417303e-06 5.57220245165e-06 6.19133605739e-06 5.15944650947e-06 3.92117929799e-06 4.95306853838e-06 6.60409138451e-06 5.36582417303e-06 4.95306853838e-06 4.95306853838e-06 4.95306853838e-06 4.74669087482e-06 5.57220245165e-06 5.77858011521e-06 4.74669087482e-06 3.92117929799e-06 4.54031290373e-06 -9999 -9999 -9999 -9999 -9999
7.01684732669e-06 6.81046966312e-06 5.77858011521e-06 7.84235859599e-06 9.08062580746e-06 8.66786986529e-06 4.33393493264e-06 6.60409138451e-06 7.63598093242e-06 4.95306853838e-06 7.01684732669e-06 7.63598093242e-06 8.25511453816e-06 5.15944650947e-06 8.25511453816e-06 7.42960326886e-06 8.46149220173e-06 8.8742481439e-06 5.98495777877e-06 8.04873625955e-06 8.04873625955e-06 3.92117929799e-06 8.66786986529e-06 4.74669087482e-06 6.81046966312e-06 6.19133605739e-06 4.74669087482e-06 8.04873625955e-06 7.01684732669e-06 5.15944650947e-06 5.36582417303e-06 5.15944650947e-06 6.19133605739e-06 5.36582417303e-06 5.36582417303e-06 5.98495777877e-06 6.39771372095e-06 6.19133605739e-06 4.74669087482e-06 4.74669087482e-06 4.74669087482e-06 4.74669087482e-06 5.57220245165e-06 4.74669087482e-06 4.74669087482e-06 6.39771372095e-06 4.12755726908e-06 3.30204569225e-06 -9999 -9999 -9999
9.28700347103e-06 6.19133605739e-06 8.66786986529e-06 4.54031290373e-06 5.15944650947e-06 6.19133605739e-06 7.63598093242e-06 6.19133605739e-06 8.8742481439e-06 4.95306853838e-06 8.66786986529e-06 6.81046966312e-06 8.66786986529e-06 4.12755726908e-06 8.46149220173e-06 8.8742481439e-06 7.42960326886e-06 9.08062580746e-06 8.46149220173e-06 8.04873625955e-06 7.84235859599e-06 8.66786986529e-06 7.01684732669e-06 5.36582417303e-06 5.98495777877e-06 7.01684732669e-06 7.84235859599e-06 8.04873625955e-06 9.08062580746e-06 7.84235859599e-06 5.57220245165e-06 5.36582417303e-06 7.22322499025e-06 5.15944650947e-06 7.01684732669e-06 5.77858011521e-06 4.95306853838e-06 5.98495777877e-06 5.77858011521e-06 4.12755726908e-06 4.12755726908e-06 4.12755726908e-06 5.77858011521e-06 4.74669087482e-06 5.57220245165e-06 5.98495777877e-06 5.77858011521e-06 4.54031290373e-06 4.12755726908e-06 -9999 -9999
9.49338174964e-06 5.77858011521e-06 8.04873625955e-06 7.22322499025e-06 8.04873625955e-06 7.22322499025e-06 8.8742481439e-06 8.8742481439e-06 5.36582417303e-06 4.95306853838e-06 5.98495777877e-06 5.57220245165e-06 5.57220245165e-06 8.8742481439e-06 8.25511453816e-06 7.84235859599e-06 8.25511453816e-06 8.8742481439e-06 9.28700347103e-06 7.84235859599e-06 7.84235859599e-06 9.28700347103e-06 6.19133605739e-06 4.95306853838e-06 5.77858011521e-06 8.46149220173e-06 7.63598093242e-06 8.66786986529e-06 4.12755726908e-06 5.15944650947e-06 4.74669087482e-06 5.77858011521e-06 5.57220245165e-06 7.22322499025e-06 5.77858011521e-06 6.60409138451e-06 6.19133605739e-06 4.95306853838e-06 4.95306853838e-06 4.95306853838e-06 3.30204569225e-06 4.74669087482e-06 4.12755726908e-06 4.54031290373e-06 4.54031290373e-06 5.98495777877e-06 4.33393493264e-06 5.57220245165e-06 4.12755726908e-06 -9999 -9999
5.77858011521e-06 4.95306853838e-06 8.04873625955e-06 5.57220245165e-06 8.8742481439e-06 8.46149220173e-06 9.28700347103e-06 9.28700347103e-06 8.04873625955e-06 7.63598093242e-06 9.08062580746e-06 6.60409138451e-06 9.08062580746e-06 7.84235859599e-06 9.28700347103e-06 7.42960326886e-06 7.42960326886e-06 9.49338174964e-06 7.22322499025e-06 8.25511453816e-06 7.22322499025e-06 6.60409138451e-06 8.46149220173e-06 4.54031290373e-06 5.36582417303e-06 7.63598093242e-06 8.25511453816e-06 7.22322499025e-06 3.50842366334e-06 5.98495777877e-06 5.36582417303e-06 5.15944650947e-06 6.19133605739e-06 6.39771372095e-06 5.77858011521e-06 6.39771372095e-06 5.98495777877e-06 5.15944650947e-06 4.74669087482e-06 5.15944650947e-06 4.95306853838e-06 6.19133605739e-06 4.74669087482e-06 3.50842366334e-06 4.33393493264e-06 5.57220245165e-06 4.33393493264e-06 5.57220245165e-06 4.12755726908e-06 3.09566802869e-06 -9999
9.28700347103e-06 8.66786986529e-06 7.01684732669e-06 8.8742481439e-06 8.46149220173e-06 8.66786986529e-06 9.49338174964e-06 8.25511453816e-06 8.04873625955e-06 8.8742481439e-06 9.08062580746e-06 8.66786986529e-06 7.22322499025e-06 9.08062580746e-06 9.08062580746e-06 8.25511453816e-06 8.04873625955e-06 1.01125153554e-05 7.63598093242e-06 6.39771372095e-06 8.25511453816e-06 3.92117929799e-06 5.57220245165e-06 8.25511453816e-06 4.95306853838e-06 4.33393493264e-06 7.63598093242e-06 3.30204569225e-06 5.15944650947e-06 5.36582417303e-06 5.98495777877e-06 5.77858011521e-06 6.39771372095e-06 5.36582417303e-06 5.36582417303e-06 4.54031290373e-06 6.19133605739e-06 6.19133605739e-06 5.77858011521e-06 5.15944650947e-06 4.12755726908e-06 4.74669087482e-06 4.33393493264e-06 3.30204569225e-06 3.30204569225e-06 4.33393493264e-06 3.92117929799e-06 4.95306853838e-06 3.71480163443e-06 4.74669087482e-06 5.98495777877e-06
9.49338174964e-06 1.19699155575e-05 1.13507825669e-05 8.25511453816e-06 8.46149220173e-06 9.28700347103e-06 6.19133605739e-06 8.46149220173e-06 8.04873625955e-06 8.8742481439e-06 5.57220245165e-06 8.04873625955e-06 8.66786986529e-06 7.42960326886e-06 1.07316483461e-05 1.05252706825e-05 5.57220245165e-06 1.07316483461e-05 9.90613707676e-06 7.84235859599e-06 9.49338174964e-06 7.63598093242e-06 4.74669087482e-06 8.25511453816e-06 4.95306853838e-06 3.50842366334e-06 7.22322499025e-06 5.15944650947e-06 5.15944650947e-06 3.71480163443e-06 5.57220245165e-06 6.60409138451e-06 6.39771372095e-06 6.19133605739e-06 5.77858011521e-06 5.77858011521e-06 6.39771372095e-06 6.39771372095e-06 3.71480163443e-06 2.27015645187e-06 3.30204569225e-06 3.50842366334e-06 3.71480163443e-06 5.98495777877e-06 2.8892900576e-06 4.33393493264e-06 4.33393493264e-06 3.92117929799e-06 5.77858011521e-06 4.54031290373e-06 6.39771372095e-06
8.04873625955e-06 8.66786986529e-06 6.60409138451e-06 8.04873625955e-06 9.08062580746e-06 9.49338174964e-06 6.39771372095e-06 9.08062580746e-06 9.28700347103e-06 6.19133605739e-06 9.28700347103e-06 8.04873625955e-06 8.46149220173e-06 8.46149220173e-06 7.42960326886e-06 1.05252706825e-05 5.15944650947e-06 6.60409138451e-06 8.25511453816e-06 7.63598093242e-06 6.60409138451e-06 3.92117929799e-06 7.63598093242e-06 7.63598093242e-06 8.46149220173e-06 7.84235859599e-06 5.77858011521e-06 4.74669087482e-06 5.36582417303e-06 4.54031290373e-06 4.95306853838e-06 6.39771372095e-06 5.77858011521e-06 5.77858011521e-06 5.98495777877e-06 5.77858011521e-06 5.15944650947e-06 5.36582417303e-06 6.19133605739e-06 5.57220245165e-06 4.74669087482e-06 5.36582417303e-06 3.50842366334e-06 3.92117929799e-06 5.57220245165e-06 3.92117929799e-06 3.50842366334e-06 3.71480163443e-06 3.71480163443e-06 3.71480163443e-06 6.60409138451e-06
9.90613707676e-06 9.28700347103e-06 8.8742481439e-06 7.22322499025e-06 8.66786986529e-06 9.08062580746e-06 9.28700347103e-06 9.6997594132e-06 9.6997594132e-06 9.28700347103e-06 8.25511453816e-06 7.63598093242e-06 8.8742481439e-06 7.84235859599e-06 8.8742481439e-06 5.77858011521e-06 7.84235859599e-06 3.92117929799e-06 4.95306853838e-06 8.04873625955e-06 8.25511453816e-06 4.12755726908e-06 4.74669087482e-06 8.66786986529e-06 7.01684732669e-06 7.84235859599e-06 6.39771372095e-06 7.42960326886e-06 5.77858011521e-06 5.36582417303e-06 5.98495777877e-06 7.01684732669e-06 4.54031290373e-06 5.15944650947e-06 6.39771372095e-06 6.19133605739e-06 4.74669087482e-06 5.36582417303e-06 5.77858011521e-06 5.36582417303e-06 5.36582417303e-06 5.36582417303e-06 5.15944650947e-06 3.30204569225e-06 5.98495777877e-06 3.71480163443e-06 3.92117929799e-06 4.12755726908e-06 3.92117929799e-06 4.33393493264e-06 4.12755726908e-06
8.8742481439e-06 1.1763537894e-05 5.77858011521e-06 8.8742481439e-06 9.6997594132e-06 9.90613707676e-06 9.28700347103e-06 8.8742481439e-06 7.84235859599e-06 7.63598093242e-06 8.04873625955e-06 8.8742481439e-06 7.63598093242e-06 8.8742481439e-06 7.22322499025e-06 6.19133605739e-06 9.28700347103e-06 7.22322499025e-06 6.39771372095e-06 4.95306853838e-06 5.36582417303e-06 4.33393493264e-06 4.95306853838e-06 7.63598093242e-06 4.74669087482e-06 4.54031290373e-06 4.33393493264e-06 7.42960326886e-06 4.74669087482e-06 3.71480163443e-06 5.15944650947e-06 5.77858011521e-06 4.95306853838e-06 4.95306853838e-06 4.33393493264e-06 4.95306853838e-06 3.71480163443e-06 5.57220245165e-06 5.57220245165e-06 5.36582417303e-06 5.57220245165e-06 5.57220245165e-06 8.04873625955e-06 4.33393493264e-06 4.33393493264e-06 3.30204569225e-06 5.98495777877e-06 4.74669087482e-06 4.95306853838e-06 4.74669087482e-06 3.50842366334e-06
8.04873625955e-06 7.22322499025e-06 7.84235859599e-06 9.90613707676e-06 9.08062580746e-06 1.01125153554e-05 8.66786986529e-06 1.03188930189e-05 9.08062580746e-06 7.42960326886e-06 7.84235859599e-06 4.95306853838e-06 7.84235859599e-06 8.25511453816e-06 7.63598093242e-06 5.98495777877e-06 5.57220245165e-06 7.42960326886e-06 7.22322499025e-06 6.60409138451e-06 7.63598093242e-06 5.15944650947e-06 4.74669087482e-06 4.95306853838e-06 4.12755726908e-06 4.54031290373e-06 4.12755726908e-06 8.04873625955e-06 4.33393493264e-06 4.33393493264e-06 4.33393493264e-06 5.15944650947e-06 5.15944650947e-06 4.33393493264e-06 8.8742481439e-06 8.25511453816e-06 5.36582417303e-06 5.15944650947e-06 6.81046966312e-06 5.15944650947e-06 5.15944650947e-06 4.95306853838e-06 5.36582417303e-06 6.39771372095e-06 7.22322499025e-06 3.92117929799e-06 5.77858011521e-06 3.71480163443e-06 4.74669087482e-06 4.95306853838e-06 3.71480163443e-06
8.46149220173e-06 8.8742481439e-06 9.49338174964e-06 7.84235859599e-06 8.8742481439e-06 1.07316483461e-05 9.6997594132e-06 9.28700347103e-06 7.01684732669e-06 9.28700347103e-06 7.01684732669e-06 9.08062580746e-06 7.84235859599e-06 8.46149220173e-06 6.60409138451e-06 7.42960326886e-06 7.63598093242e-06 8.46149220173e-06 5.98495777877e-06 8.46149220173e-06 4.54031290373e-06 5.15944650947e-06 4.54031290373e-06 6.19133605739e-06 5.36582417303e-06 4.54031290373e-06 6.60409138451e-06 5.15944650947e-06 4.12755726908e-06 4.33393493264e-06 4.12755726908e-06 4.74669087482e-06 5.57220245165e-06 6.81046966312e-06 7.63598093242e-06 5.57220245165e-06 4.95306853838e-06 4.54031290373e-06 5.57220245165e-06 5.36582417303e-06 5.36582417303e-06 5.36582417303e-06 5.36582417303e-06 4.74669087482e-06 2.8892900576e-06 3.71480163443e-06 4.54031290373e-06 2.47653426919e-06 4.33393493264e-06 5.15944650947e-06 4.95306853838e-06
8.8742481439e-06 9.28700347103e-06 8.04873625955e-06 8.25511453816e-06 1.01125153554e-05 1.19699155575e-05 1.09380260096e-05 8.04873625955e-06 4.74669087482e-06 8.46149220173e-06 8.04873625955e-06 8.25511453816e-06 8.25511453816e-06 8.46149220173e-06 8.04873625955e-06 5.15944650947e-06 8.66786986529e-06 8.25511453816e-06 3.71480163443e-06 4.54031290373e-06 7.42960326886e-06 5.15944650947e-06 5.36582417303e-06 5.36582417303e-06 4.95306853838e-06 5.77858011521e-06 3.92117929799e-06 4.54031290373e-06 4.54031290373e-06 4.54031290373e-06 7.84235859599e-06 4.12755726908e-06 4.74669087482e-06 4.74669087482e-06 5.15944650947e-06 4.95306853838e-06 4.12755726908e-06 5.57220245165e-06 5.15944650947e-06 4.95306853838e-06 5.15944650947e-06 4.33393493264e-06 3.30204569225e-06 2.8892900576e-06 3.30204569225e-06 4.33393493264e-06 3.71480163443e-06 5.77858011521e-06 3.71480163443e-06 3.92117929799e-06 5.15944650947e-06
9.6997594132e-06 1.13507825669e-05 9.90613707676e-06 9.28700347103e-06 1.11444049033e-05 1.11444049033e-05 9.28700347103e-06 9.28700347103e-06 1.03188930189e-05 9.90613707676e-06 1.03188930189e-05 9.28700347103e-06 8.8742481439e-06 8.66786986529e-06 8.25511453816e-06 7.01684732669e-06 9.08062580746e-06 8.46149220173e-06 4.54031290373e-06 4.95306853838e-06 7.84235859599e-06 8.25511453816e-06 7.01684732669e-06 4.95306853838e-06 8.8742481439e-06 4.95306853838e-06 6.19133605739e-06 5.36582417303e-06 4.74669087482e-06 4.33393493264e-06 8.04873625955e-06 5.77858011521e-06 4.95306853838e-06 4.95306853838e-06 5.57220245165e-06 4.54031290373e-06 5.15944650947e-06 5.15944650947e-06 5.57220245165e-06 5.36582417303e-06 3.71480163443e-06 6.19133605739e-06 2.8892900576e-06 3.30204569225e-06 3.09566802869e-06 6.19133605739e-06 4.95306853838e-06 3.71480163443e-06 3.09566802869e-06 3.30204569225e-06 3.30204569225e-06
9.6997594132e-06 9.6997594132e-06 1.09380260096e-05 1.11444049033e-05 1.19699155575e-05 1.13507825669e-05 1.09380260096e-05 9.6997594132e-06 8.46149220173e-06 1.1763537894e-05 7.84235859599e-06 7.84235859599e-06 8.46149220173e-06 8.46149220173e-06 7.84235859599e-06 8.46149220173e-06 7.63598093242e-06 7.84235859599e-06 6.39771372095e-06 8.04873625955e-06 8.25511453816e-06 6.19133605739e-06 9.49338174964e-06 5.57220245165e-06 4.74669087482e-06 5.36582417303e-06 8.04873625955e-06 4.12755726908e-06 4.12755726908e-06 4.54031290373e-06 5.36582417303e-06 4.33393493264e-06 4.54031290373e-06 4.95306853838e-06 4.74669087482e-06 4.74669087482e-06 4.54031290373e-06 5.36582417303e-06 5.15944650947e-06 5.15944650947e-06 3.50842366334e-06 3.09566802869e-06 4.95306853838e-06 4.95306853838e-06 4.95306853838e-06 3.92117929799e-06 4.95306853838e-06 5.36582417303e-06 3.50842366334e-06 4.54031290373e-06 3.71480163443e-06
1.09380260096e-05 1.05252706825e-05 1.05252706825e-05 1.23826721148e-05 1.07316483461e-05 1.19699155575e-05 1.09380260096e-05 8.8742481439e-06 9.6997594132e-06 1.07316483461e-05 1.07316483461e-05 6.19133605739e-06 5.98495777877e-06 8.25511453816e-06 7.01684732669e-06 8.8742481439e-06 8.8742481439e-06 8.66786986529e-06 5.77858011521e-06 7.01684732669e-06 7.63598093242e-06 7.42960326886e-06 3.50842366334e-06 5.98495777877e-06 4.95306853838e-06 5.15944650947e-06 4.95306853838e-06 4.33393493264e-06 3.30204569225e-06 4.33393493264e-06 4.54031290373e-06 4.74669087482e-06 5.57220245165e-06 4.95306853838e-06 4.54031290373e-06 5.15944650947e-06 4.95306853838e-06 5.15944650947e-06 4.95306853838e-06 5.15944650947e-06 6.81046966312e-06 4.74669087482e-06 5.15944650947e-06 5.36582417303e-06 5.15944650947e-06 4.74669087482e-06 4.54031290373e-06 4.74669087482e-06 4.95306853838e-06 3.71480163443e-06 4.74669087482e-06
1.01125153554e-05 1.27954274419e-05 1.11444049033e-05 1.3208182769e-05 1.13507825669e-05 1.27954274419e-05 1.01125153554e-05 7.84235859599e-06 8.66786986529e-06 9.90613707676e-06 1.1763537894e-05 8.66786986529e-06 1.21762932211e-05 7.84235859599e-06 7.63598093242e-06 8.66786986529e-06 8.25511453816e-06 5.57220245165e-06 8.25511453816e-06 8.25511453816e-06 6.19133605739e-06 5.57220245165e-06 4.95306853838e-06 4.54031290373e-06 4.74669087482e-06 5.98495777877e-06 4.95306853838e-06 4.74669087482e-06 5.15944650947e-06 4.95306853838e-06 4.33393493264e-06 4.95306853838e-06 4.74669087482e-06 5.15944650947e-06 5.15944650947e-06 4.33393493264e-06 4.95306853838e-06 4.74669087482e-06 4.95306853838e-06 5.36582417303e-06 4.74669087482e-06 4.74669087482e-06 5.36582417303e-06 6.60409138451e-06 4.74669087482e-06 5.15944650947e-06 4.74669087482e-06 4.74669087482e-06 6.81046966312e-06 5.57220245165e-06 4.74669087482e-06
1.07316483461e-05 1.13507825669e-05 1.30018051055e-05 1.19699155575e-05 1.21762932211e-05 1.13507825669e-05 1.15571602304e-05 8.66786986529e-06 1.1763537894e-05 9.08062580746e-06 9.08062580746e-06 8.66786986529e-06 7.42960326886e-06 6.39771372095e-06 8.8742481439e-06 5.57220245165e-06 8.46149220173e-06 9.08062580746e-06 7.22322499025e-06 5.15944650947e-06 7.84235859599e-06 6.60409138451e-06 6.60409138451e-06 4.54031290373e-06 4.12755726908e-06 4.54031290373e-06 5.15944650947e-06 4.33393493264e-06 5.15944650947e-06 5.15944650947e-06 4.12755726908e-06 4.54031290373e-06 4.95306853838e-06 5.15944650947e-06 4.95306853838e-06 5.36582417303e-06 4.95306853838e-06 5.15944650947e-06 4.74669087482e-06 5.57220245165e-06 5.15944650947e-06 5.36582417303e-06 5.15944650947e-06 4.74669087482e-06 5.36582417303e-06 4.95306853838e-06 4.74669087482e-06 4.74669087482e-06 7.01684732669e-06 5.15944650947e-06 4.33393493264e-06
1.09380260096e-05 1.11444049033e-05 1.13507825669e-05 1.30018051055e-05 1.30018051055e-05 1.05252706825e-05 1.19699155575e-05 9.6997594132e-06 1.1763537894e-05 9.49338174964e-06 9.08062580746e-06 8.8742481439e-06 1.01125153554e-05 9.28700347103e-06 9.28700347103e-06 7.42960326886e-06 7.22322499025e-06 8.8742481439e-06 6.60409138451e-06 6.81046966312e-06 6.39771372095e-06 5.98495777877e-06 5.36582417303e-06 4.95306853838e-06 5.36582417303e-06 4.74669087482e-06 4.74669087482e-06 4.95306853838e-06 4.95306853838e-06 5.57220245165e-06 4.95306853838e-06 4.95306853838e-06 4.95306853838e-06 4.95306853838e-06 4.95306853838e-06 4.95306853838e-06 4.54031290373e-06 4.33393493264e-06 4.74669087482e-06 5.36582417303e-06 4.95306853838e-06 4.74669087482e-06 4.74669087482e-06 4.74669087482e-06 4.74669087482e-06 5.77858011521e-06 4.95306853838e-06 4.74669087482e-06 4.74669087482e-06 5.15944650947e-06 5.15944650947e-06
1.1763537894e-05 1.25890497783e-05 1.30018051055e-05 1.3208182769e-05 1.25890497783e-05 1.25890497783e-05 1.25890497783e-05 1.25890497783e-05 1.27954274419e-05 1.05252706825e-05 1.05252706825e-05 9.28700347103e-06 1.09380260096e-05 9.90613707676e-06 8.25511453816e-06 5.15944650947e-06 8.46149220173e-06 7.84235859599e-06 6.19133605739e-06 1.01125153554e-05 5.77858011521e-06 5.15944650947e-06 6.19133605739e-06 5.15944650947e-06 4.54031290373e-06 4.95306853838e-06 5.15944650947e-06 5.36582417303e-06 5.57220245165e-06 5.36582417303e-06 5.36582417303e-06 5.15944650947e-06 4.95306853838e-06 4.74669087482e-06 4.95306853838e-06 4.12755726908e-06 4.74669087482e-06 5.15944650947e-06 5.36582417303e-06 5.36582417303e-06 4.74669087482e-06 4.74669087482e-06 5.15944650947e-06 4.74669087482e-06 5.15944650947e-06 4.95306853838e-06 5.15944650947e-06 4.74669087482e-06 4.74669087482e-06 4.33393493264e-06 5.15944650947e-06
1.21762932211e-05 1.23826721148e-05 1.36209393262e-05 1.30018051055e-05 1.38273169898e-05 1.36209393262e-05 1.36209393262e-05 1.23826721148e-05 1.23826721148e-05 1.13507825669e-05 1.19699155575e-05 9.6997594132e-06 1.07316483461e-05 9.28700347103e-06 9.6997594132e-06 9.28700347103e-06 8.8742481439e-06 6.81046966312e-06 6.39771372095e-06 7.63598093242e-06 8.66786986529e-06 5.98495777877e-06 6.19133605739e-06 6.39771372095e-06 5.57220245165e-06 4.95306853838e-06 5.36582417303e-06 5.98495777877e-06 5.77858011521e-06 4.95306853838e-06 4.95306853838e-06 6.39771372095e-06 4.95306853838e-06 4.54031290373e-06 4.74669087482e-06 5.15944650947e-06 4.54031290373e-06 5.36582417303e-06 5.36582417303e-06 5.36582417303e-06 5.15944650947e-06 4.74669087482e-06 4.74669087482e-06 5.15944650947e-06 4.33393493264e-06 4.95306853838e-06 5.57220245165e-06 4.33393493264e-06 4.74669087482e-06 4.74669087482e-06 4.95306853838e-06
1.36209393262e-05 1.23826721148e-05 1.38273169898e-05 1.27954274419e-05 1.23826721148e-05 1.34145604326e-05 1.27954274419e-05 1.27954274419e-05 1.23826721148e-05 1.1763537894e-05 1.13507825669e-05 1.15571602304e-05 8.66786986529e-06 1.03188930189e-05 1.05252706825e-05 9.49338174964e-06 9.28700347103e-06 8.66786986529e-06 5.98495777877e-06 8.46149220173e-06 6.19133605739e-06 5.98495777877e-06 6.39771372095e-06 5.57220245165e-06 4.54031290373e-06 4.54031290373e-06 4.74669087482e-06 4.54031290373e-06 5.77858011521e-06 5.57220245165e-06 5.15944650947e-06 5.36582417303e-06 6.39771372095e-06 4.95306853838e-06 4.95306853838e-06 4.95306853838e-06 5.36582417303e-06 5.57220245165e-06 5.15944650947e-06 5.15944650947e-06 5.57220245165e-06 4.74669087482e-06 6.39771372095e-06 5.36582417303e-06 4.33393493264e-06 5.98495777877e-06 6.60409138451e-06 5.36582417303e-06 4.74669087482e-06 4.54031290373e-06 4.95306853838e-06
