Example/niche_identity/models/RF/normalized_grids/Anolis_chlorocyanus.asc
ncols        743
nrows        319
xllcorner    -74.500956448335
yllcorner    17.448920549066
cellsize     0.008333333333
NODATA_value  -9999
[rows 161 to 183 of 318, columns 500 to 549 of 743]
1.06527488647e-05 1.01827741695e-05 9.39948456704e-06 1.12793814804e-05 1.20626710829e-05 9.39948456704e-06 9.0861677923e-06 1.0026116249e-05 7.83290349461e-06 6.57963873005e-06 6.73629711742e-06 6.89295503791e-06 6.73629711742e-06 1.06527488647e-05 9.39948456704e-06 9.86945832851e-06 1.22193290034e-05 1.08094067852e-05 9.71280040802e-06 8.77285195132e-06 7.20627134577e-06 6.1096645017e-06 7.36292926626e-06 8.45953611034e-06 7.98956141511e-06 1.04960909442e-05 8.92950987181e-06 7.67624557412e-06 7.83290349461e-06 1.09660647057e-05 1.15926973214e-05 7.36292926626e-06 1.14360394009e-05 1.01827741695e-05 1.09660647057e-05 1.14360394009e-05 9.24282571279e-06 1.14360394009e-05 1.23759878576e-05 1.19060131624e-05 7.67624557412e-06 7.98956141511e-06 9.55614248753e-06 9.24282571279e-06 7.36292926626e-06 8.77285195132e-06 9.0861677923e-06 9.55614248753e-06 9.39948456704e-06 9.39948456704e-06
1.0026116249e-05 1.04960909442e-05 9.86945832851e-06 1.19060131624e-05 1.06527488647e-05 1.11227226262e-05 9.39948456704e-06 9.86945832851e-06 8.77285195132e-06 7.51958718675e-06 7.0496129584e-06 6.26632288907e-06 7.83290349461e-06 7.83290349461e-06 1.08094067852e-05 1.06527488647e-05 1.01827741695e-05 7.51958718675e-06 1.17493552419e-05 1.11227226262e-05 1.04960909442e-05 7.36292926626e-06 6.89295503791e-06 7.98956141511e-06 7.67624557412e-06 7.83290349461e-06 8.61619403083e-06 1.01827741695e-05 9.0861677923e-06 9.39948456704e-06 1.06527488647e-05 7.83290349461e-06 1.0026116249e-05 9.55614248753e-06 1.12793814804e-05 1.11227226262e-05 1.14360394009e-05 1.12793814804e-05 8.92950987181e-06 9.24282571279e-06 8.1462193356e-06 9.55614248753e-06 8.77285195132e-06 8.92950987181e-06 7.36292926626e-06 9.39948456704e-06 9.71280040802e-06 8.92950987181e-06 9.24282571279e-06 1.0026116249e-05
8.92950987181e-06 8.45953611034e-06 9.24282571279e-06 9.39948456704e-06 1.01827741695e-05 1.22193290034e-05 1.03394330237e-05 1.04960909442e-05 8.45953611034e-06 6.57963873005e-06 6.89295503791e-06 6.73629711742e-06 7.98956141511e-06 7.20627134577e-06 8.77285195132e-06 7.36292926626e-06 6.26632288907e-06 1.04960909442e-05 8.45953611034e-06 1.12793814804e-05 1.03394330237e-05 1.14360394009e-05 8.92950987181e-06 7.98956141511e-06 7.83290349461e-06 1.08094067852e-05 8.92950987181e-06 8.1462193356e-06 7.67624557412e-06 8.1462193356e-06 9.55614248753e-06 1.08094067852e-05 6.57963873005e-06 7.36292926626e-06 1.03394330237e-05 9.24282571279e-06 1.14360394009e-05 1.19060131624e-05 8.45953611034e-06 8.61619403083e-06 1.25326457781e-05 9.86945832851e-06 8.61619403083e-06 1.01827741695e-05 8.92950987181e-06 8.92950987181e-06 8.1462193356e-06 8.92950987181e-06 9.39948456704e-06 9.71280040802e-06
1.20626710829e-05 1.23759878576e-05 1.15926973214e-05 1.09660647057e-05 1.14360394009e-05 1.17493552419e-05 9.86945832851e-06 1.08094067852e-05 8.45953611034e-06 5.95300658121e-06 6.89295503791e-06 7.0496129584e-06 8.30287725609e-06 4.85640020401e-06 7.36292926626e-06 6.42298080956e-06 6.89295503791e-06 7.51958718675e-06 1.01827741695e-05 1.12793814804e-05 1.12793814804e-05 1.22193290034e-05 9.0861677923e-06 7.36292926626e-06 8.61619403083e-06 7.20627134577e-06 7.20627134577e-06 6.42298080956e-06 8.61619403083e-06 9.24282571279e-06 1.0026116249e-05 9.39948456704e-06 1.04960909442e-05 9.24282571279e-06 8.30287725609e-06 7.98956141511e-06 1.15926973214e-05 1.04960909442e-05 1.15926973214e-05 8.77285195132e-06 9.24282571279e-06 1.06527488647e-05 7.83290349461e-06 9.24282571279e-06 7.36292926626e-06 8.45953611034e-06 1.0026116249e-05 1.06527488647e-05 9.0861677923e-06 1.01827741695e-05
1.09660647057e-05 1.09660647057e-05 1.09660647057e-05 1.04960909442e-05 1.25326457781e-05 1.08094067852e-05 1.23759878576e-05 8.92950987181e-06 9.0861677923e-06 8.30287725609e-06 7.98956141511e-06 5.79634866072e-06 5.63969074022e-06 5.79634866072e-06 7.36292926626e-06 7.36292926626e-06 7.36292926626e-06 7.20627134577e-06 8.30287725609e-06 1.06527488647e-05 1.15926973214e-05 1.25326457781e-05 1.01827741695e-05 1.04960909442e-05 7.36292926626e-06 8.1462193356e-06 7.36292926626e-06 7.67624557412e-06 8.30287725609e-06 9.39948456704e-06 9.71280040802e-06 9.0861677923e-06 1.08094067852e-05 1.06527488647e-05 1.0026116249e-05 1.01827741695e-05 8.30287725609e-06 1.09660647057e-05 1.14360394009e-05 9.86945832851e-06 9.55614248753e-06 8.92950987181e-06 9.55614248753e-06 1.06527488647e-05 9.39948456704e-06 9.55614248753e-06 9.0861677923e-06 1.04960909442e-05 1.08094067852e-05 9.86945832851e-06
1.25326457781e-05 1.04960909442e-05 1.17493552419e-05 1.17493552419e-05 9.55614248753e-06 1.01827741695e-05 9.71280040802e-06 9.71280040802e-06 1.08094067852e-05 5.79634866072e-06 5.32637443236e-06 8.45953611034e-06 5.48303235285e-06 8.61619403083e-06 6.57963873005e-06 6.73629711742e-06 7.83290349461e-06 9.86945832851e-06 9.0861677923e-06 1.09660647057e-05 1.19060131624e-05 1.28459616191e-05 9.86945832851e-06 9.55614248753e-06 1.14360394009e-05 7.67624557412e-06 6.57963873005e-06 9.0861677923e-06 9.24282571279e-06 9.55614248753e-06 1.08094067852e-05 9.71280040802e-06 1.09660647057e-05 1.12793814804e-05 1.12793814804e-05 9.55614248753e-06 1.04960909442e-05 8.92950987181e-06 1.04960909442e-05 9.39948456704e-06 1.15926973214e-05 1.11227226262e-05 1.03394330237e-05 8.92950987181e-06 7.51958718675e-06 9.24282571279e-06 7.98956141511e-06 9.55614248753e-06 9.71280040802e-06 1.0026116249e-05
1.04960909442e-05 1.09660647057e-05 1.23759878576e-05 1.12793814804e-05 1.01827741695e-05 9.86945832851e-06 1.04960909442e-05 1.15926973214e-05 1.01827741695e-05 7.0496129584e-06 7.36292926626e-06 5.32637443236e-06 6.73629711742e-06 6.89295503791e-06 6.89295503791e-06 6.57963873005e-06 6.57963873005e-06 9.55614248753e-06 1.01827741695e-05 7.20627134577e-06 9.39948456704e-06 1.0026116249e-05 8.77285195132e-06 8.30287725609e-06 9.39948456704e-06 5.95300658121e-06 7.51958718675e-06 7.98956141511e-06 7.0496129584e-06 8.61619403083e-06 1.01827741695e-05 1.11227226262e-05 9.71280040802e-06 1.15926973214e-05 1.06527488647e-05 1.14360394009e-05 1.06527488647e-05 1.15926973214e-05 9.0861677923e-06 1.17493552419e-05 1.17493552419e-05 1.0026116249e-05 8.92950987181e-06 1.01827741695e-05 9.0861677923e-06 9.86945832851e-06 8.77285195132e-06 1.04960909442e-05 9.86945832851e-06 1.0026116249e-05
1.04960909442e-05 1.14360394009e-05 9.0861677923e-06 1.12793814804e-05 1.20626710829e-05 1.04960909442e-05 8.77285195132e-06 1.04960909442e-05 1.14360394009e-05 7.0496129584e-06 7.0496129584e-06 6.73629711742e-06 5.48303235285e-06 4.69974228352e-06 7.0496129584e-06 7.36292926626e-06 7.67624557412e-06 4.85640020401e-06 1.04960909442e-05 1.0026116249e-05 6.57963873005e-06 7.83290349461e-06 9.55614248753e-06 5.79634866072e-06 7.51958718675e-06 1.08094067852e-05 8.77285195132e-06 7.67624557412e-06 7.67624557412e-06 8.92950987181e-06 7.51958718675e-06 9.71280040802e-06 8.45953611034e-06 1.09660647057e-05 1.12793814804e-05 1.15926973214e-05 1.14360394009e-05 1.14360394009e-05 1.04960909442e-05 9.86945832851e-06 1.26893036986e-05 9.55614248753e-06 1.23759878576e-05 1.11227226262e-05 1.08094067852e-05 9.86945832851e-06 1.01827741695e-05 1.04960909442e-05 1.0026116249e-05 1.01827741695e-05
1.03394330237e-05 1.28459616191e-05 1.09660647057e-05 1.06527488647e-05 1.06527488647e-05 1.17493552419e-05 9.55614248753e-06 7.67624557412e-06 1.0026116249e-05 8.77285195132e-06 5.63969074022e-06 5.0130581245e-06 4.85640020401e-06 4.85640020401e-06 5.0130581245e-06 6.73629711742e-06 5.16971651187e-06 6.26632288907e-06 5.63969074022e-06 4.54308389615e-06 4.22976805517e-06 6.57963873005e-06 1.04960909442e-05 1.04960909442e-05 6.42298080956e-06 7.36292926626e-06 8.61619403083e-06 1.15926973214e-05 1.08094067852e-05 7.51958718675e-06 8.30287725609e-06 7.67624557412e-06 1.08094067852e-05 1.15926973214e-05 1.15926973214e-05 8.92950987181e-06 9.24282571279e-06 6.1096645017e-06 1.03394330237e-05 9.0861677923e-06 1.03394330237e-05 9.71280040802e-06 1.17493552419e-05 1.06527488647e-05 9.55614248753e-06 9.24282571279e-06 9.55614248753e-06 9.55614248753e-06 1.08094067852e-05 1.01827741695e-05
1.08094067852e-05 1.04960909442e-05 1.17493552419e-05 1.09660647057e-05 1.12793814804e-05 1.12793814804e-05 1.19060131624e-05 1.04960909442e-05 1.12793814804e-05 9.86945832851e-06 9.0861677923e-06 9.39948456704e-06 4.69974228352e-06 7.83290349461e-06 4.69974228352e-06 4.54308389615e-06 6.57963873005e-06 6.57963873005e-06 6.1096645017e-06 7.51958718675e-06 7.20627134577e-06 6.26632288907e-06 8.61619403083e-06 1.15926973214e-05 9.86945832851e-06 5.95300658121e-06 6.26632288907e-06 7.0496129584e-06 1.04960909442e-05 1.08094067852e-05 1.12793814804e-05 8.1462193356e-06 7.51958718675e-06 8.77285195132e-06 1.0026116249e-05 1.0026116249e-05 1.14360394009e-05 1.11227226262e-05 9.24282571279e-06 1.28459616191e-05 1.25326457781e-05 1.04960909442e-05 1.0026116249e-05 1.01827741695e-05 9.24282571279e-06 9.24282571279e-06 9.0861677923e-06 1.03394330237e-05 1.04960909442e-05 1.06527488647e-05
1.12793814804e-05 1.19060131624e-05 1.28459616191e-05 1.0026116249e-05 9.24282571279e-06 8.92950987181e-06 1.20626710829e-05 1.19060131624e-05 1.19060131624e-05 1.09660647057e-05 1.26893036986e-05 7.98956141511e-06 6.26632288907e-06 5.48303235285e-06 5.32637443236e-06 4.54308389615e-06 6.26632288907e-06 7.36292926626e-06 8.1462193356e-06 6.89295503791e-06 4.22976805517e-06 6.42298080956e-06 7.98956141511e-06 1.09660647057e-05 1.15926973214e-05 5.63969074022e-06 6.89295503791e-06 9.24282571279e-06 9.71280040802e-06 1.12793814804e-05 9.71280040802e-06 7.51958718675e-06 8.30287725609e-06 5.79634866072e-06 9.86945832851e-06 8.92950987181e-06 8.1462193356e-06 1.08094067852e-05 1.09660647057e-05 8.92950987181e-06 9.71280040802e-06 1.15926973214e-05 1.04960909442e-05 1.0026116249e-05 9.71280040802e-06 8.92950987181e-06 9.86945832851e-06 9.39948456704e-06 9.55614248753e-06 1.06527488647e-05
1.08094067852e-05 1.22193290034e-05 1.15926973214e-05 1.23759878576e-05 1.06527488647e-05 1.03394330237e-05 9.86945832851e-06 8.1462193356e-06 1.08094067852e-05 1.25326457781e-05 1.06527488647e-05 9.0861677923e-06 8.61619403083e-06 5.79634866072e-06 4.0731096678e-06 4.38642597566e-06 7.36292926626e-06 7.0496129584e-06 7.67624557412e-06 6.89295503791e-06 7.20627134577e-06 6.73629711742e-06 6.73629711742e-06 8.1462193356e-06 9.86945832851e-06 9.39948456704e-06 7.36292926626e-06 6.1096645017e-06 7.0496129584e-06 7.36292926626e-06 6.42298080956e-06 7.20627134577e-06 8.61619403083e-06 8.45953611034e-06 7.36292926626e-06 8.77285195132e-06 8.77285195132e-06 8.45953611034e-06 8.92950987181e-06 9.39948456704e-06 9.86945832851e-06 1.15926973214e-05 1.08094067852e-05 1.09660647057e-05 1.17493552419e-05 1.19060131624e-05 9.55614248753e-06 1.0026116249e-05 1.06527488647e-05 9.71280040802e-06
1.11227226262e-05 1.03394330237e-05 1.01827741695e-05 1.19060131624e-05 1.01827741695e-05 1.12793814804e-05 1.14360394009e-05 1.09660647057e-05 1.06527488647e-05 1.01827741695e-05 1.01827741695e-05 9.39948456704e-06 5.95300658121e-06 5.16971651187e-06 5.0130581245e-06 4.38642597566e-06 6.89295503791e-06 7.51958718675e-06 7.36292926626e-06 7.0496129584e-06 7.51958718675e-06 6.57963873005e-06 5.48303235285e-06 5.48303235285e-06 6.57963873005e-06 1.04960909442e-05 8.45953611034e-06 8.1462193356e-06 7.83290349461e-06 7.83290349461e-06 7.67624557412e-06 7.51958718675e-06 7.67624557412e-06 8.61619403083e-06 8.77285195132e-06 6.57963873005e-06 8.61619403083e-06 7.36292926626e-06 8.45953611034e-06 8.45953611034e-06 8.77285195132e-06 1.19060131624e-05 1.17493552419e-05 1.0026116249e-05 1.03394330237e-05 8.92950987181e-06 9.55614248753e-06 1.12793814804e-05 1.0026116249e-05 9.71280040802e-06
1.22193290034e-05 1.09660647057e-05 1.0026116249e-05 1.06527488647e-05 1.06527488647e-05 1.09660647057e-05 1.04960909442e-05 1.17493552419e-05 1.08094067852e-05 1.14360394009e-05 1.19060131624e-05 8.45953611034e-06 8.1462193356e-06 4.85640020401e-06 6.73629711742e-06 5.79634866072e-06 5.0130581245e-06 7.67624557412e-06 7.51958718675e-06 7.51958718675e-06 7.83290349461e-06 6.73629711742e-06 7.36292926626e-06 8.45953611034e-06 7.0496129584e-06 7.67624557412e-06 9.71280040802e-06 6.26632288907e-06 6.42298080956e-06 7.83290349461e-06 6.73629711742e-06 7.20627134577e-06 7.83290349461e-06 9.55614248753e-06 8.45953611034e-06 8.92950987181e-06 1.0026116249e-05 8.30287725609e-06 8.30287725609e-06 8.77285195132e-06 8.77285195132e-06 1.12793814804e-05 1.25326457781e-05 1.11227226262e-05 1.25326457781e-05 1.06527488647e-05 1.09660647057e-05 1.08094067852e-05 1.04960909442e-05 1.0026116249e-05
1.26893036986e-05 1.19060131624e-05 9.86945832851e-06 1.11227226262e-05 1.03394330237e-05 9.55614248753e-06 1.03394330237e-05 1.0026116249e-05 1.03394330237e-05 1.08094067852e-05 9.71280040802e-06 7.98956141511e-06 8.77285195132e-06 9.55614248753e-06 5.79634866072e-06 4.0731096678e-06 4.54308389615e-06 7.36292926626e-06 7.51958718675e-06 7.67624557412e-06 7.51958718675e-06 7.51958718675e-06 8.61619403083e-06 8.1462193356e-06 5.63969074022e-06 6.42298080956e-06 8.92950987181e-06 1.14360394009e-05 7.51958718675e-06 6.89295503791e-06 5.0130581245e-06 7.0496129584e-06 7.98956141511e-06 8.30287725609e-06 1.11227226262e-05 1.12793814804e-05 1.15926973214e-05 8.61619403083e-06 6.89295503791e-06 8.30287725609e-06 9.39948456704e-06 8.45953611034e-06 7.98956141511e-06 8.61619403083e-06 9.24282571279e-06 7.51958718675e-06 1.01827741695e-05 1.01827741695e-05 9.24282571279e-06 9.24282571279e-06
1.15926973214e-05 1.26893036986e-05 1.20626710829e-05 1.09660647057e-05 1.17493552419e-05 1.01827741695e-05 9.86945832851e-06 1.04960909442e-05 1.15926973214e-05 1.04960909442e-05 1.06527488647e-05 7.67624557412e-06 6.89295503791e-06 9.86945832851e-06 7.67624557412e-06 5.32637443236e-06 3.75979359338e-06 6.26632288907e-06 7.67624557412e-06 7.67624557412e-06 7.67624557412e-06 6.57963873005e-06 7.0496129584e-06 8.92950987181e-06 8.45953611034e-06 8.61619403083e-06 6.1096645017e-06 9.24282571279e-06 5.79634866072e-06 7.20627134577e-06 7.36292926626e-06 6.26632288907e-06 8.30287725609e-06 8.1462193356e-06 8.92950987181e-06 8.30287725609e-06 6.89295503791e-06 8.77285195132e-06 9.55614248753e-06 6.89295503791e-06 1.09660647057e-05 9.24282571279e-06 7.51958718675e-06 1.12793814804e-05 1.12793814804e-05 1.01827741695e-05 7.83290349461e-06 9.39948456704e-06 9.86945832851e-06 8.45953611034e-06
1.04960909442e-05 1.03394330237e-05 1.01827741695e-05 1.03394330237e-05 1.09660647057e-05 1.15926973214e-05 1.25326457781e-05 1.06527488647e-05 1.11227226262e-05 1.14360394009e-05 1.11227226262e-05 9.55614248753e-06 6.42298080956e-06 7.36292926626e-06 6.26632288907e-06 5.32637443236e-06 7.67624557412e-06 6.42298080956e-06 7.67624557412e-06 8.77285195132e-06 7.51958718675e-06 6.26632288907e-06 7.36292926626e-06 7.83290349461e-06 7.98956141511e-06 8.45953611034e-06 8.61619403083e-06 6.73629711742e-06 7.20627134577e-06 5.79634866072e-06 8.45953611034e-06 8.30287725609e-06 8.45953611034e-06 8.30287725609e-06 8.92950987181e-06 7.98956141511e-06 8.92950987181e-06 7.36292926626e-06 8.77285195132e-06 8.45953611034e-06 7.83290349461e-06 8.45953611034e-06 8.45953611034e-06 9.71280040802e-06 1.12793814804e-05 9.55614248753e-06 1.04960909442e-05 7.20627134577e-06 8.77285195132e-06 9.0861677923e-06
1.19060131624e-05 1.12793814804e-05 1.17493552419e-05 1.12793814804e-05 1.06527488647e-05 1.03394330237e-05 1.08094067852e-05 9.39948456704e-06 9.71280040802e-06 9.55614248753e-06 1.04960909442e-05 9.86945832851e-06 6.89295503791e-06 8.45953611034e-06 7.36292926626e-06 4.38642597566e-06 7.83290349461e-06 6.26632288907e-06 7.83290349461e-06 7.83290349461e-06 7.83290349461e-06 6.89295503791e-06 5.63969074022e-06 7.20627134577e-06 9.0861677923e-06 8.45953611034e-06 8.77285195132e-06 7.0496129584e-06 6.42298080956e-06 7.51958718675e-06 7.20627134577e-06 7.98956141511e-06 8.30287725609e-06 9.0861677923e-06 8.1462193356e-06 8.92950987181e-06 8.77285195132e-06 8.92950987181e-06 8.92950987181e-06 1.01827741695e-05 1.03394330237e-05 8.61619403083e-06 7.98956141511e-06 1.04960909442e-05 7.36292926626e-06 8.61619403083e-06 8.92950987181e-06 7.51958718675e-06 1.03394330237e-05 9.55614248753e-06
1.04960909442e-05 1.15926973214e-05 1.03394330237e-05 1.08094067852e-05 1.04960909442e-05 1.15926973214e-05 1.04960909442e-05 1.11227226262e-05 1.15926973214e-05 1.11227226262e-05 7.83290349461e-06 5.32637443236e-06 7.83290349461e-06 4.38642597566e-06 6.26632288907e-06 5.95300658121e-06 6.26632288907e-06 7.20627134577e-06 6.1096645017e-06 7.67624557412e-06 7.36292926626e-06 7.51958718675e-06 7.0496129584e-06 7.83290349461e-06 7.51958718675e-06 7.83290349461e-06 7.83290349461e-06 8.1462193356e-06 8.1462193356e-06 8.30287725609e-06 8.45953611034e-06 8.1462193356e-06 8.30287725609e-06 9.24282571279e-06 7.83290349461e-06 9.0861677923e-06 7.83290349461e-06 8.61619403083e-06 8.30287725609e-06 8.92950987181e-06 9.0861677923e-06 8.1462193356e-06 7.0496129584e-06 9.0861677923e-06 7.51958718675e-06 7.98956141511e-06 8.1462193356e-06 8.30287725609e-06 8.1462193356e-06 8.61619403083e-06
9.39948456704e-06 1.25326457781e-05 1.09660647057e-05 1.14360394009e-05 1.14360394009e-05 1.04960909442e-05 1.01827741695e-05 9.39948456704e-06 1.34725942348e-05 9.55614248753e-06 1.06527488647e-05 8.45953611034e-06 7.98956141511e-06 5.32637443236e-06 3.60313567289e-06 7.98956141511e-06 7.51958718675e-06 6.89295503791e-06 7.83290349461e-06 7.67624557412e-06 7.51958718675e-06 7.20627134577e-06 6.89295503791e-06 7.83290349461e-06 6.57963873005e-06 7.36292926626e-06 8.61619403083e-06 7.98956141511e-06 8.61619403083e-06 9.0861677923e-06 8.92950987181e-06 8.77285195132e-06 8.45953611034e-06 9.39948456704e-06 8.92950987181e-06 9.86945832851e-06 7.98956141511e-06 9.86945832851e-06 1.0026116249e-05 8.77285195132e-06 7.98956141511e-06 9.86945832851e-06 8.30287725609e-06 7.83290349461e-06 8.1462193356e-06 7.67624557412e-06 8.1462193356e-06 7.67624557412e-06 8.45953611034e-06 7.36292926626e-06
1.09660647057e-05 7.98956141511e-06 1.14360394009e-05 1.20626710829e-05 1.17493552419e-05 1.15926973214e-05 1.22193290034e-05 9.86945832851e-06 1.0026116249e-05 1.09660647057e-05 1.06527488647e-05 9.55614248753e-06 1.0026116249e-05 7.36292926626e-06 5.16971651187e-06 7.67624557412e-06 7.51958718675e-06 7.98956141511e-06 8.45953611034e-06 7.98956141511e-06 7.83290349461e-06 7.83290349461e-06 7.83290349461e-06 7.20627134577e-06 7.51958718675e-06 8.1462193356e-06 8.77285195132e-06 9.55614248753e-06 9.55614248753e-06 7.20627134577e-06 8.61619403083e-06 8.30287725609e-06 8.45953611034e-06 7.51958718675e-06 9.55614248753e-06 1.03394330237e-05 1.04960909442e-05 1.14360394009e-05 9.24282571279e-06 7.83290349461e-06 8.92950987181e-06 8.45953611034e-06 9.0861677923e-06 9.24282571279e-06 8.1462193356e-06 7.98956141511e-06 7.67624557412e-06 7.98956141511e-06 7.67624557412e-06 7.83290349461e-06
1.23759878576e-05 9.0861677923e-06 1.06527488647e-05 9.86945832851e-06 1.04960909442e-05 1.15926973214e-05 1.04960909442e-05 1.22193290034e-05 1.0026116249e-05 9.24282571279e-06 1.03394330237e-05 1.04960909442e-05 9.24282571279e-06 8.30287725609e-06 4.22976805517e-06 8.1462193356e-06 4.54308389615e-06 7.67624557412e-06 5.63969074022e-06 8.92950987181e-06 7.67624557412e-06 7.36292926626e-06 9.24282571279e-06 8.61619403083e-06 6.1096645017e-06 8.45953611034e-06 9.71280040802e-06 1.0026116249e-05 9.71280040802e-06 8.61619403083e-06 8.77285195132e-06 7.67624557412e-06 9.39948456704e-06 7.20627134577e-06 1.03394330237e-05 9.71280040802e-06 1.04960909442e-05 1.08094067852e-05 1.11227226262e-05 7.67624557412e-06 7.83290349461e-06 7.36292926626e-06 7.98956141511e-06 8.30287725609e-06 8.45953611034e-06 7.51958718675e-06 9.86945832851e-06 7.83290349461e-06 7.98956141511e-06 7.83290349461e-06
1.28459616191e-05 9.86945832851e-06 8.92950987181e-06 9.55614248753e-06 1.20626710829e-05 9.86945832851e-06 1.08094067852e-05 1.15926973214e-05 1.15926973214e-05 7.67624557412e-06 8.30287725609e-06 6.89295503791e-06 6.57963873005e-06 7.0496129584e-06 9.55614248753e-06 9.39948456704e-06 6.73629711742e-06 5.63969074022e-06 5.48303235285e-06 7.83290349461e-06 9.55614248753e-06 9.24282571279e-06 9.0861677923e-06 1.03394330237e-05 8.1462193356e-06 7.51958718675e-06 7.67624557412e-06 9.55614248753e-06 1.03394330237e-05 9.0861677923e-06 1.06527488647e-05 1.17493552419e-05 1.11227226262e-05 1.19060131624e-05 9.71280040802e-06 1.14360394009e-05 1.03394330237e-05 1.11227226262e-05 1.11227226262e-05 1.04960909442e-05 8.1462193356e-06 1.0026116249e-05 1.11227226262e-05 7.36292926626e-06 9.0861677923e-06 7.36292926626e-06 1.01827741695e-05 1.0026116249e-05 7.67624557412e-06 6.89295503791e-06
