Example/niche_identity/models/RF/normalized_grids/Anolis_coelestinus.asc
ncols        743
nrows        319
xllcorner    -74.500956448335
yllcorner    17.448920549066
cellsize     0.008333333333
NODATA_value  -9999
[rows 132 to 153 of 318, columns 408 to 458 of 743]
4.74669087482e-06 4.74669087482e-06 5.15944650947e-06 3.50842366334e-06 3.50842366334e-06 4.33393493264e-06 4.95306853838e-06 4.74669087482e-06 4.74669087482e-06 3.92117929799e-06 4.74669087482e-06 4.95306853838e-06 5.36582417303e-06 4.74669087482e-06 4.54031290373e-06 4.74669087482e-06 5.15944650947e-06 4.95306853838e-06 3.92117929799e-06 3.09566802869e-06 5.15944650947e-06 4.74669087482e-06 4.12755726908e-06 4.54031290373e-06 4.54031290373e-06 3.71480163443e-06 3.92117929799e-06 4.33393493264e-06 5.36582417303e-06 2.8892900576e-06 2.68291208652e-06 4.95306853838e-06 2.8892900576e-06 4.74669087482e-06 2.8892900576e-06 4.54031290373e-06 2.68291208652e-06 4.54031290373e-06 4.74669087482e-06 2.47653426919e-06 3.92117929799e-06 2.8892900576e-06 3.50842366334e-06 4.54031290373e-06 4.54031290373e-06 4.33393493264e-06 4.54031290373e-06 4.54031290373e-06 3.30204569225e-06 3.71480163443e-06 2.47653426919e-06
4.74669087482e-06 3.50842366334e-06 4.33393493264e-06 3.50842366334e-06 3.92117929799e-06 5.15944650947e-06 4.74669087482e-06 4.12755726908e-06 4.33393493264e-06 3.09566802869e-06 3.50842366334e-06 4.95306853838e-06 4.74669087482e-06 4.12755726908e-06 4.95306853838e-06 3.71480163443e-06 3.71480163443e-06 3.92117929799e-06 2.8892900576e-06 4.74669087482e-06 4.33393493264e-06 3.30204569225e-06 4.12755726908e-06 4.74669087482e-06 4.54031290373e-06 4.74669087482e-06 3.30204569225e-06 4.74669087482e-06 4.74669087482e-06 2.8892900576e-06 4.12755726908e-06 5.15944650947e-06 3.09566802869e-06 2.8892900576e-06 3.50842366334e-06 4.74669087482e-06 4.33393493264e-06 2.68291208652e-06 3.50842366334e-06 4.33393493264e-06 3.92117929799e-06 4.74669087482e-06 4.74669087482e-06 3.92117929799e-06 3.50842366334e-06 4.74669087482e-06 4.33393493264e-06 3.50842366334e-06 3.71480163443e-06 3.50842366334e-06 4.12755726908e-06
4.12755726908e-06 4.33393493264e-06 3.50842366334e-06 3.50842366334e-06 3.92117929799e-06 4.54031290373e-06 3.92117929799e-06 5.15944650947e-06 5.15944650947e-06 4.74669087482e-06 4.95306853838e-06 4.33393493264e-06 4.95306853838e-06 4.95306853838e-06 4.74669087482e-06 4.74669087482e-06 4.74669087482e-06 4.74669087482e-06 3.50842366334e-06 4.12755726908e-06 3.71480163443e-06 4.54031290373e-06 4.54031290373e-06 3.09566802869e-06 4.74669087482e-06 4.95306853838e-06 4.54031290373e-06 3.92117929799e-06 4.12755726908e-06 4.74669087482e-06 2.68291208652e-06 4.54031290373e-06 2.68291208652e-06 3.71480163443e-06 3.71480163443e-06 3.71480163443e-06 4.12755726908e-06 3.50842366334e-06 4.74669087482e-06 3.50842366334e-06 3.30204569225e-06 3.71480163443e-06 3.50842366334e-06 3.71480163443e-06 4.95306853838e-06 4.74669087482e-06 3.50842366334e-06 3.71480163443e-06 3.71480163443e-06 4.33393493264e-06 2.68291208652e-06
4.74669087482e-06 3.92117929799e-06 4.33393493264e-06 4.95306853838e-06 3.50842366334e-06 3.71480163443e-06 4.12755726908e-06 3.92117929799e-06 3.92117929799e-06 3.92117929799e-06 2.8892900576e-06 4.95306853838e-06 4.74669087482e-06 5.77858011521e-06 4.95306853838e-06 4.33393493264e-06 4.33393493264e-06 2.8892900576e-06 3.71480163443e-06 2.68291208652e-06 2.68291208652e-06 2.8892900576e-06 5.15944650947e-06 4.54031290373e-06 4.74669087482e-06 4.12755726908e-06 4.54031290373e-06 4.54031290373e-06 4.74669087482e-06 4.74669087482e-06 4.33393493264e-06 4.95306853838e-06 4.54031290373e-06 4.74669087482e-06 3.92117929799e-06 4.12755726908e-06 2.8892900576e-06 4.12755726908e-06 4.95306853838e-06 3.71480163443e-06 4.95306853838e-06 2.8892900576e-06 4.33393493264e-06 3.71480163443e-06 3.92117929799e-06 4.33393493264e-06 3.30204569225e-06 3.71480163443e-06 4.12755726908e-06 4.54031290373e-06 2.8892900576e-06
5.36582417303e-06 4.74669087482e-06 4.12755726908e-06 4.95306853838e-06 4.95306853838e-06 3.71480163443e-06 3.92117929799e-06 3.92117929799e-06 3.71480163443e-06 3.71480163443e-06 3.92117929799e-06 4.54031290373e-06 4.74669087482e-06 2.68291208652e-06 4.54031290373e-06 3.50842366334e-06 3.50842366334e-06 3.71480163443e-06 3.30204569225e-06 4.33393493264e-06 4.54031290373e-06 4.95306853838e-06 3.09566802869e-06 4.74669087482e-06 4.74669087482e-06 4.74669087482e-06 4.12755726908e-06 4.74669087482e-06 3.30204569225e-06 2.68291208652e-06 4.12755726908e-06 4.54031290373e-06 4.54031290373e-06 3.92117929799e-06 5.15944650947e-06 2.8892900576e-06 2.8892900576e-06 2.8892900576e-06 2.68291208652e-06 4.33393493264e-06 4.33393493264e-06 4.74669087482e-06 4.95306853838e-06 3.50842366334e-06 3.92117929799e-06 2.68291208652e-06 3.71480163443e-06 2.27015645187e-06 2.47653426919e-06 3.30204569225e-06 2.8892900576e-06
5.57220245165e-06 5.15944650947e-06 4.74669087482e-06 3.92117929799e-06 3.92117929799e-06 3.71480163443e-06 3.71480163443e-06 2.47653426919e-06 2.68291208652e-06 3.09566802869e-06 3.92117929799e-06 3.92117929799e-06 4.95306853838e-06 4.54031290373e-06 4.33393493264e-06 3.50842366334e-06 3.30204569225e-06 3.09566802869e-06 3.09566802869e-06 4.95306853838e-06 3.92117929799e-06 4.74669087482e-06 4.54031290373e-06 4.54031290373e-06 4.95306853838e-06 4.12755726908e-06 4.95306853838e-06 4.74669087482e-06 3.92117929799e-06 3.30204569225e-06 2.68291208652e-06 3.09566802869e-06 2.68291208652e-06 3.50842366334e-06 2.47653426919e-06 4.95306853838e-06 2.68291208652e-06 2.8892900576e-06 2.68291208652e-06 2.68291208652e-06 4.12755726908e-06 4.12755726908e-06 4.12755726908e-06 3.50842366334e-06 4.74669087482e-06 4.95306853838e-06 3.71480163443e-06 2.68291208652e-06 1.65102284613e-06 3.09566802869e-06 2.47653426919e-06
3.92117929799e-06 4.95306853838e-06 4.12755726908e-06 3.92117929799e-06 3.92117929799e-06 3.92117929799e-06 3.71480163443e-06 3.71480163443e-06 2.06377863454e-06 2.27015645187e-06 3.30204569225e-06 4.74669087482e-06 2.68291208652e-06 3.92117929799e-06 3.50842366334e-06 3.92117929799e-06 2.8892900576e-06 3.71480163443e-06 2.47653426919e-06 3.50842366334e-06 3.50842366334e-06 3.09566802869e-06 3.50842366334e-06 3.50842366334e-06 4.33393493264e-06 2.8892900576e-06 4.54031290373e-06 3.30204569225e-06 4.54031290373e-06 2.47653426919e-06 3.30204569225e-06 1.2382671346e-06 1.4446450288e-06 1.85740081722e-06 5.15944650947e-06 4.54031290373e-06 4.12755726908e-06 4.54031290373e-06 2.68291208652e-06 3.09566802869e-06 2.68291208652e-06 4.12755726908e-06 2.68291208652e-06 2.68291208652e-06 2.68291208652e-06 4.12755726908e-06 2.47653426919e-06 2.47653426919e-06 2.27015645187e-06 2.06377863454e-06 2.27015645187e-06
2.68291208652e-06 4.33393493264e-06 3.50842366334e-06 3.92117929799e-06 4.12755726908e-06 3.71480163443e-06 3.71480163443e-06 3.71480163443e-06 2.47653426919e-06 2.06377863454e-06 2.27015645187e-06 3.50842366334e-06 5.36582417303e-06 4.12755726908e-06 3.50842366334e-06 2.47653426919e-06 2.27015645187e-06 4.74669087482e-06 3.71480163443e-06 4.74669087482e-06 3.50842366334e-06 4.74669087482e-06 4.54031290373e-06 4.54031290373e-06 3.50842366334e-06 4.12755726908e-06 4.54031290373e-06 4.54031290373e-06 3.30204569225e-06 2.27015645187e-06 2.27015645187e-06 1.03188931727e-06 1.85740081722e-06 8.25511423064e-07 2.68291208652e-06 5.57220245165e-06 4.54031290373e-06 3.92117929799e-06 3.71480163443e-06 2.8892900576e-06 3.09566802869e-06 3.71480163443e-06 2.27015645187e-06 3.92117929799e-06 2.47653426919e-06 2.27015645187e-06 2.47653426919e-06 1.4446450288e-06 2.06377863454e-06 8.25511423064e-07 1.65102284613e-06
5.15944650947e-06 4.33393493264e-06 4.54031290373e-06 2.47653426919e-06 2.47653426919e-06 3.50842366334e-06 3.71480163443e-06 3.92117929799e-06 3.71480163443e-06 2.06377863454e-06 4.33393493264e-06 2.27015645187e-06 2.27015645187e-06 2.8892900576e-06 3.92117929799e-06 2.06377863454e-06 2.47653426919e-06 3.50842366334e-06 2.8892900576e-06 3.09566802869e-06 4.74669087482e-06 4.33393493264e-06 2.68291208652e-06 3.30204569225e-06 3.71480163443e-06 3.09566802869e-06 2.06377863454e-06 1.65102284613e-06 1.85740081722e-06 1.65102284613e-06 1.85740081722e-06 1.4446450288e-06 8.25511423064e-07 1.65102284613e-06 3.30204569225e-06 4.54031290373e-06 3.30204569225e-06 2.68291208652e-06 3.30204569225e-06 2.27015645187e-06 2.8892900576e-06 4.12755726908e-06 2.68291208652e-06 2.06377863454e-06 2.68291208652e-06 3.30204569225e-06 2.8892900576e-06 2.47653426919e-06 1.2382671346e-06 1.2382671346e-06 1.2382671346e-06
3.50842366334e-06 3.30204569225e-06 3.50842366334e-06 5.15944650947e-06 3.50842366334e-06 2.47653426919e-06 2.27015645187e-06 2.8892900576e-06 2.06377863454e-06 2.68291208652e-06 5.15944650947e-06 2.68291208652e-06 2.68291208652e-06 3.71480163443e-06 2.06377863454e-06 3.09566802869e-06 2.27015645187e-06 3.09566802869e-06 3.09566802869e-06 4.33393493264e-06 3.50842366334e-06 3.50842366334e-06 5.15944650947e-06 3.71480163443e-06 3.92117929799e-06 3.09566802869e-06 3.09566802869e-06 2.47653426919e-06 1.65102284613e-06 6.19133567298e-07 1.85740081722e-06 2.68291208652e-06 1.85740081722e-06 1.65102284613e-06 1.85740081722e-06 3.71480163443e-06 3.30204569225e-06 3.92117929799e-06 2.47653426919e-06 1.85740081722e-06 2.47653426919e-06 2.27015645187e-06 2.06377863454e-06 1.65102284613e-06 2.06377863454e-06 2.68291208652e-06 2.68291208652e-06 2.47653426919e-06 2.27015645187e-06 2.27015645187e-06 1.03188931727e-06
2.06377863454e-06 4.95306853838e-06 3.92117929799e-06 3.71480163443e-06 5.15944650947e-06 3.71480163443e-06 2.8892900576e-06 2.27015645187e-06 3.30204569225e-06 2.68291208652e-06 4.95306853838e-06 3.92117929799e-06 2.27015645187e-06 2.06377863454e-06 3.09566802869e-06 2.8892900576e-06 3.09566802869e-06 3.09566802869e-06 2.8892900576e-06 3.09566802869e-06 3.50842366334e-06 4.33393493264e-06 4.54031290373e-06 2.68291208652e-06 2.47653426919e-06 1.4446450288e-06 2.27015645187e-06 2.27015645187e-06 1.4446450288e-06 2.27015645187e-06 1.03188931727e-06 2.47653426919e-06 1.65102284613e-06 2.68291208652e-06 2.68291208652e-06 2.27015645187e-06 2.47653426919e-06 3.50842366334e-06 1.65102284613e-06 8.25511423064e-07 1.4446450288e-06 1.65102284613e-06 2.06377863454e-06 8.25511423064e-07 2.47653426919e-06 1.2382671346e-06 1.85740081722e-06 2.47653426919e-06 2.68291208652e-06 2.8892900576e-06 1.2382671346e-06
3.92117929799e-06 4.33393493264e-06 3.50842366334e-06 3.30204569225e-06 2.27015645187e-06 2.47653426919e-06 4.12755726908e-06 4.95306853838e-06 2.47653426919e-06 5.98495777877e-06 5.36582417303e-06 2.47653426919e-06 2.68291208652e-06 2.8892900576e-06 2.47653426919e-06 2.8892900576e-06 4.33393493264e-06 3.50842366334e-06 3.09566802869e-06 3.50842366334e-06 2.8892900576e-06 4.33393493264e-06 3.09566802869e-06 3.30204569225e-06 3.09566802869e-06 1.4446450288e-06 1.65102284613e-06 2.27015645187e-06 1.85740081722e-06 1.2382671346e-06 1.4446450288e-06 3.30204569225e-06 1.03188931727e-06 2.47653426919e-06 1.85740081722e-06 1.85740081722e-06 2.8892900576e-06 1.85740081722e-06 1.4446450288e-06 2.27015645187e-06 6.19133567298e-07 8.25511423064e-07 1.65102284613e-06 1.85740081722e-06 8.25511423064e-07 1.4446450288e-06 1.65102284613e-06 1.65102284613e-06 8.25511423064e-07 1.65102284613e-06 2.06377863454e-06
3.92117929799e-06 3.71480163443e-06 3.30204569225e-06 3.30204569225e-06 3.71480163443e-06 2.47653426919e-06 2.68291208652e-06 4.74669087482e-06 5.77858011521e-06 6.19133605739e-06 3.50842366334e-06 3.09566802869e-06 2.8892900576e-06 3.50842366334e-06 3.09566802869e-06 3.92117929799e-06 4.33393493264e-06 3.50842366334e-06 3.30204569225e-06 3.30204569225e-06 3.50842366334e-06 3.92117929799e-06 3.50842366334e-06 3.30204569225e-06 3.09566802869e-06 2.27015645187e-06 2.06377863454e-06 2.68291208652e-06 1.85740081722e-06 1.65102284613e-06 2.47653426919e-06 3.50842366334e-06 2.06377863454e-06 2.68291208652e-06 2.8892900576e-06 1.85740081722e-06 1.65102284613e-06 2.68291208652e-06 8.25511423064e-07 1.2382671346e-06 1.65102284613e-06 1.4446450288e-06 2.06377863454e-06 8.25511423064e-07 1.2382671346e-06 8.25511423064e-07 1.03188931727e-06 1.2382671346e-06 1.65102284613e-06 1.4446450288e-06 2.27015645187e-06
3.09566802869e-06 3.71480163443e-06 2.8892900576e-06 2.8892900576e-06 2.47653426919e-06 3.09566802869e-06 3.30204569225e-06 4.95306853838e-06 5.57220245165e-06 5.77858011521e-06 2.68291208652e-06 2.47653426919e-06 3.50842366334e-06 3.30204569225e-06 3.50842366334e-06 3.50842366334e-06 2.27015645187e-06 2.8892900576e-06 2.27015645187e-06 2.47653426919e-06 1.85740081722e-06 2.47653426919e-06 2.47653426919e-06 3.09566802869e-06 3.09566802869e-06 2.06377863454e-06 1.2382671346e-06 1.4446450288e-06 3.30204569225e-06 2.27015645187e-06 3.71480163443e-06 2.68291208652e-06 1.85740081722e-06 2.68291208652e-06 1.65102284613e-06 1.65102284613e-06 2.27015645187e-06 2.68291208652e-06 1.4446450288e-06 1.4446450288e-06 1.4446450288e-06 1.2382671346e-06 3.09566802869e-06 2.06377863454e-06 8.25511423064e-07 8.25511423064e-07 8.25511423064e-07 1.65102284613e-06 1.2382671346e-06 2.27015645187e-06 2.68291208652e-06
4.33393493264e-06 3.71480163443e-06 3.09566802869e-06 2.8892900576e-06 2.47653426919e-06 3.92117929799e-06 3.30204569225e-06 3.09566802869e-06 4.95306853838e-06 7.63598093242e-06 5.15944650947e-06 3.71480163443e-06 2.8892900576e-06 2.47653426919e-06 2.68291208652e-06 3.50842366334e-06 3.50842366334e-06 2.27015645187e-06 2.27015645187e-06 1.85740081722e-06 2.27015645187e-06 2.47653426919e-06 1.85740081722e-06 2.47653426919e-06 2.06377863454e-06 1.85740081722e-06 2.06377863454e-06 1.65102284613e-06 3.50842366334e-06 3.71480163443e-06 2.27015645187e-06 1.65102284613e-06 1.03188931727e-06 1.4446450288e-06 1.65102284613e-06 2.06377863454e-06 1.85740081722e-06 1.85740081722e-06 2.06377863454e-06 2.27015645187e-06 2.47653426919e-06 1.2382671346e-06 8.25511423064e-07 8.25511423064e-07 8.25511423064e-07 1.4446450288e-06 1.03188931727e-06 1.4446450288e-06 1.85740081722e-06 2.68291208652e-06 4.12755726908e-06
6.81046966312e-06 5.77858011521e-06 2.8892900576e-06 3.71480163443e-06 4.95306853838e-06 4.33393493264e-06 2.47653426919e-06 2.68291208652e-06 2.47653426919e-06 5.15944650947e-06 7.42960326886e-06 5.98495777877e-06 4.74669087482e-06 4.95306853838e-06 2.06377863454e-06 2.47653426919e-06 2.68291208652e-06 2.47653426919e-06 2.27015645187e-06 2.8892900576e-06 4.12755726908e-06 2.06377863454e-06 1.85740081722e-06 3.30204569225e-06 3.09566802869e-06 1.85740081722e-06 1.85740081722e-06 2.27015645187e-06 2.68291208652e-06 4.33393493264e-06 1.65102284613e-06 2.8892900576e-06 2.27015645187e-06 2.68291208652e-06 1.03188931727e-06 1.4446450288e-06 1.65102284613e-06 1.4446450288e-06 1.2382671346e-06 3.50842366334e-06 2.47653426919e-06 1.4446450288e-06 2.06377863454e-06 8.25511423064e-07 1.65102284613e-06 2.68291208652e-06 2.27015645187e-06 3.30204569225e-06 3.09566802869e-06 3.09566802869e-06 4.74669087482e-06
1.05252706825e-05 7.63598093242e-06 6.81046966312e-06 5.15944650947e-06 5.77858011521e-06 2.68291208652e-06 3.30204569225e-06 2.47653426919e-06 4.12755726908e-06 8.25511453816e-06 5.98495777877e-06 3.09566802869e-06 2.47653426919e-06 3.50842366334e-06 1.65102284613e-06 2.8892900576e-06 3.30204569225e-06 3.71480163443e-06 2.47653426919e-06 4.95306853838e-06 2.8892900576e-06 2.68291208652e-06 2.06377863454e-06 2.8892900576e-06 3.09566802869e-06 3.09566802869e-06 1.4446450288e-06 1.65102284613e-06 4.12755726908e-06 3.50842366334e-06 2.47653426919e-06 1.65102284613e-06 3.09566802869e-06 2.8892900576e-06 2.47653426919e-06 1.65102284613e-06 1.85740081722e-06 2.8892900576e-06 2.8892900576e-06 2.8892900576e-06 4.12755726908e-06 2.68291208652e-06 2.47653426919e-06 2.68291208652e-06 6.19133567298e-07 6.19133567298e-07 3.09566802869e-06 2.47653426919e-06 2.68291208652e-06 4.54031290373e-06 2.68291208652e-06
9.90613707676e-06 7.63598093242e-06 8.25511453816e-06 6.81046966312e-06 6.81046966312e-06 5.77858011521e-06 6.19133605739e-06 5.77858011521e-06 9.28700347103e-06 8.25511453816e-06 4.95306853838e-06 4.95306853838e-06 2.68291208652e-06 3.71480163443e-06 3.09566802869e-06 2.27015645187e-06 2.27015645187e-06 2.8892900576e-06 4.33393493264e-06 5.57220245165e-06 3.09566802869e-06 2.47653426919e-06 2.27015645187e-06 2.06377863454e-06 3.30204569225e-06 2.27015645187e-06 2.06377863454e-06 1.65102284613e-06 2.8892900576e-06 4.33393493264e-06 1.85740081722e-06 3.50842366334e-06 2.68291208652e-06 2.68291208652e-06 2.68291208652e-06 2.27015645187e-06 8.25511423064e-07 2.68291208652e-06 4.33393493264e-06 4.74669087482e-06 3.50842366334e-06 2.8892900576e-06 2.68291208652e-06 2.27015645187e-06 2.68291208652e-06 2.27015645187e-06 1.85740081722e-06 2.47653426919e-06 3.09566802869e-06 3.09566802869e-06 2.8892900576e-06
1.01125153554e-05 1.03188930189e-05 9.6997594132e-06 8.04873625955e-06 8.46149220173e-06 7.84235859599e-06 7.01684732669e-06 9.28700347103e-06 1.11444049033e-05 5.77858011521e-06 3.30204569225e-06 2.68291208652e-06 3.09566802869e-06 4.95306853838e-06 3.50842366334e-06 4.33393493264e-06 4.33393493264e-06 2.27015645187e-06 3.71480163443e-06 5.77858011521e-06 3.71480163443e-06 3.92117929799e-06 3.71480163443e-06 2.8892900576e-06 1.2382671346e-06 2.68291208652e-06 1.65102284613e-06 3.09566802869e-06 5.15944650947e-06 1.65102284613e-06 2.68291208652e-06 2.47653426919e-06 2.8892900576e-06 4.33393493264e-06 2.47653426919e-06 3.50842366334e-06 2.47653426919e-06 2.27015645187e-06 2.68291208652e-06 3.50842366334e-06 3.92117929799e-06 4.74669087482e-06 2.68291208652e-06 2.47653426919e-06 3.50842366334e-06 2.27015645187e-06 2.47653426919e-06 2.47653426919e-06 2.68291208652e-06 2.27015645187e-06 3.30204569225e-06
1.07316483461e-05 9.6997594132e-06 1.03188930189e-05 1.03188930189e-05 1.05252706825e-05 7.84235859599e-06 8.25511453816e-06 1.23826721148e-05 8.46149220173e-06 5.57220245165e-06 3.50842366334e-06 3.92117929799e-06 6.39771372095e-06 5.98495777877e-06 4.95306853838e-06 3.50842366334e-06 4.74669087482e-06 2.8892900576e-06 2.8892900576e-06 5.57220245165e-06 5.98495777877e-06 5.36582417303e-06 3.30204569225e-06 3.09566802869e-06 2.27015645187e-06 2.27015645187e-06 1.85740081722e-06 3.09566802869e-06 4.95306853838e-06 3.92117929799e-06 3.09566802869e-06 3.50842366334e-06 4.95306853838e-06 3.50842366334e-06 2.47653426919e-06 2.27015645187e-06 2.47653426919e-06 2.27015645187e-06 2.27015645187e-06 2.68291208652e-06 4.12755726908e-06 2.47653426919e-06 3.50842366334e-06 2.8892900576e-06 2.47653426919e-06 2.8892900576e-06 2.8892900576e-06 3.09566802869e-06 3.92117929799e-06 4.12755726908e-06 2.8892900576e-06
9.08062580746e-06 9.08062580746e-06 1.09380260096e-05 1.11444049033e-05 7.63598093242e-06 9.49338174964e-06 1.05252706825e-05 1.19699155575e-05 1.01125153554e-05 7.01684732669e-06 6.19133605739e-06 4.33393493264e-06 5.98495777877e-06 5.77858011521e-06 6.60409138451e-06 5.98495777877e-06 4.33393493264e-06 4.33393493264e-06 4.74669087482e-06 2.8892900576e-06 5.77858011521e-06 6.39771372095e-06 5.36582417303e-06 4.33393493264e-06 5.57220245165e-06 6.81046966312e-06 6.19133605739e-06 6.19133605739e-06 3.50842366334e-06 1.2382671346e-06 3.92117929799e-06 3.50842366334e-06 2.8892900576e-06 3.09566802869e-06 2.68291208652e-06 3.50842366334e-06 2.8892900576e-06 2.8892900576e-06 2.8892900576e-06 3.09566802869e-06 4.54031290373e-06 2.47653426919e-06 3.92117929799e-06 3.50842366334e-06 3.92117929799e-06 2.47653426919e-06 2.8892900576e-06 2.8892900576e-06 2.8892900576e-06 2.8892900576e-06 2.8892900576e-06
9.6997594132e-06 1.11444049033e-05 1.15571602304e-05 9.08062580746e-06 9.08062580746e-06 1.03188930189e-05 1.01125153554e-05 1.1763537894e-05 7.84235859599e-06 6.60409138451e-06 1.07316483461e-05 5.36582417303e-06 4.74669087482e-06 6.81046966312e-06 7.42960326886e-06 4.95306853838e-06 7.42960326886e-06 5.77858011521e-06 5.98495777877e-06 7.63598093242e-06 6.81046966312e-06 5.98495777877e-06 6.39771372095e-06 6.39771372095e-06 5.57220245165e-06 3.71480163443e-06 3.92117929799e-06 3.30204569225e-06 2.06377863454e-06 3.50842366334e-06 2.47653426919e-06 3.30204569225e-06 2.68291208652e-06 3.09566802869e-06 3.92117929799e-06 2.8892900576e-06 2.8892900576e-06 3.50842366334e-06 3.50842366334e-06 3.50842366334e-06 4.33393493264e-06 3.30204569225e-06 2.68291208652e-06 4.54031290373e-06 3.30204569225e-06 3.92117929799e-06 3.92117929799e-06 2.8892900576e-06 4.74669087482e-06 3.30204569225e-06 3.50842366334e-06
