Example/niche_identity/models/RF/normalized_grids/Anolis_chlorocyanus_0.asc
ncols        743
nrows        319
xllcorner    -74.500956448335
yllcorner    17.448920549066
cellsize     0.008333333333
NODATA_value  -9999
[rows 110 to 131 of 318, columns 561 to 611 of 743]
1.43319882863e-05 1.43319882863e-05 1.43319882863e-05 1.43319882863e-05 1.41795204709e-05 1.43319882863e-05 1.44844561018e-05 1.44844561018e-05 1.41795204709e-05 1.41795204709e-05 1.41795204709e-05 1.41795204709e-05 1.41795204709e-05 1.41795204709e-05 1.41795204709e-05 1.41795204709e-05 1.41795204709e-05 1.44844561018e-05 1.46369239173e-05 1.44844561018e-05 1.47893926416e-05 1.38745848399e-05 1.41795204709e-05 1.44844561018e-05 -9999 -9999 -9999 -9999 -9999 -9999 -9999 -9999 -9999 -9999 -9999 -9999 -9999 -9999 -9999 -9999 -9999 -9999 -9999 -9999 -9999 -9999 -9999 -9999 -9999 -9999 -9999
1.44844561018e-05 1.43319882863e-05 1.43319882863e-05 1.43319882863e-05 1.43319882863e-05 1.43319882863e-05 1.41795204709e-05 1.41795204709e-05 1.43319882863e-05 1.40270526554e-05 1.41795204709e-05 1.38745848399e-05 1.43319882863e-05 1.41795204709e-05 1.43319882863e-05 1.46369239173e-05 1.41795204709e-05 1.40270526554e-05 1.46369239173e-05 1.41795204709e-05 1.46369239173e-05 1.44844561018e-05 1.46369239173e-05 1.44844561018e-05 -9999 -9999 -9999 -9999 -9999 -9999 -9999 -9999 -9999 -9999 -9999 -9999 -9999 -9999 -9999 -9999 -9999 -9999 -9999 -9999 -9999 -9999 -9999 -9999 -9999 -9999 -9999
1.41795204709e-05 1.43319882863e-05 1.44844561018e-05 1.44844561018e-05 1.41795204709e-05 1.41795204709e-05 1.43319882863e-05 1.41795204709e-05 1.40270526554e-05 1.43319882863e-05 1.40270526554e-05 1.46369239173e-05 1.46369239173e-05 1.43319882863e-05 1.41795204709e-05 1.44844561018e-05 1.44844561018e-05 1.44844561018e-05 1.44844561018e-05 1.44844561018e-05 1.41795204709e-05 1.44844561018e-05 1.43319882863e-05 1.43319882863e-05 -9999 -9999 -9999 -9999 -9999 -9999 -9999 -9999 -9999 -9999 -9999 -9999 -9999 -9999 -9999 -9999 -9999 -9999 -9999 -9999 -9999 -9999 -9999 -9999 -9999 -9999 -9999
1.43319882863e-05 1.41795204709e-05 1.43319882863e-05 1.41795204709e-05 1.41795204709e-05 1.43319882863e-05 1.43319882863e-05 1.43319882863e-05 1.40270526554e-05 1.43319882863e-05 1.41795204709e-05 1.46369239173e-05 1.46369239173e-05 1.44844561018e-05 1.44844561018e-05 1.44844561018e-05 1.44844561018e-05 1.44844561018e-05 1.43319882863e-05 1.44844561018e-05 1.43319882863e-05 1.46369239173e-05 1.41795204709e-05 -9999 -9999 -9999 -9999 -9999 -9999 -9999 -9999 -9999 -9999 -9999 -9999 -9999 -9999 -9999 -9999 -9999 -9999 -9999 -9999 -9999 -9999 -9999 -9999 -9999 -9999 -9999 -9999
1.47893926416e-05 1.47893926416e-05 1.43319882863e-05 1.47893926416e-05 1.46369239173e-05 1.47893926416e-05 1.43319882863e-05 1.43319882863e-05 1.46369239173e-05 1.46369239173e-05 1.46369239173e-05 1.40270526554e-05 1.43319882863e-05 1.44844561018e-05 1.46369239173e-05 1.44844561018e-05 1.44844561018e-05 1.44844561018e-05 1.44844561018e-05 1.40270526554e-05 1.40270526554e-05 1.44844561018e-05 1.40270526554e-05 -9999 -9999 -9999 -9999 -9999 -9999 -9999 -9999 -9999 -9999 -9999 -9999 -9999 -9999 -9999 -9999 -9999 -9999 -9999 -9999 -9999 -9999 -9999 -9999 -9999 -9999 -9999 -9999
1.46369239173e-05 1.43319882863e-05 1.44844561018e-05 1.40270526554e-05 1.41795204709e-05 1.40270526554e-05 1.46369239173e-05 1.46369239173e-05 1.40270526554e-05 1.41795204709e-05 1.41795204709e-05 1.44844561018e-05 1.43319882863e-05 1.40270526554e-05 1.41795204709e-05 1.41795204709e-05 1.41795204709e-05 1.41795204709e-05 1.38745848399e-05 1.41795204709e-05 1.41795204709e-05 1.38745848399e-05 1.41795204709e-05 -9999 -9999 -9999 -9999 -9999 -9999 -9999 -9999 -9999 -9999 -9999 -9999 -9999 -9999 -9999 -9999 -9999 -9999 -9999 -9999 -9999 -9999 -9999 -9999 -9999 -9999 -9999 -9999
1.44844561018e-05 1.46369239173e-05 1.46369239173e-05 1.40270526554e-05 1.44844561018e-05 1.46369239173e-05 1.46369239173e-05 1.44844561018e-05 1.40270526554e-05 1.44844561018e-05 1.46369239173e-05 1.41795204709e-05 1.41795204709e-05 1.41795204709e-05 1.41795204709e-05 1.40270526554e-05 1.37221161157e-05 1.40270526554e-05 1.37221161157e-05 1.35696483002e-05 1.38745848399e-05 1.31122448538e-05 1.37221161157e-05 -9999 -9999 -9999 -9999 -9999 -9999 -9999 -9999 -9999 -9999 -9999 -9999 -9999 -9999 -9999 -9999 -9999 -9999 -9999 -9999 -9999 -9999 -9999 -9999 -9999 -9999 -9999 -9999
1.43319882863e-05 1.43319882863e-05 1.43319882863e-05 1.44844561018e-05 1.46369239173e-05 1.46369239173e-05 1.44844561018e-05 1.46369239173e-05 1.44844561018e-05 1.43319882863e-05 1.40270526554e-05 1.43319882863e-05 1.43319882863e-05 1.40270526554e-05 1.35696483002e-05 1.35696483002e-05 1.37221161157e-05 1.35696483002e-05 1.40270526554e-05 1.35696483002e-05 1.34171804847e-05 1.38745848399e-05 1.35696483002e-05 -9999 -9999 -9999 -9999 -9999 -9999 -9999 -9999 -9999 -9999 -9999 -9999 -9999 -9999 -9999 -9999 -9999 -9999 -9999 -9999 -9999 -9999 -9999 -9999 -9999 -9999 -9999 -9999
1.40270526554e-05 1.37221161157e-05 1.37221161157e-05 1.41795204709e-05 1.41795204709e-05 1.43319882863e-05 1.40270526554e-05 1.43319882863e-05 1.41795204709e-05 1.40270526554e-05 1.40270526554e-05 1.37221161157e-05 1.35696483002e-05 1.34171804847e-05 1.32647126692e-05 1.35696483002e-05 1.37221161157e-05 1.35696483002e-05 1.37221161157e-05 1.34171804847e-05 1.35696483002e-05 1.41795204709e-05 1.38745848399e-05 -9999 -9999 -9999 -9999 -9999 -9999 -9999 -9999 -9999 -9999 -9999 -9999 -9999 -9999 -9999 -9999 -9999 -9999 -9999 -9999 -9999 -9999 -9999 -9999 -9999 -9999 -9999 -9999
1.38745848399e-05 1.34171804847e-05 1.41795204709e-05 1.41795204709e-05 1.40270526554e-05 1.40270526554e-05 1.35696483002e-05 1.34171804847e-05 1.35696483002e-05 1.35696483002e-05 1.32647126692e-05 1.31122448538e-05 1.34171804847e-05 1.34171804847e-05 1.32647126692e-05 1.37221161157e-05 1.35696483002e-05 1.34171804847e-05 1.34171804847e-05 1.35696483002e-05 1.35696483002e-05 1.2807308314e-05 -9999 -9999 -9999 -9999 -9999 -9999 -9999 -9999 -9999 -9999 -9999 -9999 -9999 -9999 -9999 -9999 -9999 -9999 -9999 -9999 -9999 -9999 -9999 -9999 -9999 -9999 -9999 -9999 -9999
1.26548404986e-05 1.35696483002e-05 1.34171804847e-05 1.37221161157e-05 1.38745848399e-05 1.25023726831e-05 1.37221161157e-05 1.37221161157e-05 1.32647126692e-05 1.31122448538e-05 1.2807308314e-05 1.2807308314e-05 1.2807308314e-05 1.2807308314e-05 1.34171804847e-05 1.2807308314e-05 1.35696483002e-05 1.34171804847e-05 1.34171804847e-05 1.29597770383e-05 1.37221161157e-05 1.29597770383e-05 -9999 -9999 -9999 -9999 -9999 -9999 -9999 -9999 -9999 -9999 -9999 -9999 -9999 -9999 -9999 -9999 -9999 -9999 -9999 -9999 -9999 -9999 -9999 -9999 -9999 -9999 -9999 1.15875648815e-05 -9999
9.91041709367e-06 1.05202892644e-05 1.09776936196e-05 1.29597770383e-05 1.20449692367e-05 1.29597770383e-05 1.32647126692e-05 1.29597770383e-05 1.20449692367e-05 1.2807308314e-05 1.31122448538e-05 1.32647126692e-05 1.34171804847e-05 1.29597770383e-05 1.31122448538e-05 1.23499048676e-05 1.26548404986e-05 1.18925005124e-05 1.25023726831e-05 1.29597770383e-05 1.29597770383e-05 1.21974370521e-05 -9999 -9999 -9999 -9999 -9999 -9999 -9999 -9999 -9999 -9999 -9999 -9999 -9999 -9999 -9999 -9999 -9999 -9999 -9999 -9999 -9999 -9999 -9999 -9999 -9999 1.1130161435e-05 1.15875648815e-05 1.12826292505e-05 1.1130161435e-05
9.91041709367e-06 1.00628858179e-05 1.03678214489e-05 9.7579492782e-06 9.60548146272e-06 1.00628858179e-05 9.91041709367e-06 1.08252248953e-05 1.08252248953e-05 1.21974370521e-05 1.15875648815e-05 1.2807308314e-05 1.18925005124e-05 1.26548404986e-05 1.29597770383e-05 1.23499048676e-05 1.2807308314e-05 1.21974370521e-05 1.1435097066e-05 1.21974370521e-05 1.1435097066e-05 1.18925005124e-05 1.34171804847e-05 -9999 -9999 -9999 -9999 -9999 -9999 -9999 1.40270526554e-05 1.37221161157e-05 -9999 -9999 -9999 -9999 -9999 -9999 1.34171804847e-05 1.21974370521e-05 -9999 -9999 -9999 -9999 -9999 -9999 1.21974370521e-05 1.15875648815e-05 1.1435097066e-05 1.1435097066e-05 1.08252248953e-05
1.05202892644e-05 1.00628858179e-05 1.09776936196e-05 1.02153536334e-05 9.45301364725e-06 1.00628858179e-05 9.60548146272e-06 1.02153536334e-05 1.00628858179e-05 1.02153536334e-05 9.7579492782e-06 9.45301364725e-06 1.09776936196e-05 1.06727570798e-05 1.06727570798e-05 1.18925005124e-05 1.26548404986e-05 1.32647126692e-05 1.15875648815e-05 1.1130161435e-05 1.1130161435e-05 1.2807308314e-05 1.2807308314e-05 1.20449692367e-05 1.32647126692e-05 1.1435097066e-05 1.37221161157e-05 1.35696483002e-05 1.17400326969e-05 1.1130161435e-05 1.15875648815e-05 1.26548404986e-05 1.09776936196e-05 1.15875648815e-05 1.40270526554e-05 1.35696483002e-05 1.21974370521e-05 1.18925005124e-05 1.25023726831e-05 1.29597770383e-05 -9999 1.17400326969e-05 1.17400326969e-05 1.34171804847e-05 -9999 -9999 1.20449692367e-05 1.1130161435e-05 1.15875648815e-05 1.15875648815e-05 1.08252248953e-05
8.99560929204e-06 1.03678214489e-05 1.03678214489e-05 9.7579492782e-06 1.05202892644e-05 1.05202892644e-05 1.02153536334e-05 9.7579492782e-06 9.91041709367e-06 9.60548146272e-06 1.09776936196e-05 1.08252248953e-05 1.03678214489e-05 9.60548146272e-06 1.05202892644e-05 1.1130161435e-05 1.1435097066e-05 9.91041709367e-06 1.1435097066e-05 1.1130161435e-05 1.1435097066e-05 1.15875648815e-05 1.25023726831e-05 1.25023726831e-05 1.21974370521e-05 1.18925005124e-05 1.18925005124e-05 1.1130161435e-05 1.18925005124e-05 1.1435097066e-05 1.20449692367e-05 1.17400326969e-05 1.15875648815e-05 1.00628858179e-05 9.45301364725e-06 1.20449692367e-05 1.1435097066e-05 1.05202892644e-05 1.08252248953e-05 1.15875648815e-05 1.31122448538e-05 1.21974370521e-05 1.20449692367e-05 1.15875648815e-05 1.29597770383e-05 1.26548404986e-05 1.20449692367e-05 1.12826292505e-05 1.09776936196e-05 1.08252248953e-05 1.06727570798e-05
9.1480780163e-06 1.00628858179e-05 9.30054583177e-06 9.30054583177e-06 8.99560929204e-06 8.38573803014e-06 1.02153536334e-05 1.02153536334e-05 9.7579492782e-06 9.7579492782e-06 1.09776936196e-05 1.02153536334e-05 1.00628858179e-05 9.60548146272e-06 8.84314147657e-06 1.05202892644e-05 1.05202892644e-05 1.06727570798e-05 1.09776936196e-05 1.15875648815e-05 1.09776936196e-05 1.08252248953e-05 1.12826292505e-05 1.09776936196e-05 1.18925005124e-05 1.12826292505e-05 1.12826292505e-05 1.09776936196e-05 9.7579492782e-06 9.60548146272e-06 1.06727570798e-05 1.05202892644e-05 1.08252248953e-05 9.60548146272e-06 1.1435097066e-05 1.17400326969e-05 1.1130161435e-05 1.18925005124e-05 1.17400326969e-05 1.15875648815e-05 9.60548146272e-06 1.08252248953e-05 1.09776936196e-05 1.15875648815e-05 1.2807308314e-05 1.18925005124e-05 1.18925005124e-05 1.18925005124e-05 1.1435097066e-05 1.08252248953e-05 1.18925005124e-05
1.00628858179e-05 9.60548146272e-06 7.16599414317e-06 8.23327021467e-06 8.84314147657e-06 1.05202892644e-05 8.38573803014e-06 9.91041709367e-06 1.03678214489e-05 1.05202892644e-05 1.05202892644e-05 9.91041709367e-06 1.03678214489e-05 1.03678214489e-05 8.23327021467e-06 9.1480780163e-06 1.05202892644e-05 9.7579492782e-06 1.12826292505e-05 1.02153536334e-05 1.06727570798e-05 9.1480780163e-06 1.05202892644e-05 1.15875648815e-05 1.1130161435e-05 9.91041709367e-06 1.08252248953e-05 9.30054583177e-06 1.08252248953e-05 9.60548146272e-06 1.03678214489e-05 9.7579492782e-06 1.06727570798e-05 1.00628858179e-05 9.30054583177e-06 1.02153536334e-05 1.00628858179e-05 1.1130161435e-05 1.05202892644e-05 1.15875648815e-05 1.1130161435e-05 1.12826292505e-05 1.03678214489e-05 1.18925005124e-05 1.17400326969e-05 1.20449692367e-05 1.1130161435e-05 1.17400326969e-05 1.12826292505e-05 1.15875648815e-05 1.08252248953e-05
9.1480780163e-06 9.7579492782e-06 8.69067366109e-06 8.53820584562e-06 1.06727570798e-05 6.86105805783e-06 7.62339804399e-06 7.92833367494e-06 8.69067366109e-06 8.08080149041e-06 8.84314147657e-06 1.02153536334e-05 9.60548146272e-06 1.05202892644e-05 8.23327021467e-06 7.92833367494e-06 1.02153536334e-05 9.60548146272e-06 1.03678214489e-05 1.20449692367e-05 1.18925005124e-05 1.02153536334e-05 8.99560929204e-06 1.08252248953e-05 1.20449692367e-05 9.60548146272e-06 9.60548146272e-06 8.99560929204e-06 9.7579492782e-06 9.7579492782e-06 1.06727570798e-05 1.00628858179e-05 9.7579492782e-06 1.02153536334e-05 9.91041709367e-06 1.02153536334e-05 1.00628858179e-05 1.08252248953e-05 1.02153536334e-05 1.03678214489e-05 1.15875648815e-05 1.1130161435e-05 1.06727570798e-05 1.00628858179e-05 1.1130161435e-05 1.08252248953e-05 1.15875648815e-05 1.17400326969e-05 1.08252248953e-05 1.20449692367e-05 1.18925005124e-05
9.30054583177e-06 6.09871852607e-06 6.55612242688e-06 6.70859024236e-06 7.0135263277e-06 7.0135263277e-06 6.55612242688e-06 8.23327021467e-06 8.69067366109e-06 9.30054583177e-06 8.99560929204e-06 1.00628858179e-05 9.60548146272e-06 9.91041709367e-06 1.03678214489e-05 9.91041709367e-06 9.1480780163e-06 7.62339804399e-06 9.7579492782e-06 1.09776936196e-05 8.38573803014e-06 9.1480780163e-06 9.60548146272e-06 1.02153536334e-05 9.60548146272e-06 9.7579492782e-06 9.60548146272e-06 1.00628858179e-05 1.02153536334e-05 1.08252248953e-05 1.03678214489e-05 1.03678214489e-05 1.02153536334e-05 1.00628858179e-05 9.7579492782e-06 1.02153536334e-05 1.09776936196e-05 1.02153536334e-05 1.06727570798e-05 1.03678214489e-05 8.99560929204e-06 1.02153536334e-05 1.06727570798e-05 1.05202892644e-05 1.02153536334e-05 1.02153536334e-05 1.12826292505e-05 1.17400326969e-05 1.15875648815e-05 1.15875648815e-05 1.09776936196e-05
8.69067366109e-06 9.1480780163e-06 7.31846195865e-06 7.77586585946e-06 6.40365415702e-06 7.31846195865e-06 6.86105805783e-06 7.62339804399e-06 5.79378244073e-06 7.77586585946e-06 7.62339804399e-06 8.69067366109e-06 1.00628858179e-05 9.91041709367e-06 9.7579492782e-06 9.7579492782e-06 8.53820584562e-06 9.45301364725e-06 1.03678214489e-05 9.91041709367e-06 9.30054583177e-06 1.00628858179e-05 1.02153536334e-05 1.09776936196e-05 9.91041709367e-06 1.02153536334e-05 1.00628858179e-05 9.7579492782e-06 9.45301364725e-06 8.53820584562e-06 9.30054583177e-06 9.30054583177e-06 9.60548146272e-06 9.45301364725e-06 1.00628858179e-05 1.06727570798e-05 9.60548146272e-06 9.60548146272e-06 9.91041709367e-06 9.7579492782e-06 1.00628858179e-05 9.30054583177e-06 9.7579492782e-06 9.45301364725e-06 1.05202892644e-05 1.15875648815e-05 1.06727570798e-05 1.09776936196e-05 1.25023726831e-05 1.12826292505e-05 1.32647126692e-05
7.47093022851e-06 6.40365415702e-06 7.0135263277e-06 8.69067366109e-06 7.92833367494e-06 6.25118634154e-06 5.79378244073e-06 6.86105805783e-06 7.31846195865e-06 8.08080149041e-06 6.86105805783e-06 6.40365415702e-06 9.1480780163e-06 8.99560929204e-06 1.03678214489e-05 8.69067366109e-06 7.31846195865e-06 7.92833367494e-06 8.08080149041e-06 8.69067366109e-06 9.60548146272e-06 1.06727570798e-05 8.84314147657e-06 1.02153536334e-05 9.91041709367e-06 1.09776936196e-05 1.06727570798e-05 9.30054583177e-06 9.7579492782e-06 9.60548146272e-06 8.08080149041e-06 9.30054583177e-06 8.38573803014e-06 8.38573803014e-06 8.99560929204e-06 8.84314147657e-06 9.91041709367e-06 7.92833367494e-06 1.06727570798e-05 1.02153536334e-05 1.06727570798e-05 1.03678214489e-05 9.7579492782e-06 9.30054583177e-06 9.30054583177e-06 9.7579492782e-06 9.60548146272e-06 1.09776936196e-05 1.09776936196e-05 1.15875648815e-05 1.21974370521e-05
7.62339804399e-06 8.53820584562e-06 7.47093022851e-06 8.53820584562e-06 7.0135263277e-06 8.84314147657e-06 7.47093022851e-06 7.47093022851e-06 8.08080149041e-06 7.62339804399e-06 7.31846195865e-06 7.47093022851e-06 6.09871852607e-06 7.77586585946e-06 7.92833367494e-06 7.0135263277e-06 7.92833367494e-06 7.77586585946e-06 7.77586585946e-06 8.23327021467e-06 1.02153536334e-05 9.91041709367e-06 8.53820584562e-06 8.23327021467e-06 8.23327021467e-06 9.45301364725e-06 1.06727570798e-05 1.02153536334e-05 1.00628858179e-05 6.86105805783e-06 1.06727570798e-05 1.03678214489e-05 9.45301364725e-06 9.7579492782e-06 9.7579492782e-06 1.03678214489e-05 9.45301364725e-06 8.08080149041e-06 9.91041709367e-06 8.69067366109e-06 9.45301364725e-06 1.05202892644e-05 1.02153536334e-05 8.23327021467e-06 1.00628858179e-05 8.53820584562e-06 8.08080149041e-06 1.02153536334e-05 9.7579492782e-06 9.60548146272e-06 1.20449692367e-05
