Example/niche_identity/models/RF/normalized_grids/Anolis_coelestinus_1.asc
ncols        743
nrows        319
xllcorner    -74.500956448335
yllcorner    17.448920549066
cellsize     0.008333333333
NODATA_value  -9999
[rows 198 to 219 of 318, columns 204 to 254 of 743]
-9999 -9999 -9999 -9999 -9999 -9999 -9999 -9999 -9999 -9999 -9999 -9999 -9999 -9999 -9999 1.33426260002e-05 1.4166245083e-05 1.53193114063e-05 1.12012169739e-05 1.44956923234e-05 1.35073496204e-05 1.12012169739e-05 1.28484541577e-05 1.28484541577e-05 1.13659405941e-05 1.20248360567e-05 1.25190069173e-05 1.15306642143e-05 1.20248360567e-05 1.21895596769e-05 1.33426260002e-05 1.25190069173e-05 1.18601124365e-05 1.16953878345e-05 1.38367968608e-05 1.58134822669e-05 1.59782068689e-05 1.54840350265e-05 1.36720732406e-05 1.40015214628e-05 1.33426260002e-05 1.48251395638e-05 1.43309687032e-05 1.40015214628e-05 1.35073496204e-05 1.54840350265e-05 1.33426260002e-05 1.40015214628e-05 1.59782068689e-05 1.49898641659e-05 1.48251395638e-05
-9999 -9999 -9999 -9999 -9999 -9999 -9999 -9999 -9999 -9999 -9999 -9999 -9999 -9999 1.56487586467e-05 1.51545877861e-05 1.16953878345e-05 1.36720732406e-05 1.317790238e-05 1.36720732406e-05 1.08717697335e-05 1.07070451315e-05 1.28484541577e-05 1.25190069173e-05 1.20248360567e-05 1.0377597891e-05 1.26837305375e-05 1.10364933537e-05 1.05423215112e-05 1.13659405941e-05 1.35073496204e-05 1.38367968608e-05 1.30131787598e-05 1.36720732406e-05 1.317790238e-05 1.43309687032e-05 1.44956923234e-05 1.48251395638e-05 1.38367968608e-05 1.44956923234e-05 1.43309687032e-05 1.40015214628e-05 1.53193114063e-05 1.51545877861e-05 1.58134822669e-05 1.44956923234e-05 1.51545877861e-05 1.317790238e-05 1.44956923234e-05 1.53193114063e-05 1.59782068689e-05
-9999 -9999 -9999 -9999 -9999 -9999 -9999 -9999 -9999 -9999 -9999 -9999 1.43309687032e-05 1.317790238e-05 1.38367968608e-05 1.33426260002e-05 1.02128742708e-05 1.0377597891e-05 1.08717697335e-05 1.07070451315e-05 1.30131787598e-05 1.26837305375e-05 1.12012169739e-05 1.07070451315e-05 1.16953878345e-05 1.30131787598e-05 1.12012169739e-05 1.18601124365e-05 1.43309687032e-05 9.5539788082e-06 1.16953878345e-05 1.38367968608e-05 1.317790238e-05 1.48251395638e-05 1.36720732406e-05 1.58134822669e-05 1.48251395638e-05 1.44956923234e-05 1.48251395638e-05 1.4166245083e-05 1.46604159436e-05 1.4166245083e-05 1.49898641659e-05 1.54840350265e-05 1.59782068689e-05 1.51545877861e-05 1.4166245083e-05 1.58134822669e-05 1.53193114063e-05 1.46604159436e-05 1.54840350265e-05
1.43309687032e-05 1.48251395638e-05 1.38367968608e-05 1.43309687032e-05 1.44956923234e-05 1.48251395638e-05 -9999 -9999 -9999 -9999 1.49898641659e-05 1.54840350265e-05 1.28484541577e-05 1.23542832971e-05 1.05423215112e-05 1.08717697335e-05 1.16953878345e-05 1.18601124365e-05 1.07070451315e-05 1.00481506506e-05 1.33426260002e-05 1.07070451315e-05 1.02128742708e-05 9.88342703044e-06 1.25190069173e-05 1.15306642143e-05 1.26837305375e-05 1.46604159436e-05 1.26837305375e-05 1.10364933537e-05 1.25190069173e-05 1.28484541577e-05 1.48251395638e-05 1.38367968608e-05 1.44956923234e-05 1.46604159436e-05 1.49898641659e-05 1.46604159436e-05 1.44956923234e-05 1.48251395638e-05 1.46604159436e-05 1.44956923234e-05 1.38367968608e-05 1.49898641659e-05 1.54840350265e-05 1.59782068689e-05 1.46604159436e-05 1.51545877861e-05 1.40015214628e-05 1.33426260002e-05 1.61429304891e-05
1.16953878345e-05 1.36720732406e-05 1.317790238e-05 1.40015214628e-05 1.46604159436e-05 1.28484541577e-05 1.61429304891e-05 1.48251395638e-05 1.53193114063e-05 1.43309687032e-05 1.40015214628e-05 1.23542832971e-05 1.08717697335e-05 1.20248360567e-05 1.12012169739e-05 1.07070451315e-05 1.36720732406e-05 1.15306642143e-05 1.18601124365e-05 1.16953878345e-05 1.00481506506e-05 1.0377597891e-05 1.30131787598e-05 1.18601124365e-05 1.56487586467e-05 1.26837305375e-05 1.36720732406e-05 1.26837305375e-05 1.28484541577e-05 1.07070451315e-05 1.44956923234e-05 1.48251395638e-05 1.56487586467e-05 1.49898641659e-05 1.43309687032e-05 1.59782068689e-05 1.56487586467e-05 1.51545877861e-05 1.56487586467e-05 1.40015214628e-05 1.43309687032e-05 1.46604159436e-05 1.4166245083e-05 1.53193114063e-05 1.51545877861e-05 1.38367968608e-05 1.49898641659e-05 1.44956923234e-05 1.48251395638e-05 1.56487586467e-05 1.35073496204e-05
1.38367968608e-05 1.38367968608e-05 1.38367968608e-05 1.44956923234e-05 1.26837305375e-05 1.28484541577e-05 1.33426260002e-05 1.40015214628e-05 1.38367968608e-05 1.21895596769e-05 1.35073496204e-05 1.18601124365e-05 1.13659405941e-05 1.28484541577e-05 1.4166245083e-05 1.16953878345e-05 1.20248360567e-05 1.16953878345e-05 1.16953878345e-05 1.21895596769e-05 1.13659405941e-05 1.07070451315e-05 1.00481506506e-05 1.08717697335e-05 1.23542832971e-05 1.51545877861e-05 1.36720732406e-05 1.30131787598e-05 1.44956923234e-05 1.28484541577e-05 1.10364933537e-05 1.48251395638e-05 1.30131787598e-05 1.49898641659e-05 1.46604159436e-05 1.51545877861e-05 1.53193114063e-05 1.38367968608e-05 1.49898641659e-05 1.43309687032e-05 1.46604159436e-05 1.4166245083e-05 1.48251395638e-05 1.40015214628e-05 1.4166245083e-05 1.40015214628e-05 1.48251395638e-05 1.40015214628e-05 1.43309687032e-05 1.49898641659e-05 1.53193114063e-05
1.13659405941e-05 1.18601124365e-05 1.4166245083e-05 1.26837305375e-05 1.33426260002e-05 1.23542832971e-05 1.20248360567e-05 1.317790238e-05 1.317790238e-05 1.07070451315e-05 1.10364933537e-05 1.16953878345e-05 1.25190069173e-05 1.35073496204e-05 1.40015214628e-05 1.33426260002e-05 1.38367968608e-05 1.35073496204e-05 1.12012169739e-05 1.16953878345e-05 1.28484541577e-05 1.16953878345e-05 1.12012169739e-05 1.13659405941e-05 1.46604159436e-05 1.30131787598e-05 1.0377597891e-05 1.25190069173e-05 1.16953878345e-05 1.20248360567e-05 1.18601124365e-05 1.33426260002e-05 1.51545877861e-05 1.40015214628e-05 1.43309687032e-05 1.48251395638e-05 1.317790238e-05 1.49898641659e-05 1.54840350265e-05 1.56487586467e-05 1.51545877861e-05 1.48251395638e-05 1.44956923234e-05 1.4166245083e-05 1.44956923234e-05 1.4166245083e-05 1.4166245083e-05 1.43309687032e-05 1.44956923234e-05 1.38367968608e-05 1.40015214628e-05
1.16953878345e-05 1.317790238e-05 1.40015214628e-05 1.13659405941e-05 1.40015214628e-05 1.08717697335e-05 9.88342703044e-06 1.0377597891e-05 1.18601124365e-05 1.26837305375e-05 1.317790238e-05 1.36720732406e-05 1.15306642143e-05 1.28484541577e-05 1.36720732406e-05 1.30131787598e-05 1.44956923234e-05 1.53193114063e-05 1.38367968608e-05 1.36720732406e-05 1.25190069173e-05 1.28484541577e-05 1.10364933537e-05 1.20248360567e-05 1.26837305375e-05 1.33426260002e-05 1.20248360567e-05 1.26837305375e-05 1.21895596769e-05 1.26837305375e-05 1.48251395638e-05 1.44956923234e-05 1.35073496204e-05 1.58134822669e-05 1.46604159436e-05 1.4166245083e-05 1.35073496204e-05 1.23542832971e-05 1.20248360567e-05 1.35073496204e-05 1.49898641659e-05 1.59782068689e-05 1.49898641659e-05 1.43309687032e-05 1.40015214628e-05 1.4166245083e-05 1.44956923234e-05 1.46604159436e-05 1.46604159436e-05 1.43309687032e-05 1.43309687032e-05
1.25190069173e-05 1.16953878345e-05 1.35073496204e-05 1.12012169739e-05 1.20248360567e-05 1.13659405941e-05 1.18601124365e-05 1.12012169739e-05 1.25190069173e-05 1.20248360567e-05 1.07070451315e-05 1.10364933537e-05 1.05423215112e-05 1.46604159436e-05 1.08717697335e-05 1.20248360567e-05 1.54840350265e-05 1.317790238e-05 1.26837305375e-05 1.16953878345e-05 1.08717697335e-05 1.48251395638e-05 1.28484541577e-05 1.49898641659e-05 1.53193114063e-05 1.33426260002e-05 1.53193114063e-05 1.46604159436e-05 1.23542832971e-05 1.20248360567e-05 1.25190069173e-05 1.16953878345e-05 1.54840350265e-05 1.35073496204e-05 1.43309687032e-05 1.49898641659e-05 1.21895596769e-05 1.23542832971e-05 1.36720732406e-05 1.63076541093e-05 1.36720732406e-05 1.33426260002e-05 1.53193114063e-05 1.48251395638e-05 1.46604159436e-05 1.56487586467e-05 1.43309687032e-05 1.49898641659e-05 1.46604159436e-05 1.49898641659e-05 1.40015214628e-05
1.23542832971e-05 1.15306642143e-05 1.15306642143e-05 1.18601124365e-05 1.18601124365e-05 1.30131787598e-05 1.26837305375e-05 1.23542832971e-05 1.18601124365e-05 1.16953878345e-05 1.13659405941e-05 1.0377597891e-05 1.12012169739e-05 1.18601124365e-05 1.13659405941e-05 1.43309687032e-05 1.23542832971e-05 1.49898641659e-05 1.26837305375e-05 1.13659405941e-05 1.21895596769e-05 1.35073496204e-05 1.51545877861e-05 1.25190069173e-05 1.33426260002e-05 1.36720732406e-05 1.36720732406e-05 1.317790238e-05 1.28484541577e-05 1.21895596769e-05 1.10364933537e-05 1.12012169739e-05 1.12012169739e-05 1.51545877861e-05 1.20248360567e-05 1.13659405941e-05 1.48251395638e-05 1.35073496204e-05 1.51545877861e-05 1.44956923234e-05 1.28484541577e-05 1.58134822669e-05 1.54840350265e-05 1.59782068689e-05 1.48251395638e-05 1.49898641659e-05 1.56487586467e-05 1.48251395638e-05 1.51545877861e-05 1.49898641659e-05 1.43309687032e-05
1.30131787598e-05 1.4166245083e-05 1.16953878345e-05 1.38367968608e-05 1.54840350265e-05 1.38367968608e-05 1.18601124365e-05 1.56487586467e-05 1.30131787598e-05 1.12012169739e-05 1.10364933537e-05 1.33426260002e-05 1.30131787598e-05 1.15306642143e-05 1.15306642143e-05 1.317790238e-05 1.18601124365e-05 1.25190069173e-05 1.25190069173e-05 1.25190069173e-05 1.35073496204e-05 1.44956923234e-05 1.30131787598e-05 1.63076541093e-05 1.53193114063e-05 1.51545877861e-05 1.38367968608e-05 1.58134822669e-05 1.63076541093e-05 1.25190069173e-05 1.12012169739e-05 1.0377597891e-05 1.05423215112e-05 1.02128742708e-05 1.10364933537e-05 1.36720732406e-05 1.49898641659e-05 1.51545877861e-05 1.59782068689e-05 1.56487586467e-05 1.51545877861e-05 1.56487586467e-05 1.40015214628e-05 1.53193114063e-05 1.58134822669e-05 1.56487586467e-05 1.48251395638e-05 1.38367968608e-05 1.56487586467e-05 1.54840350265e-05 1.4166245083e-05
1.53193114063e-05 1.36720732406e-05 1.33426260002e-05 1.4166245083e-05 1.56487586467e-05 1.4166245083e-05 1.35073496204e-05 1.38367968608e-05 1.54840350265e-05 1.59782068689e-05 1.35073496204e-05 1.25190069173e-05 1.40015214628e-05 1.48251395638e-05 1.30131787598e-05 1.20248360567e-05 1.36720732406e-05 1.10364933537e-05 1.25190069173e-05 1.15306642143e-05 1.33426260002e-05 1.21895596769e-05 1.40015214628e-05 1.4166245083e-05 1.53193114063e-05 1.58134822669e-05 1.49898641659e-05 1.58134822669e-05 1.51545877861e-05 1.30131787598e-05 1.28484541577e-05 1.40015214628e-05 9.88342703044e-06 1.0377597891e-05 1.26837305375e-05 1.48251395638e-05 1.58134822669e-05 1.49898641659e-05 1.54840350265e-05 1.38367968608e-05 1.33426260002e-05 1.28484541577e-05 1.30131787598e-05 1.49898641659e-05 1.56487586467e-05 1.51545877861e-05 1.54840350265e-05 1.61429304891e-05 1.59782068689e-05 1.38367968608e-05 1.4166245083e-05
1.26837305375e-05 1.40015214628e-05 1.46604159436e-05 1.38367968608e-05 1.46604159436e-05 1.16953878345e-05 1.40015214628e-05 1.43309687032e-05 1.35073496204e-05 1.38367968608e-05 1.56487586467e-05 1.35073496204e-05 1.51545877861e-05 1.53193114063e-05 1.61429304891e-05 1.28484541577e-05 1.18601124365e-05 1.23542832971e-05 1.23542832971e-05 1.36720732406e-05 1.26837305375e-05 1.35073496204e-05 1.26837305375e-05 1.18601124365e-05 1.51545877861e-05 1.53193114063e-05 1.53193114063e-05 1.40015214628e-05 1.49898641659e-05 1.46604159436e-05 1.317790238e-05 8.8950843274e-06 9.88342703044e-06 1.49898641659e-05 1.21895596769e-05 1.38367968608e-05 1.49898641659e-05 1.35073496204e-05 1.26837305375e-05 1.35073496204e-05 1.28484541577e-05 1.23542832971e-05 1.16953878345e-05 1.02128742708e-05 1.26837305375e-05 1.30131787598e-05 1.35073496204e-05 1.56487586467e-05 1.46604159436e-05 1.49898641659e-05 1.53193114063e-05
1.25190069173e-05 1.16953878345e-05 1.56487586467e-05 1.38367968608e-05 1.40015214628e-05 1.35073496204e-05 1.43309687032e-05 1.38367968608e-05 1.38367968608e-05 1.49898641659e-05 1.40015214628e-05 1.53193114063e-05 1.43309687032e-05 1.58134822669e-05 1.30131787598e-05 1.35073496204e-05 1.33426260002e-05 1.25190069173e-05 1.30131787598e-05 1.20248360567e-05 1.16953878345e-05 1.33426260002e-05 1.05423215112e-05 1.30131787598e-05 1.49898641659e-05 1.56487586467e-05 1.54840350265e-05 1.51545877861e-05 1.4166245083e-05 1.46604159436e-05 1.28484541577e-05 1.02128742708e-05 1.15306642143e-05 1.25190069173e-05 1.54840350265e-05 1.61429304891e-05 1.54840350265e-05 1.18601124365e-05 1.02128742708e-05 9.88342703044e-06 1.13659405941e-05 1.00481506506e-05 1.10364933537e-05 1.00481506506e-05 1.16953878345e-05 1.16953878345e-05 1.51545877861e-05 1.59782068689e-05 1.59782068689e-05 1.48251395638e-05 1.4166245083e-05
1.317790238e-05 1.58134822669e-05 1.38367968608e-05 1.33426260002e-05 1.38367968608e-05 1.40015214628e-05 1.44956923234e-05 1.4166245083e-05 1.43309687032e-05 1.44956923234e-05 1.49898641659e-05 1.56487586467e-05 1.51545877861e-05 1.51545877861e-05 1.35073496204e-05 1.35073496204e-05 1.30131787598e-05 1.12012169739e-05 1.4166245083e-05 1.13659405941e-05 1.4166245083e-05 1.33426260002e-05 1.12012169739e-05 1.51545877861e-05 1.58134822669e-05 1.54840350265e-05 1.49898641659e-05 1.43309687032e-05 9.88342703044e-06 9.0598079476e-06 1.08717697335e-05 1.08717697335e-05 1.35073496204e-05 1.44956923234e-05 1.33426260002e-05 1.54840350265e-05 1.48251395638e-05 1.05423215112e-05 1.08717697335e-05 1.07070451315e-05 1.0377597891e-05 9.389255188e-06 9.88342703044e-06 1.46604159436e-05 1.49898641659e-05 1.43309687032e-05 1.40015214628e-05 1.46604159436e-05 1.38367968608e-05 1.16953878345e-05 1.43309687032e-05
1.61429304891e-05 1.49898641659e-05 1.40015214628e-05 1.46604159436e-05 1.48251395638e-05 1.43309687032e-05 1.43309687032e-05 1.48251395638e-05 1.40015214628e-05 1.46604159436e-05 1.38367968608e-05 1.54840350265e-05 1.54840350265e-05 1.30131787598e-05 1.20248360567e-05 1.12012169739e-05 1.23542832971e-05 1.16953878345e-05 1.25190069173e-05 1.26837305375e-05 1.317790238e-05 1.25190069173e-05 1.28484541577e-05 1.18601124365e-05 1.51545877861e-05 1.58134822669e-05 1.53193114063e-05 1.53193114063e-05 1.21895596769e-05 9.71870242841e-06 1.25190069173e-05 1.21895596769e-05 1.26837305375e-05 1.54840350265e-05 1.38367968608e-05 1.40015214628e-05 1.44956923234e-05 1.05423215112e-05 1.23542832971e-05 1.10364933537e-05 1.23542832971e-05 1.20248360567e-05 1.08717697335e-05 1.07070451315e-05 1.15306642143e-05 1.40015214628e-05 1.54840350265e-05 1.36720732406e-05 1.54840350265e-05 1.61429304891e-05 1.48251395638e-05
1.44956923234e-05 1.36720732406e-05 1.26837305375e-05 1.49898641659e-05 1.36720732406e-05 1.54840350265e-05 1.4166245083e-05 1.43309687032e-05 1.4166245083e-05 1.4166245083e-05 1.4166245083e-05 1.44956923234e-05 1.53193114063e-05 1.36720732406e-05 1.36720732406e-05 1.26837305375e-05 1.26837305375e-05 1.25190069173e-05 1.07070451315e-05 1.10364933537e-05 1.20248360567e-05 1.08717697335e-05 1.30131787598e-05 1.38367968608e-05 1.30131787598e-05 1.36720732406e-05 1.26837305375e-05 1.25190069173e-05 9.5539788082e-06 8.40091248496e-06 1.12012169739e-05 1.20248360567e-05 1.36720732406e-05 1.44956923234e-05 1.53193114063e-05 1.49898641659e-05 1.54840350265e-05 1.35073496204e-05 1.26837305375e-05 9.71870242841e-06 6.09477983847e-06 1.07070451315e-05 9.0598079476e-06 1.36720732406e-05 1.25190069173e-05 1.30131787598e-05 1.46604159436e-05 1.46604159436e-05 1.49898641659e-05 1.61429304891e-05 1.46604159436e-05
1.43309687032e-05 1.40015214628e-05 1.25190069173e-05 1.53193114063e-05 1.40015214628e-05 1.35073496204e-05 1.4166245083e-05 1.48251395638e-05 1.43309687032e-05 1.4166245083e-05 1.48251395638e-05 1.46604159436e-05 1.53193114063e-05 1.36720732406e-05 1.38367968608e-05 1.30131787598e-05 1.317790238e-05 1.28484541577e-05 1.13659405941e-05 1.10364933537e-05 1.18601124365e-05 1.05423215112e-05 1.21895596769e-05 1.33426260002e-05 1.26837305375e-05 1.51545877861e-05 1.40015214628e-05 1.18601124365e-05 9.71870242841e-06 1.25190069173e-05 9.71870242841e-06 1.23542832971e-05 1.33426260002e-05 1.18601124365e-05 1.15306642143e-05 9.0598079476e-06 1.26837305375e-05 1.21895596769e-05 1.07070451315e-05 1.05423215112e-05 1.10364933537e-05 1.23542832971e-05 1.08717697335e-05 1.40015214628e-05 1.4166245083e-05 9.5539788082e-06 1.26837305375e-05 1.38367968608e-05 1.51545877861e-05 1.56487586467e-05 1.54840350265e-05
1.33426260002e-05 1.46604159436e-05 1.4166245083e-05 1.38367968608e-05 1.49898641659e-05 1.38367968608e-05 1.46604159436e-05 1.44956923234e-05 1.4166245083e-05 1.35073496204e-05 1.48251395638e-05 1.49898641659e-05 1.53193114063e-05 1.53193114063e-05 1.53193114063e-05 1.40015214628e-05 1.40015214628e-05 1.36720732406e-05 1.25190069173e-05 1.18601124365e-05 9.71870242841e-06 1.02128742708e-05 9.88342703044e-06 1.05423215112e-05 1.10364933537e-05 1.26837305375e-05 1.12012169739e-05 1.10364933537e-05 1.00481506506e-05 1.10364933537e-05 9.5539788082e-06 9.0598079476e-06 1.36720732406e-05 1.23542832971e-05 1.20248360567e-05 1.13659405941e-05 8.73035972536e-06 1.07070451315e-05 1.13659405941e-05 1.317790238e-05 1.48251395638e-05 1.33426260002e-05 1.317790238e-05 1.4166245083e-05 1.46604159436e-05 1.40015214628e-05 1.48251395638e-05 1.48251395638e-05 1.56487586467e-05 1.59782068689e-05 1.28484541577e-05
1.40015214628e-05 1.43309687032e-05 1.36720732406e-05 1.21895596769e-05 1.48251395638e-05 1.44956923234e-05 1.43309687032e-05 1.40015214628e-05 1.40015214628e-05 1.43309687032e-05 1.26837305375e-05 1.48251395638e-05 1.28484541577e-05 1.51545877861e-05 1.48251395638e-05 1.16953878345e-05 1.25190069173e-05 1.23542832971e-05 1.0377597891e-05 1.12012169739e-05 9.389255188e-06 9.5539788082e-06 9.71870242841e-06 9.5539788082e-06 1.08717697335e-05 1.40015214628e-05 1.40015214628e-05 1.20248360567e-05 1.07070451315e-05 1.07070451315e-05 1.15306642143e-05 1.12012169739e-05 1.16953878345e-05 1.10364933537e-05 1.13659405941e-05 1.26837305375e-05 1.07070451315e-05 1.4166245083e-05 1.44956923234e-05 1.61429304891e-05 1.46604159436e-05 1.4166245083e-05 1.44956923234e-05 1.40015214628e-05 1.44956923234e-05 1.49898641659e-05 1.54840350265e-05 1.4166245083e-05 1.54840350265e-05 1.56487586467e-05 1.48251395638e-05
1.4166245083e-05 1.4166245083e-05 1.40015214628e-05 1.40015214628e-05 1.36720732406e-05 1.48251395638e-05 1.4166245083e-05 1.4166245083e-05 1.49898641659e-05 1.33426260002e-05 1.33426260002e-05 1.25190069173e-05 1.36720732406e-05 1.30131787598e-05 1.33426260002e-05 1.33426260002e-05 1.317790238e-05 1.46604159436e-05 1.44956923234e-05 1.28484541577e-05 1.30131787598e-05 9.5539788082e-06 9.88342703044e-06 1.07070451315e-05 1.15306642143e-05 9.71870242841e-06 1.10364933537e-05 9.71870242841e-06 1.07070451315e-05 1.15306642143e-05 6.91839843039e-06 1.21895596769e-05 1.10364933537e-05 1.20248360567e-05 1.0377597891e-05 1.12012169739e-05 1.25190069173e-05 1.58134822669e-05 1.59782068689e-05 1.40015214628e-05 1.56487586467e-05 1.40015214628e-05 1.54840350265e-05 1.44956923234e-05 1.56487586467e-05 1.48251395638e-05 1.56487586467e-05 1.56487586467e-05 1.58134822669e-05 1.49898641659e-05 1.58134822669e-05
1.53193114063e-05 1.49898641659e-05 1.317790238e-05 1.36720732406e-05 1.35073496204e-05 1.4166245083e-05 1.40015214628e-05 1.33426260002e-05 1.38367968608e-05 1.36720732406e-05 1.35073496204e-05 1.36720732406e-05 1.49898641659e-05 1.36720732406e-05 1.49898641659e-05 1.38367968608e-05 1.51545877861e-05 1.54840350265e-05 1.36720732406e-05 1.46604159436e-05 1.35073496204e-05 1.10364933537e-05 8.8950843274e-06 9.0598079476e-06 1.08717697335e-05 7.08312254151e-06 1.08717697335e-05 9.71870242841e-06 1.12012169739e-05 1.15306642143e-05 1.12012169739e-05 1.16953878345e-05 1.02128742708e-05 1.00481506506e-05 8.73035972536e-06 1.25190069173e-05 1.44956923234e-05 1.46604159436e-05 1.56487586467e-05 1.43309687032e-05 1.59782068689e-05 1.56487586467e-05 1.43309687032e-05 1.53193114063e-05 1.54840350265e-05 1.53193114063e-05 1.61429304891e-05 1.59782068689e-05 1.46604159436e-05 1.38367968608e-05 1.53193114063e-05
