Example/niche_identity/models/RF/normalized_grids/Anolis_chlorocyanus.asc
ncols        743
nrows        319
xllcorner    -74.500956448335
yllcorner    17.448920549066
cellsize     0.008333333333
NODATA_value  -9999
[rows 46 to 68 of 318, columns 400 to 449 of 743]
1.26893036986e-05 1.30026195396e-05 1.28459616191e-05 1.19060131624e-05 1.33159363143e-05 1.40992259168e-05 1.26893036986e-05 1.19060131624e-05 1.40992259168e-05 9.86945832851e-06 1.01827741695e-05 1.15926973214e-05 1.31592774601e-05 1.08094067852e-05 1.17493552419e-05 8.77285195132e-06 1.20626710829e-05 1.23759878576e-05 9.0861677923e-06 1.17493552419e-05 1.20626710829e-05 1.30026195396e-05 1.34725942348e-05 1.20626710829e-05 1.36292521553e-05 1.15926973214e-05 1.20626710829e-05 1.22193290034e-05 1.25326457781e-05 1.19060131624e-05 1.08094067852e-05 1.28459616191e-05 1.25326457781e-05 1.22193290034e-05 1.11227226262e-05 1.12793814804e-05 1.09660647057e-05 1.14360394009e-05 1.23759878576e-05 1.08094067852e-05 1.12793814804e-05 1.08094067852e-05 1.14360394009e-05 1.09660647057e-05 1.06527488647e-05 9.55614248753e-06 1.15926973214e-05 1.08094067852e-05 1.17493552419e-05 1.12793814804e-05
1.26893036986e-05 1.37859100758e-05 1.22193290034e-05 1.26893036986e-05 1.28459616191e-05 1.17493552419e-05 1.34725942348e-05 1.30026195396e-05 1.40992259168e-05 1.33159363143e-05 1.04960909442e-05 1.03394330237e-05 1.33159363143e-05 8.77285195132e-06 1.26893036986e-05 1.30026195396e-05 1.40992259168e-05 1.15926973214e-05 1.12793814804e-05 1.19060131624e-05 1.34725942348e-05 1.01827741695e-05 1.01827741695e-05 1.06527488647e-05 1.04960909442e-05 1.11227226262e-05 1.31592774601e-05 1.26893036986e-05 1.30026195396e-05 1.25326457781e-05 1.20626710829e-05 1.14360394009e-05 1.26893036986e-05 1.23759878576e-05 1.01827741695e-05 1.06527488647e-05 9.71280040802e-06 1.14360394009e-05 1.12793814804e-05 1.17493552419e-05 1.11227226262e-05 1.14360394009e-05 1.04960909442e-05 1.15926973214e-05 1.15926973214e-05 1.01827741695e-05 1.04960909442e-05 9.24282571279e-06 1.23759878576e-05 1.12793814804e-05
1.08094067852e-05 1.31592774601e-05 1.19060131624e-05 1.12793814804e-05 1.19060131624e-05 1.20626710829e-05 1.25326457781e-05 1.30026195396e-05 1.28459616191e-05 1.28459616191e-05 1.33159363143e-05 1.30026195396e-05 1.14360394009e-05 1.15926973214e-05 8.92950987181e-06 1.0026116249e-05 1.08094067852e-05 9.0861677923e-06 1.01827741695e-05 1.01827741695e-05 1.06527488647e-05 1.15926973214e-05 1.22193290034e-05 1.01827741695e-05 1.15926973214e-05 1.15926973214e-05 1.14360394009e-05 1.08094067852e-05 1.04960909442e-05 1.09660647057e-05 1.12793814804e-05 1.08094067852e-05 1.12793814804e-05 1.22193290034e-05 1.20626710829e-05 1.03394330237e-05 9.24282571279e-06 1.04960909442e-05 1.14360394009e-05 1.17493552419e-05 1.11227226262e-05 1.09660647057e-05 1.12793814804e-05 1.11227226262e-05 1.09660647057e-05 1.09660647057e-05 1.01827741695e-05 1.03394330237e-05 1.0026116249e-05 1.12793814804e-05
1.34725942348e-05 1.14360394009e-05 1.39425679963e-05 1.39425679963e-05 1.37859100758e-05 1.15926973214e-05 1.33159363143e-05 1.20626710829e-05 1.26893036986e-05 1.25326457781e-05 1.40992259168e-05 1.39425679963e-05 1.42558847711e-05 1.40992259168e-05 1.31592774601e-05 1.20626710829e-05 8.61619403083e-06 1.11227226262e-05 1.15926973214e-05 8.61619403083e-06 9.24282571279e-06 1.14360394009e-05 1.31592774601e-05 1.22193290034e-05 1.19060131624e-05 1.15926973214e-05 1.17493552419e-05 1.15926973214e-05 1.11227226262e-05 1.15926973214e-05 1.03394330237e-05 1.11227226262e-05 1.22193290034e-05 1.20626710829e-05 1.14360394009e-05 9.71280040802e-06 1.03394330237e-05 1.03394330237e-05 9.24282571279e-06 1.11227226262e-05 1.04960909442e-05 1.01827741695e-05 1.15926973214e-05 1.22193290034e-05 1.11227226262e-05 1.11227226262e-05 1.11227226262e-05 1.01827741695e-05 1.15926973214e-05 1.12793814804e-05
1.39425679963e-05 1.44125426915e-05 1.40992259168e-05 1.08094067852e-05 1.40992259168e-05 1.42558847711e-05 1.40992259168e-05 1.12793814804e-05 1.37859100758e-05 1.40992259168e-05 1.26893036986e-05 1.31592774601e-05 1.36292521553e-05 1.34725942348e-05 1.31592774601e-05 1.40992259168e-05 1.37859100758e-05 9.71280040802e-06 9.86945832851e-06 1.11227226262e-05 8.61619403083e-06 1.11227226262e-05 1.14360394009e-05 1.31592774601e-05 1.30026195396e-05 1.30026195396e-05 1.37859100758e-05 1.20626710829e-05 1.08094067852e-05 1.17493552419e-05 1.08094067852e-05 1.08094067852e-05 1.14360394009e-05 1.15926973214e-05 1.04960909442e-05 1.04960909442e-05 1.01827741695e-05 1.01827741695e-05 1.12793814804e-05 1.06527488647e-05 9.86945832851e-06 1.01827741695e-05 1.09660647057e-05 1.06527488647e-05 1.12793814804e-05 1.06527488647e-05 1.14360394009e-05 1.06527488647e-05 1.01827741695e-05 1.04960909442e-05
1.44125426915e-05 1.44125426915e-05 1.39425679963e-05 1.42558847711e-05 1.37859100758e-05 1.40992259168e-05 1.39425679963e-05 1.42558847711e-05 1.08094067852e-05 1.39425679963e-05 1.4569200612e-05 1.28459616191e-05 1.28459616191e-05 1.15926973214e-05 1.22193290034e-05 1.25326457781e-05 1.20626710829e-05 1.23759878576e-05 1.28459616191e-05 1.34725942348e-05 8.92950987181e-06 1.20626710829e-05 1.08094067852e-05 1.04960909442e-05 1.22193290034e-05 1.14360394009e-05 1.09660647057e-05 1.25326457781e-05 1.26893036986e-05 1.14360394009e-05 1.0026116249e-05 1.04960909442e-05 1.14360394009e-05 1.14360394009e-05 9.86945832851e-06 1.04960909442e-05 1.01827741695e-05 9.71280040802e-06 1.01827741695e-05 1.11227226262e-05 1.06527488647e-05 9.24282571279e-06 1.09660647057e-05 1.03394330237e-05 1.17493552419e-05 1.11227226262e-05 1.04960909442e-05 1.12793814804e-05 9.24282571279e-06 1.14360394009e-05
1.25326457781e-05 1.19060131624e-05 1.25326457781e-05 1.23759878576e-05 1.28459616191e-05 1.28459616191e-05 1.34725942348e-05 1.33159363143e-05 1.36292521553e-05 1.44125426915e-05 1.14360394009e-05 1.44125426915e-05 1.33159363143e-05 1.17493552419e-05 1.19060131624e-05 1.33159363143e-05 1.37859100758e-05 1.23759878576e-05 1.31592774601e-05 1.33159363143e-05 1.30026195396e-05 1.14360394009e-05 1.03394330237e-05 1.08094067852e-05 1.14360394009e-05 1.23759878576e-05 1.12793814804e-05 1.30026195396e-05 1.03394330237e-05 1.37859100758e-05 1.04960909442e-05 1.19060131624e-05 1.20626710829e-05 1.12793814804e-05 1.0026116249e-05 1.14360394009e-05 1.03394330237e-05 9.86945832851e-06 1.01827741695e-05 1.08094067852e-05 1.01827741695e-05 1.01827741695e-05 9.39948456704e-06 1.0026116249e-05 1.08094067852e-05 1.11227226262e-05 1.12793814804e-05 9.86945832851e-06 1.11227226262e-05 1.03394330237e-05
1.04960909442e-05 9.39948456704e-06 9.55614248753e-06 9.39948456704e-06 1.06527488647e-05 1.04960909442e-05 1.14360394009e-05 1.22193290034e-05 1.30026195396e-05 1.39425679963e-05 1.42558847711e-05 1.39425679963e-05 1.40992259168e-05 1.42558847711e-05 1.39425679963e-05 1.42558847711e-05 1.42558847711e-05 1.42558847711e-05 1.39425679963e-05 1.36292521553e-05 1.26893036986e-05 1.22193290034e-05 1.25326457781e-05 1.12793814804e-05 9.39948456704e-06 1.19060131624e-05 1.40992259168e-05 1.22193290034e-05 1.22193290034e-05 1.14360394009e-05 1.17493552419e-05 1.25326457781e-05 1.11227226262e-05 1.15926973214e-05 1.15926973214e-05 1.08094067852e-05 1.22193290034e-05 1.15926973214e-05 9.55614248753e-06 1.06527488647e-05 1.08094067852e-05 1.0026116249e-05 1.01827741695e-05 9.71280040802e-06 9.39948456704e-06 1.0026116249e-05 1.0026116249e-05 1.01827741695e-05 1.06527488647e-05 1.06527488647e-05
9.39948456704e-06 9.55614248753e-06 9.55614248753e-06 9.55614248753e-06 8.92950987181e-06 9.39948456704e-06 9.71280040802e-06 1.06527488647e-05 1.04960909442e-05 1.14360394009e-05 1.17493552419e-05 1.30026195396e-05 1.26893036986e-05 1.44125426915e-05 1.44125426915e-05 1.40992259168e-05 1.40992259168e-05 1.40992259168e-05 1.37859100758e-05 1.37859100758e-05 1.26893036986e-05 1.26893036986e-05 1.25326457781e-05 1.28459616191e-05 1.36292521553e-05 1.08094067852e-05 1.03394330237e-05 1.12793814804e-05 1.44125426915e-05 1.19060131624e-05 1.19060131624e-05 1.19060131624e-05 1.14360394009e-05 1.20626710829e-05 1.31592774601e-05 1.25326457781e-05 1.22193290034e-05 1.14360394009e-05 1.22193290034e-05 1.15926973214e-05 1.06527488647e-05 1.04960909442e-05 1.03394330237e-05 1.03394330237e-05 1.04960909442e-05 1.09660647057e-05 9.71280040802e-06 1.01827741695e-05 9.39948456704e-06 9.55614248753e-06
9.39948456704e-06 9.39948456704e-06 9.86945832851e-06 9.86945832851e-06 9.24282571279e-06 9.55614248753e-06 9.86945832851e-06 9.71280040802e-06 9.71280040802e-06 9.39948456704e-06 9.39948456704e-06 9.39948456704e-06 9.55614248753e-06 1.09660647057e-05 1.14360394009e-05 1.28459616191e-05 1.44125426915e-05 1.42558847711e-05 1.42558847711e-05 1.39425679963e-05 1.44125426915e-05 1.39425679963e-05 1.15926973214e-05 1.28459616191e-05 1.20626710829e-05 1.22193290034e-05 1.09660647057e-05 1.06527488647e-05 9.71280040802e-06 1.08094067852e-05 1.22193290034e-05 1.36292521553e-05 1.30026195396e-05 1.28459616191e-05 1.39425679963e-05 1.14360394009e-05 1.09660647057e-05 1.20626710829e-05 1.12793814804e-05 1.04960909442e-05 1.0026116249e-05 1.23759878576e-05 1.14360394009e-05 1.06527488647e-05 1.26893036986e-05 1.11227226262e-05 1.09660647057e-05 9.71280040802e-06 9.71280040802e-06 9.39948456704e-06
9.24282571279e-06 9.71280040802e-06 9.39948456704e-06 9.71280040802e-06 9.55614248753e-06 9.39948456704e-06 9.55614248753e-06 9.55614248753e-06 9.24282571279e-06 1.0026116249e-05 9.86945832851e-06 9.39948456704e-06 9.39948456704e-06 9.24282571279e-06 9.39948456704e-06 1.09660647057e-05 1.20626710829e-05 1.37859100758e-05 1.39425679963e-05 1.40992259168e-05 1.40992259168e-05 1.40992259168e-05 1.44125426915e-05 1.34725942348e-05 1.37859100758e-05 1.12793814804e-05 1.19060131624e-05 1.42558847711e-05 1.11227226262e-05 8.45953611034e-06 1.06527488647e-05 1.19060131624e-05 1.12793814804e-05 1.03394330237e-05 1.01827741695e-05 1.08094067852e-05 1.20626710829e-05 1.15926973214e-05 1.25326457781e-05 1.12793814804e-05 1.23759878576e-05 1.23759878576e-05 1.15926973214e-05 1.15926973214e-05 1.12793814804e-05 1.12793814804e-05 9.71280040802e-06 1.25326457781e-05 1.20626710829e-05 1.31592774601e-05
9.24282571279e-06 9.24282571279e-06 9.71280040802e-06 9.39948456704e-06 9.55614248753e-06 9.86945832851e-06 9.71280040802e-06 9.55614248753e-06 9.55614248753e-06 9.71280040802e-06 9.86945832851e-06 9.55614248753e-06 9.39948456704e-06 9.39948456704e-06 9.0861677923e-06 9.24282571279e-06 9.86945832851e-06 1.11227226262e-05 1.23759878576e-05 1.36292521553e-05 1.39425679963e-05 1.39425679963e-05 1.40992259168e-05 1.42558847711e-05 1.42558847711e-05 1.37859100758e-05 1.33159363143e-05 1.36292521553e-05 1.30026195396e-05 1.28459616191e-05 8.45953611034e-06 9.86945832851e-06 1.04960909442e-05 1.03394330237e-05 1.06527488647e-05 1.11227226262e-05 1.06527488647e-05 1.14360394009e-05 9.86945832851e-06 1.12793814804e-05 1.09660647057e-05 1.25326457781e-05 1.19060131624e-05 1.11227226262e-05 1.19060131624e-05 1.17493552419e-05 1.20626710829e-05 1.28459616191e-05 1.14360394009e-05 1.11227226262e-05
8.77285195132e-06 9.24282571279e-06 9.39948456704e-06 9.24282571279e-06 9.24282571279e-06 9.55614248753e-06 9.55614248753e-06 9.71280040802e-06 9.71280040802e-06 9.55614248753e-06 9.86945832851e-06 9.86945832851e-06 9.71280040802e-06 9.71280040802e-06 9.71280040802e-06 9.39948456704e-06 9.0861677923e-06 9.71280040802e-06 1.12793814804e-05 1.31592774601e-05 1.36292521553e-05 1.44125426915e-05 1.40992259168e-05 1.42558847711e-05 1.47258585325e-05 1.40992259168e-05 1.37859100758e-05 1.33159363143e-05 1.33159363143e-05 1.28459616191e-05 1.20626710829e-05 1.11227226262e-05 1.22193290034e-05 1.26893036986e-05 1.14360394009e-05 1.14360394009e-05 1.06527488647e-05 1.15926973214e-05 1.01827741695e-05 9.86945832851e-06 1.20626710829e-05 1.25326457781e-05 1.04960909442e-05 1.19060131624e-05 1.15926973214e-05 1.37859100758e-05 1.20626710829e-05 1.20626710829e-05 1.36292521553e-05 1.36292521553e-05
9.39948456704e-06 9.0861677923e-06 9.24282571279e-06 9.0861677923e-06 9.55614248753e-06 9.71280040802e-06 9.39948456704e-06 9.71280040802e-06 9.55614248753e-06 9.71280040802e-06 9.71280040802e-06 9.71280040802e-06 9.71280040802e-06 9.55614248753e-06 9.55614248753e-06 9.55614248753e-06 9.86945832851e-06 1.04960909442e-05 1.15926973214e-05 1.30026195396e-05 1.37859100758e-05 1.44125426915e-05 1.44125426915e-05 1.39425679963e-05 1.42558847711e-05 1.47258585325e-05 1.37859100758e-05 1.34725942348e-05 1.30026195396e-05 1.30026195396e-05 1.39425679963e-05 1.22193290034e-05 1.42558847711e-05 1.30026195396e-05 1.33159363143e-05 1.14360394009e-05 1.11227226262e-05 1.17493552419e-05 9.55614248753e-06 1.11227226262e-05 1.03394330237e-05 9.71280040802e-06 1.04960909442e-05 1.11227226262e-05 1.14360394009e-05 1.11227226262e-05 1.37859100758e-05 1.34725942348e-05 1.40992259168e-05 1.15926973214e-05
9.0861677923e-06 9.71280040802e-06 8.77285195132e-06 9.24282571279e-06 9.55614248753e-06 9.55614248753e-06 9.55614248753e-06 9.71280040802e-06 9.24282571279e-06 9.55614248753e-06 9.24282571279e-06 9.71280040802e-06 9.24282571279e-06 9.39948456704e-06 9.24282571279e-06 9.0861677923e-06 9.71280040802e-06 1.01827741695e-05 1.31592774601e-05 1.30026195396e-05 1.44125426915e-05 1.40992259168e-05 1.44125426915e-05 1.40992259168e-05 1.4569200612e-05 1.4569200612e-05 1.42558847711e-05 1.33159363143e-05 1.37859100758e-05 1.30026195396e-05 1.28459616191e-05 1.25326457781e-05 1.37859100758e-05 1.42558847711e-05 1.30026195396e-05 1.25326457781e-05 1.09660647057e-05 1.12793814804e-05 1.04960909442e-05 8.92950987181e-06 9.86945832851e-06 1.03394330237e-05 1.0026116249e-05 1.17493552419e-05 1.15926973214e-05 1.14360394009e-05 1.33159363143e-05 1.28459616191e-05 1.20626710829e-05 8.92950987181e-06
8.77285195132e-06 9.0861677923e-06 8.77285195132e-06 8.92950987181e-06 9.24282571279e-06 9.24282571279e-06 9.24282571279e-06 9.24282571279e-06 9.24282571279e-06 9.24282571279e-06 9.0861677923e-06 9.24282571279e-06 9.24282571279e-06 9.24282571279e-06 9.0861677923e-06 9.0861677923e-06 9.39948456704e-06 1.06527488647e-05 1.15926973214e-05 1.37859100758e-05 1.44125426915e-05 1.44125426915e-05 1.44125426915e-05 1.40992259168e-05 1.4569200612e-05 1.40992259168e-05 1.42558847711e-05 1.39425679963e-05 1.37859100758e-05 1.37859100758e-05 1.26893036986e-05 1.36292521553e-05 1.23759878576e-05 1.39425679963e-05 1.30026195396e-05 1.39425679963e-05 1.22193290034e-05 1.30026195396e-05 1.14360394009e-05 1.14360394009e-05 9.71280040802e-06 1.17493552419e-05 1.0026116249e-05 1.08094067852e-05 1.12793814804e-05 1.25326457781e-05 1.04960909442e-05 1.37859100758e-05 1.28459616191e-05 8.30287725609e-06
1.03394330237e-05 1.03394330237e-05 9.24282571279e-06 8.92950987181e-06 9.0861677923e-06 9.24282571279e-06 9.39948456704e-06 9.39948456704e-06 9.24282571279e-06 9.24282571279e-06 9.39948456704e-06 9.39948456704e-06 9.39948456704e-06 9.39948456704e-06 9.0861677923e-06 8.92950987181e-06 9.55614248753e-06 1.06527488647e-05 1.04960909442e-05 1.26893036986e-05 1.36292521553e-05 1.44125426915e-05 1.44125426915e-05 1.44125426915e-05 1.42558847711e-05 1.44125426915e-05 1.4569200612e-05 1.44125426915e-05 1.44125426915e-05 1.40992259168e-05 1.37859100758e-05 1.34725942348e-05 1.30026195396e-05 1.17493552419e-05 1.15926973214e-05 1.40992259168e-05 1.42558847711e-05 1.31592774601e-05 1.28459616191e-05 1.06527488647e-05 1.09660647057e-05 1.25326457781e-05 9.0861677923e-06 1.34725942348e-05 1.30026195396e-05 1.37859100758e-05 1.12793814804e-05 1.42558847711e-05 1.23759878576e-05 7.36292926626e-06
1.17493552419e-05 9.86945832851e-06 1.0026116249e-05 8.92950987181e-06 9.0861677923e-06 8.92950987181e-06 8.92950987181e-06 8.77285195132e-06 8.77285195132e-06 8.92950987181e-06 9.24282571279e-06 9.0861677923e-06 9.0861677923e-06 9.0861677923e-06 9.24282571279e-06 9.0861677923e-06 9.55614248753e-06 1.06527488647e-05 1.04960909442e-05 1.11227226262e-05 1.34725942348e-05 1.39425679963e-05 1.37859100758e-05 1.4569200612e-05 1.44125426915e-05 1.42558847711e-05 1.44125426915e-05 1.4569200612e-05 1.4569200612e-05 1.4569200612e-05 1.20626710829e-05 1.23759878576e-05 1.12793814804e-05 1.31592774601e-05 1.12793814804e-05 1.33159363143e-05 1.30026195396e-05 1.33159363143e-05 1.42558847711e-05 1.39425679963e-05 1.26893036986e-05 1.30026195396e-05 8.45953611034e-06 1.09660647057e-05 1.11227226262e-05 1.12793814804e-05 9.39948456704e-06 1.33159363143e-05 1.34725942348e-05 8.45953611034e-06
1.28459616191e-05 1.26893036986e-05 1.19060131624e-05 1.0026116249e-05 9.39948456704e-06 8.61619403083e-06 8.92950987181e-06 8.92950987181e-06 8.92950987181e-06 8.77285195132e-06 8.92950987181e-06 9.0861677923e-06 9.24282571279e-06 9.24282571279e-06 8.92950987181e-06 9.24282571279e-06 9.0861677923e-06 9.39948456704e-06 1.04960909442e-05 1.11227226262e-05 1.09660647057e-05 1.30026195396e-05 1.44125426915e-05 1.44125426915e-05 1.44125426915e-05 1.44125426915e-05 1.4569200612e-05 1.4569200612e-05 1.42558847711e-05 1.40992259168e-05 1.44125426915e-05 1.40992259168e-05 1.20626710829e-05 1.33159363143e-05 1.36292521553e-05 1.25326457781e-05 1.31592774601e-05 1.30026195396e-05 1.34725942348e-05 1.40992259168e-05 1.34725942348e-05 1.14360394009e-05 1.12793814804e-05 1.03394330237e-05 1.17493552419e-05 1.09660647057e-05 9.39948456704e-06 1.03394330237e-05 1.08094067852e-05 1.31592774601e-05
1.37859100758e-05 1.34725942348e-05 1.33159363143e-05 1.30026195396e-05 1.25326457781e-05 1.17493552419e-05 9.71280040802e-06 1.01827741695e-05 9.0861677923e-06 8.61619403083e-06 8.61619403083e-06 8.77285195132e-06 9.0861677923e-06 9.0861677923e-06 8.92950987181e-06 8.92950987181e-06 8.92950987181e-06 9.39948456704e-06 9.39948456704e-06 1.04960909442e-05 1.09660647057e-05 1.23759878576e-05 1.36292521553e-05 1.4569200612e-05 1.4569200612e-05 1.4569200612e-05 1.44125426915e-05 1.4569200612e-05 1.4569200612e-05 1.4569200612e-05 1.42558847711e-05 1.31592774601e-05 1.42558847711e-05 1.39425679963e-05 1.34725942348e-05 1.25326457781e-05 1.17493552419e-05 1.33159363143e-05 1.31592774601e-05 1.40992259168e-05 1.39425679963e-05 1.39425679963e-05 1.40992259168e-05 1.40992259168e-05 1.44125426915e-05 1.26893036986e-05 1.39425679963e-05 1.14360394009e-05 1.03394330237e-05 9.0861677923e-06
1.39425679963e-05 1.37859100758e-05 1.36292521553e-05 1.33159363143e-05 1.31592774601e-05 1.33159363143e-05 1.30026195396e-05 1.25326457781e-05 1.15926973214e-05 1.17493552419e-05 8.92950987181e-06 8.92950987181e-06 9.0861677923e-06 1.01827741695e-05 8.92950987181e-06 9.55614248753e-06 1.01827741695e-05 1.04960909442e-05 1.04960909442e-05 1.01827741695e-05 1.11227226262e-05 1.19060131624e-05 1.33159363143e-05 1.39425679963e-05 1.4569200612e-05 1.4569200612e-05 1.44125426915e-05 1.4569200612e-05 1.4569200612e-05 1.4569200612e-05 1.47258585325e-05 1.47258585325e-05 1.40992259168e-05 1.39425679963e-05 1.37859100758e-05 1.37859100758e-05 1.25326457781e-05 1.25326457781e-05 1.34725942348e-05 1.33159363143e-05 1.33159363143e-05 1.33159363143e-05 1.36292521553e-05 1.31592774601e-05 1.40992259168e-05 1.40992259168e-05 1.39425679963e-05 1.33159363143e-05 1.40992259168e-05 1.42558847711e-05
1.44125426915e-05 1.4569200612e-05 1.39425679963e-05 1.40992259168e-05 1.37859100758e-05 1.36292521553e-05 1.31592774601e-05 1.30026195396e-05 1.30026195396e-05 1.14360394009e-05 1.03394330237e-05 8.77285195132e-06 8.77285195132e-06 1.22193290034e-05 1.03394330237e-05 1.11227226262e-05 1.20626710829e-05 1.28459616191e-05 1.14360394009e-05 1.06527488647e-05 1.31592774601e-05 1.33159363143e-05 1.28459616191e-05 1.4569200612e-05 1.4569200612e-05 1.4569200612e-05 1.4569200612e-05 1.4569200612e-05 1.47258585325e-05 1.47258585325e-05 1.4882516453e-05 1.4882516453e-05 1.47258585325e-05 1.44125426915e-05 1.39425679963e-05 1.42558847711e-05 1.14360394009e-05 1.39425679963e-05 1.17493552419e-05 1.26893036986e-05 1.25326457781e-05 1.25326457781e-05 1.15926973214e-05 1.31592774601e-05 1.30026195396e-05 1.31592774601e-05 1.31592774601e-05 1.36292521553e-05 1.37859100758e-05 1.30026195396e-05
1.51958332278e-05 1.4569200612e-05 1.44125426915e-05 1.4569200612e-05 1.44125426915e-05 1.37859100758e-05 1.36292521553e-05 1.31592774601e-05 1.30026195396e-05 1.25326457781e-05 1.01827741695e-05 8.77285195132e-06 9.0861677923e-06 1.17493552419e-05 1.11227226262e-05 1.19060131624e-05 1.31592774601e-05 1.31592774601e-05 1.14360394009e-05 1.03394330237e-05 1.37859100758e-05 1.36292521553e-05 1.39425679963e-05 1.4569200612e-05 1.42558847711e-05 1.4569200612e-05 1.4569200612e-05 1.4569200612e-05 1.4569200612e-05 1.42558847711e-05 1.4569200612e-05 1.47258585325e-05 1.47258585325e-05 1.42558847711e-05 1.40992259168e-05 1.4569200612e-05 1.39425679963e-05 1.15926973214e-05 1.33159363143e-05 1.19060131624e-05 1.26893036986e-05 1.20626710829e-05 1.36292521553e-05 1.30026195396e-05 1.31592774601e-05 1.31592774601e-05 1.31592774601e-05 1.31592774601e-05 1.30026195396e-05 1.34725942348e-05
