Example/niche_identity/models/RF/normalized_grids/chlorocyanus_1.asc
ncols        743
nrows        319
xllcorner    -74.500956448335
yllcorner    17.448920549066
cellsize     0.008333333333
NODATA_value  -9999
[rows 132 to 153 of 318, columns 408 to 458 of 743]
1.02961972625e-05 1.06035461337e-05 9.37414973274e-06 1.07572205693e-05 1.04498716981e-05 1.13719192278e-05 9.52782416837e-06 1.06035461337e-05 1.12182447922e-05 1.07572205693e-05 9.68149860399e-06 9.83517303961e-06 9.06679994552e-06 1.04498716981e-05 1.12182447922e-05 1.01425228268e-05 9.06679994552e-06 9.68149860399e-06 1.07572205693e-05 1.12182447922e-05 9.68149860399e-06 1.04498716981e-05 1.06035461337e-05 1.06035461337e-05 1.02961972625e-05 1.09108950049e-05 1.06035461337e-05 1.04498716981e-05 9.06679994552e-06 1.09108950049e-05 1.01425228268e-05 1.12182447922e-05 8.75945107428e-06 1.12182447922e-05 8.75945107428e-06 1.12182447922e-05 9.98884747524e-06 1.10645703565e-05 1.13719192278e-05 1.02961972625e-05 1.13719192278e-05 9.83517303961e-06 1.12182447922e-05 1.09108950049e-05 1.10645703565e-05 1.04498716981e-05 1.10645703565e-05 1.02961972625e-05 1.09108950049e-05 1.06035461337e-05 1.04498716981e-05
1.13719192278e-05 1.04498716981e-05 1.13719192278e-05 1.10645703565e-05 1.13719192278e-05 9.52782416837e-06 1.07572205693e-05 1.06035461337e-05 1.07572205693e-05 1.10645703565e-05 1.02961972625e-05 9.68149860399e-06 1.10645703565e-05 1.09108950049e-05 9.98884747524e-06 1.10645703565e-05 1.12182447922e-05 1.04498716981e-05 1.12182447922e-05 9.37414973274e-06 1.09108950049e-05 1.04498716981e-05 1.09108950049e-05 1.01425228268e-05 1.02961972625e-05 1.09108950049e-05 1.09108950049e-05 1.06035461337e-05 1.15255936634e-05 7.37637977971e-06 1.04498716981e-05 9.22047529712e-06 1.10645703565e-05 1.01425228268e-05 1.01425228268e-05 1.10645703565e-05 1.10645703565e-05 1.01425228268e-05 1.09108950049e-05 1.06035461337e-05 1.07572205693e-05 1.01425228268e-05 1.12182447922e-05 1.06035461337e-05 1.01425228268e-05 1.10645703565e-05 1.12182447922e-05 1.10645703565e-05 1.10645703565e-05 9.83517303961e-06 1.10645703565e-05
1.10645703565e-05 1.1679268099e-05 1.04498716981e-05 1.04498716981e-05 1.06035461337e-05 9.68149860399e-06 1.07572205693e-05 9.06679994552e-06 9.52782416837e-06 9.83517303961e-06 9.52782416837e-06 1.06035461337e-05 9.22047529712e-06 9.37414973274e-06 1.01425228268e-05 1.04498716981e-05 1.10645703565e-05 1.07572205693e-05 1.12182447922e-05 1.15255936634e-05 1.10645703565e-05 1.04498716981e-05 1.13719192278e-05 1.15255936634e-05 1.10645703565e-05 9.37414973274e-06 1.07572205693e-05 1.04498716981e-05 1.10645703565e-05 1.04498716981e-05 9.22047529712e-06 1.10645703565e-05 1.02961972625e-05 1.12182447922e-05 1.13719192278e-05 1.10645703565e-05 1.12182447922e-05 1.12182447922e-05 1.09108950049e-05 1.01425228268e-05 1.02961972625e-05 1.10645703565e-05 1.07572205693e-05 1.10645703565e-05 1.06035461337e-05 1.12182447922e-05 1.12182447922e-05 1.10645703565e-05 1.12182447922e-05 1.12182447922e-05 9.98884747524e-06
1.12182447922e-05 1.06035461337e-05 1.13719192278e-05 9.52782416837e-06 1.07572205693e-05 1.15255936634e-05 9.52782416837e-06 1.10645703565e-05 9.68149860399e-06 9.68149860399e-06 1.10645703565e-05 9.52782416837e-06 1.10645703565e-05 8.60577663865e-06 9.68149860399e-06 1.02961972625e-05 1.07572205693e-05 1.10645703565e-05 1.09108950049e-05 1.13719192278e-05 1.13719192278e-05 1.12182447922e-05 9.83517303961e-06 1.07572205693e-05 1.06035461337e-05 1.10645703565e-05 1.12182447922e-05 1.09108950049e-05 1.09108950049e-05 1.13719192278e-05 1.13719192278e-05 1.13719192278e-05 1.04498716981e-05 1.10645703565e-05 1.10645703565e-05 1.09108950049e-05 8.9131255099e-06 1.04498716981e-05 1.13719192278e-05 1.10645703565e-05 1.01425228268e-05 1.01425228268e-05 1.10645703565e-05 1.12182447922e-05 1.04498716981e-05 1.07572205693e-05 1.15255936634e-05 1.09108950049e-05 1.07572205693e-05 1.12182447922e-05 1.02961972625e-05
9.22047529712e-06 1.02961972625e-05 1.12182447922e-05 9.98884747524e-06 9.68149860399e-06 1.15255936634e-05 1.02961972625e-05 9.68149860399e-06 1.15255936634e-05 9.98884747524e-06 8.9131255099e-06 9.68149860399e-06 1.09108950049e-05 8.14475241581e-06 1.15255936634e-05 1.09108950049e-05 1.13719192278e-05 1.01425228268e-05 1.04498716981e-05 1.09108950049e-05 1.04498716981e-05 9.98884747524e-06 1.10645703565e-05 1.13719192278e-05 1.10645703565e-05 1.06035461337e-05 1.07572205693e-05 1.04498716981e-05 1.12182447922e-05 1.02961972625e-05 1.06035461337e-05 9.98884747524e-06 1.12182447922e-05 1.04498716981e-05 9.52782416837e-06 1.07572205693e-05 8.75945107428e-06 1.01425228268e-05 1.01425228268e-05 1.13719192278e-05 1.09108950049e-05 1.07572205693e-05 1.12182447922e-05 1.07572205693e-05 1.09108950049e-05 1.01425228268e-05 1.09108950049e-05 1.04498716981e-05 1.10645703565e-05 1.04498716981e-05 1.10645703565e-05
8.9131255099e-06 9.22047529712e-06 1.13719192278e-05 1.12182447922e-05 1.04498716981e-05 1.15255936634e-05 9.83517303961e-06 1.02961972625e-05 9.52782416837e-06 1.09108950049e-05 9.68149860399e-06 1.12182447922e-05 9.37414973274e-06 1.13719192278e-05 1.09108950049e-05 1.12182447922e-05 1.15255936634e-05 1.06035461337e-05 1.13719192278e-05 9.37414973274e-06 1.12182447922e-05 1.15255936634e-05 1.13719192278e-05 1.07572205693e-05 9.22047529712e-06 1.09108950049e-05 9.83517303961e-06 1.02961972625e-05 1.04498716981e-05 1.07572205693e-05 1.15255936634e-05 1.07572205693e-05 1.06035461337e-05 1.10645703565e-05 1.02961972625e-05 1.01425228268e-05 9.68149860399e-06 1.01425228268e-05 1.01425228268e-05 1.01425228268e-05 1.10645703565e-05 1.06035461337e-05 1.13719192278e-05 1.12182447922e-05 1.13719192278e-05 1.07572205693e-05 1.02961972625e-05 1.06035461337e-05 1.13719192278e-05 1.15255936634e-05 1.15255936634e-05
1.07572205693e-05 9.52782416837e-06 1.15255936634e-05 1.12182447922e-05 1.13719192278e-05 9.83517303961e-06 1.15255936634e-05 1.18329425347e-05 9.06679994552e-06 8.60577663865e-06 1.04498716981e-05 1.02961972625e-05 1.01425228268e-05 1.12182447922e-05 1.09108950049e-05 9.37414973274e-06 9.22047529712e-06 1.13719192278e-05 1.02961972625e-05 1.04498716981e-05 1.10645703565e-05 1.10645703565e-05 1.04498716981e-05 1.04498716981e-05 1.13719192278e-05 1.07572205693e-05 1.13719192278e-05 1.12182447922e-05 9.68149860399e-06 9.37414973274e-06 1.12182447922e-05 1.24476411931e-05 1.07572205693e-05 1.18329425347e-05 9.68149860399e-06 1.06035461337e-05 1.07572205693e-05 1.13719192278e-05 1.09108950049e-05 1.02961972625e-05 1.13719192278e-05 1.09108950049e-05 1.12182447922e-05 1.04498716981e-05 1.01425228268e-05 1.13719192278e-05 1.04498716981e-05 1.10645703565e-05 1.07572205693e-05 1.1679268099e-05 1.13719192278e-05
1.1679268099e-05 1.09108950049e-05 1.13719192278e-05 1.13719192278e-05 9.06679994552e-06 9.98884747524e-06 1.13719192278e-05 9.68149860399e-06 1.07572205693e-05 8.75945107428e-06 9.98884747524e-06 1.06035461337e-05 8.45210220303e-06 1.02961972625e-05 1.02961972625e-05 1.02961972625e-05 1.12182447922e-05 9.83517303961e-06 1.10645703565e-05 9.52782416837e-06 1.07572205693e-05 1.07572205693e-05 1.01425228268e-05 1.09108950049e-05 1.09108950049e-05 9.06679994552e-06 1.01425228268e-05 9.22047529712e-06 1.13719192278e-05 1.10645703565e-05 1.21402923219e-05 1.18329425347e-05 1.04498716981e-05 1.22939667575e-05 1.06035461337e-05 8.75945107428e-06 1.09108950049e-05 1.13719192278e-05 1.10645703565e-05 1.10645703565e-05 1.06035461337e-05 1.06035461337e-05 1.02961972625e-05 1.07572205693e-05 1.10645703565e-05 1.01425228268e-05 1.07572205693e-05 1.12182447922e-05 1.06035461337e-05 1.10645703565e-05 1.13719192278e-05
9.22047529712e-06 8.9131255099e-06 9.83517303961e-06 1.02961972625e-05 1.13719192278e-05 1.04498716981e-05 1.01425228268e-05 9.68149860399e-06 9.37414973274e-06 9.22047529712e-06 4.30288831933e-06 1.1679268099e-05 1.12182447922e-05 1.02961972625e-05 1.02961972625e-05 8.60577663865e-06 1.18329425347e-05 1.19866169703e-05 1.1679268099e-05 1.06035461337e-05 1.02961972625e-05 1.12182447922e-05 9.37414973274e-06 1.10645703565e-05 1.07572205693e-05 1.09108950049e-05 1.19866169703e-05 1.07572205693e-05 1.15255936634e-05 1.09108950049e-05 1.01425228268e-05 1.18329425347e-05 1.15255936634e-05 1.13719192278e-05 1.10645703565e-05 9.52782416837e-06 1.07572205693e-05 1.06035461337e-05 1.10645703565e-05 1.04498716981e-05 1.09108950049e-05 1.06035461337e-05 1.09108950049e-05 1.06035461337e-05 1.07572205693e-05 1.06035461337e-05 1.10645703565e-05 9.83517303961e-06 1.12182447922e-05 1.13719192278e-05 1.13719192278e-05
9.68149860399e-06 1.10645703565e-05 1.09108950049e-05 9.52782416837e-06 1.07572205693e-05 9.52782416837e-06 8.75945107428e-06 1.07572205693e-05 1.01425228268e-05 6.60800714361e-06 3.07349168938e-06 6.45433225e-06 5.99330848514e-06 4.61023764856e-06 7.83740354456e-06 1.13719192278e-05 1.15255936634e-05 1.15255936634e-05 1.15255936634e-05 1.15255936634e-05 1.12182447922e-05 1.12182447922e-05 9.52782416837e-06 1.07572205693e-05 8.45210220303e-06 1.04498716981e-05 1.18329425347e-05 1.07572205693e-05 1.13719192278e-05 1.12182447922e-05 9.52782416837e-06 6.30065781437e-06 8.29842776741e-06 1.10645703565e-05 1.13719192278e-05 1.15255936634e-05 1.02961972625e-05 1.15255936634e-05 1.13719192278e-05 1.13719192278e-05 1.13719192278e-05 1.10645703565e-05 1.13719192278e-05 1.13719192278e-05 1.13719192278e-05 1.12182447922e-05 8.14475241581e-06 7.22270534409e-06 1.15255936634e-05 1.06035461337e-05 1.18329425347e-05
1.04498716981e-05 8.14475241581e-06 9.98884747524e-06 8.60577663865e-06 8.60577663865e-06 1.04498716981e-05 4.91758651981e-06 9.37414973274e-06 1.02961972625e-05 7.83740354456e-06 2.91981702476e-06 4.30288831933e-06 1.07572205693e-05 1.10645703565e-05 1.21402923219e-05 1.13719192278e-05 1.15255936634e-05 1.12182447922e-05 1.06035461337e-05 1.13719192278e-05 1.06035461337e-05 1.10645703565e-05 1.13719192278e-05 1.04498716981e-05 1.22939667575e-05 1.10645703565e-05 9.83517303961e-06 1.10645703565e-05 1.18329425347e-05 1.1679268099e-05 1.12182447922e-05 7.06903090846e-06 1.12182447922e-05 1.13719192278e-05 9.98884747524e-06 1.07572205693e-05 1.06035461337e-05 1.15255936634e-05 1.18329425347e-05 1.12182447922e-05 1.1679268099e-05 1.1679268099e-05 1.13719192278e-05 1.15255936634e-05 1.15255936634e-05 1.10645703565e-05 1.13719192278e-05 1.13719192278e-05 1.13719192278e-05 1.09108950049e-05 1.13719192278e-05
9.98884747524e-06 9.22047529712e-06 1.12182447922e-05 1.04498716981e-05 1.09108950049e-05 6.60800714361e-06 4.91758651981e-06 3.99553899009e-06 8.9131255099e-06 2.61246792452e-06 2.4587932599e-06 9.37414973274e-06 9.22047529712e-06 1.10645703565e-05 1.18329425347e-05 1.1679268099e-05 1.13719192278e-05 1.06035461337e-05 1.13719192278e-05 1.15255936634e-05 1.06035461337e-05 1.09108950049e-05 1.07572205693e-05 1.07572205693e-05 1.13719192278e-05 1.12182447922e-05 1.18329425347e-05 1.10645703565e-05 1.1679268099e-05 1.19866169703e-05 1.10645703565e-05 6.60800714361e-06 1.18329425347e-05 1.07572205693e-05 9.98884747524e-06 1.12182447922e-05 1.10645703565e-05 1.18329425347e-05 1.22939667575e-05 1.13719192278e-05 1.10645703565e-05 1.22939667575e-05 8.75945107428e-06 1.1679268099e-05 1.18329425347e-05 1.18329425347e-05 1.13719192278e-05 1.12182447922e-05 1.12182447922e-05 1.07572205693e-05 1.06035461337e-05
1.02961972625e-05 1.04498716981e-05 1.02961972625e-05 1.04498716981e-05 9.83517303961e-06 1.18329425347e-05 5.68595961389e-06 2.91981702476e-06 3.53451545423e-06 2.30511882428e-06 5.99330848514e-06 7.53005467332e-06 1.13719192278e-05 1.09108950049e-05 1.15255936634e-05 1.10645703565e-05 8.9131255099e-06 1.07572205693e-05 1.07572205693e-05 1.18329425347e-05 1.15255936634e-05 1.01425228268e-05 1.15255936634e-05 1.09108950049e-05 1.06035461337e-05 1.19866169703e-05 1.15255936634e-05 5.83963404952e-06 1.01425228268e-05 9.98884747524e-06 7.22270534409e-06 5.37861028466e-06 1.01425228268e-05 6.76168157923e-06 6.60800714361e-06 9.52782416837e-06 1.1679268099e-05 1.07572205693e-05 1.15255936634e-05 1.09108950049e-05 1.02961972625e-05 1.19866169703e-05 7.68372910894e-06 1.29086645e-05 1.22939667575e-05 1.1679268099e-05 1.18329425347e-05 1.15255936634e-05 1.22939667575e-05 1.15255936634e-05 1.12182447922e-05
9.06679994552e-06 9.22047529712e-06 8.9131255099e-06 9.83517303961e-06 1.04498716981e-05 1.06035461337e-05 6.45433225e-06 3.99553899009e-06 2.4587932599e-06 3.53451545423e-06 6.45433225e-06 9.22047529712e-06 1.04498716981e-05 1.12182447922e-05 1.01425228268e-05 1.09108950049e-05 1.07572205693e-05 1.18329425347e-05 9.98884747524e-06 9.37414973274e-06 1.07572205693e-05 1.13719192278e-05 1.06035461337e-05 1.09108950049e-05 1.06035461337e-05 1.1679268099e-05 1.18329425347e-05 1.10645703565e-05 6.14698337875e-06 6.45433225e-06 4.1492138837e-06 7.06903090846e-06 7.83740354456e-06 6.45433225e-06 9.98884747524e-06 9.68149860399e-06 8.9131255099e-06 1.12182447922e-05 1.24476411931e-05 1.12182447922e-05 8.45210220303e-06 1.26013156287e-05 7.53005467332e-06 8.45210220303e-06 1.22939667575e-05 1.18329425347e-05 1.22939667575e-05 1.09108950049e-05 1.19866169703e-05 1.15255936634e-05 9.98884747524e-06
5.37861028466e-06 5.53228517827e-06 5.53228517827e-06 7.83740354456e-06 8.60577663865e-06 9.98884747524e-06 1.09108950049e-05 5.37861028466e-06 2.76614258914e-06 4.1492138837e-06 3.227166125e-06 5.53228517827e-06 8.75945107428e-06 7.83740354456e-06 1.13719192278e-05 9.83517303961e-06 1.18329425347e-05 1.06035461337e-05 1.18329425347e-05 9.37414973274e-06 8.29842776741e-06 9.52782416837e-06 1.07572205693e-05 1.09108950049e-05 1.10645703565e-05 1.15255936634e-05 7.53005467332e-06 1.10645703565e-05 5.37861028466e-06 6.30065781437e-06 7.53005467332e-06 6.60800714361e-06 1.07572205693e-05 1.18329425347e-05 1.01425228268e-05 1.01425228268e-05 7.99107798019e-06 7.22270534409e-06 8.75945107428e-06 1.21402923219e-05 1.15255936634e-05 7.83740354456e-06 1.13719192278e-05 1.07572205693e-05 1.21402923219e-05 8.45210220303e-06 1.19866169703e-05 1.12182447922e-05 1.15255936634e-05 1.04498716981e-05 1.07572205693e-05
2.30511882428e-06 4.61023764856e-06 9.22047529712e-06 5.99330848514e-06 3.99553899009e-06 5.22493584904e-06 9.37414973274e-06 1.09108950049e-05 7.37637977971e-06 2.15144415966e-06 3.99553899009e-06 3.07349168938e-06 3.84186455447e-06 6.60800714361e-06 9.98884747524e-06 1.02961972625e-05 7.99107798019e-06 1.09108950049e-05 1.10645703565e-05 5.37861028466e-06 3.99553899009e-06 8.45210220303e-06 1.10645703565e-05 1.1679268099e-05 1.10645703565e-05 1.18329425347e-05 1.02961972625e-05 8.14475241581e-06 6.45433225e-06 3.38084078961e-06 8.45210220303e-06 1.18329425347e-05 1.04498716981e-05 9.52782416837e-06 1.21402923219e-05 1.13719192278e-05 7.06903090846e-06 8.14475241581e-06 6.60800714361e-06 1.12182447922e-05 1.02961972625e-05 1.1679268099e-05 1.1679268099e-05 1.21402923219e-05 1.18329425347e-05 1.15255936634e-05 1.06035461337e-05 1.13719192278e-05 1.06035461337e-05 1.01425228268e-05 1.09108950049e-05
6.14698337875e-06 5.22493584904e-06 2.30511882428e-06 4.1492138837e-06 2.76614258914e-06 7.53005467332e-06 9.52782416837e-06 8.9131255099e-06 4.61023764856e-06 5.83963404952e-06 2.76614258914e-06 7.53005467332e-06 6.60800714361e-06 7.83740354456e-06 1.01425228268e-05 1.09108950049e-05 6.60800714361e-06 4.45656275495e-06 5.99330848514e-06 3.227166125e-06 5.53228517827e-06 6.14698337875e-06 9.52782416837e-06 9.68149860399e-06 1.15255936634e-05 1.12182447922e-05 1.07572205693e-05 1.09108950049e-05 3.99553899009e-06 6.30065781437e-06 6.60800714361e-06 1.07572205693e-05 1.10645703565e-05 1.13719192278e-05 1.15255936634e-05 8.60577663865e-06 1.04498716981e-05 1.18329425347e-05 9.22047529712e-06 9.22047529712e-06 1.06035461337e-05 1.02961972625e-05 9.52782416837e-06 9.98884747524e-06 1.18329425347e-05 1.1679268099e-05 1.06035461337e-05 1.02961972625e-05 9.37414973274e-06 1.12182447922e-05 9.52782416837e-06
5.07126141342e-06 3.53451545423e-06 5.22493584904e-06 3.53451545423e-06 1.53674584469e-06 2.61246792452e-06 3.84186455447e-06 2.91981702476e-06 6.14698337875e-06 5.53228517827e-06 4.76391208418e-06 4.76391208418e-06 9.68149860399e-06 8.45210220303e-06 1.18329425347e-05 1.09108950049e-05 9.83517303961e-06 5.68595961389e-06 4.1492138837e-06 1.53674584469e-06 5.22493584904e-06 8.9131255099e-06 9.22047529712e-06 1.02961972625e-05 1.19866169703e-05 1.1679268099e-05 1.07572205693e-05 9.98884747524e-06 6.30065781437e-06 3.38084078961e-06 1.01425228268e-05 1.06035461337e-05 1.04498716981e-05 7.83740354456e-06 1.12182447922e-05 1.04498716981e-05 1.07572205693e-05 1.18329425347e-05 1.04498716981e-05 1.09108950049e-05 1.12182447922e-05 1.02961972625e-05 1.01425228268e-05 1.02961972625e-05 1.06035461337e-05 1.18329425347e-05 1.18329425347e-05 1.18329425347e-05 1.01425228268e-05 1.09108950049e-05 1.12182447922e-05
5.68595961389e-06 5.68595961389e-06 5.99330848514e-06 3.38084078961e-06 4.91758651981e-06 3.99553899009e-06 1.84409494493e-06 7.22270534409e-06 6.91535601485e-06 2.76614258914e-06 4.91758651981e-06 6.60800714361e-06 6.76168157923e-06 5.37861028466e-06 9.06679994552e-06 8.14475241581e-06 1.12182447922e-05 1.01425228268e-05 4.30288831933e-06 1.69042039481e-06 5.22493584904e-06 5.83963404952e-06 6.45433225e-06 8.14475241581e-06 1.10645703565e-05 1.09108950049e-05 1.07572205693e-05 6.30065781437e-06 2.61246792452e-06 1.06035461337e-05 1.09108950049e-05 1.19866169703e-05 1.06035461337e-05 1.13719192278e-05 1.07572205693e-05 1.02961972625e-05 6.76168157923e-06 1.07572205693e-05 1.04498716981e-05 1.07572205693e-05 1.07572205693e-05 1.01425228268e-05 1.01425228268e-05 1.02961972625e-05 1.02961972625e-05 1.09108950049e-05 9.52782416837e-06 9.98884747524e-06 7.83740354456e-06 1.02961972625e-05 1.06035461337e-05
6.76168157923e-06 5.83963404952e-06 7.06903090846e-06 6.60800714361e-06 5.53228517827e-06 5.37861028466e-06 3.84186455447e-06 7.06903090846e-06 5.37861028466e-06 3.84186455447e-06 5.83963404952e-06 6.14698337875e-06 2.91981702476e-06 3.53451545423e-06 4.76391208418e-06 5.37861028466e-06 5.99330848514e-06 5.83963404952e-06 5.99330848514e-06 2.91981702476e-06 1.84409494493e-06 2.30511882428e-06 5.37861028466e-06 6.76168157923e-06 1.09108950049e-05 9.52782416837e-06 9.06679994552e-06 5.83963404952e-06 3.99553899009e-06 9.06679994552e-06 1.10645703565e-05 1.04498716981e-05 9.37414973274e-06 1.12182447922e-05 1.02961972625e-05 9.98884747524e-06 1.04498716981e-05 1.02961972625e-05 1.06035461337e-05 1.15255936634e-05 1.13719192278e-05 1.02961972625e-05 1.04498716981e-05 1.01425228268e-05 1.09108950049e-05 1.09108950049e-05 1.07572205693e-05 1.10645703565e-05 1.06035461337e-05 1.07572205693e-05 1.12182447922e-05
8.29842776741e-06 1.07572205693e-05 7.53005467332e-06 6.45433225e-06 3.227166125e-06 6.30065781437e-06 5.68595961389e-06 7.06903090846e-06 5.99330848514e-06 1.99776949505e-06 3.227166125e-06 4.76391208418e-06 3.227166125e-06 3.227166125e-06 2.76614258914e-06 2.15144415966e-06 5.83963404952e-06 4.30288831933e-06 3.99553899009e-06 5.83963404952e-06 2.30511882428e-06 1.69042039481e-06 2.4587932599e-06 3.53451545423e-06 1.99776949505e-06 3.227166125e-06 2.61246792452e-06 2.15144415966e-06 5.07126141342e-06 1.07572205693e-05 1.07572205693e-05 9.68149860399e-06 1.07572205693e-05 1.10645703565e-05 9.83517303961e-06 1.10645703565e-05 1.10645703565e-05 1.02961972625e-05 1.01425228268e-05 1.12182447922e-05 1.10645703565e-05 1.02961972625e-05 1.06035461337e-05 1.10645703565e-05 1.06035461337e-05 1.02961972625e-05 1.07572205693e-05 1.01425228268e-05 1.01425228268e-05 8.75945107428e-06 1.01425228268e-05
7.68372910894e-06 7.22270534409e-06 7.22270534409e-06 4.45656275495e-06 5.37861028466e-06 6.76168157923e-06 5.83963404952e-06 7.68372910894e-06 3.53451545423e-06 3.227166125e-06 5.07126141342e-06 3.227166125e-06 4.30288831933e-06 2.15144415966e-06 3.99553899009e-06 2.76614258914e-06 1.53674584469e-06 2.76614258914e-06 3.227166125e-06 3.07349168938e-06 2.91981702476e-06 1.69042039481e-06 2.91981702476e-06 1.84409494493e-06 2.4587932599e-06 4.91758651981e-06 4.30288831933e-06 5.37861028466e-06 1.13719192278e-05 1.10645703565e-05 1.02961972625e-05 1.10645703565e-05 1.12182447922e-05 1.10645703565e-05 1.09108950049e-05 7.53005467332e-06 1.10645703565e-05 1.12182447922e-05 1.07572205693e-05 1.04498716981e-05 1.12182447922e-05 1.12182447922e-05 1.01425228268e-05 1.07572205693e-05 1.09108950049e-05 1.07572205693e-05 1.06035461337e-05 8.75945107428e-06 1.01425228268e-05 1.04498716981e-05 1.12182447922e-05
