Example/niche_identity/models/RF/normalized_grids/chlorocyanus_1.asc
ncols        743
nrows        319
xllcorner    -74.500956448335
yllcorner    17.448920549066
cellsize     0.008333333333
NODATA_value  -9999
[rows 154 to 175 of 318, columns 357 to 407 of 743]
7.06903090846e-06 7.06903090846e-06 8.60577663865e-06 1.06035461337e-05 1.02961972625e-05 9.98884747524e-06 1.19866169703e-05 1.06035461337e-05 1.06035461337e-05 8.14475241581e-06 9.06679994552e-06 9.98884747524e-06 1.39843873813e-05 9.83517303961e-06 7.83740354456e-06 6.30065781437e-06 1.01425228268e-05 1.18329425347e-05 1.35233631585e-05 1.09108950049e-05 1.26013156287e-05 1.18329425347e-05 1.30623398516e-05 1.35233631585e-05 1.39843873813e-05 1.41380618169e-05 1.42917362525e-05 1.41380618169e-05 1.41380618169e-05 1.41380618169e-05 1.39843873813e-05 1.39843873813e-05 1.35233631585e-05 1.41380618169e-05 1.35233631585e-05 1.35233631585e-05 1.24476411931e-05 1.38307120297e-05 1.36770375941e-05 1.26013156287e-05 1.27549900644e-05 1.22939667575e-05 1.04498716981e-05 1.09108950049e-05 1.04498716981e-05 1.18329425347e-05 1.04498716981e-05 7.22270534409e-06 9.83517303961e-06 8.14475241581e-06 9.68149860399e-06
7.22270534409e-06 7.53005467332e-06 1.10645703565e-05 1.10645703565e-05 1.13719192278e-05 9.98884747524e-06 1.06035461337e-05 1.06035461337e-05 1.12182447922e-05 1.06035461337e-05 9.06679994552e-06 9.52782416837e-06 9.22047529712e-06 1.07572205693e-05 9.52782416837e-06 1.01425228268e-05 1.01425228268e-05 1.19866169703e-05 9.68149860399e-06 1.19866169703e-05 1.21402923219e-05 1.41380618169e-05 1.30623398516e-05 1.35233631585e-05 1.45990851238e-05 1.41380618169e-05 1.38307120297e-05 1.45990851238e-05 1.44454106882e-05 1.42917362525e-05 1.45990851238e-05 1.41380618169e-05 1.39843873813e-05 1.41380618169e-05 1.39843873813e-05 1.39843873813e-05 1.26013156287e-05 1.36770375941e-05 1.44454106882e-05 1.27549900644e-05 1.27549900644e-05 1.21402923219e-05 1.1679268099e-05 1.21402923219e-05 1.01425228268e-05 1.1679268099e-05 1.12182447922e-05 8.29842776741e-06 9.83517303961e-06 1.15255936634e-05 6.91535601485e-06
9.22047529712e-06 7.68372910894e-06 1.12182447922e-05 1.21402923219e-05 1.29086645e-05 1.32160142872e-05 1.01425228268e-05 8.75945107428e-06 1.06035461337e-05 1.15255936634e-05 1.01425228268e-05 1.04498716981e-05 1.09108950049e-05 1.09108950049e-05 9.37414973274e-06 9.68149860399e-06 1.04498716981e-05 9.06679994552e-06 1.01425228268e-05 1.12182447922e-05 1.06035461337e-05 1.38307120297e-05 1.24476411931e-05 1.30623398516e-05 1.41380618169e-05 1.41380618169e-05 1.44454106882e-05 1.35233631585e-05 1.27549900644e-05 1.36770375941e-05 1.45990851238e-05 1.33696887228e-05 1.38307120297e-05 1.38307120297e-05 1.42917362525e-05 1.44454106882e-05 1.44454106882e-05 1.35233631585e-05 1.35233631585e-05 1.24476411931e-05 1.22939667575e-05 1.22939667575e-05 1.1679268099e-05 1.19866169703e-05 1.1679268099e-05 1.19866169703e-05 1.12182447922e-05 7.99107798019e-06 1.02961972625e-05 8.75945107428e-06 6.14698337875e-06
1.18329425347e-05 1.07572205693e-05 9.37414973274e-06 1.10645703565e-05 1.21402923219e-05 1.36770375941e-05 9.22047529712e-06 6.91535601485e-06 7.37637977971e-06 9.98884747524e-06 1.02961972625e-05 1.02961972625e-05 8.9131255099e-06 1.15255936634e-05 1.13719192278e-05 9.98884747524e-06 9.52782416837e-06 8.14475241581e-06 1.01425228268e-05 1.13719192278e-05 9.68149860399e-06 1.33696887228e-05 1.29086645e-05 1.19866169703e-05 1.24476411931e-05 1.39843873813e-05 1.35233631585e-05 1.44454106882e-05 1.35233631585e-05 1.44454106882e-05 1.42917362525e-05 1.33696887228e-05 1.39843873813e-05 1.42917362525e-05 1.38307120297e-05 1.42917362525e-05 1.36770375941e-05 1.42917362525e-05 1.35233631585e-05 1.29086645e-05 1.18329425347e-05 1.09108950049e-05 1.06035461337e-05 1.15255936634e-05 1.1679268099e-05 1.01425228268e-05 1.04498716981e-05 1.15255936634e-05 9.22047529712e-06 8.9131255099e-06 8.60577663865e-06
1.13719192278e-05 1.39843873813e-05 1.15255936634e-05 1.13719192278e-05 1.06035461337e-05 1.29086645e-05 1.19866169703e-05 1.24476411931e-05 9.68149860399e-06 1.13719192278e-05 7.53005467332e-06 6.76168157923e-06 9.68149860399e-06 8.60577663865e-06 1.09108950049e-05 7.83740354456e-06 8.45210220303e-06 9.37414973274e-06 9.06679994552e-06 9.52782416837e-06 9.22047529712e-06 9.37414973274e-06 9.83517303961e-06 1.02961972625e-05 1.32160142872e-05 1.04498716981e-05 1.35233631585e-05 1.39843873813e-05 1.30623398516e-05 1.35233631585e-05 1.39843873813e-05 1.39843873813e-05 1.44454106882e-05 1.42917362525e-05 1.35233631585e-05 1.42917362525e-05 1.42917362525e-05 1.36770375941e-05 1.24476411931e-05 1.24476411931e-05 1.24476411931e-05 1.19866169703e-05 1.1679268099e-05 1.1679268099e-05 1.15255936634e-05 1.04498716981e-05 1.04498716981e-05 9.22047529712e-06 9.06679994552e-06 1.1679268099e-05 8.45210220303e-06
1.09108950049e-05 1.38307120297e-05 1.02961972625e-05 1.06035461337e-05 1.04498716981e-05 1.02961972625e-05 1.15255936634e-05 1.19866169703e-05 1.19866169703e-05 1.07572205693e-05 1.41380618169e-05 1.29086645e-05 7.37637977971e-06 1.30623398516e-05 8.9131255099e-06 5.37861028466e-06 8.14475241581e-06 7.99107798019e-06 7.22270534409e-06 7.06903090846e-06 7.99107798019e-06 7.22270534409e-06 9.22047529712e-06 1.1679268099e-05 9.68149860399e-06 1.1679268099e-05 1.35233631585e-05 1.38307120297e-05 1.07572205693e-05 1.10645703565e-05 1.39843873813e-05 1.30623398516e-05 1.44454106882e-05 1.42917362525e-05 1.1679268099e-05 1.12182447922e-05 1.38307120297e-05 1.30623398516e-05 1.27549900644e-05 1.24476411931e-05 1.19866169703e-05 1.1679268099e-05 1.1679268099e-05 1.12182447922e-05 1.13719192278e-05 1.04498716981e-05 1.13719192278e-05 1.02961972625e-05 1.10645703565e-05 9.22047529712e-06 1.13719192278e-05
1.24476411931e-05 1.19866169703e-05 1.33696887228e-05 1.13719192278e-05 1.10645703565e-05 1.44454106882e-05 1.19866169703e-05 1.10645703565e-05 8.29842776741e-06 1.21402923219e-05 8.75945107428e-06 1.1679268099e-05 7.22270534409e-06 9.98884747524e-06 9.83517303961e-06 1.01425228268e-05 1.07572205693e-05 5.99330848514e-06 1.21402923219e-05 9.06679994552e-06 8.29842776741e-06 7.68372910894e-06 7.06903090846e-06 6.76168157923e-06 9.83517303961e-06 7.68372910894e-06 8.75945107428e-06 1.35233631585e-05 1.36770375941e-05 1.01425228268e-05 1.12182447922e-05 1.04498716981e-05 9.83517303961e-06 1.45990851238e-05 1.38307120297e-05 1.41380618169e-05 1.35233631585e-05 1.39843873813e-05 1.26013156287e-05 1.22939667575e-05 1.19866169703e-05 1.19866169703e-05 9.22047529712e-06 9.37414973274e-06 1.02961972625e-05 1.12182447922e-05 1.01425228268e-05 1.13719192278e-05 1.1679268099e-05 1.01425228268e-05 7.99107798019e-06
1.39843873813e-05 1.06035461337e-05 1.32160142872e-05 1.19866169703e-05 1.30623398516e-05 7.22270534409e-06 8.75945107428e-06 9.06679994552e-06 6.76168157923e-06 7.53005467332e-06 7.99107798019e-06 8.14475241581e-06 7.53005467332e-06 6.76168157923e-06 8.45210220303e-06 7.53005467332e-06 7.99107798019e-06 9.37414973274e-06 6.91535601485e-06 1.19866169703e-05 7.22270534409e-06 8.9131255099e-06 8.29842776741e-06 9.52782416837e-06 6.76168157923e-06 7.68372910894e-06 7.83740354456e-06 1.21402923219e-05 1.21402923219e-05 1.21402923219e-05 1.38307120297e-05 1.39843873813e-05 1.18329425347e-05 9.83517303961e-06 1.33696887228e-05 1.27549900644e-05 1.26013156287e-05 1.24476411931e-05 1.24476411931e-05 1.18329425347e-05 1.04498716981e-05 9.52782416837e-06 1.21402923219e-05 1.15255936634e-05 1.15255936634e-05 1.02961972625e-05 1.01425228268e-05 1.06035461337e-05 1.13719192278e-05 8.75945107428e-06 8.75945107428e-06
1.06035461337e-05 1.15255936634e-05 1.04498716981e-05 1.15255936634e-05 1.18329425347e-05 9.22047529712e-06 7.22270534409e-06 6.30065781437e-06 7.53005467332e-06 5.99330848514e-06 7.68372910894e-06 7.53005467332e-06 8.14475241581e-06 7.37637977971e-06 8.29842776741e-06 7.83740354456e-06 8.29842776741e-06 8.9131255099e-06 8.75945107428e-06 6.91535601485e-06 5.99330848514e-06 8.29842776741e-06 7.99107798019e-06 7.99107798019e-06 8.45210220303e-06 7.37637977971e-06 6.91535601485e-06 7.22270534409e-06 1.01425228268e-05 1.09108950049e-05 1.24476411931e-05 8.60577663865e-06 1.15255936634e-05 1.13719192278e-05 1.15255936634e-05 1.19866169703e-05 1.24476411931e-05 9.98884747524e-06 1.18329425347e-05 8.45210220303e-06 1.01425228268e-05 8.75945107428e-06 8.9131255099e-06 1.1679268099e-05 1.15255936634e-05 1.1679268099e-05 1.13719192278e-05 1.04498716981e-05 9.83517303961e-06 1.06035461337e-05 9.06679994552e-06
1.35233631585e-05 1.36770375941e-05 1.10645703565e-05 1.26013156287e-05 1.02961972625e-05 6.76168157923e-06 7.99107798019e-06 8.14475241581e-06 7.68372910894e-06 7.37637977971e-06 7.68372910894e-06 6.60800714361e-06 5.83963404952e-06 5.99330848514e-06 8.45210220303e-06 6.60800714361e-06 8.75945107428e-06 7.22270534409e-06 7.22270534409e-06 8.45210220303e-06 8.29842776741e-06 9.37414973274e-06 9.68149860399e-06 8.29842776741e-06 7.83740354456e-06 7.99107798019e-06 7.68372910894e-06 6.60800714361e-06 8.29842776741e-06 8.60577663865e-06 8.45210220303e-06 8.14475241581e-06 1.35233631585e-05 1.1679268099e-05 1.24476411931e-05 1.26013156287e-05 1.09108950049e-05 7.99107798019e-06 9.52782416837e-06 1.1679268099e-05 1.04498716981e-05 1.1679268099e-05 1.06035461337e-05 1.07572205693e-05 1.09108950049e-05 1.04498716981e-05 1.04498716981e-05 9.68149860399e-06 9.83517303961e-06 9.98884747524e-06 9.37414973274e-06
1.10645703565e-05 1.01425228268e-05 1.32160142872e-05 1.24476411931e-05 9.06679994552e-06 6.60800714361e-06 6.60800714361e-06 5.99330848514e-06 7.99107798019e-06 7.06903090846e-06 7.83740354456e-06 7.37637977971e-06 7.68372910894e-06 9.68149860399e-06 8.9131255099e-06 6.45433225e-06 6.91535601485e-06 8.14475241581e-06 7.68372910894e-06 8.60577663865e-06 8.45210220303e-06 7.06903090846e-06 7.37637977971e-06 9.68149860399e-06 9.22047529712e-06 9.68149860399e-06 8.29842776741e-06 7.99107798019e-06 8.29842776741e-06 5.99330848514e-06 9.83517303961e-06 7.22270534409e-06 7.83740354456e-06 1.1679268099e-05 1.04498716981e-05 9.52782416837e-06 1.22939667575e-05 1.21402923219e-05 1.04498716981e-05 8.14475241581e-06 7.37637977971e-06 8.9131255099e-06 8.9131255099e-06 9.83517303961e-06 9.22047529712e-06 9.06679994552e-06 9.52782416837e-06 9.83517303961e-06 9.68149860399e-06 9.68149860399e-06 9.83517303961e-06
9.98884747524e-06 1.33696887228e-05 1.38307120297e-05 1.15255936634e-05 1.26013156287e-05 7.99107798019e-06 1.24476411931e-05 7.83740354456e-06 1.07572205693e-05 8.60577663865e-06 9.98884747524e-06 9.37414973274e-06 9.68149860399e-06 1.09108950049e-05 1.39843873813e-05 9.06679994552e-06 9.52782416837e-06 6.76168157923e-06 8.45210220303e-06 8.45210220303e-06 6.60800714361e-06 8.9131255099e-06 7.68372910894e-06 8.45210220303e-06 7.68372910894e-06 7.37637977971e-06 7.37637977971e-06 7.99107798019e-06 7.06903090846e-06 6.45433225e-06 7.06903090846e-06 7.68372910894e-06 8.14475241581e-06 7.99107798019e-06 1.10645703565e-05 1.13719192278e-05 1.09108950049e-05 7.83740354456e-06 7.22270534409e-06 9.22047529712e-06 1.02961972625e-05 8.29842776741e-06 9.22047529712e-06 1.01425228268e-05 1.06035461337e-05 1.01425228268e-05 9.83517303961e-06 8.75945107428e-06 9.52782416837e-06 1.01425228268e-05 9.52782416837e-06
1.35233631585e-05 1.29086645e-05 1.18329425347e-05 1.35233631585e-05 1.15255936634e-05 1.26013156287e-05 1.26013156287e-05 1.22939667575e-05 1.30623398516e-05 1.22939667575e-05 8.14475241581e-06 9.98884747524e-06 1.22939667575e-05 1.18329425347e-05 1.22939667575e-05 1.26013156287e-05 8.45210220303e-06 1.10645703565e-05 1.07572205693e-05 5.83963404952e-06 8.45210220303e-06 9.37414973274e-06 7.22270534409e-06 6.91535601485e-06 6.76168157923e-06 9.68149860399e-06 9.22047529712e-06 8.60577663865e-06 8.45210220303e-06 8.29842776741e-06 7.06903090846e-06 6.45433225e-06 6.76168157923e-06 6.60800714361e-06 9.68149860399e-06 7.68372910894e-06 1.1679268099e-05 1.15255936634e-05 1.01425228268e-05 9.37414973274e-06 1.1679268099e-05 9.06679994552e-06 1.06035461337e-05 8.14475241581e-06 8.60577663865e-06 9.83517303961e-06 8.9131255099e-06 7.68372910894e-06 9.06679994552e-06 1.01425228268e-05 1.01425228268e-05
1.21402923219e-05 1.26013156287e-05 1.1679268099e-05 1.15255936634e-05 1.36770375941e-05 1.18329425347e-05 1.19866169703e-05 1.41380618169e-05 1.41380618169e-05 1.39843873813e-05 1.13719192278e-05 1.41380618169e-05 1.15255936634e-05 1.18329425347e-05 1.1679268099e-05 1.21402923219e-05 1.1679268099e-05 9.37414973274e-06 9.98884747524e-06 8.14475241581e-06 9.22047529712e-06 8.9131255099e-06 8.9131255099e-06 7.06903090846e-06 7.68372910894e-06 1.02961972625e-05 1.07572205693e-05 5.83963404952e-06 9.06679994552e-06 8.75945107428e-06 7.83740354456e-06 7.53005467332e-06 5.99330848514e-06 6.91535601485e-06 7.83740354456e-06 6.45433225e-06 8.29842776741e-06 1.12182447922e-05 6.91535601485e-06 8.14475241581e-06 8.29842776741e-06 8.60577663865e-06 8.45210220303e-06 8.45210220303e-06 7.53005467332e-06 1.02961972625e-05 8.60577663865e-06 8.60577663865e-06 9.83517303961e-06 7.99107798019e-06 9.37414973274e-06
1.24476411931e-05 1.33696887228e-05 1.15255936634e-05 1.26013156287e-05 1.18329425347e-05 1.19866169703e-05 1.12182447922e-05 1.18329425347e-05 1.24476411931e-05 1.06035461337e-05 1.38307120297e-05 1.06035461337e-05 1.15255936634e-05 1.15255936634e-05 1.01425228268e-05 1.09108950049e-05 9.98884747524e-06 1.24476411931e-05 1.24476411931e-05 1.19866169703e-05 9.52782416837e-06 7.22270534409e-06 8.60577663865e-06 9.37414973274e-06 9.22047529712e-06 7.53005467332e-06 8.75945107428e-06 7.99107798019e-06 8.29842776741e-06 6.14698337875e-06 6.91535601485e-06 8.29842776741e-06 8.9131255099e-06 8.45210220303e-06 7.68372910894e-06 7.83740354456e-06 7.68372910894e-06 7.53005467332e-06 7.06903090846e-06 7.37637977971e-06 9.37414973274e-06 1.06035461337e-05 7.37637977971e-06 9.06679994552e-06 8.29842776741e-06 8.29842776741e-06 1.06035461337e-05 6.76168157923e-06 8.29842776741e-06 8.14475241581e-06 8.60577663865e-06
1.22939667575e-05 1.26013156287e-05 1.26013156287e-05 1.21402923219e-05 1.24476411931e-05 1.44454106882e-05 1.29086645e-05 1.26013156287e-05 1.12182447922e-05 1.15255936634e-05 1.04498716981e-05 1.09108950049e-05 8.75945107428e-06 1.01425228268e-05 1.38307120297e-05 1.38307120297e-05 1.39843873813e-05 1.19866169703e-05 1.09108950049e-05 1.1679268099e-05 1.01425228268e-05 8.60577663865e-06 7.37637977971e-06 9.22047529712e-06 6.91535601485e-06 8.29842776741e-06 7.99107798019e-06 8.14475241581e-06 5.83963404952e-06 8.45210220303e-06 6.30065781437e-06 9.83517303961e-06 7.06903090846e-06 9.83517303961e-06 1.02961972625e-05 8.9131255099e-06 9.06679994552e-06 1.07572205693e-05 1.15255936634e-05 8.14475241581e-06 8.14475241581e-06 8.9131255099e-06 8.9131255099e-06 8.75945107428e-06 9.37414973274e-06 1.04498716981e-05 7.99107798019e-06 9.06679994552e-06 9.22047529712e-06 8.45210220303e-06 9.22047529712e-06
1.36770375941e-05 1.1679268099e-05 1.22939667575e-05 1.24476411931e-05 1.22939667575e-05 1.18329425347e-05 1.41380618169e-05 1.42917362525e-05 1.38307120297e-05 1.27549900644e-05 1.30623398516e-05 1.36770375941e-05 1.21402923219e-05 1.19866169703e-05 1.21402923219e-05 8.29842776741e-06 1.06035461337e-05 9.68149860399e-06 1.35233631585e-05 1.33696887228e-05 1.09108950049e-05 1.04498716981e-05 1.18329425347e-05 1.07572205693e-05 1.26013156287e-05 6.30065781437e-06 7.83740354456e-06 6.14698337875e-06 8.60577663865e-06 7.22270534409e-06 4.45656275495e-06 6.45433225e-06 9.52782416837e-06 6.91535601485e-06 7.83740354456e-06 8.45210220303e-06 7.53005467332e-06 1.04498716981e-05 7.83740354456e-06 6.91535601485e-06 7.37637977971e-06 6.30065781437e-06 3.38084078961e-06 6.91535601485e-06 6.76168157923e-06 8.9131255099e-06 7.99107798019e-06 9.22047529712e-06 7.83740354456e-06 9.06679994552e-06 9.52782416837e-06
1.27549900644e-05 9.37414973274e-06 1.12182447922e-05 1.30623398516e-05 1.44454106882e-05 1.27549900644e-05 1.19866169703e-05 1.19866169703e-05 1.21402923219e-05 1.24476411931e-05 1.01425228268e-05 1.01425228268e-05 1.32160142872e-05 1.18329425347e-05 1.24476411931e-05 1.07572205693e-05 4.1492138837e-06 8.45210220303e-06 9.83517303961e-06 1.02961972625e-05 9.68149860399e-06 8.75945107428e-06 9.68149860399e-06 9.68149860399e-06 1.02961972625e-05 8.29842776741e-06 1.01425228268e-05 1.02961972625e-05 6.91535601485e-06 6.91535601485e-06 7.37637977971e-06 5.99330848514e-06 9.83517303961e-06 6.45433225e-06 4.76391208418e-06 6.60800714361e-06 7.99107798019e-06 7.06903090846e-06 7.22270534409e-06 7.22270534409e-06 7.06903090846e-06 4.76391208418e-06 5.99330848514e-06 6.60800714361e-06 8.9131255099e-06 7.53005467332e-06 6.91535601485e-06 3.68818988985e-06 7.22270534409e-06 8.75945107428e-06 7.06903090846e-06
6.60800714361e-06 1.18329425347e-05 8.29842776741e-06 1.12182447922e-05 1.29086645e-05 1.18329425347e-05 1.22939667575e-05 1.41380618169e-05 1.24476411931e-05 1.26013156287e-05 1.01425228268e-05 1.12182447922e-05 1.18329425347e-05 9.22047529712e-06 1.04498716981e-05 1.33696887228e-05 1.36770375941e-05 1.18329425347e-05 1.13719192278e-05 8.60577663865e-06 1.19866169703e-05 8.75945107428e-06 1.19866169703e-05 1.02961972625e-05 9.37414973274e-06 8.75945107428e-06 7.83740354456e-06 7.99107798019e-06 3.53451545423e-06 6.45433225e-06 7.83740354456e-06 6.14698337875e-06 5.83963404952e-06 6.76168157923e-06 7.37637977971e-06 5.22493584904e-06 6.91535601485e-06 6.76168157923e-06 6.45433225e-06 7.68372910894e-06 5.99330848514e-06 3.53451545423e-06 6.14698337875e-06 6.30065781437e-06 4.61023764856e-06 8.14475241581e-06 1.01425228268e-05 5.53228517827e-06 9.22047529712e-06 3.99553899009e-06 3.99553899009e-06
7.68372910894e-06 8.60577663865e-06 7.53005467332e-06 9.98884747524e-06 9.68149860399e-06 9.98884747524e-06 8.45210220303e-06 1.35233631585e-05 1.06035461337e-05 1.26013156287e-05 1.1679268099e-05 1.13719192278e-05 1.39843873813e-05 1.29086645e-05 7.06903090846e-06 1.10645703565e-05 1.29086645e-05 1.12182447922e-05 1.06035461337e-05 1.04498716981e-05 9.37414973274e-06 9.22047529712e-06 7.99107798019e-06 8.45210220303e-06 8.75945107428e-06 1.36770375941e-05 1.13719192278e-05 8.60577663865e-06 1.01425228268e-05 6.60800714361e-06 9.22047529712e-06 7.68372910894e-06 7.37637977971e-06 6.91535601485e-06 5.99330848514e-06 5.83963404952e-06 7.83740354456e-06 6.30065781437e-06 7.06903090846e-06 5.99330848514e-06 6.14698337875e-06 6.14698337875e-06 7.22270534409e-06 7.83740354456e-06 5.53228517827e-06 3.99553899009e-06 3.99553899009e-06 7.37637977971e-06 7.68372910894e-06 1.84409494493e-06 4.45656275495e-06
8.75945107428e-06 8.75945107428e-06 8.14475241581e-06 7.37637977971e-06 7.68372910894e-06 6.76168157923e-06 8.75945107428e-06 1.01425228268e-05 7.99107798019e-06 1.15255936634e-05 1.15255936634e-05 1.13719192278e-05 1.19866169703e-05 1.29086645e-05 6.76168157923e-06 6.60800714361e-06 1.24476411931e-05 1.09108950049e-05 1.36770375941e-05 8.29842776741e-06 9.83517303961e-06 9.68149860399e-06 6.76168157923e-06 9.06679994552e-06 7.83740354456e-06 6.91535601485e-06 9.22047529712e-06 9.52782416837e-06 6.60800714361e-06 1.07572205693e-05 5.53228517827e-06 6.14698337875e-06 8.45210220303e-06 7.37637977971e-06 8.9131255099e-06 6.60800714361e-06 1.09108950049e-05 6.14698337875e-06 8.75945107428e-06 5.99330848514e-06 6.60800714361e-06 7.06903090846e-06 7.06903090846e-06 7.06903090846e-06 7.06903090846e-06 7.37637977971e-06 2.91981702476e-06 4.45656275495e-06 3.53451545423e-06 2.91981702476e-06 3.53451545423e-06
8.29842776741e-06 8.75945107428e-06 9.52782416837e-06 8.9131255099e-06 9.83517303961e-06 6.30065781437e-06 8.45210220303e-06 8.29842776741e-06 7.68372910894e-06 9.37414973274e-06 7.22270534409e-06 7.68372910894e-06 7.37637977971e-06 1.06035461337e-05 7.83740354456e-06 1.10645703565e-05 1.10645703565e-05 6.14698337875e-06 1.35233631585e-05 9.37414973274e-06 1.10645703565e-05 1.27549900644e-05 1.06035461337e-05 1.01425228268e-05 8.9131255099e-06 8.14475241581e-06 8.60577663865e-06 6.76168157923e-06 8.45210220303e-06 8.14475241581e-06 6.60800714361e-06 5.68595961389e-06 4.91758651981e-06 4.45656275495e-06 6.91535601485e-06 5.99330848514e-06 5.53228517827e-06 6.60800714361e-06 7.22270534409e-06 7.06903090846e-06 4.61023764856e-06 5.83963404952e-06 6.45433225e-06 5.53228517827e-06 5.53228517827e-06 4.1492138837e-06 4.45656275495e-06 6.14698337875e-06 3.07349168938e-06 2.91981702476e-06 7.68372910894e-06
