Example/niche_identity/models/RF/normalized_grids/chlorocyanus_0.asc
ncols        743
nrows        319
xllcorner    -74.500956448335
yllcorner    17.448920549066
cellsize     0.008333333333
NODATA_value  -9999
[rows 154 to 175 of 318, columns 306 to 356 of 743]
1.42026554361e-05 1.34136197546e-05 1.37292340272e-05 1.38870411635e-05 1.21511607829e-05 1.26245831324e-05 1.15199322377e-05 1.26245831324e-05 1.15199322377e-05 1.23089679192e-05 9.31062950757e-06 1.00996661297e-05 1.19933536466e-05 7.10132771806e-06 9.9418589934e-06 1.00996661297e-05 1.15199322377e-05 5.04983306486e-06 1.00996661297e-05 1.12043170245e-05 1.05730884792e-05 1.15199322377e-05 1.21511607829e-05 1.12043170245e-05 1.1677739374e-05 1.07308956155e-05 1.13621251014e-05 9.31062950757e-06 9.46843758448e-06 9.46843758448e-06 1.05730884792e-05 1.18355465103e-05 1.10465098882e-05 1.18355465103e-05 1.12043170245e-05 8.20597861281e-06 8.04817147651e-06 1.0257473266e-05 1.0257473266e-05 9.31062950757e-06 9.15282237126e-06 7.57474959728e-06 8.36378574912e-06 8.04817147651e-06 7.73255720389e-06 9.46843758448e-06 9.31062950757e-06 8.83720809865e-06 9.62624472079e-06 7.41694246098e-06 9.46843758448e-06
1.34136197546e-05 1.21511607829e-05 1.37292340272e-05 1.15199322377e-05 1.23089679192e-05 8.36378574912e-06 1.04152813429e-05 7.41694246098e-06 9.31062950757e-06 1.1677739374e-05 1.00996661297e-05 9.9418589934e-06 1.21511607829e-05 8.52159382603e-06 9.46843758448e-06 1.21511607829e-05 1.0257473266e-05 1.08887027519e-05 1.13621251014e-05 1.45182706493e-05 1.45182706493e-05 9.62624472079e-06 1.05730884792e-05 1.24667759961e-05 1.12043170245e-05 9.7840518571e-06 1.19933536466e-05 1.29401974051e-05 1.29401974051e-05 9.7840518571e-06 9.62624472079e-06 1.04152813429e-05 1.0257473266e-05 6.62790583884e-06 1.00996661297e-05 8.67940096234e-06 8.83720809865e-06 8.67940096234e-06 8.67940096234e-06 7.25913532467e-06 9.15282237126e-06 1.08887027519e-05 1.0257473266e-05 9.46843758448e-06 7.57474959728e-06 8.20597861281e-06 9.46843758448e-06 7.25913532467e-06 1.07308956155e-05 8.36378574912e-06 1.13621251014e-05
1.26245831324e-05 1.34136197546e-05 1.40448482998e-05 9.62624472079e-06 1.19933536466e-05 1.30980045414e-05 1.27823902687e-05 1.18355465103e-05 8.52159382603e-06 1.40448482998e-05 1.05730884792e-05 9.9418589934e-06 1.40448482998e-05 8.52159382603e-06 9.15282237126e-06 1.40448482998e-05 1.35714268909e-05 1.23089679192e-05 1.27823902687e-05 1.30980045414e-05 1.38870411635e-05 1.26245831324e-05 1.04152813429e-05 1.21511607829e-05 1.21511607829e-05 1.15199322377e-05 1.18355465103e-05 1.32558116777e-05 1.21511607829e-05 1.34136197546e-05 1.27823902687e-05 1.24667759961e-05 1.29401974051e-05 1.18355465103e-05 1.12043170245e-05 1.00996661297e-05 1.00996661297e-05 1.04152813429e-05 1.19933536466e-05 1.21511607829e-05 1.05730884792e-05 1.04152813429e-05 1.05730884792e-05 1.0257473266e-05 1.10465098882e-05 7.8903643402e-06 1.15199322377e-05 8.99501523496e-06 1.12043170245e-05 1.13621251014e-05 1.13621251014e-05
1.19933536466e-05 7.10132771806e-06 8.20597861281e-06 7.8903643402e-06 1.18355465103e-05 1.29401974051e-05 1.45182706493e-05 1.35714268909e-05 1.23089679192e-05 1.04152813429e-05 1.13621251014e-05 1.19933536466e-05 9.31062950757e-06 1.15199322377e-05 9.15282237126e-06 1.4833884922e-05 1.40448482998e-05 1.37292340272e-05 1.29401974051e-05 1.21511607829e-05 1.32558116777e-05 1.27823902687e-05 1.23089679192e-05 1.29401974051e-05 1.18355465103e-05 1.27823902687e-05 1.05730884792e-05 1.05730884792e-05 1.24667759961e-05 1.23089679192e-05 1.10465098882e-05 1.30980045414e-05 1.24667759961e-05 1.29401974051e-05 1.24667759961e-05 1.21511607829e-05 1.00996661297e-05 1.00996661297e-05 1.04152813429e-05 1.00996661297e-05 1.05730884792e-05 1.04152813429e-05 1.15199322377e-05 1.1677739374e-05 1.05730884792e-05 1.10465098882e-05 1.07308956155e-05 1.05730884792e-05 1.05730884792e-05 1.0257473266e-05 1.08887027519e-05
8.52159382603e-06 8.04817147651e-06 1.04152813429e-05 1.32558116777e-05 1.26245831324e-05 1.18355465103e-05 1.29401974051e-05 1.29401974051e-05 1.40448482998e-05 9.46843758448e-06 1.13621251014e-05 9.62624472079e-06 1.12043170245e-05 1.04152813429e-05 1.00996661297e-05 1.08887027519e-05 1.24667759961e-05 1.29401974051e-05 1.30980045414e-05 1.26245831324e-05 1.30980045414e-05 1.18355465103e-05 1.07308956155e-05 1.21511607829e-05 1.21511607829e-05 1.18355465103e-05 1.30980045414e-05 1.21511607829e-05 1.13621251014e-05 1.08887027519e-05 1.24667759961e-05 1.32558116777e-05 1.30980045414e-05 1.24667759961e-05 1.32558116777e-05 1.26245831324e-05 1.29401974051e-05 1.26245831324e-05 9.7840518571e-06 1.12043170245e-05 9.46843758448e-06 1.08887027519e-05 1.08887027519e-05 9.9418589934e-06 1.0257473266e-05 1.08887027519e-05 1.00996661297e-05 1.08887027519e-05 1.12043170245e-05 1.12043170245e-05 1.00996661297e-05
1.30980045414e-05 1.00996661297e-05 8.99501523496e-06 1.27823902687e-05 1.00996661297e-05 1.26245831324e-05 1.24667759961e-05 9.15282237126e-06 1.30980045414e-05 1.40448482998e-05 1.42026554361e-05 1.23089679192e-05 1.1677739374e-05 1.26245831324e-05 1.10465098882e-05 1.23089679192e-05 1.18355465103e-05 1.15199322377e-05 1.1677739374e-05 1.26245831324e-05 1.10465098882e-05 1.27823902687e-05 1.1677739374e-05 8.99501523496e-06 9.7840518571e-06 8.67940096234e-06 9.9418589934e-06 9.9418589934e-06 9.31062950757e-06 1.08887027519e-05 1.19933536466e-05 1.15199322377e-05 1.1677739374e-05 1.10465098882e-05 1.26245831324e-05 1.1677739374e-05 1.26245831324e-05 1.26245831324e-05 1.13621251014e-05 1.13621251014e-05 1.00996661297e-05 9.9418589934e-06 1.07308956155e-05 1.12043170245e-05 1.04152813429e-05 1.12043170245e-05 1.00996661297e-05 1.23089679192e-05 1.27823902687e-05 1.12043170245e-05 1.0257473266e-05
1.29401974051e-05 1.04152813429e-05 1.38870411635e-05 8.52159382603e-06 9.9418589934e-06 8.20597861281e-06 1.24667759961e-05 8.67940096234e-06 9.9418589934e-06 1.35714268909e-05 1.32558116777e-05 1.21511607829e-05 1.1677739374e-05 1.21511607829e-05 1.21511607829e-05 1.15199322377e-05 1.18355465103e-05 1.04152813429e-05 1.21511607829e-05 1.10465098882e-05 1.12043170245e-05 1.15199322377e-05 1.08887027519e-05 9.7840518571e-06 7.25913532467e-06 6.62790583884e-06 6.31229156622e-06 7.8903643402e-06 6.62790583884e-06 5.9966768233e-06 8.36378574912e-06 9.7840518571e-06 9.15282237126e-06 9.15282237126e-06 9.62624472079e-06 9.31062950757e-06 1.21511607829e-05 1.18355465103e-05 1.27823902687e-05 1.29401974051e-05 1.12043170245e-05 9.62624472079e-06 1.1677739374e-05 1.13621251014e-05 1.21511607829e-05 1.15199322377e-05 1.08887027519e-05 1.12043170245e-05 1.08887027519e-05 1.05730884792e-05 1.05730884792e-05
1.12043170245e-05 1.04152813429e-05 7.73255720389e-06 1.42026554361e-05 1.42026554361e-05 1.19933536466e-05 1.21511607829e-05 9.15282237126e-06 1.00996661297e-05 1.30980045414e-05 1.35714268909e-05 1.23089679192e-05 1.29401974051e-05 1.24667759961e-05 1.21511607829e-05 1.32558116777e-05 1.27823902687e-05 1.19933536466e-05 1.1677739374e-05 1.23089679192e-05 1.26245831324e-05 9.9418589934e-06 1.21511607829e-05 1.19933536466e-05 1.27823902687e-05 9.15282237126e-06 6.94352058175e-06 6.78571344544e-06 6.78571344544e-06 7.25913532467e-06 6.94352058175e-06 6.78571344544e-06 8.20597861281e-06 6.78571344544e-06 8.04817147651e-06 9.62624472079e-06 9.7840518571e-06 9.31062950757e-06 9.7840518571e-06 1.19933536466e-05 1.29401974051e-05 1.04152813429e-05 9.9418589934e-06 1.04152813429e-05 1.05730884792e-05 1.13621251014e-05 1.10465098882e-05 1.15199322377e-05 1.15199322377e-05 1.12043170245e-05 1.08887027519e-05
1.29401974051e-05 1.21511607829e-05 1.23089679192e-05 1.35714268909e-05 1.18355465103e-05 1.26245831324e-05 1.30980045414e-05 1.37292340272e-05 1.07308956155e-05 1.4360463513e-05 1.21511607829e-05 1.26245831324e-05 8.04817147651e-06 8.99501523496e-06 1.13621251014e-05 1.05730884792e-05 9.9418589934e-06 1.08887027519e-05 1.21511607829e-05 1.05730884792e-05 1.08887027519e-05 1.0257473266e-05 1.12043170245e-05 1.29401974051e-05 1.29401974051e-05 1.1677739374e-05 1.00996661297e-05 7.10132771806e-06 9.31062950757e-06 6.94352058175e-06 5.9966768233e-06 7.10132771806e-06 6.62790583884e-06 7.41694246098e-06 8.20597861281e-06 9.46843758448e-06 9.7840518571e-06 9.31062950757e-06 1.26245831324e-05 1.15199322377e-05 1.27823902687e-05 1.21511607829e-05 1.0257473266e-05 1.07308956155e-05 1.08887027519e-05 1.08887027519e-05 1.13621251014e-05 1.08887027519e-05 1.05730884792e-05 1.07308956155e-05 1.15199322377e-05
1.24667759961e-05 1.23089679192e-05 1.24667759961e-05 1.10465098882e-05 8.36378574912e-06 1.40448482998e-05 1.12043170245e-05 1.1677739374e-05 1.1677739374e-05 1.35714268909e-05 1.34136197546e-05 1.34136197546e-05 1.27823902687e-05 1.08887027519e-05 1.21511607829e-05 1.15199322377e-05 1.19933536466e-05 1.0257473266e-05 7.8903643402e-06 1.05730884792e-05 1.15199322377e-05 1.32558116777e-05 9.31062950757e-06 1.05730884792e-05 1.26245831324e-05 1.29401974051e-05 1.08887027519e-05 9.46843758448e-06 1.18355465103e-05 1.23089679192e-05 1.23089679192e-05 9.7840518571e-06 9.7840518571e-06 6.47009870253e-06 7.41694246098e-06 8.36378574912e-06 7.10132771806e-06 8.67940096234e-06 1.13621251014e-05 1.23089679192e-05 1.23089679192e-05 1.04152813429e-05 1.08887027519e-05 1.07308956155e-05 1.10465098882e-05 1.15199322377e-05 1.13621251014e-05 1.00996661297e-05 1.0257473266e-05 1.05730884792e-05 1.05730884792e-05
1.38870411635e-05 1.27823902687e-05 1.38870411635e-05 1.46760777856e-05 1.29401974051e-05 1.38870411635e-05 8.36378574912e-06 1.23089679192e-05 7.8903643402e-06 1.0257473266e-05 1.05730884792e-05 1.10465098882e-05 8.67940096234e-06 9.9418589934e-06 1.08887027519e-05 1.15199322377e-05 8.99501523496e-06 1.05730884792e-05 1.15199322377e-05 1.08887027519e-05 9.9418589934e-06 9.31062950757e-06 1.05730884792e-05 1.04152813429e-05 1.30980045414e-05 1.18355465103e-05 1.29401974051e-05 1.30980045414e-05 1.27823902687e-05 1.1677739374e-05 1.15199322377e-05 1.24667759961e-05 1.24667759961e-05 9.7840518571e-06 1.18355465103e-05 1.19933536466e-05 1.18355465103e-05 1.1677739374e-05 1.19933536466e-05 1.32558116777e-05 1.26245831324e-05 1.13621251014e-05 1.07308956155e-05 1.04152813429e-05 1.08887027519e-05 1.13621251014e-05 1.0257473266e-05 1.07308956155e-05 1.10465098882e-05 1.00996661297e-05 1.04152813429e-05
9.31062950757e-06 1.35714268909e-05 1.38870411635e-05 1.24667759961e-05 1.07308956155e-05 1.1677739374e-05 1.12043170245e-05 1.37292340272e-05 1.26245831324e-05 1.37292340272e-05 1.24667759961e-05 1.27823902687e-05 1.34136197546e-05 1.45182706493e-05 1.27823902687e-05 1.05730884792e-05 1.05730884792e-05 7.73255720389e-06 1.13621251014e-05 8.99501523496e-06 9.7840518571e-06 9.9418589934e-06 9.62624472079e-06 1.05730884792e-05 8.83720809865e-06 9.62624472079e-06 1.05730884792e-05 1.38870411635e-05 1.07308956155e-05 1.19933536466e-05 1.27823902687e-05 1.21511607829e-05 1.27823902687e-05 1.1677739374e-05 1.19933536466e-05 1.30980045414e-05 1.23089679192e-05 1.1677739374e-05 1.21511607829e-05 1.0257473266e-05 1.00996661297e-05 1.10465098882e-05 9.7840518571e-06 9.9418589934e-06 1.10465098882e-05 1.08887027519e-05 1.07308956155e-05 1.04152813429e-05 1.0257473266e-05 1.04152813429e-05 1.0257473266e-05
1.38870411635e-05 1.07308956155e-05 9.7840518571e-06 1.32558116777e-05 1.37292340272e-05 1.29401974051e-05 1.05730884792e-05 9.46843758448e-06 9.9418589934e-06 8.99501523496e-06 9.46843758448e-06 1.10465098882e-05 1.04152813429e-05 1.21511607829e-05 1.07308956155e-05 1.24667759961e-05 1.4360463513e-05 1.12043170245e-05 1.10465098882e-05 1.13621251014e-05 1.12043170245e-05 1.0257473266e-05 1.05730884792e-05 9.15282237126e-06 1.08887027519e-05 1.0257473266e-05 1.04152813429e-05 9.46843758448e-06 1.27823902687e-05 1.0257473266e-05 1.07308956155e-05 1.0257473266e-05 1.05730884792e-05 1.15199322377e-05 1.05730884792e-05 1.29401974051e-05 9.9418589934e-06 1.0257473266e-05 1.07308956155e-05 1.04152813429e-05 1.08887027519e-05 1.05730884792e-05 1.12043170245e-05 1.00996661297e-05 9.9418589934e-06 1.0257473266e-05 1.13621251014e-05 1.04152813429e-05 9.9418589934e-06 1.05730884792e-05 1.05730884792e-05
1.24667759961e-05 8.83720809865e-06 8.99501523496e-06 8.20597861281e-06 1.00996661297e-05 1.34136197546e-05 1.26245831324e-05 1.10465098882e-05 9.62624472079e-06 9.15282237126e-06 1.08887027519e-05 1.00996661297e-05 9.46843758448e-06 7.73255720389e-06 7.57474959728e-06 7.8903643402e-06 9.15282237126e-06 1.29401974051e-05 1.40448482998e-05 1.05730884792e-05 1.26245831324e-05 1.27823902687e-05 1.21511607829e-05 1.13621251014e-05 1.24667759961e-05 1.18355465103e-05 1.12043170245e-05 1.29401974051e-05 1.21511607829e-05 9.7840518571e-06 9.9418589934e-06 1.05730884792e-05 1.08887027519e-05 1.15199322377e-05 9.62624472079e-06 9.62624472079e-06 1.04152813429e-05 1.05730884792e-05 1.27823902687e-05 1.00996661297e-05 1.05730884792e-05 1.19933536466e-05 1.05730884792e-05 9.7840518571e-06 1.04152813429e-05 1.07308956155e-05 1.10465098882e-05 1.12043170245e-05 1.05730884792e-05 1.07308956155e-05 1.08887027519e-05
1.18355465103e-05 8.52159382603e-06 1.19933536466e-05 1.27823902687e-05 1.27823902687e-05 9.31062950757e-06 1.07308956155e-05 1.26245831324e-05 1.29401974051e-05 1.05730884792e-05 1.12043170245e-05 1.21511607829e-05 8.83720809865e-06 9.9418589934e-06 7.8903643402e-06 7.57474959728e-06 7.8903643402e-06 7.8903643402e-06 9.46843758448e-06 6.78571344544e-06 7.8903643402e-06 1.1677739374e-05 1.10465098882e-05 9.62624472079e-06 1.05730884792e-05 1.26245831324e-05 1.15199322377e-05 1.08887027519e-05 1.19933536466e-05 1.26245831324e-05 1.27823902687e-05 1.21511607829e-05 1.29401974051e-05 1.07308956155e-05 1.27823902687e-05 1.32558116777e-05 1.23089679192e-05 9.9418589934e-06 1.15199322377e-05 1.00996661297e-05 1.10465098882e-05 1.00996661297e-05 1.0257473266e-05 1.05730884792e-05 1.00996661297e-05 1.04152813429e-05 1.04152813429e-05 1.10465098882e-05 1.07308956155e-05 1.05730884792e-05 1.05730884792e-05
1.40448482998e-05 1.24667759961e-05 8.99501523496e-06 8.83720809865e-06 1.24667759961e-05 1.37292340272e-05 1.27823902687e-05 1.29401974051e-05 1.45182706493e-05 1.21511607829e-05 1.26245831324e-05 1.29401974051e-05 1.13621251014e-05 1.29401974051e-05 7.73255720389e-06 7.25913532467e-06 7.73255720389e-06 7.57474959728e-06 7.57474959728e-06 8.04817147651e-06 7.25913532467e-06 7.25913532467e-06 8.36378574912e-06 6.78571344544e-06 1.1677739374e-05 1.15199322377e-05 1.1677739374e-05 1.32558116777e-05 1.26245831324e-05 1.21511607829e-05 1.26245831324e-05 1.27823902687e-05 1.1677739374e-05 1.19933536466e-05 1.29401974051e-05 1.24667759961e-05 1.13621251014e-05 1.21511607829e-05 1.23089679192e-05 1.12043170245e-05 1.0257473266e-05 1.00996661297e-05 1.0257473266e-05 9.7840518571e-06 1.10465098882e-05 1.07308956155e-05 1.05730884792e-05 1.04152813429e-05 1.05730884792e-05 1.05730884792e-05 1.05730884792e-05
1.23089679192e-05 1.30980045414e-05 1.12043170245e-05 1.29401974051e-05 1.24667759961e-05 9.7840518571e-06 8.52159382603e-06 1.05730884792e-05 1.24667759961e-05 1.27823902687e-05 1.23089679192e-05 1.24667759961e-05 8.83720809865e-06 9.62624472079e-06 1.21511607829e-05 1.08887027519e-05 7.8903643402e-06 7.25913532467e-06 8.36378574912e-06 9.15282237126e-06 8.36378574912e-06 6.94352058175e-06 8.20597861281e-06 8.20597861281e-06 7.41694246098e-06 7.25913532467e-06 7.10132771806e-06 7.57474959728e-06 7.8903643402e-06 1.0257473266e-05 8.67940096234e-06 1.0257473266e-05 1.1677739374e-05 9.7840518571e-06 9.15282237126e-06 1.05730884792e-05 9.9418589934e-06 9.9418589934e-06 9.46843758448e-06 8.67940096234e-06 1.29401974051e-05 1.30980045414e-05 1.1677739374e-05 1.32558116777e-05 1.26245831324e-05 1.07308956155e-05 1.13621251014e-05 1.30980045414e-05 1.29401974051e-05 1.27823902687e-05 1.35714268909e-05
1.1677739374e-05 1.34136197546e-05 1.49916920583e-05 1.12043170245e-05 1.1677739374e-05 1.37292340272e-05 1.32558116777e-05 1.0257473266e-05 8.99501523496e-06 1.21511607829e-05 1.1677739374e-05 1.29401974051e-05 1.00996661297e-05 7.25913532467e-06 8.20597861281e-06 8.67940096234e-06 9.15282237126e-06 8.04817147651e-06 7.10132771806e-06 7.25913532467e-06 8.20597861281e-06 6.94352058175e-06 7.57474959728e-06 8.36378574912e-06 8.52159382603e-06 8.36378574912e-06 8.83720809865e-06 6.62790583884e-06 7.73255720389e-06 8.99501523496e-06 7.8903643402e-06 6.94352058175e-06 7.25913532467e-06 7.57474959728e-06 7.57474959728e-06 7.73255720389e-06 7.25913532467e-06 6.31229156622e-06 5.9966768233e-06 8.04817147651e-06 7.73255720389e-06 1.19933536466e-05 1.34136197546e-05 9.9418589934e-06 9.15282237126e-06 1.08887027519e-05 9.62624472079e-06 1.05730884792e-05 9.62624472079e-06 9.46843758448e-06 1.10465098882e-05
1.32558116777e-05 1.30980045414e-05 1.30980045414e-05 1.34136197546e-05 1.15199322377e-05 1.15199322377e-05 1.21511607829e-05 1.27823902687e-05 1.34136197546e-05 1.4833884922e-05 1.00996661297e-05 1.35714268909e-05 1.37292340272e-05 1.08887027519e-05 1.23089679192e-05 9.7840518571e-06 9.7840518571e-06 9.46843758448e-06 7.73255720389e-06 7.57474959728e-06 8.20597861281e-06 7.73255720389e-06 6.94352058175e-06 8.04817147651e-06 8.36378574912e-06 7.41694246098e-06 7.8903643402e-06 7.73255720389e-06 7.57474959728e-06 7.8903643402e-06 8.20597861281e-06 8.67940096234e-06 7.73255720389e-06 8.99501523496e-06 8.67940096234e-06 9.31062950757e-06 7.25913532467e-06 8.20597861281e-06 7.25913532467e-06 8.04817147651e-06 8.20597861281e-06 8.20597861281e-06 8.52159382603e-06 9.31062950757e-06 8.36378574912e-06 7.10132771806e-06 8.20597861281e-06 7.8903643402e-06 7.10132771806e-06 7.41694246098e-06 8.04817147651e-06
1.26245831324e-05 1.30980045414e-05 1.30980045414e-05 1.30980045414e-05 1.32558116777e-05 1.23089679192e-05 1.30980045414e-05 1.24667759961e-05 1.24667759961e-05 1.24667759961e-05 1.23089679192e-05 9.9418589934e-06 1.34136197546e-05 1.21511607829e-05 1.21511607829e-05 1.24667759961e-05 1.26245831324e-05 1.27823902687e-05 1.13621251014e-05 8.83720809865e-06 8.04817147651e-06 7.10132771806e-06 7.25913532467e-06 5.9966768233e-06 6.62790583884e-06 6.15448395961e-06 7.10132771806e-06 8.20597861281e-06 8.52159382603e-06 8.99501523496e-06 7.8903643402e-06 8.83720809865e-06 9.15282237126e-06 8.04817147651e-06 7.41694246098e-06 8.67940096234e-06 8.36378574912e-06 8.20597861281e-06 7.73255720389e-06 7.41694246098e-06 7.57474959728e-06 7.10132771806e-06 7.73255720389e-06 7.25913532467e-06 8.20597861281e-06 8.99501523496e-06 7.41694246098e-06 8.04817147651e-06 8.52159382603e-06 8.04817147651e-06 7.8903643402e-06
1.23089679192e-05 8.04817147651e-06 8.83720809865e-06 9.7840518571e-06 1.32558116777e-05 1.21511607829e-05 1.34136197546e-05 1.15199322377e-05 1.13621251014e-05 1.26245831324e-05 1.1677739374e-05 1.29401974051e-05 1.18355465103e-05 1.26245831324e-05 1.21511607829e-05 1.26245831324e-05 1.1677739374e-05 1.18355465103e-05 9.46843758448e-06 1.00996661297e-05 8.83720809865e-06 8.83720809865e-06 8.20597861281e-06 1.00996661297e-05 1.27823902687e-05 9.31062950757e-06 7.57474959728e-06 7.8903643402e-06 7.10132771806e-06 7.41694246098e-06 7.57474959728e-06 6.94352058175e-06 6.15448395961e-06 7.10132771806e-06 7.25913532467e-06 7.41694246098e-06 9.9418589934e-06 7.73255720389e-06 1.15199322377e-05 1.23089679192e-05 1.00996661297e-05 7.10132771806e-06 8.67940096234e-06 6.94352058175e-06 8.99501523496e-06 7.8903643402e-06 8.99501523496e-06 8.67940096234e-06 8.04817147651e-06 8.83720809865e-06 8.67940096234e-06
1.26245831324e-05 1.07308956155e-05 8.99501523496e-06 9.46843758448e-06 1.07308956155e-05 1.21511607829e-05 1.10465098882e-05 1.26245831324e-05 1.12043170245e-05 1.1677739374e-05 1.24667759961e-05 1.18355465103e-05 1.26245831324e-05 1.19933536466e-05 1.21511607829e-05 1.37292340272e-05 1.21511607829e-05 9.9418589934e-06 1.26245831324e-05 1.19933536466e-05 1.4833884922e-05 1.00996661297e-05 1.32558116777e-05 1.07308956155e-05 1.27823902687e-05 1.1677739374e-05 6.94352058175e-06 6.15448395961e-06 7.10132771806e-06 8.04817147651e-06 6.94352058175e-06 6.78571344544e-06 7.10132771806e-06 7.8903643402e-06 1.24667759961e-05 1.21511607829e-05 1.27823902687e-05 1.23089679192e-05 1.24667759961e-05 1.1677739374e-05 1.26245831324e-05 1.26245831324e-05 1.34136197546e-05 1.19933536466e-05 9.7840518571e-06 9.15282237126e-06 7.73255720389e-06 7.25913532467e-06 8.36378574912e-06 8.83720809865e-06 8.83720809865e-06
