Example/niche_identity/models/RF/normalized_grids/chlorocyanus.asc
ncols        743
nrows        319
xllcorner    -74.500956448335
yllcorner    17.448920549066
cellsize     0.008333333333
NODATA_value  -9999
[rows 198 to 219 of 318, columns 255 to 305 of 743]
1.11482172296e-05 1.08385439135e-05 1.0683707717e-05 1.11482172296e-05 1.22320715287e-05 1.22320715287e-05 1.1767562016e-05 1.09933801101e-05 1.11482172296e-05 1.08385439135e-05 1.09933801101e-05 1.03740353238e-05 1.03740353238e-05 1.1767562016e-05 9.75468961448e-06 1.05288715204e-05 1.00643620077e-05 1.05288715204e-05 1.0683707717e-05 1.22320715287e-05 1.20772344092e-05 1.30062525117e-05 1.3625598221e-05 1.37804344176e-05 1.20772344092e-05 1.30062525117e-05 1.42449439302e-05 1.26965801185e-05 1.43997801268e-05 1.45546163234e-05 1.43997801268e-05 1.31610896312e-05 1.3625598221e-05 1.34707620244e-05 1.1767562016e-05 1.19223982126e-05 1.26965801185e-05 1.22320715287e-05 1.26965801185e-05 1.20772344092e-05 1.1767562016e-05 1.11482172296e-05 1.11482172296e-05 1.22320715287e-05 1.22320715287e-05 1.1767562016e-05 1.20772344092e-05 1.22320715287e-05 1.03740353238e-05 9.75468961448e-06 1.39352706141e-05
1.22320715287e-05 1.0683707717e-05 1.09933801101e-05 1.11482172296e-05 1.03740353238e-05 1.20772344092e-05 1.26965801185e-05 1.11482172296e-05 1.02191991272e-05 1.25417439219e-05 1.1767562016e-05 1.11482172296e-05 1.08385439135e-05 1.08385439135e-05 1.00643620077e-05 1.03740353238e-05 1.02191991272e-05 1.26965801185e-05 1.25417439219e-05 1.43997801268e-05 1.43997801268e-05 1.31610896312e-05 1.40901077336e-05 1.20772344092e-05 1.34707620244e-05 1.3625598221e-05 1.30062525117e-05 1.23869077253e-05 1.14578896228e-05 1.13030534262e-05 1.25417439219e-05 1.37804344176e-05 1.22320715287e-05 1.33159258278e-05 1.23869077253e-05 1.22320715287e-05 1.26965801185e-05 1.16127258194e-05 1.31610896312e-05 1.30062525117e-05 1.34707620244e-05 1.22320715287e-05 1.26965801185e-05 1.16127258194e-05 1.08385439135e-05 1.20772344092e-05 1.3625598221e-05 1.09933801101e-05 1.25417439219e-05 1.14578896228e-05 1.34707620244e-05
1.19223982126e-05 9.59985341789e-06 9.2901810247e-06 9.2901810247e-06 1.03740353238e-05 1.0683707717e-05 1.08385439135e-05 1.09933801101e-05 1.0683707717e-05 1.25417439219e-05 1.08385439135e-05 1.19223982126e-05 1.34707620244e-05 1.05288715204e-05 1.0683707717e-05 1.11482172296e-05 1.1767562016e-05 1.20772344092e-05 1.14578896228e-05 1.1767562016e-05 1.43997801268e-05 1.42449439302e-05 1.22320715287e-05 1.20772344092e-05 1.14578896228e-05 1.39352706141e-05 1.22320715287e-05 1.0683707717e-05 1.08385439135e-05 1.22320715287e-05 1.22320715287e-05 1.25417439219e-05 1.26965801185e-05 1.3625598221e-05 1.39352706141e-05 1.1767562016e-05 1.30062525117e-05 1.22320715287e-05 1.09933801101e-05 1.25417439219e-05 1.33159258278e-05 1.09933801101e-05 1.25417439219e-05 1.19223982126e-05 1.28514163151e-05 1.22320715287e-05 1.1767562016e-05 9.44501722129e-06 1.20772344092e-05 1.37804344176e-05 1.26965801185e-05
9.59985341789e-06 9.75468961448e-06 1.13030534262e-05 1.02191991272e-05 9.1353439052e-06 1.05288715204e-05 1.11482172296e-05 1.0683707717e-05 1.09933801101e-05 1.22320715287e-05 1.11482172296e-05 1.20772344092e-05 1.05288715204e-05 1.08385439135e-05 1.08385439135e-05 1.09933801101e-05 1.03740353238e-05 1.08385439135e-05 1.16127258194e-05 1.1767562016e-05 1.1767562016e-05 1.28514163151e-05 1.40901077336e-05 1.19223982126e-05 1.0683707717e-05 1.42449439302e-05 1.28514163151e-05 1.11482172296e-05 1.20772344092e-05 1.1767562016e-05 1.03740353238e-05 1.19223982126e-05 1.23869077253e-05 1.19223982126e-05 1.08385439135e-05 1.26965801185e-05 1.23869077253e-05 1.30062525117e-05 1.31610896312e-05 1.20772344092e-05 1.08385439135e-05 1.28514163151e-05 1.1767562016e-05 1.16127258194e-05 1.08385439135e-05 1.14578896228e-05 1.13030534262e-05 1.1767562016e-05 1.33159258278e-05 1.3625598221e-05 1.34707620244e-05
1.0683707717e-05 1.0683707717e-05 8.98050770861e-06 9.59985341789e-06 1.08385439135e-05 1.0683707717e-05 1.05288715204e-05 1.0683707717e-05 1.13030534262e-05 1.23869077253e-05 1.08385439135e-05 1.08385439135e-05 1.02191991272e-05 1.08385439135e-05 1.03740353238e-05 9.90952581108e-06 1.02191991272e-05 1.20772344092e-05 1.20772344092e-05 1.26965801185e-05 1.14578896228e-05 1.39352706141e-05 1.28514163151e-05 1.31610896312e-05 1.43997801268e-05 1.13030534262e-05 1.39352706141e-05 1.23869077253e-05 1.42449439302e-05 1.20772344092e-05 1.05288715204e-05 1.1767562016e-05 1.19223982126e-05 1.16127258194e-05 1.14578896228e-05 1.20772344092e-05 1.20772344092e-05 1.33159258278e-05 1.19223982126e-05 1.26965801185e-05 1.14578896228e-05 1.05288715204e-05 1.0683707717e-05 1.08385439135e-05 1.22320715287e-05 1.13030534262e-05 1.20772344092e-05 1.16127258194e-05 1.23869077253e-05 1.19223982126e-05 1.02191991272e-05
1.23869077253e-05 9.75468961448e-06 1.13030534262e-05 1.02191991272e-05 1.0683707717e-05 8.82567151201e-06 1.0683707717e-05 1.0683707717e-05 1.13030534262e-05 1.08385439135e-05 1.09933801101e-05 9.75468961448e-06 9.75468961448e-06 1.08385439135e-05 1.08385439135e-05 1.08385439135e-05 1.31610896312e-05 1.34707620244e-05 1.33159258278e-05 1.37804344176e-05 1.40901077336e-05 1.3625598221e-05 1.34707620244e-05 1.43997801268e-05 1.470945252e-05 1.40901077336e-05 1.22320715287e-05 1.43997801268e-05 1.33159258278e-05 1.20772344092e-05 1.05288715204e-05 1.1767562016e-05 1.1767562016e-05 1.20772344092e-05 1.30062525117e-05 1.23869077253e-05 1.30062525117e-05 1.19223982126e-05 1.25417439219e-05 1.20772344092e-05 1.19223982126e-05 1.16127258194e-05 1.08385439135e-05 1.00643620077e-05 1.08385439135e-05 1.09933801101e-05 1.02191991272e-05 1.11482172296e-05 1.00643620077e-05 1.00643620077e-05 1.20772344092e-05
1.34707620244e-05 1.34707620244e-05 1.23869077253e-05 1.34707620244e-05 1.13030534262e-05 1.19223982126e-05 1.1767562016e-05 8.82567151201e-06 1.05288715204e-05 1.11482172296e-05 1.0683707717e-05 1.0683707717e-05 1.16127258194e-05 1.09933801101e-05 1.00643620077e-05 1.16127258194e-05 1.25417439219e-05 1.3625598221e-05 1.43997801268e-05 1.39352706141e-05 1.42449439302e-05 1.43997801268e-05 1.20772344092e-05 1.20772344092e-05 1.26965801185e-05 1.28514163151e-05 1.25417439219e-05 1.25417439219e-05 1.14578896228e-05 1.37804344176e-05 1.20772344092e-05 1.05288715204e-05 1.20772344092e-05 1.1767562016e-05 1.25417439219e-05 1.19223982126e-05 1.13030534262e-05 1.23869077253e-05 1.20772344092e-05 1.13030534262e-05 9.90952581108e-06 1.02191991272e-05 1.13030534262e-05 1.13030534262e-05 1.09933801101e-05 9.75468961448e-06 1.16127258194e-05 1.08385439135e-05 1.08385439135e-05 1.13030534262e-05 1.08385439135e-05
1.34707620244e-05 1.33159258278e-05 1.19223982126e-05 1.33159258278e-05 1.1767562016e-05 1.11482172296e-05 1.05288715204e-05 1.08385439135e-05 1.14578896228e-05 1.20772344092e-05 1.08385439135e-05 9.44501722129e-06 1.03740353238e-05 1.19223982126e-05 1.11482172296e-05 1.0683707717e-05 1.25417439219e-05 1.37804344176e-05 1.34707620244e-05 1.20772344092e-05 1.37804344176e-05 1.3625598221e-05 1.25417439219e-05 1.16127258194e-05 1.23869077253e-05 1.34707620244e-05 1.40901077336e-05 1.22320715287e-05 1.25417439219e-05 1.28514163151e-05 1.25417439219e-05 1.02191991272e-05 1.16127258194e-05 1.19223982126e-05 1.31610896312e-05 1.26965801185e-05 1.20772344092e-05 1.03740353238e-05 1.31610896312e-05 1.11482172296e-05 1.31610896312e-05 1.25417439219e-05 1.37804344176e-05 1.1767562016e-05 1.05288715204e-05 1.13030534262e-05 1.02191991272e-05 1.09933801101e-05 1.13030534262e-05 1.00643620077e-05 1.26965801185e-05
9.59985341789e-06 9.75468961448e-06 1.28514163151e-05 1.20772344092e-05 1.14578896228e-05 1.03740353238e-05 9.59985341789e-06 1.05288715204e-05 1.08385439135e-05 1.08385439135e-05 1.11482172296e-05 9.2901810247e-06 1.16127258194e-05 1.13030534262e-05 1.20772344092e-05 1.39352706141e-05 1.45546163234e-05 1.19223982126e-05 1.30062525117e-05 1.1767562016e-05 1.25417439219e-05 1.14578896228e-05 1.25417439219e-05 1.13030534262e-05 1.20772344092e-05 1.23869077253e-05 1.33159258278e-05 1.28514163151e-05 1.31610896312e-05 1.26965801185e-05 1.14578896228e-05 9.90952581108e-06 1.1767562016e-05 1.1767562016e-05 1.09933801101e-05 1.14578896228e-05 1.13030534262e-05 1.14578896228e-05 1.16127258194e-05 1.14578896228e-05 1.25417439219e-05 1.1767562016e-05 1.00643620077e-05 1.1767562016e-05 1.08385439135e-05 1.13030534262e-05 1.13030534262e-05 1.1767562016e-05 1.0683707717e-05 1.09933801101e-05 1.09933801101e-05
1.02191991272e-05 1.0683707717e-05 1.05288715204e-05 1.05288715204e-05 1.0683707717e-05 9.75468961448e-06 1.08385439135e-05 1.0683707717e-05 9.44501722129e-06 1.05288715204e-05 1.09933801101e-05 9.2901810247e-06 1.09933801101e-05 9.2901810247e-06 1.03740353238e-05 1.05288715204e-05 1.22320715287e-05 1.25417439219e-05 1.19223982126e-05 1.14578896228e-05 1.11482172296e-05 1.11482172296e-05 1.16127258194e-05 1.16127258194e-05 1.08385439135e-05 1.09933801101e-05 1.11482172296e-05 1.23869077253e-05 1.20772344092e-05 1.26965801185e-05 1.1767562016e-05 1.00643620077e-05 1.30062525117e-05 1.26965801185e-05 1.16127258194e-05 1.05288715204e-05 1.05288715204e-05 9.90952581108e-06 1.11482172296e-05 1.20772344092e-05 1.11482172296e-05 1.13030534262e-05 1.23869077253e-05 1.03740353238e-05 1.09933801101e-05 9.59985341789e-06 9.90952581108e-06 1.14578896228e-05 1.08385439135e-05 1.14578896228e-05 1.08385439135e-05
1.0683707717e-05 1.0683707717e-05 1.05288715204e-05 1.09933801101e-05 1.08385439135e-05 1.09933801101e-05 8.98050770861e-06 1.0683707717e-05 1.09933801101e-05 1.05288715204e-05 1.05288715204e-05 1.03740353238e-05 1.02191991272e-05 1.08385439135e-05 1.03740353238e-05 1.02191991272e-05 1.09933801101e-05 9.90952581108e-06 1.02191991272e-05 1.14578896228e-05 1.1767562016e-05 1.25417439219e-05 1.11482172296e-05 9.90952581108e-06 1.11482172296e-05 1.13030534262e-05 1.22320715287e-05 1.16127258194e-05 1.20772344092e-05 1.26965801185e-05 1.30062525117e-05 1.13030534262e-05 1.16127258194e-05 1.16127258194e-05 1.1767562016e-05 1.08385439135e-05 1.13030534262e-05 1.16127258194e-05 1.14578896228e-05 1.13030534262e-05 1.13030534262e-05 1.03740353238e-05 1.28514163151e-05 1.05288715204e-05 1.08385439135e-05 1.03740353238e-05 1.02191991272e-05 1.09933801101e-05 1.08385439135e-05 1.1767562016e-05 1.08385439135e-05
1.08385439135e-05 1.08385439135e-05 1.03740353238e-05 1.11482172296e-05 1.09933801101e-05 1.11482172296e-05 1.08385439135e-05 9.2901810247e-06 1.09933801101e-05 1.02191991272e-05 1.19223982126e-05 1.09933801101e-05 1.1767562016e-05 1.08385439135e-05 1.14578896228e-05 1.05288715204e-05 1.00643620077e-05 1.05288715204e-05 1.03740353238e-05 1.05288715204e-05 1.0683707717e-05 1.02191991272e-05 1.03740353238e-05 9.1353439052e-06 1.13030534262e-05 1.11482172296e-05 1.20772344092e-05 1.11482172296e-05 1.19223982126e-05 1.16127258194e-05 1.20772344092e-05 1.19223982126e-05 1.05288715204e-05 9.75468961448e-06 1.08385439135e-05 1.22320715287e-05 1.28514163151e-05 1.02191991272e-05 1.19223982126e-05 1.16127258194e-05 1.03740353238e-05 1.03740353238e-05 1.09933801101e-05 1.13030534262e-05 1.11482172296e-05 1.19223982126e-05 1.05288715204e-05 1.03740353238e-05 9.90952581108e-06 1.08385439135e-05 1.14578896228e-05
1.03740353238e-05 1.08385439135e-05 1.1767562016e-05 1.05288715204e-05 9.44501722129e-06 1.00643620077e-05 1.05288715204e-05 1.03740353238e-05 1.05288715204e-05 1.08385439135e-05 1.20772344092e-05 1.08385439135e-05 9.90952581108e-06 8.20632580273e-06 1.02191991272e-05 1.0683707717e-05 1.1767562016e-05 1.08385439135e-05 1.26965801185e-05 1.30062525117e-05 9.44501722129e-06 1.0683707717e-05 9.90952581108e-06 1.0683707717e-05 1.09933801101e-05 1.19223982126e-05 1.02191991272e-05 1.08385439135e-05 1.0683707717e-05 1.14578896228e-05 1.19223982126e-05 1.19223982126e-05 1.13030534262e-05 1.1767562016e-05 1.13030534262e-05 1.03740353238e-05 1.20772344092e-05 1.03740353238e-05 1.0683707717e-05 1.0683707717e-05 1.09933801101e-05 1.08385439135e-05 9.75468961448e-06 9.59985341789e-06 1.11482172296e-05 1.13030534262e-05 9.75468961448e-06 1.16127258194e-05 1.02191991272e-05 1.11482172296e-05 1.08385439135e-05
1.11482172296e-05 1.23869077253e-05 1.03740353238e-05 1.11482172296e-05 1.28514163151e-05 9.75468961448e-06 1.05288715204e-05 1.0683707717e-05 1.22320715287e-05 1.14578896228e-05 1.16127258194e-05 9.2901810247e-06 9.75468961448e-06 9.2901810247e-06 9.75468961448e-06 1.0683707717e-05 9.59985341789e-06 1.05288715204e-05 1.00643620077e-05 9.90952581108e-06 1.09933801101e-05 1.03740353238e-05 1.02191991272e-05 1.05288715204e-05 1.02191991272e-05 1.03740353238e-05 1.0683707717e-05 1.0683707717e-05 1.1767562016e-05 1.0683707717e-05 1.05288715204e-05 1.19223982126e-05 1.05288715204e-05 1.11482172296e-05 1.08385439135e-05 1.08385439135e-05 1.02191991272e-05 9.90952581108e-06 1.0683707717e-05 1.0683707717e-05 1.0683707717e-05 1.02191991272e-05 1.14578896228e-05 1.05288715204e-05 1.1767562016e-05 9.75468961448e-06 1.11482172296e-05 1.0683707717e-05 1.00643620077e-05 1.05288715204e-05 1.09933801101e-05
1.05288715204e-05 1.09933801101e-05 1.13030534262e-05 1.22320715287e-05 1.22320715287e-05 1.08385439135e-05 1.0683707717e-05 1.28514163151e-05 1.23869077253e-05 1.20772344092e-05 1.02191991272e-05 1.03740353238e-05 1.03740353238e-05 1.02191991272e-05 1.02191991272e-05 1.02191991272e-05 9.59985341789e-06 1.08385439135e-05 9.59985341789e-06 1.00643620077e-05 9.59985341789e-06 1.03740353238e-05 1.09933801101e-05 9.75468961448e-06 1.00643620077e-05 1.00643620077e-05 9.90952581108e-06 9.59985341789e-06 1.0683707717e-05 1.0683707717e-05 1.00643620077e-05 1.09933801101e-05 1.02191991272e-05 1.08385439135e-05 1.20772344092e-05 1.28514163151e-05 1.00643620077e-05 9.90952581108e-06 1.05288715204e-05 1.0683707717e-05 1.03740353238e-05 1.05288715204e-05 1.11482172296e-05 1.08385439135e-05 1.09933801101e-05 1.13030534262e-05 1.11482172296e-05 1.11482172296e-05 1.13030534262e-05 1.1767562016e-05 1.08385439135e-05
1.13030534262e-05 1.08385439135e-05 1.08385439135e-05 1.02191991272e-05 1.05288715204e-05 1.0683707717e-05 1.00643620077e-05 1.22320715287e-05 1.26965801185e-05 1.13030534262e-05 1.14578896228e-05 1.28514163151e-05 1.11482172296e-05 1.03740353238e-05 1.03740353238e-05 1.00643620077e-05 1.00643620077e-05 1.02191991272e-05 1.03740353238e-05 1.08385439135e-05 1.05288715204e-05 1.05288715204e-05 1.11482172296e-05 1.03740353238e-05 9.90952581108e-06 9.90952581108e-06 1.09933801101e-05 1.09933801101e-05 1.08385439135e-05 1.08385439135e-05 1.05288715204e-05 1.11482172296e-05 1.0683707717e-05 1.30062525117e-05 1.20772344092e-05 1.13030534262e-05 1.31610896312e-05 1.09933801101e-05 1.09933801101e-05 1.11482172296e-05 1.11482172296e-05 1.00643620077e-05 1.08385439135e-05 1.05288715204e-05 1.08385439135e-05 1.09933801101e-05 1.03740353238e-05 1.03740353238e-05 1.11482172296e-05 1.05288715204e-05 1.0683707717e-05
1.09933801101e-05 1.02191991272e-05 1.25417439219e-05 1.00643620077e-05 1.11482172296e-05 1.22320715287e-05 1.25417439219e-05 1.08385439135e-05 9.59985341789e-06 1.0683707717e-05 1.05288715204e-05 1.20772344092e-05 1.26965801185e-05 1.22320715287e-05 1.0683707717e-05 1.19223982126e-05 1.25417439219e-05 1.16127258194e-05 1.25417439219e-05 1.30062525117e-05 1.22320715287e-05 1.26965801185e-05 1.31610896312e-05 1.25417439219e-05 1.25417439219e-05 1.14578896228e-05 1.31610896312e-05 1.16127258194e-05 1.13030534262e-05 1.33159258278e-05 1.31610896312e-05 1.11482172296e-05 1.1767562016e-05 9.75468961448e-06 1.0683707717e-05 1.02191991272e-05 1.05288715204e-05 1.00643620077e-05 1.31610896312e-05 9.90952581108e-06 1.05288715204e-05 1.11482172296e-05 1.30062525117e-05 1.0683707717e-05 1.02191991272e-05 1.02191991272e-05 1.03740353238e-05 1.02191991272e-05 1.11482172296e-05 1.11482172296e-05 1.09933801101e-05
1.13030534262e-05 1.33159258278e-05 1.25417439219e-05 1.20772344092e-05 1.1767562016e-05 1.34707620244e-05 1.22320715287e-05 1.26965801185e-05 1.0683707717e-05 1.03740353238e-05 1.08385439135e-05 9.75468961448e-06 1.20772344092e-05 1.20772344092e-05 1.25417439219e-05 1.22320715287e-05 1.26965801185e-05 1.25417439219e-05 1.22320715287e-05 1.13030534262e-05 1.13030534262e-05 1.14578896228e-05 1.08385439135e-05 1.20772344092e-05 1.14578896228e-05 1.0683707717e-05 1.0683707717e-05 1.02191991272e-05 1.05288715204e-05 1.03740353238e-05 1.02191991272e-05 1.0683707717e-05 1.0683707717e-05 1.11482172296e-05 1.02191991272e-05 1.1767562016e-05 1.08385439135e-05 9.75468961448e-06 1.03740353238e-05 1.02191991272e-05 1.25417439219e-05 1.16127258194e-05 9.75468961448e-06 1.05288715204e-05 1.00643620077e-05 1.05288715204e-05 1.25417439219e-05 1.09933801101e-05 1.03740353238e-05 9.1353439052e-06 8.36116292223e-06
1.22320715287e-05 1.13030534262e-05 1.25417439219e-05 1.33159258278e-05 1.11482172296e-05 1.28514163151e-05 1.28514163151e-05 1.22320715287e-05 1.05288715204e-05 1.14578896228e-05 9.1353439052e-06 1.09933801101e-05 9.1353439052e-06 1.0683707717e-05 1.14578896228e-05 1.11482172296e-05 1.11482172296e-05 1.11482172296e-05 1.13030534262e-05 1.0683707717e-05 1.0683707717e-05 9.75468961448e-06 1.00643620077e-05 1.03740353238e-05 1.02191991272e-05 1.05288715204e-05 1.02191991272e-05 1.03740353238e-05 1.02191991272e-05 1.05288715204e-05 1.00643620077e-05 1.14578896228e-05 1.20772344092e-05 1.23869077253e-05 1.19223982126e-05 1.20772344092e-05 1.19223982126e-05 1.08385439135e-05 1.1767562016e-05 1.13030534262e-05 1.26965801185e-05 1.02191991272e-05 1.25417439219e-05 1.19223982126e-05 1.05288715204e-05 1.03740353238e-05 1.13030534262e-05 1.09933801101e-05 9.1353439052e-06 1.0683707717e-05 1.14578896228e-05
1.05288715204e-05 1.23869077253e-05 1.13030534262e-05 1.08385439135e-05 9.44501722129e-06 1.30062525117e-05 1.3625598221e-05 1.1767562016e-05 1.19223982126e-05 1.19223982126e-05 1.03740353238e-05 1.05288715204e-05 1.08385439135e-05 1.08385439135e-05 1.08385439135e-05 1.08385439135e-05 1.05288715204e-05 1.0683707717e-05 1.00643620077e-05 1.03740353238e-05 1.03740353238e-05 9.44501722129e-06 1.0683707717e-05 9.59985341789e-06 1.14578896228e-05 1.03740353238e-05 9.59985341789e-06 1.05288715204e-05 1.09933801101e-05 1.16127258194e-05 1.20772344092e-05 1.1767562016e-05 1.25417439219e-05 1.22320715287e-05 1.28514163151e-05 1.31610896312e-05 1.1767562016e-05 1.28514163151e-05 1.30062525117e-05 1.3625598221e-05 1.14578896228e-05 1.34707620244e-05 1.34707620244e-05 1.33159258278e-05 1.0683707717e-05 1.25417439219e-05 1.23869077253e-05 1.33159258278e-05 1.11482172296e-05 9.90952581108e-06 9.75468961448e-06
1.00643620077e-05 1.30062525117e-05 1.37804344176e-05 9.59985341789e-06 1.16127258194e-05 1.33159258278e-05 1.33159258278e-05 1.19223982126e-05 1.19223982126e-05 1.3625598221e-05 1.37804344176e-05 1.0683707717e-05 1.0683707717e-05 1.05288715204e-05 1.05288715204e-05 9.2901810247e-06 1.05288715204e-05 1.05288715204e-05 1.0683707717e-05 1.00643620077e-05 9.44501722129e-06 1.00643620077e-05 1.02191991272e-05 1.13030534262e-05 1.20772344092e-05 1.22320715287e-05 1.19223982126e-05 1.22320715287e-05 1.25417439219e-05 1.14578896228e-05 1.22320715287e-05 1.25417439219e-05 1.13030534262e-05 1.30062525117e-05 1.3625598221e-05 1.26965801185e-05 1.39352706141e-05 1.39352706141e-05 1.30062525117e-05 1.26965801185e-05 1.26965801185e-05 1.40901077336e-05 1.45546163234e-05 1.30062525117e-05 1.25417439219e-05 1.26965801185e-05 1.20772344092e-05 1.30062525117e-05 8.82567151201e-06 1.13030534262e-05 1.05288715204e-05
1.19223982126e-05 1.19223982126e-05 1.16127258194e-05 7.74181721295e-06 1.22320715287e-05 1.25417439219e-05 1.23869077253e-05 1.25417439219e-05 1.11482172296e-05 1.11482172296e-05 1.31610896312e-05 1.40901077336e-05 1.08385439135e-05 1.0683707717e-05 9.59985341789e-06 9.2901810247e-06 1.05288715204e-05 1.05288715204e-05 1.03740353238e-05 1.00643620077e-05 9.90952581108e-06 1.1767562016e-05 1.03740353238e-05 1.16127258194e-05 1.09933801101e-05 1.23869077253e-05 1.16127258194e-05 1.40901077336e-05 1.40901077336e-05 1.26965801185e-05 1.23869077253e-05 1.39352706141e-05 1.23869077253e-05 1.33159258278e-05 1.25417439219e-05 1.42449439302e-05 1.42449439302e-05 1.40901077336e-05 1.470945252e-05 1.3625598221e-05 1.37804344176e-05 1.34707620244e-05 1.26965801185e-05 1.31610896312e-05 1.28514163151e-05 1.33159258278e-05 1.14578896228e-05 1.34707620244e-05 1.25417439219e-05 1.37804344176e-05 1.33159258278e-05
