Example/niche_identity/models/RF/normalized_grids/coelestinus.asc
ncols        743
nrows        319
xllcorner    -74.500956448335
yllcorner    17.448920549066
cellsize     0.008333333333
NODATA_value  -9999
[rows 46 to 68 of 318, columns 500 to 549 of 743]
-9999 -9999 -9999 -9999 -9999 -9999 -9999 -9999 -9999 -9999 -9999 -9999 -9999 -9999 -9999 -9999 -9999 -9999 -9999 -9999 -9999 -9999 -9999 -9999 -9999 -9999 -9999 -9999 -9999 -9999 -9999 -9999 -9999 -9999 -9999 -9999 -9999 -9999 -9999 -9999 -9999 -9999 -9999 -9999 -9999 -9999 -9999 -9999 -9999 -9999
-9999 -9999 -9999 -9999 -9999 -9999 -9999 -9999 -9999 -9999 -9999 -9999 -9999 -9999 -9999 -9999 -9999 -9999 -9999 -9999 -9999 -9999 -9999 -9999 -9999 -9999 -9999 -9999 -9999 -9999 -9999 -9999 -9999 -9999 -9999 -9999 -9999 -9999 -9999 -9999 -9999 -9999 -9999 -9999 -9999 -9999 -9999 -9999 -9999 -9999
-9999 -9999 -9999 -9999 -9999 -9999 -9999 -9999 -9999 -9999 -9999 -9999 -9999 -9999 -9999 -9999 -9999 -9999 -9999 -9999 -9999 -9999 -9999 -9999 -9999 -9999 -9999 -9999 -9999 -9999 -9999 -9999 -9999 -9999 -9999 -9999 -9999 -9999 -9999 -9999 -9999 -9999 -9999 -9999 -9999 -9999 -9999 -9999 -9999 -9999
-9999 -9999 -9999 -9999 -9999 -9999 -9999 -9999 -9999 -9999 -9999 -9999 -9999 -9999 -9999 -9999 -9999 -9999 -9999 -9999 -9999 -9999 -9999 -9999 -9999 -9999 -9999 -9999 -9999 -9999 -9999 -9999 -9999 -9999 -9999 -9999 -9999 -9999 -9999 -9999 -9999 -9999 -9999 -9999 -9999 -9999 -9999 -9999 -9999 -9999
-9999 -9999 -9999 -9999 -9999 -9999 -9999 -9999 -9999 -9999 -9999 -9999 -9999 -9999 -9999 -9999 -9999 -9999 -9999 -9999 -9999 -9999 -9999 -9999 -9999 -9999 -9999 -9999 -9999 -9999 -9999 -9999 -9999 -9999 -9999 -9999 -9999 -9999 -9999 -9999 -9999 -9999 -9999 -9999 -9999 -9999 -9999 -9999 -9999 -9999
-9999 -9999 -9999 -9999 -9999 -9999 -9999 -9999 -9999 -9999 -9999 -9999 -9999 -9999 -9999 -9999 -9999 -9999 -9999 -9999 -9999 -9999 -9999 -9999 -9999 -9999 -9999 -9999 -9999 -9999 -9999 -9999 -9999 -9999 -9999 1.04725345045e-05 1.04725345045e-05 1.04725345045e-05 -9999 1.06739292141e-05 1.04725345045e-05 1.04725345045e-05 1.02711397949e-05 1.02711397949e-05 1.04725345045e-05 1.06739292141e-05 -9999 -9999 -9999 -9999
9.86835037558e-06 -9999 -9999 -9999 -9999 -9999 -9999 -9999 -9999 -9999 -9999 -9999 -9999 -9999 -9999 -9999 -9999 -9999 -9999 -9999 -9999 -9999 -9999 -9999 -9999 -9999 -9999 -9999 -9999 -9999 -9999 -9999 -9999 1.02711397949e-05 1.10767198338e-05 1.2889273421e-05 1.22850892921e-05 1.12781145435e-05 1.20836945824e-05 1.24864840017e-05 1.12781145435e-05 1.24864840017e-05 1.08753251242e-05 1.24864840017e-05 1.04725345045e-05 1.02711397949e-05 1.04725345045e-05 -9999 -9999 -9999
9.06277033662e-06 9.06277033662e-06 -9999 -9999 -9999 -9999 -9999 -9999 -9999 -9999 -9999 -9999 -9999 -9999 -9999 -9999 -9999 -9999 -9999 -9999 -9999 -9999 -9999 -9999 -9999 -9999 -9999 -9999 -9999 -9999 -9999 -9999 1.00697450852e-05 1.10767198338e-05 1.10767198338e-05 1.24864840017e-05 1.26878787113e-05 1.22850892921e-05 1.22850892921e-05 1.20836945824e-05 1.12781145435e-05 1.12781145435e-05 1.18822986724e-05 1.20836945824e-05 1.24864840017e-05 1.18822986724e-05 1.30906681306e-05 1.16809039627e-05 -9999 -9999
9.66695506574e-06 9.06277033662e-06 1.00697450852e-05 9.06277033662e-06 -9999 -9999 -9999 -9999 -9999 -9999 -9999 -9999 -9999 -9999 -9999 -9999 -9999 -9999 -9999 -9999 -9999 -9999 -9999 -9999 -9999 -9999 -9999 -9999 -9999 -9999 -9999 1.02711397949e-05 9.86835037558e-06 1.08753251242e-05 1.18822986724e-05 1.22850892921e-05 1.06739292141e-05 1.22850892921e-05 1.08753251242e-05 1.20836945824e-05 1.18822986724e-05 1.12781145435e-05 1.16809039627e-05 1.10767198338e-05 1.10767198338e-05 1.04725345045e-05 1.12781145435e-05 1.14795092531e-05 1.16809039627e-05 1.36948534599e-05
8.65998091734e-06 9.86835037558e-06 1.00697450852e-05 8.86137562698e-06 9.26416564646e-06 9.66695506574e-06 9.06277033662e-06 -9999 -9999 -9999 -9999 -9999 -9999 -9999 -9999 -9999 -9999 -9999 -9999 -9999 -9999 -9999 -9999 -9999 -9999 -9999 -9999 -9999 -9999 -9999 1.04725345045e-05 1.04725345045e-05 1.06739292141e-05 1.02711397949e-05 1.20836945824e-05 1.20836945824e-05 1.12781145435e-05 1.12781145435e-05 1.04725345045e-05 1.06739292141e-05 1.12781145435e-05 1.20836945824e-05 1.22850892921e-05 1.14795092531e-05 1.06739292141e-05 9.66695506574e-06 1.06739292141e-05 1.18822986724e-05 1.12781145435e-05 1.08753251242e-05
8.86137562698e-06 9.86835037558e-06 9.86835037558e-06 9.06277033662e-06 1.04725345045e-05 9.66695506574e-06 9.86835037558e-06 9.66695506574e-06 1.04725345045e-05 1.02711397949e-05 1.02711397949e-05 1.02711397949e-05 1.06739292141e-05 9.86835037558e-06 -9999 -9999 -9999 -9999 -9999 -9999 -9999 -9999 -9999 -9999 -9999 -9999 -9999 -9999 -9999 -9999 1.00697450852e-05 1.00697450852e-05 1.02711397949e-05 1.06739292141e-05 1.12781145435e-05 1.24864840017e-05 1.14795092531e-05 1.08753251242e-05 1.06739292141e-05 1.08753251242e-05 1.08753251242e-05 1.02711397949e-05 1.08753251242e-05 1.02711397949e-05 1.06739292141e-05 1.02711397949e-05 1.08753251242e-05 1.10767198338e-05 1.12781145435e-05 1.10767198338e-05
1.06739292141e-05 9.86835037558e-06 1.04725345045e-05 9.26416564646e-06 1.02711397949e-05 9.86835037558e-06 8.86137562698e-06 9.86835037558e-06 1.00697450852e-05 1.06739292141e-05 9.86835037558e-06 1.04725345045e-05 1.04725345045e-05 1.06739292141e-05 1.04725345045e-05 1.00697450852e-05 1.00697450852e-05 -9999 -9999 -9999 -9999 -9999 -9999 -9999 -9999 -9999 -9999 1.02711397949e-05 1.02711397949e-05 9.86835037558e-06 9.86835037558e-06 1.02711397949e-05 1.02711397949e-05 1.06739292141e-05 1.06739292141e-05 1.04725345045e-05 1.10767198338e-05 1.08753251242e-05 1.04725345045e-05 1.00697450852e-05 9.4655603561e-06 1.04725345045e-05 1.02711397949e-05 1.08753251242e-05 9.86835037558e-06 9.06277033662e-06 8.86137562698e-06 9.86835037558e-06 9.4655603561e-06 1.06739292141e-05
1.00697450852e-05 1.22850892921e-05 9.4655603561e-06 1.06739292141e-05 1.08753251242e-05 9.26416564646e-06 9.66695506574e-06 9.86835037558e-06 9.06277033662e-06 1.04725345045e-05 1.04725345045e-05 1.08753251242e-05 1.02711397949e-05 1.02711397949e-05 1.08753251242e-05 1.04725345045e-05 1.08753251242e-05 1.04725345045e-05 9.86835037558e-06 9.86835037558e-06 1.00697450852e-05 1.02711397949e-05 1.00697450852e-05 1.00697450852e-05 1.00697450852e-05 1.04725345045e-05 9.86835037558e-06 1.00697450852e-05 1.04725345045e-05 1.00697450852e-05 1.02711397949e-05 1.02711397949e-05 1.06739292141e-05 1.06739292141e-05 1.06739292141e-05 1.12781145435e-05 1.06739292141e-05 1.06739292141e-05 9.86835037558e-06 9.4655603561e-06 8.65998091734e-06 9.26416564646e-06 9.66695506574e-06 1.02711397949e-05 8.45858560749e-06 7.65300616873e-06 8.86137562698e-06 9.4655603561e-06 9.26416564646e-06 9.4655603561e-06
9.86835037558e-06 9.4655603561e-06 1.08753251242e-05 1.06739292141e-05 1.14795092531e-05 1.02711397949e-05 9.06277033662e-06 1.04725345045e-05 9.26416564646e-06 1.02711397949e-05 1.02711397949e-05 1.02711397949e-05 1.00697450852e-05 1.06739292141e-05 1.02711397949e-05 1.06739292141e-05 1.08753251242e-05 1.06739292141e-05 1.04725345045e-05 1.02711397949e-05 1.02711397949e-05 1.00697450852e-05 1.08753251242e-05 1.02711397949e-05 1.02711397949e-05 1.04725345045e-05 1.04725345045e-05 1.02711397949e-05 1.02711397949e-05 1.02711397949e-05 1.04725345045e-05 1.04725345045e-05 1.06739292141e-05 1.06739292141e-05 1.02711397949e-05 1.04725345045e-05 1.08753251242e-05 9.86835037558e-06 9.86835037558e-06 8.86137562698e-06 9.26416564646e-06 1.04725345045e-05 9.26416564646e-06 9.26416564646e-06 8.45858560749e-06 8.05579618822e-06 7.85440087837e-06 7.85440087837e-06 8.65998091734e-06 8.45858560749e-06
1.00697450852e-05 9.26416564646e-06 1.08753251242e-05 1.14795092531e-05 1.02711397949e-05 1.02711397949e-05 9.66695506574e-06 1.00697450852e-05 1.04725345045e-05 9.86835037558e-06 1.02711397949e-05 1.04725345045e-05 1.06739292141e-05 1.06739292141e-05 1.04725345045e-05 1.08753251242e-05 1.06739292141e-05 1.02711397949e-05 1.02711397949e-05 1.06739292141e-05 1.14795092531e-05 1.08753251242e-05 1.12781145435e-05 1.06739292141e-05 1.04725345045e-05 1.06739292141e-05 1.04725345045e-05 1.02711397949e-05 1.02711397949e-05 1.02711397949e-05 1.06739292141e-05 1.06739292141e-05 1.06739292141e-05 1.06739292141e-05 1.08753251242e-05 1.04725345045e-05 1.04725345045e-05 9.26416564646e-06 1.02711397949e-05 9.66695506574e-06 8.86137562698e-06 8.86137562698e-06 9.06277033662e-06 9.06277033662e-06 8.86137562698e-06 7.85440087837e-06 6.44463671049e-06 7.04882143961e-06 8.45858560749e-06 9.4655603561e-06
1.00697450852e-05 1.02711397949e-05 1.04725345045e-05 8.65998091734e-06 1.02711397949e-05 9.26416564646e-06 1.04725345045e-05 1.00697450852e-05 9.26416564646e-06 1.02711397949e-05 1.20836945824e-05 1.24864840017e-05 1.04725345045e-05 1.04725345045e-05 1.00697450852e-05 1.26878787113e-05 1.26878787113e-05 1.04725345045e-05 1.02711397949e-05 1.04725345045e-05 1.00697450852e-05 1.22850892921e-05 1.24864840017e-05 1.06739292141e-05 1.06739292141e-05 1.06739292141e-05 1.06739292141e-05 1.04725345045e-05 1.06739292141e-05 1.04725345045e-05 1.04725345045e-05 1.06739292141e-05 1.06739292141e-05 1.06739292141e-05 1.06739292141e-05 1.04725345045e-05 1.04725345045e-05 1.06739292141e-05 1.04725345045e-05 9.26416564646e-06 9.26416564646e-06 9.26416564646e-06 9.06277033662e-06 9.4655603561e-06 9.86835037558e-06 7.04882143961e-06 6.64603202033e-06 8.05579618822e-06 8.45858560749e-06 9.4655603561e-06
9.26416564646e-06 9.4655603561e-06 8.45858560749e-06 9.4655603561e-06 1.00697450852e-05 9.26416564646e-06 1.02711397949e-05 1.00697450852e-05 1.06739292141e-05 1.04725345045e-05 1.22850892921e-05 1.08753251242e-05 1.2889273421e-05 1.02711397949e-05 1.08753251242e-05 1.02711397949e-05 1.04725345045e-05 1.06739292141e-05 1.18822986724e-05 1.2889273421e-05 1.18822986724e-05 1.04725345045e-05 1.08753251242e-05 1.06739292141e-05 1.06739292141e-05 1.06739292141e-05 1.04725345045e-05 1.02711397949e-05 1.02711397949e-05 1.00697450852e-05 1.06739292141e-05 1.02711397949e-05 1.04725345045e-05 1.06739292141e-05 1.06739292141e-05 1.10767198338e-05 1.08753251242e-05 1.10767198338e-05 1.06739292141e-05 1.04725345045e-05 9.26416564646e-06 8.65998091734e-06 9.86835037558e-06 7.04882143961e-06 7.85440087837e-06 7.45161145909e-06 7.45161145909e-06 8.45858560749e-06 9.4655603561e-06 1.04725345045e-05
8.86137562698e-06 9.26416564646e-06 9.26416564646e-06 9.06277033662e-06 1.06739292141e-05 9.86835037558e-06 9.86835037558e-06 1.02711397949e-05 1.00697450852e-05 1.02711397949e-05 1.04725345045e-05 1.00697450852e-05 9.26416564646e-06 1.20836945824e-05 1.12781145435e-05 9.86835037558e-06 9.26416564646e-06 1.06739292141e-05 8.86137562698e-06 9.4655603561e-06 1.20836945824e-05 1.06739292141e-05 1.14795092531e-05 1.14795092531e-05 1.06739292141e-05 1.06739292141e-05 1.04725345045e-05 1.00697450852e-05 1.04725345045e-05 1.00697450852e-05 1.04725345045e-05 1.02711397949e-05 1.06739292141e-05 1.08753251242e-05 1.06739292141e-05 1.10767198338e-05 1.06739292141e-05 1.12781145435e-05 1.08753251242e-05 1.12781145435e-05 1.06739292141e-05 9.86835037558e-06 9.86835037558e-06 7.85440087837e-06 8.86137562698e-06 8.65998091734e-06 9.66695506574e-06 9.26416564646e-06 1.00697450852e-05 1.02711397949e-05
9.26416564646e-06 9.06277033662e-06 8.86137562698e-06 1.04725345045e-05 1.00697450852e-05 1.02711397949e-05 9.06277033662e-06 9.86835037558e-06 9.4655603561e-06 9.4655603561e-06 9.66695506574e-06 1.24864840017e-05 1.04725345045e-05 9.86835037558e-06 9.26416564646e-06 8.65998091734e-06 7.85440087837e-06 7.85440087837e-06 9.26416564646e-06 9.06277033662e-06 1.2889273421e-05 1.04725345045e-05 9.66695506574e-06 1.00697450852e-05 1.06739292141e-05 1.00697450852e-05 1.06739292141e-05 1.04725345045e-05 1.08753251242e-05 1.06739292141e-05 1.06739292141e-05 1.06739292141e-05 1.06739292141e-05 1.08753251242e-05 1.08753251242e-05 1.06739292141e-05 1.08753251242e-05 1.04725345045e-05 1.10767198338e-05 1.06739292141e-05 1.12781145435e-05 9.4655603561e-06 9.06277033662e-06 9.4655603561e-06 9.4655603561e-06 9.66695506574e-06 9.66695506574e-06 1.06739292141e-05 1.12781145435e-05 1.12781145435e-05
9.4655603561e-06 8.86137562698e-06 9.86835037558e-06 8.65998091734e-06 9.26416564646e-06 9.26416564646e-06 1.00697450852e-05 1.04725345045e-05 9.66695506574e-06 9.86835037558e-06 1.04725345045e-05 1.02711397949e-05 1.02711397949e-05 1.06739292141e-05 8.25719089785e-06 1.04725345045e-05 7.65300616873e-06 9.26416564646e-06 1.08753251242e-05 1.02711397949e-05 1.00697450852e-05 1.22850892921e-05 1.04725345045e-05 1.02711397949e-05 1.04725345045e-05 1.06739292141e-05 1.08753251242e-05 1.08753251242e-05 1.06739292141e-05 1.06739292141e-05 1.04725345045e-05 1.02711397949e-05 1.08753251242e-05 1.04725345045e-05 1.06739292141e-05 1.12781145435e-05 1.12781145435e-05 1.12781145435e-05 1.04725345045e-05 1.06739292141e-05 1.12781145435e-05 1.08753251242e-05 1.02711397949e-05 9.4655603561e-06 9.26416564646e-06 1.04725345045e-05 1.10767198338e-05 1.06739292141e-05 1.10767198338e-05 1.14795092531e-05
9.06277033662e-06 9.26416564646e-06 8.86137562698e-06 8.86137562698e-06 8.05579618822e-06 8.05579618822e-06 8.25719089785e-06 9.06277033662e-06 9.86835037558e-06 1.10767198338e-05 1.02711397949e-05 9.66695506574e-06 1.02711397949e-05 8.05579618822e-06 7.25021674945e-06 9.66695506574e-06 9.26416564646e-06 1.16809039627e-05 1.04725345045e-05 1.02711397949e-05 1.20836945824e-05 1.06739292141e-05 1.18822986724e-05 1.04725345045e-05 1.22850892921e-05 1.14795092531e-05 1.04725345045e-05 1.04725345045e-05 1.02711397949e-05 1.06739292141e-05 1.00697450852e-05 1.00697450852e-05 1.04725345045e-05 1.08753251242e-05 1.06739292141e-05 1.06739292141e-05 1.04725345045e-05 1.06739292141e-05 1.04725345045e-05 1.08753251242e-05 1.02711397949e-05 1.02711397949e-05 1.04725345045e-05 1.02711397949e-05 1.00697450852e-05 1.06739292141e-05 1.12781145435e-05 1.12781145435e-05 1.06739292141e-05 1.10767198338e-05
8.05579618822e-06 8.25719089785e-06 8.05579618822e-06 8.86137562698e-06 8.45858560749e-06 7.85440087837e-06 9.06277033662e-06 9.06277033662e-06 1.02711397949e-05 9.06277033662e-06 9.4655603561e-06 9.26416564646e-06 1.00697450852e-05 8.05579618822e-06 7.04882143961e-06 8.05579618822e-06 8.45858560749e-06 8.25719089785e-06 7.65300616873e-06 1.06739292141e-05 9.86835037558e-06 1.16809039627e-05 9.4655603561e-06 1.06739292141e-05 9.06277033662e-06 1.22850892921e-05 1.04725345045e-05 1.16809039627e-05 1.02711397949e-05 1.06739292141e-05 1.00697450852e-05 1.00697450852e-05 1.06739292141e-05 1.08753251242e-05 1.08753251242e-05 1.08753251242e-05 1.06739292141e-05 1.04725345045e-05 1.06739292141e-05 1.10767198338e-05 1.04725345045e-05 1.08753251242e-05 1.04725345045e-05 1.06739292141e-05 1.06739292141e-05 1.06739292141e-05 1.12781145435e-05 1.12781145435e-05 1.10767198338e-05 1.20836945824e-05
8.05579618822e-06 9.4655603561e-06 9.26416564646e-06 8.86137562698e-06 7.85440087837e-06 9.06277033662e-06 8.25719089785e-06 9.4655603561e-06 6.84742672997e-06 7.85440087837e-06 7.85440087837e-06 7.45161145909e-06 7.25021674945e-06 7.25021674945e-06 6.44463671049e-06 6.84742672997e-06 7.45161145909e-06 6.64603202033e-06 7.65300616873e-06 8.05579618822e-06 7.85440087837e-06 7.85440087837e-06 7.85440087837e-06 9.4655603561e-06 8.86137562698e-06 1.02711397949e-05 1.08753251242e-05 1.00697450852e-05 1.02711397949e-05 1.02711397949e-05 1.00697450852e-05 1.06739292141e-05 1.06739292141e-05 1.08753251242e-05 1.08753251242e-05 1.06739292141e-05 1.04725345045e-05 1.08753251242e-05 1.02711397949e-05 1.08753251242e-05 1.04725345045e-05 1.10767198338e-05 1.06739292141e-05 1.06739292141e-05 1.04725345045e-05 1.06739292141e-05 1.06739292141e-05 1.06739292141e-05 1.08753251242e-05 1.08753251242e-05
