Example/niche_identity/models/RF/normalized_grids/coelestinus_1.asc
ncols        743
nrows        319
xllcorner    -74.500956448335
yllcorner    17.448920549066
cellsize     0.008333333333
NODATA_value  -9999
[rows 110 to 131 of 318, columns 510 to 560 of 743]
1.19475824646e-05 1.06200726425e-05 1.12838275536e-05 8.62880889841e-06 8.79474737891e-06 8.46287041791e-06 9.29256380947e-06 9.62444077046e-06 1.11178890731e-05 1.02881956815e-05 1.0786011123e-05 9.95631872053e-06 1.0454134162e-05 9.62444077046e-06 9.29256380947e-06 8.79474737891e-06 8.62880889841e-06 6.30566819331e-06 7.30130006536e-06 6.30566819331e-06 6.30566819331e-06 6.47160667381e-06 7.30130006536e-06 6.63754564884e-06 7.79911600139e-06 7.46723854586e-06 7.13536158487e-06 6.13972971281e-06 7.13536158487e-06 5.14409784076e-06 9.62444077046e-06 9.62444077046e-06 9.12662532897e-06 1.19475824646e-05 1.36069682587e-05 1.22794594256e-05 1.27772748671e-05 1.36069682587e-05 1.41047846892e-05 1.41047846892e-05 1.39388452197e-05 1.39388452197e-05 1.34410297782e-05 1.37729067392e-05 1.44366616502e-05 1.44366616502e-05 1.42707231697e-05 1.44366616502e-05 1.44366616502e-05 1.39388452197e-05 1.44366616502e-05
1.21135209451e-05 1.24453979061e-05 9.29256380947e-06 8.62880889841e-06 8.62880889841e-06 1.06200726425e-05 1.02881956815e-05 8.62880889841e-06 1.02881956815e-05 8.96068684847e-06 1.0122257201e-05 8.29693193742e-06 7.96505448189e-06 6.96942260983e-06 7.13536158487e-06 7.96505448189e-06 6.30566819331e-06 8.96068684847e-06 6.30566819331e-06 6.13972971281e-06 5.97379123232e-06 6.30566819331e-06 5.97379123232e-06 7.46723854586e-06 7.63317752089e-06 6.63754564884e-06 6.13972971281e-06 5.64191377679e-06 6.13972971281e-06 6.13972971281e-06 9.29256380947e-06 9.45850228997e-06 1.06200726425e-05 1.14497660341e-05 1.06200726425e-05 1.22794594256e-05 1.26113363866e-05 1.39388452197e-05 1.42707231697e-05 1.39388452197e-05 1.42707231697e-05 1.41047846892e-05 1.37729067392e-05 1.34410297782e-05 1.42707231697e-05 1.44366616502e-05 1.42707231697e-05 1.42707231697e-05 1.44366616502e-05 1.44366616502e-05 1.39388452197e-05
1.14497660341e-05 9.12662532897e-06 8.13099345692e-06 8.79474737891e-06 9.62444077046e-06 1.06200726425e-05 1.0454134162e-05 9.79037925096e-06 1.0454134162e-05 9.29256380947e-06 7.79911600139e-06 9.62444077046e-06 9.45850228997e-06 9.12662532897e-06 8.79474737891e-06 8.96068684847e-06 8.62880889841e-06 8.46287041791e-06 5.64191377679e-06 6.30566819331e-06 6.13972971281e-06 6.30566819331e-06 7.46723854586e-06 7.46723854586e-06 7.30130006536e-06 7.13536158487e-06 7.13536158487e-06 6.63754564884e-06 6.96942260983e-06 7.63317752089e-06 7.96505448189e-06 8.13099345692e-06 1.02881956815e-05 1.17816429951e-05 1.21135209451e-05 1.21135209451e-05 1.32750912977e-05 1.31091528172e-05 1.31091528172e-05 1.32750912977e-05 1.39388452197e-05 1.41047846892e-05 1.46026001307e-05 1.52663550418e-05 1.44366616502e-05 1.44366616502e-05 1.42707231697e-05 1.42707231697e-05 1.42707231697e-05 1.44366616502e-05 1.41047846892e-05
1.12838275536e-05 1.06200726425e-05 9.79037925096e-06 1.0454134162e-05 1.06200726425e-05 1.09519505926e-05 9.95631872053e-06 7.46723854586e-06 7.30130006536e-06 7.46723854586e-06 7.79911600139e-06 7.63317752089e-06 7.96505448189e-06 8.13099345692e-06 9.12662532897e-06 7.96505448189e-06 8.96068684847e-06 6.13972971281e-06 9.12662532897e-06 5.97379123232e-06 6.30566819331e-06 7.30130006536e-06 7.79911600139e-06 7.63317752089e-06 7.46723854586e-06 5.80785225728e-06 7.63317752089e-06 6.96942260983e-06 6.47160667381e-06 8.13099345692e-06 1.02881956815e-05 1.12838275536e-05 1.0122257201e-05 8.29693193742e-06 1.0786011123e-05 1.19475824646e-05 1.17816429951e-05 1.22794594256e-05 1.29432133476e-05 1.34410297782e-05 1.27772748671e-05 1.39388452197e-05 1.47685386112e-05 1.46026001307e-05 1.51004165613e-05 1.46026001307e-05 1.42707231697e-05 1.42707231697e-05 1.39388452197e-05 1.41047846892e-05 1.39388452197e-05
8.96068684847e-06 9.62444077046e-06 9.79037925096e-06 9.79037925096e-06 1.06200726425e-05 9.62444077046e-06 8.13099345692e-06 7.63317752089e-06 6.96942260983e-06 6.96942260983e-06 7.30130006536e-06 7.13536158487e-06 6.80348412934e-06 7.13536158487e-06 8.29693193742e-06 7.46723854586e-06 6.30566819331e-06 5.64191377679e-06 6.30566819331e-06 7.46723854586e-06 8.29693193742e-06 8.46287041791e-06 8.62880889841e-06 7.79911600139e-06 7.46723854586e-06 8.13099345692e-06 6.80348412934e-06 7.30130006536e-06 9.12662532897e-06 1.0454134162e-05 1.0122257201e-05 1.0122257201e-05 1.11178890731e-05 1.12838275536e-05 1.14497660341e-05 1.16157045146e-05 1.21135209451e-05 1.21135209451e-05 1.26113363866e-05 1.34410297782e-05 1.32750912977e-05 1.36069682587e-05 1.44366616502e-05 1.37729067392e-05 1.37729067392e-05 1.44366616502e-05 1.44366616502e-05 1.41047846892e-05 1.39388452197e-05 1.41047846892e-05 1.41047846892e-05
9.79037925096e-06 7.79911600139e-06 1.12838275536e-05 9.62444077046e-06 1.0122257201e-05 1.06200726425e-05 7.46723854586e-06 6.96942260983e-06 7.63317752089e-06 8.79474737891e-06 7.79911600139e-06 8.29693193742e-06 7.63317752089e-06 7.13536158487e-06 6.47160667381e-06 5.97379123232e-06 5.80785225728e-06 6.13972971281e-06 6.63754564884e-06 5.64191377679e-06 8.13099345692e-06 8.29693193742e-06 8.46287041791e-06 7.96505448189e-06 7.96505448189e-06 6.47160667381e-06 7.79911600139e-06 6.80348412934e-06 8.96068684847e-06 6.96942260983e-06 1.0122257201e-05 9.62444077046e-06 1.02881956815e-05 1.11178890731e-05 1.11178890731e-05 1.12838275536e-05 1.27772748671e-05 1.32750912977e-05 1.39388452197e-05 1.24453979061e-05 1.27772748671e-05 1.31091528172e-05 1.46026001307e-05 1.42707231697e-05 1.42707231697e-05 1.39388452197e-05 1.46026001307e-05 1.44366616502e-05 1.41047846892e-05 1.41047846892e-05 1.42707231697e-05
7.96505448189e-06 1.0454134162e-05 9.29256380947e-06 8.13099345692e-06 7.46723854586e-06 7.46723854586e-06 8.46287041791e-06 1.02881956815e-05 1.06200726425e-05 1.0454134162e-05 9.79037925096e-06 7.79911600139e-06 8.13099345692e-06 8.29693193742e-06 7.13536158487e-06 6.63754564884e-06 6.30566819331e-06 6.30566819331e-06 5.97379123232e-06 5.80785225728e-06 7.13536158487e-06 6.13972971281e-06 6.80348412934e-06 7.96505448189e-06 7.46723854586e-06 7.79911600139e-06 7.13536158487e-06 6.96942260983e-06 8.29693193742e-06 7.96505448189e-06 7.30130006536e-06 1.02881956815e-05 7.63317752089e-06 9.62444077046e-06 1.0454134162e-05 1.06200726425e-05 1.12838275536e-05 1.26113363866e-05 1.27772748671e-05 1.17816429951e-05 1.31091528172e-05 1.37729067392e-05 1.39388452197e-05 1.41047846892e-05 1.42707231697e-05 1.42707231697e-05 1.49344770917e-05 1.42707231697e-05 1.44366616502e-05 1.42707231697e-05 1.42707231697e-05
9.79037925096e-06 1.11178890731e-05 1.0454134162e-05 7.46723854586e-06 1.0786011123e-05 9.62444077046e-06 7.30130006536e-06 7.63317752089e-06 8.79474737891e-06 8.29693193742e-06 7.96505448189e-06 6.30566819331e-06 7.13536158487e-06 6.30566819331e-06 6.30566819331e-06 6.30566819331e-06 7.63317752089e-06 5.97379123232e-06 7.63317752089e-06 7.96505448189e-06 7.96505448189e-06 6.96942260983e-06 6.96942260983e-06 7.30130006536e-06 7.13536158487e-06 5.31003632126e-06 7.30130006536e-06 7.13536158487e-06 6.96942260983e-06 6.96942260983e-06 8.46287041791e-06 8.46287041791e-06 7.46723854586e-06 9.62444077046e-06 1.11178890731e-05 1.12838275536e-05 1.11178890731e-05 1.11178890731e-05 1.06200726425e-05 1.16157045146e-05 1.19475824646e-05 1.34410297782e-05 1.49344770917e-05 1.46026001307e-05 1.42707231697e-05 1.55982320028e-05 1.49344770917e-05 1.49344770917e-05 1.44366616502e-05 1.41047846892e-05 1.41047846892e-05
1.0786011123e-05 1.0454134162e-05 1.06200726425e-05 9.12662532897e-06 7.63317752089e-06 7.30130006536e-06 7.79911600139e-06 7.63317752089e-06 6.63754564884e-06 7.13536158487e-06 6.13972971281e-06 6.63754564884e-06 6.30566819331e-06 7.13536158487e-06 5.97379123232e-06 8.29693193742e-06 5.97379123232e-06 8.29693193742e-06 5.97379123232e-06 6.47160667381e-06 6.80348412934e-06 8.13099345692e-06 7.13536158487e-06 6.96942260983e-06 7.46723854586e-06 7.79911600139e-06 7.30130006536e-06 7.46723854586e-06 7.30130006536e-06 6.47160667381e-06 7.46723854586e-06 5.80785225728e-06 5.97379123232e-06 6.13972971281e-06 9.79037925096e-06 6.80348412934e-06 9.62444077046e-06 1.0454134162e-05 1.12838275536e-05 1.16157045146e-05 1.22794594256e-05 1.21135209451e-05 1.34410297782e-05 1.41047846892e-05 1.47685386112e-05 1.42707231697e-05 1.42707231697e-05 1.49344770917e-05 1.47685386112e-05 1.55982320028e-05 1.49344770917e-05
8.62880889841e-06 7.96505448189e-06 7.46723854586e-06 7.30130006536e-06 7.96505448189e-06 8.13099345692e-06 7.63317752089e-06 6.80348412934e-06 6.30566819331e-06 6.63754564884e-06 7.13536158487e-06 5.80785225728e-06 6.47160667381e-06 7.96505448189e-06 8.46287041791e-06 8.62880889841e-06 5.97379123232e-06 8.29693193742e-06 5.80785225728e-06 8.46287041791e-06 7.79911600139e-06 7.30130006536e-06 7.30130006536e-06 8.13099345692e-06 7.46723854586e-06 6.13972971281e-06 7.46723854586e-06 6.13972971281e-06 7.79911600139e-06 7.30130006536e-06 6.47160667381e-06 6.63754564884e-06 6.30566819331e-06 7.13536158487e-06 5.47597529629e-06 5.97379123232e-06 9.79037925096e-06 1.0454134162e-05 1.24453979061e-05 9.62444077046e-06 9.79037925096e-06 1.0454134162e-05 9.62444077046e-06 1.0454134162e-05 1.02881956815e-05 1.24453979061e-05 1.37729067392e-05 1.44366616502e-05 1.39388452197e-05 1.44366616502e-05 1.42707231697e-05
9.79037925096e-06 7.96505448189e-06 7.46723854586e-06 7.30130006536e-06 7.30130006536e-06 7.46723854586e-06 7.13536158487e-06 6.63754564884e-06 6.80348412934e-06 6.13972971281e-06 5.97379123232e-06 6.13972971281e-06 7.30130006536e-06 6.47160667381e-06 8.62880889841e-06 7.13536158487e-06 8.13099345692e-06 7.79911600139e-06 7.96505448189e-06 6.47160667381e-06 7.96505448189e-06 7.30130006536e-06 7.13536158487e-06 6.96942260983e-06 8.46287041791e-06 7.13536158487e-06 7.13536158487e-06 6.96942260983e-06 7.46723854586e-06 6.13972971281e-06 6.47160667381e-06 6.30566819331e-06 9.45850228997e-06 5.80785225728e-06 6.13972971281e-06 8.62880889841e-06 6.47160667381e-06 8.79474737891e-06 1.27772748671e-05 1.14497660341e-05 1.34410297782e-05 9.45850228997e-06 1.06200726425e-05 1.0122257201e-05 1.0454134162e-05 1.09519505926e-05 1.06200726425e-05 1.0786011123e-05 1.34410297782e-05 1.39388452197e-05 1.44366616502e-05
7.46723854586e-06 8.62880889841e-06 1.0122257201e-05 8.79474737891e-06 6.63754564884e-06 6.96942260983e-06 6.30566819331e-06 6.63754564884e-06 6.30566819331e-06 6.30566819331e-06 6.13972971281e-06 8.62880889841e-06 6.13972971281e-06 8.79474737891e-06 8.46287041791e-06 8.79474737891e-06 8.46287041791e-06 8.62880889841e-06 8.13099345692e-06 8.29693193742e-06 7.13536158487e-06 7.46723854586e-06 6.80348412934e-06 7.79911600139e-06 7.63317752089e-06 7.79911600139e-06 8.13099345692e-06 7.46723854586e-06 7.79911600139e-06 7.79911600139e-06 7.46723854586e-06 7.79911600139e-06 7.79911600139e-06 8.13099345692e-06 6.30566819331e-06 7.46723854586e-06 6.13972971281e-06 6.47160667381e-06 6.30566819331e-06 6.30566819331e-06 1.41047846892e-05 1.32750912977e-05 1.39388452197e-05 9.12662532897e-06 9.79037925096e-06 1.02881956815e-05 9.95631872053e-06 9.95631872053e-06 1.0786011123e-05 1.12838275536e-05 1.11178890731e-05
6.80348412934e-06 7.79911600139e-06 7.13536158487e-06 9.12662532897e-06 6.30566819331e-06 6.63754564884e-06 6.13972971281e-06 6.47160667381e-06 6.47160667381e-06 6.47160667381e-06 6.63754564884e-06 7.30130006536e-06 8.13099345692e-06 8.29693193742e-06 6.80348412934e-06 6.30566819331e-06 6.63754564884e-06 5.80785225728e-06 6.47160667381e-06 8.29693193742e-06 8.13099345692e-06 5.97379123232e-06 7.79911600139e-06 7.46723854586e-06 7.30130006536e-06 8.29693193742e-06 7.96505448189e-06 7.30130006536e-06 7.63317752089e-06 7.46723854586e-06 7.96505448189e-06 7.79911600139e-06 8.46287041791e-06 6.47160667381e-06 5.31003632126e-06 7.46723854586e-06 6.96942260983e-06 5.97379123232e-06 7.63317752089e-06 6.13972971281e-06 6.13972971281e-06 1.06200726425e-05 9.29256380947e-06 6.80348412934e-06 9.45850228997e-06 9.79037925096e-06 9.62444077046e-06 1.0122257201e-05 9.45850228997e-06 1.16157045146e-05 1.02881956815e-05
6.80348412934e-06 6.96942260983e-06 6.30566819331e-06 6.13972971281e-06 9.62444077046e-06 6.47160667381e-06 6.63754564884e-06 6.30566819331e-06 6.47160667381e-06 6.96942260983e-06 7.13536158487e-06 7.30130006536e-06 6.96942260983e-06 8.79474737891e-06 7.79911600139e-06 7.46723854586e-06 6.63754564884e-06 8.29693193742e-06 7.30130006536e-06 7.79911600139e-06 8.13099345692e-06 7.46723854586e-06 7.46723854586e-06 7.13536158487e-06 6.96942260983e-06 7.63317752089e-06 7.96505448189e-06 8.29693193742e-06 8.29693193742e-06 7.63317752089e-06 4.97815936026e-06 5.64191377679e-06 7.96505448189e-06 8.46287041791e-06 8.13099345692e-06 7.46723854586e-06 5.14409784076e-06 5.47597529629e-06 5.47597529629e-06 7.46723854586e-06 6.30566819331e-06 1.06200726425e-05 6.30566819331e-06 6.96942260983e-06 6.30566819331e-06 6.63754564884e-06 8.96068684847e-06 9.95631872053e-06 9.62444077046e-06 9.62444077046e-06 9.79037925096e-06
6.30566819331e-06 7.63317752089e-06 7.13536158487e-06 8.29693193742e-06 8.79474737891e-06 6.47160667381e-06 6.30566819331e-06 6.80348412934e-06 6.47160667381e-06 6.80348412934e-06 7.13536158487e-06 7.46723854586e-06 7.46723854586e-06 8.13099345692e-06 9.12662532897e-06 8.29693193742e-06 8.29693193742e-06 7.13536158487e-06 7.79911600139e-06 7.79911600139e-06 6.96942260983e-06 8.46287041791e-06 8.13099345692e-06 7.46723854586e-06 7.79911600139e-06 7.79911600139e-06 7.96505448189e-06 7.79911600139e-06 8.46287041791e-06 7.46723854586e-06 8.46287041791e-06 8.62880889841e-06 7.63317752089e-06 4.64628190473e-06 7.13536158487e-06 6.80348412934e-06 7.46723854586e-06 7.30130006536e-06 5.31003632126e-06 6.47160667381e-06 7.79911600139e-06 9.62444077046e-06 5.97379123232e-06 7.13536158487e-06 6.80348412934e-06 6.96942260983e-06 6.80348412934e-06 9.29256380947e-06 7.30130006536e-06 8.62880889841e-06 9.95631872053e-06
6.47160667381e-06 9.12662532897e-06 6.80348412934e-06 7.30130006536e-06 6.63754564884e-06 6.63754564884e-06 6.63754564884e-06 7.79911600139e-06 6.30566819331e-06 8.62880889841e-06 6.96942260983e-06 9.12662532897e-06 7.63317752089e-06 7.46723854586e-06 9.29256380947e-06 8.96068684847e-06 6.63754564884e-06 7.96505448189e-06 8.29693193742e-06 7.13536158487e-06 8.79474737891e-06 6.80348412934e-06 8.13099345692e-06 8.13099345692e-06 7.79911600139e-06 6.80348412934e-06 7.96505448189e-06 7.96505448189e-06 8.46287041791e-06 8.29693193742e-06 8.46287041791e-06 7.63317752089e-06 8.46287041791e-06 7.63317752089e-06 7.79911600139e-06 7.79911600139e-06 7.79911600139e-06 6.30566819331e-06 5.64191377679e-06 5.31003632126e-06 5.64191377679e-06 1.0122257201e-05 5.64191377679e-06 7.30130006536e-06 7.30130006536e-06 5.80785225728e-06 7.46723854586e-06 9.29256380947e-06 7.63317752089e-06 9.95631872053e-06 8.13099345692e-06
7.30130006536e-06 7.30130006536e-06 6.30566819331e-06 5.31003632126e-06 6.47160667381e-06 7.13536158487e-06 6.63754564884e-06 6.96942260983e-06 6.63754564884e-06 6.96942260983e-06 8.13099345692e-06 6.30566819331e-06 8.62880889841e-06 8.62880889841e-06 7.13536158487e-06 7.96505448189e-06 9.12662532897e-06 8.96068684847e-06 8.79474737891e-06 8.29693193742e-06 8.29693193742e-06 8.79474737891e-06 7.79911600139e-06 7.13536158487e-06 7.96505448189e-06 8.29693193742e-06 6.13972971281e-06 7.79911600139e-06 7.79911600139e-06 7.79911600139e-06 8.79474737891e-06 8.46287041791e-06 8.29693193742e-06 7.79911600139e-06 5.31003632126e-06 6.96942260983e-06 5.47597529629e-06 4.64628190473e-06 4.3144044492e-06 7.63317752089e-06 1.0786011123e-05 1.0122257201e-05 8.13099345692e-06 5.97379123232e-06 6.47160667381e-06 6.13972971281e-06 7.30130006536e-06 8.46287041791e-06 9.95631872053e-06 7.30130006536e-06 9.29256380947e-06
8.96068684847e-06 7.13536158487e-06 5.64191377679e-06 7.30130006536e-06 6.80348412934e-06 7.79911600139e-06 7.30130006536e-06 6.96942260983e-06 7.79911600139e-06 6.80348412934e-06 5.97379123232e-06 7.30130006536e-06 6.80348412934e-06 9.12662532897e-06 9.12662532897e-06 8.46287041791e-06 9.29256380947e-06 8.46287041791e-06 8.96068684847e-06 8.62880889841e-06 9.29256380947e-06 8.79474737891e-06 8.46287041791e-06 7.96505448189e-06 8.62880889841e-06 8.13099345692e-06 7.79911600139e-06 7.46723854586e-06 7.13536158487e-06 8.13099345692e-06 7.13536158487e-06 6.96942260983e-06 8.29693193742e-06 7.96505448189e-06 7.79911600139e-06 6.63754564884e-06 8.29693193742e-06 6.96942260983e-06 7.79911600139e-06 7.13536158487e-06 1.06200726425e-05 1.06200726425e-05 7.13536158487e-06 5.97379123232e-06 6.80348412934e-06 7.46723854586e-06 5.97379123232e-06 7.96505448189e-06 8.79474737891e-06 7.46723854586e-06 7.63317752089e-06
6.30566819331e-06 5.97379123232e-06 6.63754564884e-06 6.47160667381e-06 7.46723854586e-06 6.96942260983e-06 7.13536158487e-06 6.30566819331e-06 7.96505448189e-06 6.30566819331e-06 7.96505448189e-06 6.80348412934e-06 8.29693193742e-06 8.13099345692e-06 7.13536158487e-06 7.79911600139e-06 8.96068684847e-06 9.29256380947e-06 8.79474737891e-06 8.46287041791e-06 8.46287041791e-06 8.29693193742e-06 8.13099345692e-06 8.46287041791e-06 7.96505448189e-06 7.79911600139e-06 8.13099345692e-06 7.96505448189e-06 7.63317752089e-06 7.79911600139e-06 7.96505448189e-06 7.46723854586e-06 6.96942260983e-06 8.13099345692e-06 8.46287041791e-06 7.79911600139e-06 8.13099345692e-06 6.80348412934e-06 7.96505448189e-06 1.0454134162e-05 7.79911600139e-06 9.79037925096e-06 7.96505448189e-06 8.13099345692e-06 7.30130006536e-06 7.79911600139e-06 5.80785225728e-06 6.30566819331e-06 7.46723854586e-06 6.13972971281e-06 6.63754564884e-06
6.30566819331e-06 6.47160667381e-06 6.13972971281e-06 6.63754564884e-06 6.80348412934e-06 6.47160667381e-06 6.30566819331e-06 6.63754564884e-06 8.13099345692e-06 9.12662532897e-06 6.96942260983e-06 6.13972971281e-06 7.63317752089e-06 8.13099345692e-06 6.63754564884e-06 8.79474737891e-06 8.96068684847e-06 8.79474737891e-06 6.96942260983e-06 7.63317752089e-06 8.13099345692e-06 7.96505448189e-06 7.63317752089e-06 7.63317752089e-06 6.47160667381e-06 6.13972971281e-06 6.13972971281e-06 8.46287041791e-06 6.47160667381e-06 6.80348412934e-06 7.79911600139e-06 7.79911600139e-06 7.63317752089e-06 7.96505448189e-06 7.79911600139e-06 8.29693193742e-06 5.97379123232e-06 7.63317752089e-06 7.79911600139e-06 7.63317752089e-06 6.63754564884e-06 7.13536158487e-06 4.97815936026e-06 8.29693193742e-06 8.13099345692e-06 5.80785225728e-06 6.47160667381e-06 6.47160667381e-06 8.79474737891e-06 6.47160667381e-06 7.63317752089e-06
6.63754564884e-06 7.30130006536e-06 6.13972971281e-06 6.30566819331e-06 6.13972971281e-06 6.30566819331e-06 6.30566819331e-06 6.13972971281e-06 6.96942260983e-06 7.96505448189e-06 7.96505448189e-06 6.63754564884e-06 6.63754564884e-06 6.80348412934e-06 6.96942260983e-06 6.96942260983e-06 8.96068684847e-06 8.29693193742e-06 7.79911600139e-06 7.46723854586e-06 7.46723854586e-06 6.96942260983e-06 7.13536158487e-06 7.63317752089e-06 6.13972971281e-06 6.47160667381e-06 7.79911600139e-06 7.46723854586e-06 8.13099345692e-06 7.63317752089e-06 7.30130006536e-06 7.63317752089e-06 7.96505448189e-06 8.62880889841e-06 8.46287041791e-06 7.96505448189e-06 6.63754564884e-06 8.62880889841e-06 8.96068684847e-06 9.29256380947e-06 7.30130006536e-06 6.30566819331e-06 5.97379123232e-06 7.13536158487e-06 5.31003632126e-06 8.13099345692e-06 9.12662532897e-06 6.63754564884e-06 5.97379123232e-06 8.46287041791e-06 6.47160667381e-06
7.46723854586e-06 8.79474737891e-06 6.80348412934e-06 6.63754564884e-06 6.47160667381e-06 6.80348412934e-06 6.30566819331e-06 6.96942260983e-06 6.96942260983e-06 7.96505448189e-06 6.96942260983e-06 7.96505448189e-06 6.30566819331e-06 8.46287041791e-06 8.29693193742e-06 6.30566819331e-06 6.47160667381e-06 6.30566819331e-06 7.13536158487e-06 7.30130006536e-06 7.46723854586e-06 6.30566819331e-06 7.63317752089e-06 6.30566819331e-06 6.13972971281e-06 5.80785225728e-06 6.13972971281e-06 7.63317752089e-06 6.80348412934e-06 8.29693193742e-06 5.64191377679e-06 7.46723854586e-06 5.47597529629e-06 8.62880889841e-06 7.79911600139e-06 6.96942260983e-06 6.96942260983e-06 8.62880889841e-06 9.45850228997e-06 9.62444077046e-06 9.45850228997e-06 6.80348412934e-06 8.96068684847e-06 6.47160667381e-06 8.29693193742e-06 7.63317752089e-06 7.46723854586e-06 8.46287041791e-06 7.96505448189e-06 7.13536158487e-06 8.29693193742e-06
