Example/niche_identity/models/RF/normalized_grids/coelestinus.asc
ncols        743
nrows        319
xllcorner    -74.500956448335
yllcorner    17.448920549066
cellsize     0.008333333333
NODATA_value  -9999
[rows 92 to 114 of 318, columns 550 to 599 of 743]
1.12781145435e-05 1.02711397949e-05 1.04725345045e-05 1.10767198338e-05 1.16809039627e-05 1.10767198338e-05 1.16809039627e-05 1.59101976668e-05 1.59101976668e-05 1.34934587503e-05 1.59101976668e-05 1.59101976668e-05 1.59101976668e-05 -9999 -9999 -9999 -9999 -9999 -9999 -9999 -9999 -9999 -9999 -9999 -9999 -9999 -9999 -9999 -9999 -9999 -9999 -9999 -9999 -9999 -9999 -9999 -9999 -9999 -9999 -9999 -9999 -9999 -9999 -9999 -9999 -9999 -9999 -9999 -9999 -9999
7.65300616873e-06 1.10767198338e-05 1.08753251242e-05 1.14795092531e-05 1.14795092531e-05 1.08753251242e-05 1.36948534599e-05 1.38962481696e-05 1.40976428792e-05 1.57088017567e-05 1.59101976668e-05 1.45004334989e-05 1.59101976668e-05 1.2889273421e-05 -9999 -9999 -9999 -9999 -9999 -9999 -9999 -9999 -9999 -9999 -9999 -9999 -9999 -9999 -9999 -9999 -9999 -9999 -9999 -9999 -9999 -9999 -9999 -9999 -9999 -9999 -9999 -9999 -9999 -9999 -9999 -9999 -9999 -9999 -9999 -9999
7.45161145909e-06 9.66695506574e-06 1.08753251242e-05 1.08753251242e-05 1.36948534599e-05 1.18822986724e-05 1.12781145435e-05 1.12781145435e-05 1.18822986724e-05 1.20836945824e-05 1.38962481696e-05 1.49032229182e-05 1.34934587503e-05 1.42990375889e-05 -9999 -9999 -9999 -9999 -9999 -9999 -9999 -9999 -9999 -9999 -9999 -9999 -9999 -9999 -9999 -9999 -9999 -9999 -9999 -9999 -9999 -9999 -9999 -9999 -9999 -9999 -9999 -9999 -9999 1.14795092531e-05 1.2889273421e-05 1.26878787113e-05 1.45004334989e-05 1.47018282085e-05 1.40976428792e-05 1.7118567125e-05
1.08753251242e-05 1.08753251242e-05 1.06739292141e-05 1.04725345045e-05 1.12781145435e-05 1.12781145435e-05 1.12781145435e-05 1.16809039627e-05 1.12781145435e-05 1.12781145435e-05 1.12781145435e-05 1.12781145435e-05 1.49032229182e-05 1.20836945824e-05 1.2889273421e-05 -9999 -9999 -9999 -9999 -9999 -9999 -9999 -9999 -9999 -9999 -9999 -9999 -9999 -9999 -9999 -9999 -9999 -9999 -9999 -9999 -9999 -9999 -9999 -9999 -9999 -9999 1.20836945824e-05 1.2889273421e-05 1.10767198338e-05 1.45004334989e-05 1.08753251242e-05 1.53060123375e-05 1.51046176278e-05 1.67157765053e-05 1.55074070471e-05
1.10767198338e-05 1.08753251242e-05 1.06739292141e-05 1.14795092531e-05 1.14795092531e-05 1.08753251242e-05 1.12781145435e-05 1.12781145435e-05 1.12781145435e-05 1.12781145435e-05 1.12781145435e-05 1.20836945824e-05 1.10767198338e-05 1.10767198338e-05 1.38962481696e-05 1.14795092531e-05 -9999 -9999 -9999 -9999 -9999 -9999 -9999 -9999 -9999 -9999 -9999 -9999 -9999 -9999 -9999 -9999 -9999 -9999 -9999 -9999 -9999 -9999 -9999 -9999 -9999 1.49032229182e-05 1.32920640407e-05 1.36948534599e-05 1.65143817957e-05 1.34934587503e-05 1.2889273421e-05 1.30906681306e-05 1.55074070471e-05 1.32920640407e-05
1.12781145435e-05 1.12781145435e-05 1.10767198338e-05 1.06739292141e-05 1.08753251242e-05 1.08753251242e-05 1.14795092531e-05 1.14795092531e-05 1.12781145435e-05 1.22850892921e-05 1.12781145435e-05 1.12781145435e-05 1.16809039627e-05 1.12781145435e-05 1.10767198338e-05 1.22850892921e-05 1.20836945824e-05 1.18822986724e-05 -9999 -9999 -9999 -9999 -9999 -9999 -9999 -9999 -9999 -9999 -9999 -9999 -9999 -9999 -9999 -9999 1.67157765053e-05 1.55074070471e-05 1.55074070471e-05 1.30906681306e-05 1.30906681306e-05 1.38962481696e-05 1.55074070471e-05 1.30906681306e-05 1.40976428792e-05 1.59101976668e-05 1.32920640407e-05 1.2889273421e-05 1.2889273421e-05 1.30906681306e-05 1.32920640407e-05 1.2889273421e-05
1.04725345045e-05 1.06739292141e-05 1.08753251242e-05 1.08753251242e-05 1.08753251242e-05 1.06739292141e-05 1.10767198338e-05 1.12781145435e-05 1.12781145435e-05 1.12781145435e-05 1.10767198338e-05 1.10767198338e-05 1.16809039627e-05 1.14795092531e-05 1.12781145435e-05 1.10767198338e-05 1.12781145435e-05 1.16809039627e-05 1.16809039627e-05 1.16809039627e-05 -9999 -9999 -9999 -9999 -9999 -9999 -9999 -9999 -9999 -9999 1.24864840017e-05 1.04725345045e-05 1.12781145435e-05 1.08753251242e-05 1.14795092531e-05 1.14795092531e-05 1.20836945824e-05 1.30906681306e-05 1.2889273421e-05 1.38962481696e-05 1.34934587503e-05 1.30906681306e-05 1.30906681306e-05 1.32920640407e-05 1.26878787113e-05 1.30906681306e-05 1.2889273421e-05 1.30906681306e-05 1.32920640407e-05 1.2889273421e-05
1.06739292141e-05 1.06739292141e-05 1.02711397949e-05 1.10767198338e-05 1.06739292141e-05 1.12781145435e-05 1.10767198338e-05 1.12781145435e-05 1.12781145435e-05 1.10767198338e-05 1.12781145435e-05 1.12781145435e-05 1.10767198338e-05 1.10767198338e-05 1.08753251242e-05 1.16809039627e-05 1.08753251242e-05 1.08753251242e-05 1.10767198338e-05 1.14795092531e-05 1.18822986724e-05 1.22850892921e-05 1.20836945824e-05 -9999 -9999 -9999 1.16809039627e-05 1.22850892921e-05 1.2889273421e-05 1.51046176278e-05 9.26416564646e-06 9.4655603561e-06 9.66695506574e-06 9.4655603561e-06 1.04725345045e-05 1.12781145435e-05 1.12781145435e-05 1.10767198338e-05 1.30906681306e-05 1.16809039627e-05 1.08753251242e-05 1.16809039627e-05 1.18822986724e-05 1.20836945824e-05 1.12781145435e-05 1.18822986724e-05 1.30906681306e-05 1.30906681306e-05 1.36948534599e-05 1.24864840017e-05
1.02711397949e-05 1.02711397949e-05 1.04725345045e-05 1.06739292141e-05 1.14795092531e-05 1.12781145435e-05 1.12781145435e-05 1.10767198338e-05 1.12781145435e-05 1.12781145435e-05 1.12781145435e-05 1.10767198338e-05 1.10767198338e-05 1.10767198338e-05 1.08753251242e-05 1.08753251242e-05 1.12781145435e-05 1.10767198338e-05 1.12781145435e-05 1.22850892921e-05 1.16809039627e-05 1.22850892921e-05 1.12781145435e-05 1.18822986724e-05 1.14795092531e-05 1.16809039627e-05 1.2889273421e-05 1.20836945824e-05 1.06739292141e-05 6.44463671049e-06 8.86137562698e-06 8.65998091734e-06 8.25719089785e-06 7.65300616873e-06 8.05579618822e-06 8.05579618822e-06 8.25719089785e-06 9.86835037558e-06 8.45858560749e-06 8.65998091734e-06 9.06277033662e-06 1.06739292141e-05 1.04725345045e-05 1.14795092531e-05 9.86835037558e-06 1.00697450852e-05 1.00697450852e-05 1.10767198338e-05 1.26878787113e-05 1.36948534599e-05
1.00697450852e-05 1.02711397949e-05 1.02711397949e-05 1.06739292141e-05 1.02711397949e-05 1.10767198338e-05 1.12781145435e-05 1.14795092531e-05 1.12781145435e-05 1.12781145435e-05 1.12781145435e-05 1.16809039627e-05 1.16809039627e-05 1.10767198338e-05 1.12781145435e-05 1.20836945824e-05 1.16809039627e-05 1.16809039627e-05 1.16809039627e-05 1.16809039627e-05 1.22850892921e-05 1.22850892921e-05 1.2889273421e-05 1.14795092531e-05 1.14795092531e-05 1.16809039627e-05 1.04725345045e-05 1.06739292141e-05 6.44463671049e-06 6.44463671049e-06 7.25021674945e-06 6.84742672997e-06 6.84742672997e-06 7.45161145909e-06 6.84742672997e-06 7.85440087837e-06 7.65300616873e-06 8.05579618822e-06 8.45858560749e-06 8.45858560749e-06 8.05579618822e-06 8.05579618822e-06 1.14795092531e-05 9.4655603561e-06 9.26416564646e-06 1.18822986724e-05 1.22850892921e-05 1.18822986724e-05 1.16809039627e-05 1.24864840017e-05
1.06739292141e-05 1.02711397949e-05 1.08753251242e-05 1.04725345045e-05 1.02711397949e-05 1.06739292141e-05 1.10767198338e-05 1.12781145435e-05 1.10767198338e-05 1.20836945824e-05 1.34934587503e-05 1.16809039627e-05 1.16809039627e-05 1.16809039627e-05 1.16809039627e-05 1.16809039627e-05 1.16809039627e-05 1.16809039627e-05 1.22850892921e-05 1.34934587503e-05 1.34934587503e-05 1.38962481696e-05 1.30906681306e-05 1.38962481696e-05 1.18822986724e-05 1.20836945824e-05 1.20836945824e-05 1.12781145435e-05 1.00697450852e-05 9.26416564646e-06 9.26416564646e-06 7.85440087837e-06 7.45161145909e-06 7.65300616873e-06 7.65300616873e-06 8.25719089785e-06 8.25719089785e-06 8.45858560749e-06 8.25719089785e-06 8.05579618822e-06 9.06277033662e-06 9.26416564646e-06 9.06277033662e-06 9.06277033662e-06 8.86137562698e-06 8.65998091734e-06 9.06277033662e-06 1.06739292141e-05 1.14795092531e-05 1.20836945824e-05
9.66695506574e-06 1.06739292141e-05 1.06739292141e-05 1.04725345045e-05 1.16809039627e-05 1.08753251242e-05 1.14795092531e-05 1.14795092531e-05 1.12781145435e-05 1.14795092531e-05 1.10767198338e-05 1.26878787113e-05 1.18822986724e-05 1.16809039627e-05 1.16809039627e-05 1.16809039627e-05 1.20836945824e-05 1.16809039627e-05 1.20836945824e-05 1.16809039627e-05 1.20836945824e-05 1.30906681306e-05 1.40976428792e-05 1.24864840017e-05 1.14795092531e-05 1.12781145435e-05 1.30906681306e-05 1.16809039627e-05 1.36948534599e-05 1.10767198338e-05 1.14795092531e-05 1.02711397949e-05 1.08753251242e-05 1.06739292141e-05 1.04725345045e-05 7.85440087837e-06 9.86835037558e-06 8.25719089785e-06 8.45858560749e-06 8.05579618822e-06 8.65998091734e-06 8.45858560749e-06 9.4655603561e-06 1.00697450852e-05 1.04725345045e-05 1.30906681306e-05 9.86835037558e-06 1.36948534599e-05 1.32920640407e-05 1.34934587503e-05
1.02711397949e-05 1.06739292141e-05 1.04725345045e-05 1.10767198338e-05 1.00697450852e-05 1.20836945824e-05 1.22850892921e-05 1.16809039627e-05 1.14795092531e-05 1.16809039627e-05 1.16809039627e-05 1.18822986724e-05 1.18822986724e-05 1.18822986724e-05 1.18822986724e-05 1.16809039627e-05 1.12781145435e-05 1.18822986724e-05 1.14795092531e-05 1.22850892921e-05 1.24864840017e-05 1.40976428792e-05 1.49032229182e-05 1.40976428792e-05 1.55074070471e-05 1.30906681306e-05 1.20836945824e-05 1.2889273421e-05 1.53060123375e-05 1.59101976668e-05 1.08753251242e-05 1.14795092531e-05 1.16809039627e-05 1.08753251242e-05 1.12781145435e-05 1.00697450852e-05 1.40976428792e-05 9.26416564646e-06 1.22850892921e-05 1.20836945824e-05 1.16809039627e-05 9.86835037558e-06 1.08753251242e-05 1.00697450852e-05 1.06739292141e-05 1.20836945824e-05 1.40976428792e-05 1.30906681306e-05 1.30906681306e-05 1.30906681306e-05
1.04725345045e-05 1.02711397949e-05 9.86835037558e-06 9.06277033662e-06 1.06739292141e-05 1.04725345045e-05 1.02711397949e-05 1.40976428792e-05 1.24864840017e-05 1.16809039627e-05 1.16809039627e-05 1.18822986724e-05 1.18822986724e-05 1.16809039627e-05 1.16809039627e-05 1.16809039627e-05 1.18822986724e-05 1.18822986724e-05 1.14795092531e-05 1.14795092531e-05 1.16809039627e-05 1.24864840017e-05 1.30906681306e-05 1.16809039627e-05 1.20836945824e-05 1.22850892921e-05 1.36948534599e-05 1.36948534599e-05 1.49032229182e-05 1.59101976668e-05 1.55074070471e-05 1.55074070471e-05 1.55074070471e-05 1.20836945824e-05 1.32920640407e-05 1.18822986724e-05 1.55074070471e-05 1.53060123375e-05 1.42990375889e-05 1.22850892921e-05 1.26878787113e-05 1.26878787113e-05 9.86835037558e-06 1.7118567125e-05 1.24864840017e-05 1.7118567125e-05 1.30906681306e-05 1.26878787113e-05 1.34934587503e-05 1.26878787113e-05
1.00697450852e-05 1.04725345045e-05 1.00697450852e-05 1.08753251242e-05 1.10767198338e-05 1.04725345045e-05 1.04725345045e-05 1.16809039627e-05 1.20836945824e-05 1.18822986724e-05 1.16809039627e-05 1.18822986724e-05 1.18822986724e-05 1.18822986724e-05 1.18822986724e-05 1.18822986724e-05 1.24864840017e-05 1.18822986724e-05 1.18822986724e-05 1.18822986724e-05 1.16809039627e-05 1.16809039627e-05 1.16809039627e-05 1.20836945824e-05 1.26878787113e-05 1.16809039627e-05 1.16809039627e-05 1.20836945824e-05 1.49032229182e-05 1.59101976668e-05 1.26878787113e-05 1.36948534599e-05 1.2889273421e-05 1.65143817957e-05 1.59101976668e-05 -9999 -9999 -9999 -9999 1.53060123375e-05 1.36948534599e-05 1.49032229182e-05 1.63129870861e-05 1.63129870861e-05 1.63129870861e-05 1.47018282085e-05 1.63129870861e-05 1.63129870861e-05 1.63129870861e-05 1.36948534599e-05
1.26878787113e-05 1.10767198338e-05 1.16809039627e-05 1.04725345045e-05 1.04725345045e-05 1.04725345045e-05 1.08753251242e-05 1.16809039627e-05 1.14795092531e-05 1.14795092531e-05 1.22850892921e-05 1.22850892921e-05 1.16809039627e-05 1.18822986724e-05 1.20836945824e-05 1.18822986724e-05 1.16809039627e-05 1.18822986724e-05 1.18822986724e-05 1.24864840017e-05 1.24864840017e-05 1.18822986724e-05 1.16809039627e-05 1.16809039627e-05 1.16809039627e-05 1.16809039627e-05 1.16809039627e-05 1.16809039627e-05 1.22850892921e-05 1.2889273421e-05 1.20836945824e-05 1.36948534599e-05 1.12781145435e-05 1.38962481696e-05 1.40976428792e-05 -9999 -9999 -9999 -9999 -9999 -9999 -9999 -9999 -9999 -9999 -9999 -9999 -9999 1.47018282085e-05 -9999
1.00697450852e-05 1.04725345045e-05 1.04725345045e-05 1.26878787113e-05 1.00697450852e-05 1.08753251242e-05 1.10767198338e-05 1.16809039627e-05 1.16809039627e-05 1.14795092531e-05 1.14795092531e-05 1.14795092531e-05 1.16809039627e-05 1.16809039627e-05 1.14795092531e-05 1.18822986724e-05 1.20836945824e-05 1.18822986724e-05 1.40976428792e-05 1.49032229182e-05 1.24864840017e-05 1.30906681306e-05 1.16809039627e-05 1.20836945824e-05 1.16809039627e-05 1.14795092531e-05 1.14795092531e-05 1.2889273421e-05 1.26878787113e-05 1.36948534599e-05 1.36948534599e-05 1.36948534599e-05 1.53060123375e-05 1.7118567125e-05 1.57088017567e-05 -9999 -9999 -9999 -9999 -9999 -9999 -9999 -9999 -9999 -9999 -9999 -9999 -9999 -9999 -9999
1.2889273421e-05 1.22850892921e-05 1.06739292141e-05 1.00697450852e-05 1.06739292141e-05 1.02711397949e-05 1.10767198338e-05 1.12781145435e-05 1.14795092531e-05 1.16809039627e-05 1.14795092531e-05 1.16809039627e-05 1.14795092531e-05 1.22850892921e-05 1.18822986724e-05 1.16809039627e-05 1.16809039627e-05 1.16809039627e-05 1.18822986724e-05 1.16809039627e-05 1.20836945824e-05 1.22850892921e-05 1.20836945824e-05 1.59101976668e-05 1.36948534599e-05 1.22850892921e-05 1.10767198338e-05 1.2889273421e-05 1.14795092531e-05 1.34934587503e-05 1.49032229182e-05 1.38962481696e-05 1.7118567125e-05 1.34934587503e-05 1.73199618347e-05 -9999 -9999 -9999 -9999 -9999 -9999 -9999 -9999 -9999 -9999 -9999 -9999 -9999 -9999 -9999
1.34934587503e-05 1.36948534599e-05 1.2889273421e-05 1.2889273421e-05 1.06739292141e-05 1.04725345045e-05 1.08753251242e-05 1.16809039627e-05 1.16809039627e-05 1.08753251242e-05 1.14795092531e-05 1.16809039627e-05 1.14795092531e-05 1.16809039627e-05 1.16809039627e-05 1.14795092531e-05 1.16809039627e-05 1.16809039627e-05 1.16809039627e-05 1.16809039627e-05 1.16809039627e-05 1.22850892921e-05 1.22850892921e-05 1.36948534599e-05 1.36948534599e-05 1.20836945824e-05 1.18822986724e-05 1.36948534599e-05 1.34934587503e-05 1.20836945824e-05 1.06739292141e-05 1.24864840017e-05 1.7722751254e-05 1.7118567125e-05 1.7118567125e-05 -9999 -9999 -9999 -9999 -9999 -9999 -9999 -9999 -9999 -9999 -9999 -9999 -9999 -9999 -9999
1.45004334989e-05 1.38962481696e-05 1.34934587503e-05 1.2889273421e-05 1.20836945824e-05 1.04725345045e-05 1.04725345045e-05 1.08753251242e-05 1.14795092531e-05 1.16809039627e-05 1.08753251242e-05 1.16809039627e-05 1.16809039627e-05 1.16809039627e-05 1.16809039627e-05 1.16809039627e-05 1.16809039627e-05 1.16809039627e-05 1.14795092531e-05 1.16809039627e-05 1.20836945824e-05 1.22850892921e-05 1.36948534599e-05 1.2889273421e-05 1.22850892921e-05 1.20836945824e-05 1.10767198338e-05 1.36948534599e-05 1.34934587503e-05 1.2889273421e-05 1.49032229182e-05 1.16809039627e-05 1.65143817957e-05 1.57088017567e-05 1.53060123375e-05 -9999 -9999 -9999 -9999 -9999 -9999 -9999 -9999 -9999 -9999 -9999 -9999 -9999 -9999 -9999
1.40976428792e-05 1.61115923764e-05 1.55074070471e-05 1.7118567125e-05 1.2889273421e-05 1.14795092531e-05 1.02711397949e-05 1.06739292141e-05 1.10767198338e-05 1.16809039627e-05 1.08753251242e-05 1.20836945824e-05 1.16809039627e-05 1.16809039627e-05 1.16809039627e-05 1.20836945824e-05 1.16809039627e-05 1.16809039627e-05 1.16809039627e-05 1.16809039627e-05 1.16809039627e-05 1.16809039627e-05 1.10767198338e-05 1.10767198338e-05 1.26878787113e-05 1.36948534599e-05 1.08753251242e-05 1.06739292141e-05 1.12781145435e-05 1.12781145435e-05 1.20836945824e-05 1.7118567125e-05 1.38962481696e-05 1.6917171215e-05 1.53060123375e-05 -9999 -9999 -9999 -9999 -9999 -9999 -9999 -9999 -9999 -9999 -9999 -9999 -9999 -9999 -9999
1.24864840017e-05 1.30906681306e-05 1.6917171215e-05 1.57088017567e-05 1.49032229182e-05 1.06739292141e-05 1.00697450852e-05 1.04725345045e-05 1.06739292141e-05 1.08753251242e-05 1.08753251242e-05 1.16809039627e-05 1.20836945824e-05 1.22850892921e-05 1.16809039627e-05 1.16809039627e-05 1.16809039627e-05 1.16809039627e-05 1.16809039627e-05 1.20836945824e-05 1.2889273421e-05 1.22850892921e-05 1.10767198338e-05 1.10767198338e-05 1.10767198338e-05 1.08753251242e-05 1.10767198338e-05 1.06739292141e-05 1.04725345045e-05 1.12781145435e-05 1.14795092531e-05 1.7118567125e-05 1.51046176278e-05 1.6917171215e-05 -9999 -9999 -9999 -9999 -9999 -9999 -9999 -9999 -9999 -9999 -9999 -9999 -9999 -9999 -9999 -9999
1.22850892921e-05 1.30906681306e-05 1.57088017567e-05 1.32920640407e-05 1.24864840017e-05 1.14795092531e-05 1.02711397949e-05 1.00697450852e-05 1.04725345045e-05 1.08753251242e-05 1.08753251242e-05 1.08753251242e-05 1.10767198338e-05 1.16809039627e-05 1.10767198338e-05 1.14795092531e-05 1.14795092531e-05 1.2889273421e-05 1.2889273421e-05 1.10767198338e-05 1.10767198338e-05 1.14795092531e-05 1.34934587503e-05 1.34934587503e-05 1.14795092531e-05 1.20836945824e-05 1.12781145435e-05 1.26878787113e-05 1.26878787113e-05 1.12781145435e-05 1.20836945824e-05 1.75213565443e-05 1.73199618347e-05 1.6917171215e-05 -9999 -9999 -9999 -9999 -9999 -9999 -9999 -9999 -9999 -9999 -9999 -9999 -9999 -9999 -9999 -9999
