Example/niche_identity/models/RF/normalized_grids/coelestinus_0.asc
ncols        743
nrows        319
xllcorner    -74.500956448335
yllcorner    17.448920549066
cellsize     0.008333333333
NODATA_value  -9999
[rows 23 to 45 of 318, columns 150 to 199 of 743]
-9999 -9999 -9999 -9999 -9999 -9999 -9999 6.07196440716e-06 8.80434800584e-06 6.22376337031e-06 6.67916071215e-06 7.28635701715e-06 6.22376337031e-06 5.76836602846e-06 7.134558054e-06 6.98275909085e-06 6.22376337031e-06 6.22376337031e-06 6.37556233346e-06 6.07196440716e-06 6.98275909085e-06 7.741754359e-06 7.4381564327e-06 7.58995539585e-06 5.76836602846e-06 7.741754359e-06 -9999 6.98275909085e-06 8.34895111639e-06 7.28635701715e-06 7.89355332215e-06 8.34895111639e-06 8.50075007954e-06 6.98275909085e-06 8.34895111639e-06 9.86694165268e-06 9.56334372638e-06 8.0453522853e-06 9.25974580008e-06 8.95614696899e-06 9.10794683693e-06 8.95614696899e-06 8.34895111639e-06 9.56334372638e-06 8.50075007954e-06 8.34895111639e-06 1.00187415206e-05 1.03223394469e-05 9.41154476323e-06 9.71514268953e-06
-9999 -9999 -9999 -9999 -9999 -9999 5.61656706531e-06 6.527361749e-06 6.37556233346e-06 6.527361749e-06 6.8309596753e-06 5.61656706531e-06 6.22376337031e-06 6.37556233346e-06 5.76836602846e-06 6.527361749e-06 5.61656706531e-06 6.07196440716e-06 6.67916071215e-06 6.67916071215e-06 7.28635701715e-06 6.07196440716e-06 7.741754359e-06 6.07196440716e-06 5.92016499161e-06 7.134558054e-06 7.134558054e-06 7.89355332215e-06 9.86694165268e-06 8.50075007954e-06 8.19715215324e-06 8.50075007954e-06 1.00187415206e-05 8.0453522853e-06 1.00187415206e-05 9.71514268953e-06 9.86694165268e-06 9.41154476323e-06 9.86694165268e-06 8.0453522853e-06 9.10794683693e-06 9.10794683693e-06 9.56334372638e-06 9.86694165268e-06 1.01705404838e-05 9.10794683693e-06 9.71514268953e-06 9.71514268953e-06 1.12331341306e-05 9.25974580008e-06
-9999 -9999 -9999 -9999 6.527361749e-06 6.07196440716e-06 8.0453522853e-06 6.8309596753e-06 8.0453522853e-06 7.28635701715e-06 6.37556233346e-06 6.07196440716e-06 6.98275909085e-06 6.8309596753e-06 6.37556233346e-06 6.37556233346e-06 6.37556233346e-06 6.22376337031e-06 5.61656706531e-06 5.46476810216e-06 6.22376337031e-06 7.134558054e-06 6.22376337031e-06 6.07196440716e-06 6.8309596753e-06 7.58995539585e-06 7.134558054e-06 7.58995539585e-06 8.0453522853e-06 8.19715215324e-06 7.134558054e-06 9.41154476323e-06 9.86694165268e-06 9.10794683693e-06 9.86694165268e-06 8.80434800584e-06 9.56334372638e-06 9.41154476323e-06 9.41154476323e-06 8.19715215324e-06 8.50075007954e-06 8.80434800584e-06 8.34895111639e-06 8.0453522853e-06 9.41154476323e-06 8.65254904269e-06 1.18403299832e-05 1.10813351675e-05 1.10813351675e-05 1.12331341306e-05
-9999 -9999 6.22376337031e-06 7.134558054e-06 7.28635701715e-06 6.8309596753e-06 6.98275909085e-06 8.80434800584e-06 7.89355332215e-06 7.58995539585e-06 7.28635701715e-06 6.527361749e-06 6.37556233346e-06 8.0453522853e-06 6.527361749e-06 6.37556233346e-06 7.28635701715e-06 7.28635701715e-06 6.37556233346e-06 5.92016499161e-06 7.28635701715e-06 6.527361749e-06 7.28635701715e-06 7.89355332215e-06 7.28635701715e-06 5.92016499161e-06 6.8309596753e-06 6.67916071215e-06 8.80434800584e-06 8.19715215324e-06 9.25974580008e-06 9.86694165268e-06 9.71514268953e-06 8.50075007954e-06 9.86694165268e-06 1.00187415206e-05 9.41154476323e-06 9.56334372638e-06 9.10794683693e-06 9.86694165268e-06 7.741754359e-06 8.34895111639e-06 8.80434800584e-06 8.50075007954e-06 9.41154476323e-06 1.01705404838e-05 9.86694165268e-06 1.21439288143e-05 1.00187415206e-05 1.10813351675e-05
-9999 6.98275909085e-06 7.28635701715e-06 7.134558054e-06 7.134558054e-06 8.50075007954e-06 8.95614696899e-06 5.31296868661e-06 6.37556233346e-06 1.00187415206e-05 5.92016499161e-06 5.92016499161e-06 6.527361749e-06 6.527361749e-06 6.22376337031e-06 5.76836602846e-06 6.07196440716e-06 7.58995539585e-06 6.527361749e-06 6.37556233346e-06 6.8309596753e-06 6.67916071215e-06 7.89355332215e-06 7.58995539585e-06 8.19715215324e-06 7.89355332215e-06 6.527361749e-06 7.134558054e-06 8.65254904269e-06 8.50075007954e-06 1.01705404838e-05 9.71514268953e-06 9.86694165268e-06 8.80434800584e-06 9.71514268953e-06 1.00187415206e-05 9.86694165268e-06 9.86694165268e-06 9.56334372638e-06 9.86694165268e-06 8.50075007954e-06 9.41154476323e-06 9.41154476323e-06 9.71514268953e-06 1.04741384101e-05 1.07777363364e-05 1.22957277775e-05 1.19921298512e-05 9.25974580008e-06 1.09295362043e-05
6.67916071215e-06 7.28635701715e-06 6.98275909085e-06 7.4381564327e-06 7.741754359e-06 7.134558054e-06 6.67916071215e-06 5.76836602846e-06 6.37556233346e-06 7.58995539585e-06 5.76836602846e-06 5.92016499161e-06 5.76836602846e-06 6.527361749e-06 6.67916071215e-06 6.8309596753e-06 7.58995539585e-06 7.4381564327e-06 8.0453522853e-06 7.134558054e-06 6.67916071215e-06 6.98275909085e-06 7.89355332215e-06 7.89355332215e-06 8.50075007954e-06 8.50075007954e-06 8.19715215324e-06 6.98275909085e-06 8.80434800584e-06 9.10794683693e-06 1.10813351675e-05 9.71514268953e-06 9.71514268953e-06 1.01705404838e-05 9.86694165268e-06 8.95614696899e-06 9.71514268953e-06 1.03223394469e-05 8.95614696899e-06 9.86694165268e-06 8.0453522853e-06 8.34895111639e-06 8.80434800584e-06 1.10813351675e-05 1.09295362043e-05 1.00187415206e-05 1.09295362043e-05 9.86694165268e-06 1.18403299832e-05 1.18403299832e-05
6.67916071215e-06 8.50075007954e-06 7.741754359e-06 8.65254904269e-06 6.67916071215e-06 6.67916071215e-06 6.22376337031e-06 6.527361749e-06 6.527361749e-06 6.37556233346e-06 7.28635701715e-06 6.07196440716e-06 6.8309596753e-06 6.527361749e-06 6.37556233346e-06 6.98275909085e-06 6.8309596753e-06 8.0453522853e-06 6.98275909085e-06 8.19715215324e-06 7.4381564327e-06 7.4381564327e-06 6.37556233346e-06 8.34895111639e-06 8.34895111639e-06 9.10794683693e-06 9.10794683693e-06 8.50075007954e-06 7.58995539585e-06 9.41154476323e-06 1.03223394469e-05 1.04741384101e-05 1.03223394469e-05 9.25974580008e-06 8.95614696899e-06 8.95614696899e-06 1.00187415206e-05 1.03223394469e-05 1.03223394469e-05 9.56334372638e-06 9.25974580008e-06 9.86694165268e-06 9.41154476323e-06 1.03223394469e-05 1.09295362043e-05 9.41154476323e-06 1.18403299832e-05 1.06259373732e-05 1.15367320569e-05 1.15367320569e-05
8.19715215324e-06 9.56334372638e-06 7.741754359e-06 6.37556233346e-06 6.527361749e-06 6.67916071215e-06 6.37556233346e-06 6.527361749e-06 6.37556233346e-06 6.07196440716e-06 6.67916071215e-06 7.58995539585e-06 6.37556233346e-06 5.61656706531e-06 7.89355332215e-06 7.28635701715e-06 7.4381564327e-06 7.4381564327e-06 8.50075007954e-06 8.95614696899e-06 7.58995539585e-06 7.4381564327e-06 7.134558054e-06 7.58995539585e-06 7.4381564327e-06 8.65254904269e-06 7.28635701715e-06 9.10794683693e-06 8.80434800584e-06 9.71514268953e-06 9.86694165268e-06 1.06259373732e-05 1.04741384101e-05 9.10794683693e-06 1.00187415206e-05 8.95614696899e-06 9.71514268953e-06 1.01705404838e-05 9.86694165268e-06 9.86694165268e-06 8.34895111639e-06 1.09295362043e-05 1.04741384101e-05 9.71514268953e-06 1.04741384101e-05 1.15367320569e-05 1.04741384101e-05 1.09295362043e-05 1.09295362043e-05 1.21439288143e-05
7.89355332215e-06 8.19715215324e-06 7.28635701715e-06 7.741754359e-06 7.28635701715e-06 6.527361749e-06 6.8309596753e-06 6.07196440716e-06 6.37556233346e-06 6.98275909085e-06 6.527361749e-06 6.527361749e-06 7.134558054e-06 6.527361749e-06 6.527361749e-06 6.8309596753e-06 6.98275909085e-06 7.89355332215e-06 8.80434800584e-06 8.0453522853e-06 6.8309596753e-06 7.134558054e-06 8.65254904269e-06 7.4381564327e-06 8.34895111639e-06 8.80434800584e-06 8.50075007954e-06 8.34895111639e-06 7.89355332215e-06 8.80434800584e-06 1.06259373732e-05 9.71514268953e-06 1.06259373732e-05 9.86694165268e-06 8.19715215324e-06 8.50075007954e-06 9.10794683693e-06 1.03223394469e-05 9.56334372638e-06 9.25974580008e-06 9.56334372638e-06 1.06259373732e-05 1.07777363364e-05 1.06259373732e-05 1.09295362043e-05 1.09295362043e-05 1.06259373732e-05 1.01705404838e-05 1.18403299832e-05 1.22957277775e-05
7.58995539585e-06 9.71514268953e-06 8.0453522853e-06 7.4381564327e-06 7.134558054e-06 7.89355332215e-06 7.58995539585e-06 7.134558054e-06 6.98275909085e-06 7.28635701715e-06 9.56334372638e-06 8.65254904269e-06 7.58995539585e-06 7.741754359e-06 7.134558054e-06 6.527361749e-06 7.4381564327e-06 6.8309596753e-06 6.98275909085e-06 6.98275909085e-06 8.19715215324e-06 7.134558054e-06 7.28635701715e-06 8.19715215324e-06 7.4381564327e-06 7.4381564327e-06 7.58995539585e-06 9.25974580008e-06 9.41154476323e-06 8.50075007954e-06 1.00187415206e-05 1.03223394469e-05 8.80434800584e-06 9.25974580008e-06 9.10794683693e-06 9.56334372638e-06 1.03223394469e-05 9.86694165268e-06 1.10813351675e-05 8.95614696899e-06 1.01705404838e-05 9.86694165268e-06 9.86694165268e-06 1.03223394469e-05 1.01705404838e-05 1.06259373732e-05 1.12331341306e-05 1.10813351675e-05 1.04741384101e-05 1.16885310201e-05
6.37556233346e-06 1.03223394469e-05 8.80434800584e-06 6.98275909085e-06 7.741754359e-06 6.67916071215e-06 6.98275909085e-06 7.28635701715e-06 7.134558054e-06 7.58995539585e-06 8.0453522853e-06 6.98275909085e-06 7.58995539585e-06 7.4381564327e-06 7.58995539585e-06 5.61656706531e-06 6.22376337031e-06 8.65254904269e-06 8.50075007954e-06 8.50075007954e-06 7.28635701715e-06 8.50075007954e-06 8.19715215324e-06 7.58995539585e-06 7.741754359e-06 5.76836602846e-06 7.58995539585e-06 8.95614696899e-06 9.25974580008e-06 1.03223394469e-05 9.10794683693e-06 9.25974580008e-06 8.65254904269e-06 9.25974580008e-06 9.25974580008e-06 9.71514268953e-06 9.86694165268e-06 1.04741384101e-05 9.86694165268e-06 9.71514268953e-06 9.56334372638e-06 9.86694165268e-06 9.86694165268e-06 1.06259373732e-05 1.06259373732e-05 1.04741384101e-05 1.06259373732e-05 1.15367320569e-05 1.15367320569e-05 1.16885310201e-05
6.37556233346e-06 1.04741384101e-05 8.65254904269e-06 7.58995539585e-06 7.741754359e-06 7.134558054e-06 8.0453522853e-06 8.0453522853e-06 7.4381564327e-06 6.8309596753e-06 7.134558054e-06 6.07196440716e-06 6.98275909085e-06 5.31296868661e-06 5.16116972346e-06 6.67916071215e-06 4.85757134477e-06 5.92016499161e-06 8.0453522853e-06 6.98275909085e-06 8.50075007954e-06 8.19715215324e-06 7.58995539585e-06 6.67916071215e-06 6.07196440716e-06 7.741754359e-06 7.89355332215e-06 7.741754359e-06 8.0453522853e-06 1.04741384101e-05 9.41154476323e-06 1.00187415206e-05 9.25974580008e-06 8.95614696899e-06 9.71514268953e-06 9.56334372638e-06 1.04741384101e-05 9.10794683693e-06 9.25974580008e-06 9.41154476323e-06 1.01705404838e-05 9.10794683693e-06 9.41154476323e-06 1.00187415206e-05 1.00187415206e-05 1.04741384101e-05 1.15367320569e-05 1.07777363364e-05 9.71514268953e-06 1.22957277775e-05
6.527361749e-06 8.50075007954e-06 9.56334372638e-06 7.741754359e-06 8.19715215324e-06 8.34895111639e-06 8.19715215324e-06 7.58995539585e-06 5.46476810216e-06 7.28635701715e-06 8.65254904269e-06 8.50075007954e-06 6.98275909085e-06 5.16116972346e-06 4.85757134477e-06 7.89355332215e-06 5.46476810216e-06 6.07196440716e-06 7.741754359e-06 7.741754359e-06 7.4381564327e-06 5.16116972346e-06 5.46476810216e-06 3.94677666107e-06 5.16116972346e-06 7.58995539585e-06 8.0453522853e-06 9.71514268953e-06 8.95614696899e-06 9.86694165268e-06 9.10794683693e-06 1.04741384101e-05 9.10794683693e-06 8.34895111639e-06 7.741754359e-06 9.71514268953e-06 9.56334372638e-06 1.01705404838e-05 9.56334372638e-06 9.56334372638e-06 8.19715215324e-06 9.56334372638e-06 6.98275909085e-06 8.80434800584e-06 9.41154476323e-06 1.03223394469e-05 1.01705404838e-05 1.18403299832e-05 1.19921298512e-05 1.18403299832e-05
6.8309596753e-06 7.741754359e-06 9.86694165268e-06 8.34895111639e-06 8.34895111639e-06 6.98275909085e-06 6.8309596753e-06 6.37556233346e-06 5.61656706531e-06 5.31296868661e-06 7.134558054e-06 5.46476810216e-06 4.85757134477e-06 7.28635701715e-06 4.40217400292e-06 6.527361749e-06 5.61656706531e-06 5.00937076031e-06 6.07196440716e-06 5.46476810216e-06 5.31296868661e-06 5.61656706531e-06 8.34895111639e-06 6.22376337031e-06 7.58995539585e-06 8.19715215324e-06 7.4381564327e-06 9.10794683693e-06 1.01705404838e-05 1.06259373732e-05 9.25974580008e-06 7.4381564327e-06 9.56334372638e-06 6.98275909085e-06 7.28635701715e-06 9.71514268953e-06 5.92016499161e-06 5.92016499161e-06 5.92016499161e-06 5.76836602846e-06 6.98275909085e-06 8.19715215324e-06 6.07196440716e-06 5.46476810216e-06 9.10794683693e-06 9.86694165268e-06 9.56334372638e-06 1.10813351675e-05 1.12331341306e-05 1.21439288143e-05
7.58995539585e-06 7.58995539585e-06 9.25974580008e-06 9.56334372638e-06 8.95614696899e-06 5.61656706531e-06 6.67916071215e-06 6.37556233346e-06 6.07196440716e-06 6.67916071215e-06 6.67916071215e-06 4.09857607662e-06 8.65254904269e-06 6.22376337031e-06 6.22376337031e-06 4.09857607662e-06 5.92016499161e-06 7.28635701715e-06 4.70577238162e-06 5.31296868661e-06 5.61656706531e-06 5.92016499161e-06 5.16116972346e-06 7.4381564327e-06 4.85757134477e-06 5.76836602846e-06 8.19715215324e-06 8.80434800584e-06 9.25974580008e-06 9.10794683693e-06 9.10794683693e-06 7.4381564327e-06 6.67916071215e-06 6.98275909085e-06 5.16116972346e-06 8.34895111639e-06 7.134558054e-06 7.58995539585e-06 5.46476810216e-06 5.76836602846e-06 5.61656706531e-06 4.85757134477e-06 5.92016499161e-06 7.28635701715e-06 9.25974580008e-06 9.25974580008e-06 1.01705404838e-05 9.86694165268e-06 1.09295362043e-05 1.04741384101e-05
5.76836602846e-06 6.8309596753e-06 7.58995539585e-06 6.67916071215e-06 7.28635701715e-06 5.31296868661e-06 7.28635701715e-06 6.37556233346e-06 6.22376337031e-06 5.16116972346e-06 1.06259373732e-05 9.41154476323e-06 4.40217400292e-06 7.134558054e-06 5.92016499161e-06 8.19715215324e-06 5.16116972346e-06 7.58995539585e-06 7.4381564327e-06 5.00937076031e-06 4.70577238162e-06 5.61656706531e-06 8.65254904269e-06 9.10794683693e-06 5.61656706531e-06 5.31296868661e-06 6.37556233346e-06 6.22376337031e-06 7.134558054e-06 9.25974580008e-06 6.8309596753e-06 6.07196440716e-06 6.67916071215e-06 6.527361749e-06 8.19715215324e-06 5.76836602846e-06 6.37556233346e-06 6.8309596753e-06 6.67916071215e-06 5.46476810216e-06 6.22376337031e-06 8.0453522853e-06 5.61656706531e-06 5.16116972346e-06 6.07196440716e-06 5.61656706531e-06 7.134558054e-06 1.06259373732e-05 1.06259373732e-05 8.65254904269e-06
4.85757134477e-06 6.527361749e-06 6.67916071215e-06 6.07196440716e-06 6.67916071215e-06 5.76836602846e-06 4.70577238162e-06 5.76836602846e-06 7.89355332215e-06 5.00937076031e-06 8.34895111639e-06 5.61656706531e-06 4.55397341847e-06 5.46476810216e-06 6.37556233346e-06 5.61656706531e-06 1.01705404838e-05 5.46476810216e-06 7.134558054e-06 6.8309596753e-06 7.741754359e-06 7.4381564327e-06 8.65254904269e-06 9.25974580008e-06 4.55397341847e-06 5.46476810216e-06 5.92016499161e-06 5.61656706531e-06 6.67916071215e-06 5.92016499161e-06 6.22376337031e-06 6.07196440716e-06 5.76836602846e-06 5.76836602846e-06 6.22376337031e-06 7.134558054e-06 5.61656706531e-06 5.92016499161e-06 5.92016499161e-06 5.92016499161e-06 5.76836602846e-06 6.37556233346e-06 7.58995539585e-06 5.61656706531e-06 6.527361749e-06 5.61656706531e-06 6.527361749e-06 8.19715215324e-06 1.06259373732e-05 6.527361749e-06
8.34895111639e-06 5.46476810216e-06 6.8309596753e-06 5.76836602846e-06 5.76836602846e-06 7.134558054e-06 5.76836602846e-06 5.92016499161e-06 4.70577238162e-06 8.50075007954e-06 8.0453522853e-06 1.01705404838e-05 8.0453522853e-06 6.67916071215e-06 5.46476810216e-06 5.76836602846e-06 1.03223394469e-05 7.28635701715e-06 8.19715215324e-06 7.58995539585e-06 7.741754359e-06 7.4381564327e-06 1.06259373732e-05 8.80434800584e-06 5.92016499161e-06 5.31296868661e-06 5.00937076031e-06 6.37556233346e-06 5.76836602846e-06 5.61656706531e-06 5.16116972346e-06 6.527361749e-06 8.0453522853e-06 7.4381564327e-06 7.89355332215e-06 8.50075007954e-06 7.4381564327e-06 8.50075007954e-06 9.10794683693e-06 8.80434800584e-06 5.16116972346e-06 5.76836602846e-06 7.89355332215e-06 6.8309596753e-06 5.31296868661e-06 5.92016499161e-06 8.0453522853e-06 6.07196440716e-06 6.527361749e-06 8.95614696899e-06
8.19715215324e-06 6.37556233346e-06 6.22376337031e-06 6.67916071215e-06 7.58995539585e-06 8.50075007954e-06 4.70577238162e-06 7.89355332215e-06 8.65254904269e-06 8.19715215324e-06 1.00187415206e-05 9.41154476323e-06 8.0453522853e-06 5.46476810216e-06 5.76836602846e-06 4.85757134477e-06 5.61656706531e-06 1.06259373732e-05 7.741754359e-06 8.50075007954e-06 8.50075007954e-06 9.41154476323e-06 9.41154476323e-06 9.25974580008e-06 5.16116972346e-06 5.31296868661e-06 6.07196440716e-06 7.28635701715e-06 6.8309596753e-06 5.46476810216e-06 5.31296868661e-06 5.46476810216e-06 6.67916071215e-06 8.80434800584e-06 6.98275909085e-06 9.56334372638e-06 9.56334372638e-06 1.06259373732e-05 8.19715215324e-06 7.741754359e-06 8.50075007954e-06 8.65254904269e-06 7.89355332215e-06 7.89355332215e-06 8.34895111639e-06 8.34895111639e-06 7.741754359e-06 9.56334372638e-06 5.46476810216e-06 6.37556233346e-06
5.00937076031e-06 5.16116972346e-06 7.4381564327e-06 6.8309596753e-06 9.41154476323e-06 8.50075007954e-06 9.56334372638e-06 8.80434800584e-06 9.10794683693e-06 8.34895111639e-06 9.71514268953e-06 8.50075007954e-06 7.4381564327e-06 4.85757134477e-06 5.00937076031e-06 5.92016499161e-06 5.61656706531e-06 6.22376337031e-06 8.34895111639e-06 8.50075007954e-06 8.0453522853e-06 9.10794683693e-06 9.71514268953e-06 1.00187415206e-05 6.22376337031e-06 5.61656706531e-06 6.527361749e-06 6.67916071215e-06 6.527361749e-06 5.61656706531e-06 5.61656706531e-06 8.34895111639e-06 7.741754359e-06 9.25974580008e-06 9.56334372638e-06 9.41154476323e-06 1.00187415206e-05 9.71514268953e-06 1.03223394469e-05 1.07777363364e-05 9.56334372638e-06 8.95614696899e-06 8.34895111639e-06 8.19715215324e-06 1.10813351675e-05 9.41154476323e-06 1.07777363364e-05 8.95614696899e-06 1.24475267406e-05 5.46476810216e-06
8.65254904269e-06 6.527361749e-06 7.58995539585e-06 5.61656706531e-06 5.16116972346e-06 1.01705404838e-05 7.28635701715e-06 9.25974580008e-06 8.34895111639e-06 8.80434800584e-06 7.741754359e-06 8.34895111639e-06 9.25974580008e-06 6.67916071215e-06 5.46476810216e-06 5.76836602846e-06 5.16116972346e-06 4.55397341847e-06 8.50075007954e-06 7.28635701715e-06 9.10794683693e-06 8.80434800584e-06 1.03223394469e-05 1.03223394469e-05 6.07196440716e-06 5.92016499161e-06 7.4381564327e-06 7.4381564327e-06 5.61656706531e-06 5.31296868661e-06 8.50075007954e-06 8.50075007954e-06 9.71514268953e-06 1.06259373732e-05 9.41154476323e-06 1.01705404838e-05 1.03223394469e-05 1.10813351675e-05 1.19921298512e-05 1.06259373732e-05 1.01705404838e-05 1.04741384101e-05 1.16885310201e-05 8.65254904269e-06 9.71514268953e-06 1.09295362043e-05 1.12331341306e-05 1.24475267406e-05 1.10813351675e-05 9.25974580008e-06
8.34895111639e-06 7.741754359e-06 9.86694165268e-06 1.06259373732e-05 7.28635701715e-06 5.16116972346e-06 6.527361749e-06 6.07196440716e-06 6.07196440716e-06 6.22376337031e-06 9.10794683693e-06 5.92016499161e-06 8.34895111639e-06 7.741754359e-06 5.00937076031e-06 6.527361749e-06 6.8309596753e-06 6.22376337031e-06 7.741754359e-06 8.80434800584e-06 8.65254904269e-06 7.58995539585e-06 8.80434800584e-06 8.80434800584e-06 5.31296868661e-06 6.8309596753e-06 8.34895111639e-06 7.58995539585e-06 7.28635701715e-06 6.67916071215e-06 7.28635701715e-06 9.56334372638e-06 1.13849330938e-05 1.12331341306e-05 1.07777363364e-05 9.10794683693e-06 9.25974580008e-06 1.10813351675e-05 1.13849330938e-05 1.18403299832e-05 9.86694165268e-06 1.15367320569e-05 1.09295362043e-05 1.09295362043e-05 1.15367320569e-05 1.15367320569e-05 1.06259373732e-05 1.22957277775e-05 1.21439288143e-05 1.18403299832e-05
6.8309596753e-06 6.67916071215e-06 8.50075007954e-06 7.741754359e-06 1.04741384101e-05 9.10794683693e-06 6.22376337031e-06 5.16116972346e-06 5.31296868661e-06 5.61656706531e-06 5.00937076031e-06 4.55397341847e-06 4.85757134477e-06 5.92016499161e-06 5.31296868661e-06 5.61656706531e-06 6.98275909085e-06 6.527361749e-06 5.46476810216e-06 5.31296868661e-06 5.16116972346e-06 6.527361749e-06 6.8309596753e-06 8.34895111639e-06 7.28635701715e-06 7.134558054e-06 8.80434800584e-06 7.4381564327e-06 6.98275909085e-06 7.28635701715e-06 7.28635701715e-06 9.71514268953e-06 1.03223394469e-05 1.15367320569e-05 1.01705404838e-05 9.10794683693e-06 1.06259373732e-05 1.09295362043e-05 1.12331341306e-05 1.24475267406e-05 1.19921298512e-05 1.19921298512e-05 1.24475267406e-05 1.19921298512e-05 1.06259373732e-05 1.16885310201e-05 1.07777363364e-05 1.12331341306e-05 1.25993257038e-05 1.21439288143e-05
