ExampleFiles/niche_background/models/ENFA/normalized_grids/Anolis_chlorocyanus_1.asc
ncols        743
nrows        319
xllcorner    -74.500956448335
yllcorner    17.448920549066
cellsize     0.008333333333
NODATA_value  -9999
[rows 69 to 91 of 318, columns 520 to 571 of 743]
1.08424329456e-05 1.07420400479e-05 1.11436116385e-05 1.07420400479e-05 7.52946732332e-06 8.23221760683e-06 1.11436116385e-05 8.6337891974e-06 7.02750283509e-06 6.32475255159e-06 6.02357385865e-06 7.52946732332e-06 6.42514544923e-06 6.1239667563e-06 6.1239667563e-06 7.12789573274e-06 6.02357385865e-06 5.52160937043e-06 4.81885908692e-06 5.32082357514e-06 3.91532300812e-06 4.91925198457e-06 4.91925198457e-06 4.3168945987e-06 3.11217982697e-06 2.81100113404e-06 3.91532300812e-06 2.50982244111e-06 4.41728749635e-06 4.01571590577e-06 3.51375141755e-06 2.50982244111e-06 2.81100113404e-06 -9999 -9999 -9999 -9999 -9999 -9999 -9999 -9999 -9999 -9999 -9999 -9999 -9999 -9999 -9999 -9999 -9999 -9999 -9999
6.1239667563e-06 1.05412542526e-05 1.16455761267e-05 1.03404684574e-05 1.02400755597e-05 1.08424329456e-05 1.12440045362e-05 1.10432187409e-05 7.93103891389e-06 7.42907442567e-06 7.12789573274e-06 6.32475255159e-06 7.52946732332e-06 7.12789573274e-06 6.1239667563e-06 6.02357385865e-06 5.32082357514e-06 4.61807329163e-06 5.12003777985e-06 4.91925198457e-06 4.41728749635e-06 3.91532300812e-06 3.51375141755e-06 4.81885908692e-06 5.32082357514e-06 4.61807329163e-06 4.41728749635e-06 2.91139403168e-06 1.50589346466e-06 3.71453721284e-06 2.91139403168e-06 2.50982244111e-06 2.50982244111e-06 2.81100113404e-06 -9999 -9999 -9999 -9999 -9999 -9999 -9999 -9999 -9999 -9999 -9999 -9999 -9999 -9999 -9999 -9999 -9999 -9999
1.01396826621e-05 1.17459690244e-05 1.29506837961e-05 1.11436116385e-05 1.11436116385e-05 7.42907442567e-06 9.43693237856e-06 1.08424329456e-05 8.33261050447e-06 6.52553834687e-06 8.03143181154e-06 7.42907442567e-06 7.12789573274e-06 5.32082357514e-06 6.52553834687e-06 6.1239667563e-06 7.62986022096e-06 7.52946732332e-06 6.52553834687e-06 5.32082357514e-06 5.62200226808e-06 4.41728749635e-06 4.61807329163e-06 3.71453721284e-06 4.61807329163e-06 4.61807329163e-06 4.3168945987e-06 2.91139403168e-06 2.50982244111e-06 1.50589346466e-06 1.90746505524e-06 2.50982244111e-06 2.40942954346e-06 2.50982244111e-06 2.81100113404e-06 -9999 -9999 -9999 -9999 -9999 -9999 -9999 -9999 -9999 -9999 -9999 -9999 -9999 -9999 -9999 -9999 -9999
1.08424329456e-05 1.06416471503e-05 1.1846361922e-05 1.11436116385e-05 1.02400755597e-05 1.10432187409e-05 1.02400755597e-05 1.03404684574e-05 7.62986022096e-06 8.53339629976e-06 7.12789573274e-06 7.12789573274e-06 6.32475255159e-06 6.1239667563e-06 6.1239667563e-06 7.02750283509e-06 6.52553834687e-06 7.02750283509e-06 5.92318096101e-06 5.42121647279e-06 6.1239667563e-06 4.41728749635e-06 4.61807329163e-06 3.4133585199e-06 4.41728749635e-06 5.12003777985e-06 3.01178692933e-06 2.91139403168e-06 2.71060823639e-06 2.61021533875e-06 2.10825085053e-06 2.40942954346e-06 2.50982244111e-06 2.50982244111e-06 2.20864374817e-06 -9999 -9999 -9999 -9999 -9999 -9999 -9999 -9999 -9999 -9999 -9999 -9999 -9999 -9999 -9999 -9999 -9999
1.1846361922e-05 1.36534340796e-05 1.37538269773e-05 1.23483264102e-05 1.36534340796e-05 1.43561843631e-05 1.16455761267e-05 1.08424329456e-05 8.03143181154e-06 8.03143181154e-06 8.93496789033e-06 7.62986022096e-06 6.1239667563e-06 7.12789573274e-06 7.52946732332e-06 7.62986022096e-06 7.62986022096e-06 8.03143181154e-06 7.12789573274e-06 5.92318096101e-06 5.72239516572e-06 5.32082357514e-06 4.41728749635e-06 5.32082357514e-06 4.41728749635e-06 3.51375141755e-06 2.81100113404e-06 2.61021533875e-06 3.51375141755e-06 4.41728749635e-06 2.50982244111e-06 2.20864374817e-06 2.50982244111e-06 2.50982244111e-06 2.50982244111e-06 -9999 -9999 -9999 -9999 -9999 -9999 -9999 -9999 -9999 -9999 -9999 -9999 -9999 -9999 -9999 -9999 -9999
1.30510766937e-05 1.29506837961e-05 1.30510766937e-05 1.34526482843e-05 1.15451832291e-05 1.48581488513e-05 1.3553041182e-05 1.06416471503e-05 8.73418209505e-06 1.06416471503e-05 8.93496789033e-06 7.42907442567e-06 7.02750283509e-06 7.12789573274e-06 8.33261050447e-06 8.43300340211e-06 7.7302531186e-06 7.32868152803e-06 6.02357385865e-06 6.1239667563e-06 6.1239667563e-06 4.41728749635e-06 4.61807329163e-06 4.11610880341e-06 4.3168945987e-06 3.51375141755e-06 4.01571590577e-06 2.50982244111e-06 2.50982244111e-06 2.30903664582e-06 2.30903664582e-06 2.40942954346e-06 2.50982244111e-06 2.61021533875e-06 2.50982244111e-06 -9999 -9999 -9999 -9999 -9999 -9999 -9999 -9999 -9999 -9999 -9999 -9999 -9999 -9999 -9999 -9999 -9999
1.34526482843e-05 1.40550056702e-05 1.36534340796e-05 1.51593275443e-05 1.41553985678e-05 1.48581488513e-05 1.40550056702e-05 1.30510766937e-05 1.08424329456e-05 1.11436116385e-05 8.6337891974e-06 9.63771817384e-06 9.93889686678e-06 8.33261050447e-06 8.23221760683e-06 8.03143181154e-06 8.43300340211e-06 6.1239667563e-06 6.1239667563e-06 5.92318096101e-06 4.61807329163e-06 4.41728749635e-06 4.3168945987e-06 4.41728749635e-06 4.41728749635e-06 3.91532300812e-06 3.81493011048e-06 2.81100113404e-06 2.71060823639e-06 2.50982244111e-06 2.20864374817e-06 2.50982244111e-06 2.50982244111e-06 2.50982244111e-06 2.50982244111e-06 -9999 -9999 -9999 -9999 -9999 -9999 -9999 -9999 -9999 -9999 -9999 -9999 -9999 -9999 -9999 -9999 -9999
1.36534340796e-05 1.46573630561e-05 1.46573630561e-05 1.54605062372e-05 1.54605062372e-05 1.51593275443e-05 1.40550056702e-05 1.22479335126e-05 1.21475406149e-05 1.21475406149e-05 1.08424329456e-05 7.93103891389e-06 9.23614658327e-06 7.62986022096e-06 9.13575368562e-06 6.52553834687e-06 8.03143181154e-06 5.92318096101e-06 4.61807329163e-06 7.7302531186e-06 5.92318096101e-06 5.92318096101e-06 5.12003777985e-06 4.61807329163e-06 4.41728749635e-06 4.21650170106e-06 3.51375141755e-06 3.01178692933e-06 2.71060823639e-06 2.20864374817e-06 2.71060823639e-06 2.20864374817e-06 2.20864374817e-06 2.71060823639e-06 2.50982244111e-06 -9999 -9999 -9999 -9999 -9999 -9999 -9999 -9999 -9999 -9999 -9999 -9999 -9999 -9999 -9999 -9999 -9999
1.43561843631e-05 1.46573630561e-05 1.51593275443e-05 1.55608991349e-05 1.59624707254e-05 1.51593275443e-05 1.51593275443e-05 1.3553041182e-05 1.3553041182e-05 1.42557914655e-05 1.06416471503e-05 8.53339629976e-06 9.13575368562e-06 9.93889686678e-06 9.23614658327e-06 8.83457499269e-06 8.33261050447e-06 7.62986022096e-06 7.12789573274e-06 7.7302531186e-06 6.1239667563e-06 6.62593124452e-06 5.92318096101e-06 5.32082357514e-06 5.2204306775e-06 3.91532300812e-06 4.11610880341e-06 4.41728749635e-06 2.71060823639e-06 2.30903664582e-06 2.20864374817e-06 2.50982244111e-06 1.90746505524e-06 1.90746505524e-06 2.50982244111e-06 -9999 -9999 -9999 -9999 -9999 -9999 -9999 -9999 -9999 -9999 -9999 -9999 -9999 -9999 -9999 -9999 -9999
1.40550056702e-05 1.43561843631e-05 1.57616849301e-05 1.60628636231e-05 1.6364042316e-05 1.46573630561e-05 1.60628636231e-05 1.65648281113e-05 1.36534340796e-05 1.3553041182e-05 1.27498980008e-05 1.12440045362e-05 1.03404684574e-05 1.07420400479e-05 8.93496789033e-06 7.62986022096e-06 9.63771817384e-06 9.13575368562e-06 7.93103891389e-06 7.12789573274e-06 5.72239516572e-06 6.02357385865e-06 6.52553834687e-06 4.61807329163e-06 5.32082357514e-06 4.3168945987e-06 3.91532300812e-06 3.4133585199e-06 2.81100113404e-06 3.91532300812e-06 2.20864374817e-06 1.8070721576e-06 1.8070721576e-06 1.50589346466e-06 1.60628636231e-06 -9999 -9999 -9999 -9999 -9999 -9999 -9999 -9999 -9999 -9999 -9999 -9999 -9999 -9999 -9999 -9999 -9999
1.56612920325e-05 1.55608991349e-05 1.46573630561e-05 1.65648281113e-05 1.65648281113e-05 1.67656139066e-05 1.69663997019e-05 1.65648281113e-05 1.16455761267e-05 1.16455761267e-05 1.08424329456e-05 1.08424329456e-05 1.08424329456e-05 1.08424329456e-05 9.03536078798e-06 8.93496789033e-06 1.01396826621e-05 1.00392897644e-05 7.02750283509e-06 6.1239667563e-06 8.53339629976e-06 6.1239667563e-06 5.32082357514e-06 5.32082357514e-06 4.61807329163e-06 3.91532300812e-06 4.3168945987e-06 2.81100113404e-06 3.91532300812e-06 2.91139403168e-06 2.50982244111e-06 1.60628636231e-06 1.60628636231e-06 1.50589346466e-06 1.30510766937e-06 -9999 -9999 -9999 -9999 -9999 -9999 -9999 -9999 -9999 -9999 -9999 -9999 -9999 -9999 -9999 -9999 -9999
1.60628636231e-05 1.65648281113e-05 1.56612920325e-05 1.55608991349e-05 1.67656139066e-05 1.69663997019e-05 1.46573630561e-05 1.40550056702e-05 1.34526482843e-05 1.13443974338e-05 1.16455761267e-05 1.29506837961e-05 1.30510766937e-05 1.01396826621e-05 9.03536078798e-06 9.43693237856e-06 7.7302531186e-06 7.62986022096e-06 7.52946732332e-06 6.52553834687e-06 8.03143181154e-06 6.02357385865e-06 7.02750283509e-06 6.1239667563e-06 5.62200226808e-06 4.01571590577e-06 3.71453721284e-06 3.91532300812e-06 2.71060823639e-06 3.51375141755e-06 2.71060823639e-06 2.20864374817e-06 2.30903664582e-06 1.50589346466e-06 1.50589346466e-06 1.30510766937e-06 -9999 -9999 -9999 -9999 -9999 -9999 -9999 -9999 -9999 -9999 -9999 -9999 -9999 -9999 -9999 -9999
1.36534340796e-05 1.65648281113e-05 1.65648281113e-05 1.67656139066e-05 1.46573630561e-05 1.43561843631e-05 1.67656139066e-05 1.56612920325e-05 1.36534340796e-05 1.13443974338e-05 1.15451832291e-05 1.54605062372e-05 1.36534340796e-05 1.34526482843e-05 1.11436116385e-05 9.13575368562e-06 1.00392897644e-05 7.42907442567e-06 7.7302531186e-06 8.53339629976e-06 5.32082357514e-06 6.1239667563e-06 6.02357385865e-06 5.32082357514e-06 7.12789573274e-06 4.61807329163e-06 4.3168945987e-06 3.51375141755e-06 2.91139403168e-06 2.61021533875e-06 2.50982244111e-06 2.40942954346e-06 2.71060823639e-06 2.40942954346e-06 1.30510766937e-06 1.00392897644e-06 -9999 -9999 -9999 -9999 -9999 -9999 -9999 -9999 -9999 -9999 -9999 -9999 -9999 -9999 -9999 -9999
1.51593275443e-05 1.55608991349e-05 1.55608991349e-05 1.60628636231e-05 1.65648281113e-05 1.75687570877e-05 1.69663997019e-05 1.51593275443e-05 1.42557914655e-05 1.3251862489e-05 1.31514695914e-05 1.56612920325e-05 1.51593275443e-05 1.36534340796e-05 1.08424329456e-05 1.11436116385e-05 9.03536078798e-06 8.13182470918e-06 7.52946732332e-06 8.03143181154e-06 7.42907442567e-06 5.92318096101e-06 5.92318096101e-06 6.02357385865e-06 5.32082357514e-06 5.32082357514e-06 4.41728749635e-06 4.3168945987e-06 2.61021533875e-06 3.91532300812e-06 3.61414431519e-06 3.01178692933e-06 2.91139403168e-06 2.50982244111e-06 1.30510766937e-06 1.10432187409e-06 1.30510766937e-06 -9999 -9999 -9999 -9999 -9999 -9999 -9999 -9999 -9999 -9999 -9999 -9999 -9999 -9999 -9999
1.36534340796e-05 1.54605062372e-05 1.27498980008e-05 1.71671854972e-05 1.65648281113e-05 1.7769542883e-05 1.73679712924e-05 1.65648281113e-05 1.56612920325e-05 1.43561843631e-05 1.46573630561e-05 1.67656139066e-05 1.67656139066e-05 1.65648281113e-05 1.34526482843e-05 1.16455761267e-05 1.08424329456e-05 1.11436116385e-05 1.08424329456e-05 8.83457499269e-06 7.22828863038e-06 7.42907442567e-06 6.1239667563e-06 5.92318096101e-06 6.22435965394e-06 5.32082357514e-06 5.12003777985e-06 4.3168945987e-06 4.41728749635e-06 3.51375141755e-06 4.3168945987e-06 2.50982244111e-06 2.61021533875e-06 3.01178692933e-06 2.40942954346e-06 1.50589346466e-06 1.60628636231e-06 -9999 -9999 -9999 -9999 -9999 -9999 -9999 -9999 -9999 -9999 -9999 -9999 -9999 -9999 -9999
1.51593275443e-05 1.60628636231e-05 1.51593275443e-05 1.72675783948e-05 1.65648281113e-05 1.81711144736e-05 1.79703286783e-05 1.83719002689e-05 1.68660068042e-05 1.65648281113e-05 1.54605062372e-05 1.67656139066e-05 1.67656139066e-05 1.67656139066e-05 1.36534340796e-05 1.34526482843e-05 1.13443974338e-05 1.10432187409e-05 1.12440045362e-05 8.33261050447e-06 7.62986022096e-06 7.22828863038e-06 5.32082357514e-06 5.62200226808e-06 7.12789573274e-06 7.12789573274e-06 7.62986022096e-06 5.72239516572e-06 4.61807329163e-06 3.11217982697e-06 2.50982244111e-06 2.50982244111e-06 1.90746505524e-06 2.50982244111e-06 2.10825085053e-06 2.40942954346e-06 1.60628636231e-06 1.00392897644e-06 -9999 -9999 -9999 -9999 -9999 -9999 -9999 -9999 -9999 -9999 -9999 -9999 -9999 -9999
1.22479335126e-05 1.47577559537e-05 1.55608991349e-05 1.69663997019e-05 1.47577559537e-05 1.51593275443e-05 1.4958541749e-05 1.87734718595e-05 1.79703286783e-05 1.72675783948e-05 1.65648281113e-05 1.65648281113e-05 1.60628636231e-05 1.65648281113e-05 1.58620778278e-05 1.60628636231e-05 1.29506837961e-05 1.38542198749e-05 1.22479335126e-05 1.11436116385e-05 1.06416471503e-05 7.02750283509e-06 7.42907442567e-06 5.32082357514e-06 5.32082357514e-06 5.62200226808e-06 7.02750283509e-06 5.72239516572e-06 6.92710993745e-06 5.32082357514e-06 4.41728749635e-06 2.71060823639e-06 1.90746505524e-06 2.50982244111e-06 2.50982244111e-06 2.81100113404e-06 1.60628636231e-06 1.40550056702e-06 -9999 -9999 -9999 -9999 -9999 -9999 -9999 -9999 -9999 -9999 -9999 -9999 -9999 -9999
1.31514695914e-05 1.21475406149e-05 1.36534340796e-05 1.6364042316e-05 1.46573630561e-05 1.29506837961e-05 1.43561843631e-05 1.67656139066e-05 1.87734718595e-05 1.75687570877e-05 1.7769542883e-05 1.67656139066e-05 1.56612920325e-05 1.60628636231e-05 1.65648281113e-05 1.70667925995e-05 1.40550056702e-05 1.15451832291e-05 1.30510766937e-05 1.01396826621e-05 1.03404684574e-05 1.02400755597e-05 7.93103891389e-06 5.32082357514e-06 6.1239667563e-06 5.52160937043e-06 5.32082357514e-06 5.42121647279e-06 6.1239667563e-06 8.23221760683e-06 5.62200226808e-06 5.32082357514e-06 5.12003777985e-06 5.52160937043e-06 2.71060823639e-06 2.50982244111e-06 1.90746505524e-06 1.30510766937e-06 9.03536078798e-07 -9999 -9999 -9999 -9999 -9999 -9999 -9999 -9999 -9999 -9999 -9999 -9999 -9999
9.63771817384e-06 6.1239667563e-06 9.23614658327e-06 1.48581488513e-05 1.65648281113e-05 1.3251862489e-05 1.43561843631e-05 1.67656139066e-05 1.87734718595e-05 1.88738647571e-05 1.73679712924e-05 1.71671854972e-05 1.75687570877e-05 1.65648281113e-05 1.65648281113e-05 1.65648281113e-05 1.67656139066e-05 1.40550056702e-05 1.12440045362e-05 1.29506837961e-05 1.11436116385e-05 1.08424329456e-05 7.12789573274e-06 8.13182470918e-06 9.13575368562e-06 8.53339629976e-06 6.1239667563e-06 9.83850396913e-06 6.22435965394e-06 4.41728749635e-06 5.92318096101e-06 5.12003777985e-06 4.41728749635e-06 5.32082357514e-06 6.32475255159e-06 2.81100113404e-06 1.90746505524e-06 1.00392897644e-06 1.00392897644e-06 -9999 -9999 -9999 -9999 -9999 -9999 -9999 -9999 -9999 -9999 -9999 -9999 -9999
4.61807329163e-06 3.31296562226e-06 7.93103891389e-06 1.08424329456e-05 1.16455761267e-05 1.54605062372e-05 1.13443974338e-05 1.41553985678e-05 1.84722931665e-05 1.84722931665e-05 1.89742576548e-05 1.84722931665e-05 1.69663997019e-05 1.67656139066e-05 1.65648281113e-05 1.54605062372e-05 1.55608991349e-05 1.66652210089e-05 1.30510766937e-05 1.29506837961e-05 1.12440045362e-05 9.63771817384e-06 1.01396826621e-05 9.33653948091e-06 1.11436116385e-05 7.7302531186e-06 6.02357385865e-06 1.23483264102e-05 7.12789573274e-06 4.81885908692e-06 4.91925198457e-06 5.52160937043e-06 5.92318096101e-06 6.1239667563e-06 5.32082357514e-06 5.32082357514e-06 1.60628636231e-06 1.30510766937e-06 1.00392897644e-06 -9999 -9999 -9999 -9999 -9999 -9999 -9999 -9999 -9999 -9999 -9999 -9999 -9999
7.42907442567e-06 4.41728749635e-06 5.32082357514e-06 5.32082357514e-06 7.7302531186e-06 1.0440861355e-05 1.03404684574e-05 1.08424329456e-05 1.51593275443e-05 1.23483264102e-05 1.88738647571e-05 1.87734718595e-05 1.81711144736e-05 1.69663997019e-05 1.60628636231e-05 1.47577559537e-05 1.51593275443e-05 1.48581488513e-05 1.75687570877e-05 1.15451832291e-05 1.12440045362e-05 1.36534340796e-05 7.02750283509e-06 9.13575368562e-06 1.16455761267e-05 8.33261050447e-06 1.07420400479e-05 1.11436116385e-05 5.52160937043e-06 5.32082357514e-06 6.52553834687e-06 4.91925198457e-06 6.02357385865e-06 5.32082357514e-06 4.3168945987e-06 2.91139403168e-06 2.50982244111e-06 8.03143181154e-07 8.03143181154e-07 8.03143181154e-07 6.02357385865e-07 -9999 -9999 -9999 -9999 -9999 -9999 -9999 -9999 -9999 -9999 -9999
1.41553985678e-05 1.12440045362e-05 7.52946732332e-06 1.08424329456e-05 1.41553985678e-05 1.40550056702e-05 8.93496789033e-06 9.33653948091e-06 9.43693237856e-06 1.67656139066e-05 1.89742576548e-05 1.89742576548e-05 1.87734718595e-05 1.84722931665e-05 1.72675783948e-05 1.56612920325e-05 1.55608991349e-05 1.60628636231e-05 1.67656139066e-05 1.56612920325e-05 1.48581488513e-05 1.08424329456e-05 1.22479335126e-05 1.40550056702e-05 1.11436116385e-05 7.22828863038e-06 7.52946732332e-06 1.01396826621e-05 7.52946732332e-06 8.03143181154e-06 1.0440861355e-05 6.02357385865e-06 1.01396826621e-05 8.43300340211e-06 2.71060823639e-06 2.81100113404e-06 2.61021533875e-06 1.00392897644e-06 8.03143181154e-07 1.00392897644e-06 9.03536078798e-07 6.02357385865e-07 -9999 -9999 -9999 -9999 -9999 -9999 -9999 -9999 -9999 -9999
1.84722931665e-05 1.71671854972e-05 1.56612920325e-05 1.75687570877e-05 1.67656139066e-05 1.82715073712e-05 1.75687570877e-05 1.64644352137e-05 1.08424329456e-05 1.0440861355e-05 1.3553041182e-05 1.88738647571e-05 1.95766150406e-05 1.88738647571e-05 1.74683641901e-05 1.75687570877e-05 1.65648281113e-05 1.58620778278e-05 1.69663997019e-05 1.88738647571e-05 1.71671854972e-05 1.65648281113e-05 1.71671854972e-05 1.07420400479e-05 1.58620778278e-05 1.08424329456e-05 1.51593275443e-05 1.02400755597e-05 7.62986022096e-06 7.22828863038e-06 6.1239667563e-06 8.6337891974e-06 7.02750283509e-06 5.32082357514e-06 2.91139403168e-06 2.50982244111e-06 1.50589346466e-06 1.00392897644e-06 8.03143181154e-07 6.02357385865e-07 1.00392897644e-06 6.02357385865e-07 -9999 -9999 -9999 -9999 -9999 -9999 -9999 -9999 -9999 -9999
