ExampleFiles/niche_background/models/ENFA/normalized_grids/Anolis_chlorocyanus_1.asc
ncols        743
nrows        319
xllcorner    -74.500956448335
yllcorner    17.448920549066
cellsize     0.008333333333
NODATA_value  -9999
[rows 184 to 206 of 318, columns 624 to 675 of 743]
2.50982244111e-05 2.44958670252e-05 2.60017604899e-05 2.49978315134e-05 2.49978315134e-05 2.50982244111e-05 2.38935096393e-05 2.42950812299e-05 2.11829014029e-05 2.17852587888e-05 2.09821156076e-05 2.20864374817e-05 1.99781866312e-05 2.42950812299e-05 2.49978315134e-05 2.2287223277e-05 2.30903664582e-05 2.06809369147e-05 2.07813298124e-05 2.2287223277e-05 2.27891877652e-05 2.07813298124e-05 2.20864374817e-05 2.20864374817e-05 2.03797582218e-05 1.7769542883e-05 2.03797582218e-05 1.97774008359e-05 2.01789724265e-05 2.12832943006e-05 1.9476222143e-05 1.87734718595e-05 2.27891877652e-05 2.20864374817e-05 2.11829014029e-05 2.46966528205e-05 2.2287223277e-05 2.33915451511e-05 2.27891877652e-05 2.27891877652e-05 2.33915451511e-05 2.43954741275e-05 2.46966528205e-05 2.58009746946e-05 2.5399403104e-05 2.42950812299e-05 2.61021533875e-05 2.61021533875e-05 2.57005817969e-05 2.46966528205e-05 2.59013675922e-05 2.58009746946e-05
2.42950812299e-05 2.43954741275e-05 2.49978315134e-05 2.42950812299e-05 2.44958670252e-05 2.24880090723e-05 2.24880090723e-05 2.25884019699e-05 2.42950812299e-05 2.27891877652e-05 2.38935096393e-05 2.11829014029e-05 2.20864374817e-05 2.33915451511e-05 2.43954741275e-05 2.06809369147e-05 2.12832943006e-05 2.11829014029e-05 2.13836871982e-05 2.13836871982e-05 1.9476222143e-05 1.96770079383e-05 2.03797582218e-05 1.84722931665e-05 2.27891877652e-05 2.06809369147e-05 2.06809369147e-05 2.05805440171e-05 2.00785795288e-05 2.06809369147e-05 1.9476222143e-05 2.20864374817e-05 2.20864374817e-05 2.20864374817e-05 2.33915451511e-05 2.33915451511e-05 2.27891877652e-05 2.25884019699e-05 2.20864374817e-05 2.20864374817e-05 2.30903664582e-05 2.27891877652e-05 2.42950812299e-05 2.24880090723e-05 2.57005817969e-05 2.61021533875e-05 2.61021533875e-05 2.46966528205e-05 2.33915451511e-05 2.61021533875e-05 2.61021533875e-05 2.47970457181e-05
2.3993902537e-05 2.33915451511e-05 2.42950812299e-05 2.30903664582e-05 2.20864374817e-05 2.20864374817e-05 2.16848658912e-05 2.20864374817e-05 2.41946883323e-05 2.24880090723e-05 2.20864374817e-05 2.34919380487e-05 2.30903664582e-05 2.31907593558e-05 2.06809369147e-05 2.088172271e-05 2.03797582218e-05 1.75687570877e-05 1.95766150406e-05 1.87734718595e-05 2.06809369147e-05 1.88738647571e-05 1.75687570877e-05 1.92754363477e-05 2.20864374817e-05 2.00785795288e-05 2.03797582218e-05 2.03797582218e-05 1.89742576548e-05 2.06809369147e-05 2.20864374817e-05 2.20864374817e-05 2.23876161747e-05 2.29899735605e-05 2.20864374817e-05 2.24880090723e-05 2.23876161747e-05 2.19860445841e-05 2.21868303794e-05 2.15844729935e-05 2.40942954346e-05 2.37931167417e-05 2.31907593558e-05 2.42950812299e-05 2.43954741275e-05 2.61021533875e-05 2.5399403104e-05 2.46966528205e-05 2.33915451511e-05 2.60017604899e-05 2.61021533875e-05 2.60017604899e-05
2.46966528205e-05 2.42950812299e-05 2.34919380487e-05 2.30903664582e-05 2.19860445841e-05 2.2287223277e-05 2.21868303794e-05 2.24880090723e-05 2.27891877652e-05 2.27891877652e-05 2.24880090723e-05 2.13836871982e-05 2.25884019699e-05 2.15844729935e-05 2.20864374817e-05 2.16848658912e-05 2.2287223277e-05 2.06809369147e-05 2.06809369147e-05 1.9476222143e-05 1.87734718595e-05 2.03797582218e-05 1.95766150406e-05 1.87734718595e-05 2.23876161747e-05 2.20864374817e-05 2.17852587888e-05 2.06809369147e-05 2.12832943006e-05 2.20864374817e-05 2.24880090723e-05 2.25884019699e-05 2.29899735605e-05 2.06809369147e-05 2.20864374817e-05 2.46966528205e-05 2.03797582218e-05 2.20864374817e-05 2.25884019699e-05 2.21868303794e-05 2.27891877652e-05 2.34919380487e-05 2.5399403104e-05 2.54997960016e-05 2.49978315134e-05 2.5399403104e-05 2.61021533875e-05 2.58009746946e-05 2.59013675922e-05 2.5399403104e-05 2.59013675922e-05 2.61021533875e-05
2.42950812299e-05 2.46966528205e-05 2.31907593558e-05 2.20864374817e-05 2.27891877652e-05 2.20864374817e-05 2.24880090723e-05 2.2287223277e-05 2.24880090723e-05 1.92754363477e-05 1.9476222143e-05 2.06809369147e-05 1.92754363477e-05 2.088172271e-05 2.24880090723e-05 2.03797582218e-05 2.06809369147e-05 2.06809369147e-05 1.95766150406e-05 1.88738647571e-05 1.83719002689e-05 1.82715073712e-05 2.01789724265e-05 1.95766150406e-05 2.20864374817e-05 2.11829014029e-05 2.06809369147e-05 2.00785795288e-05 2.20864374817e-05 2.07813298124e-05 2.24880090723e-05 2.06809369147e-05 2.06809369147e-05 2.06809369147e-05 2.20864374817e-05 2.06809369147e-05 2.088172271e-05 2.44958670252e-05 2.2287223277e-05 2.38935096393e-05 2.40942954346e-05 2.50982244111e-05 2.60017604899e-05 2.57005817969e-05 2.59013675922e-05 2.60017604899e-05 2.58009746946e-05 2.50982244111e-05 2.59013675922e-05 2.48974386158e-05 2.62025462851e-05 2.61021533875e-05
2.42950812299e-05 2.43954741275e-05 2.38935096393e-05 2.42950812299e-05 2.34919380487e-05 1.98777937336e-05 2.12832943006e-05 2.21868303794e-05 2.06809369147e-05 2.18856516864e-05 2.06809369147e-05 1.88738647571e-05 1.95766150406e-05 2.07813298124e-05 1.84722931665e-05 1.88738647571e-05 1.92754363477e-05 1.99781866312e-05 1.89742576548e-05 1.87734718595e-05 1.87734718595e-05 1.917504345e-05 1.93758292453e-05 2.06809369147e-05 2.07813298124e-05 2.05805440171e-05 1.95766150406e-05 2.07813298124e-05 2.20864374817e-05 2.2287223277e-05 2.27891877652e-05 2.42950812299e-05 2.06809369147e-05 2.45962599228e-05 2.06809369147e-05 2.03797582218e-05 1.92754363477e-05 2.25884019699e-05 2.31907593558e-05 2.45962599228e-05 2.44958670252e-05 2.58009746946e-05 2.45962599228e-05 2.52990102063e-05 2.49978315134e-05 2.61021533875e-05 2.42950812299e-05 2.61021533875e-05 2.61021533875e-05 2.61021533875e-05 2.61021533875e-05 2.61021533875e-05
2.30903664582e-05 2.27891877652e-05 2.24880090723e-05 2.24880090723e-05 2.2287223277e-05 2.07813298124e-05 2.29899735605e-05 2.03797582218e-05 2.20864374817e-05 2.03797582218e-05 1.87734718595e-05 1.97774008359e-05 1.88738647571e-05 2.02793653241e-05 2.2287223277e-05 1.82715073712e-05 1.66652210089e-05 1.75687570877e-05 1.69663997019e-05 1.71671854972e-05 1.88738647571e-05 1.84722931665e-05 1.71671854972e-05 1.7769542883e-05 2.2287223277e-05 1.9476222143e-05 2.20864374817e-05 2.07813298124e-05 2.27891877652e-05 2.42950812299e-05 2.33915451511e-05 2.33915451511e-05 2.00785795288e-05 1.87734718595e-05 2.06809369147e-05 2.06809369147e-05 2.18856516864e-05 2.20864374817e-05 2.42950812299e-05 2.27891877652e-05 2.24880090723e-05 2.42950812299e-05 2.33915451511e-05 2.43954741275e-05 2.43954741275e-05 2.58009746946e-05 2.57005817969e-05 2.60017604899e-05 2.58009746946e-05 2.60017604899e-05 2.61021533875e-05 2.61021533875e-05
2.25884019699e-05 2.23876161747e-05 2.06809369147e-05 2.03797582218e-05 2.07813298124e-05 2.24880090723e-05 2.05805440171e-05 2.07813298124e-05 2.07813298124e-05 2.06809369147e-05 2.32911522535e-05 2.03797582218e-05 2.00785795288e-05 2.06809369147e-05 1.97774008359e-05 1.9476222143e-05 1.7769542883e-05 1.48581488513e-05 1.60628636231e-05 1.46573630561e-05 1.46573630561e-05 1.46573630561e-05 1.74683641901e-05 2.09821156076e-05 1.67656139066e-05 1.65648281113e-05 1.75687570877e-05 2.06809369147e-05 2.07813298124e-05 2.27891877652e-05 1.97774008359e-05 1.89742576548e-05 2.06809369147e-05 2.05805440171e-05 2.20864374817e-05 2.20864374817e-05 2.18856516864e-05 2.61021533875e-05 2.30903664582e-05 2.2287223277e-05 2.25884019699e-05 2.31907593558e-05 2.30903664582e-05 2.33915451511e-05 2.50982244111e-05 2.60017604899e-05 2.42950812299e-05 2.61021533875e-05 2.60017604899e-05 2.59013675922e-05 2.61021533875e-05 2.61021533875e-05
2.61021533875e-05 2.24880090723e-05 2.06809369147e-05 2.06809369147e-05 2.06809369147e-05 2.06809369147e-05 2.05805440171e-05 2.06809369147e-05 2.10825085053e-05 2.07813298124e-05 2.33915451511e-05 2.31907593558e-05 1.95766150406e-05 1.87734718595e-05 1.95766150406e-05 1.75687570877e-05 2.16848658912e-05 1.87734718595e-05 1.51593275443e-05 2.06809369147e-05 1.74683641901e-05 1.51593275443e-05 1.55608991349e-05 1.81711144736e-05 1.69663997019e-05 1.82715073712e-05 1.95766150406e-05 2.06809369147e-05 1.88738647571e-05 1.89742576548e-05 1.89742576548e-05 2.06809369147e-05 2.06809369147e-05 2.24880090723e-05 2.26887948676e-05 2.24880090723e-05 2.27891877652e-05 2.42950812299e-05 2.45962599228e-05 2.20864374817e-05 2.42950812299e-05 2.25884019699e-05 2.31907593558e-05 2.33915451511e-05 2.40942954346e-05 2.42950812299e-05 2.46966528205e-05 2.61021533875e-05 2.45962599228e-05 2.61021533875e-05 2.61021533875e-05 2.61021533875e-05
2.29899735605e-05 2.2287223277e-05 2.24880090723e-05 2.23876161747e-05 2.23876161747e-05 2.23876161747e-05 1.84722931665e-05 1.84722931665e-05 1.95766150406e-05 1.95766150406e-05 2.03797582218e-05 2.2287223277e-05 2.27891877652e-05 2.24880090723e-05 2.27891877652e-05 1.51593275443e-05 1.46573630561e-05 2.16848658912e-05 1.56612920325e-05 1.56612920325e-05 2.05805440171e-05 2.07813298124e-05 2.05805440171e-05 2.24880090723e-05 2.13836871982e-05 2.05805440171e-05 2.09821156076e-05 2.09821156076e-05 2.24880090723e-05 2.30903664582e-05 2.27891877652e-05 2.24880090723e-05 2.27891877652e-05 2.42950812299e-05 2.27891877652e-05 2.38935096393e-05 2.27891877652e-05 2.07813298124e-05 2.25884019699e-05 2.2287223277e-05 2.24880090723e-05 2.29899735605e-05 2.38935096393e-05 2.52990102063e-05 2.45962599228e-05 2.46966528205e-05 2.61021533875e-05 2.61021533875e-05 2.49978315134e-05 2.61021533875e-05 2.61021533875e-05 2.57005817969e-05
2.42950812299e-05 2.38935096393e-05 2.31907593558e-05 2.25884019699e-05 2.20864374817e-05 2.31907593558e-05 2.088172271e-05 1.96770079383e-05 2.06809369147e-05 1.96770079383e-05 1.69663997019e-05 1.88738647571e-05 1.87734718595e-05 1.83719002689e-05 1.87734718595e-05 1.34526482843e-05 2.16848658912e-05 1.70667925995e-05 2.06809369147e-05 2.06809369147e-05 1.73679712924e-05 1.71671854972e-05 1.88738647571e-05 2.06809369147e-05 2.24880090723e-05 2.29899735605e-05 2.21868303794e-05 2.20864374817e-05 2.20864374817e-05 2.21868303794e-05 2.11829014029e-05 2.38935096393e-05 2.06809369147e-05 2.24880090723e-05 2.12832943006e-05 2.2287223277e-05 2.24880090723e-05 2.12832943006e-05 2.12832943006e-05 2.21868303794e-05 2.21868303794e-05 2.30903664582e-05 2.41946883323e-05 2.61021533875e-05 2.49978315134e-05 2.46966528205e-05 2.59013675922e-05 2.61021533875e-05 2.61021533875e-05 2.61021533875e-05 2.61021533875e-05 2.61021533875e-05
2.44958670252e-05 2.43954741275e-05 2.42950812299e-05 2.28895806629e-05 2.31907593558e-05 2.33915451511e-05 2.30903664582e-05 2.24880090723e-05 2.13836871982e-05 2.13836871982e-05 2.02793653241e-05 1.79703286783e-05 1.51593275443e-05 2.03797582218e-05 1.51593275443e-05 1.54605062372e-05 1.87734718595e-05 1.7769542883e-05 1.84722931665e-05 1.74683641901e-05 2.06809369147e-05 1.7769542883e-05 2.09821156076e-05 2.2287223277e-05 2.29899735605e-05 2.06809369147e-05 2.09821156076e-05 2.05805440171e-05 2.06809369147e-05 2.24880090723e-05 2.24880090723e-05 2.06809369147e-05 2.25884019699e-05 2.23876161747e-05 2.20864374817e-05 2.06809369147e-05 2.06809369147e-05 2.42950812299e-05 2.2287223277e-05 2.49978315134e-05 2.58009746946e-05 2.59013675922e-05 2.61021533875e-05 2.60017604899e-05 2.61021533875e-05 2.61021533875e-05 2.60017604899e-05 2.61021533875e-05 2.54997960016e-05 2.54997960016e-05 2.58009746946e-05 2.33915451511e-05
2.42950812299e-05 2.43954741275e-05 2.42950812299e-05 2.42950812299e-05 2.42950812299e-05 2.33915451511e-05 2.24880090723e-05 2.05805440171e-05 2.01789724265e-05 2.11829014029e-05 2.06809369147e-05 2.06809369147e-05 2.088172271e-05 2.06809369147e-05 1.43561843631e-05 1.34526482843e-05 2.06809369147e-05 2.03797582218e-05 1.56612920325e-05 1.87734718595e-05 1.54605062372e-05 1.83719002689e-05 1.71671854972e-05 2.06809369147e-05 2.06809369147e-05 1.99781866312e-05 2.13836871982e-05 2.16848658912e-05 2.088172271e-05 2.06809369147e-05 2.12832943006e-05 2.16848658912e-05 1.96770079383e-05 2.20864374817e-05 2.20864374817e-05 2.50982244111e-05 2.31907593558e-05 2.27891877652e-05 2.27891877652e-05 2.42950812299e-05 2.61021533875e-05 2.60017604899e-05 2.61021533875e-05 2.61021533875e-05 2.61021533875e-05 2.61021533875e-05 2.61021533875e-05 2.60017604899e-05 2.61021533875e-05 2.59013675922e-05 2.40942954346e-05 2.25884019699e-05
2.46966528205e-05 2.37931167417e-05 2.42950812299e-05 2.27891877652e-05 2.2287223277e-05 2.20864374817e-05 2.18856516864e-05 2.10825085053e-05 2.24880090723e-05 2.06809369147e-05 2.06809369147e-05 2.07813298124e-05 2.07813298124e-05 2.06809369147e-05 2.09821156076e-05 1.56612920325e-05 1.41553985678e-05 1.56612920325e-05 2.20864374817e-05 1.46573630561e-05 1.67656139066e-05 1.73679712924e-05 1.84722931665e-05 2.42950812299e-05 2.05805440171e-05 2.03797582218e-05 2.06809369147e-05 2.06809369147e-05 2.10825085053e-05 2.088172271e-05 2.03797582218e-05 2.07813298124e-05 2.06809369147e-05 2.18856516864e-05 2.10825085053e-05 2.5399403104e-05 2.42950812299e-05 2.20864374817e-05 2.44958670252e-05 2.33915451511e-05 2.59013675922e-05 2.60017604899e-05 2.61021533875e-05 2.61021533875e-05 2.61021533875e-05 2.60017604899e-05 2.60017604899e-05 2.60017604899e-05 2.59013675922e-05 2.58009746946e-05 2.42950812299e-05 2.42950812299e-05
2.45962599228e-05 2.46966528205e-05 2.42950812299e-05 2.33915451511e-05 2.33915451511e-05 2.33915451511e-05 2.33915451511e-05 2.27891877652e-05 2.45962599228e-05 2.33915451511e-05 2.25884019699e-05 2.07813298124e-05 2.12832943006e-05 1.92754363477e-05 1.88738647571e-05 1.93758292453e-05 1.70667925995e-05 1.73679712924e-05 1.73679712924e-05 1.83719002689e-05 1.74683641901e-05 1.89742576548e-05 1.67656139066e-05 1.67656139066e-05 1.83719002689e-05 1.83719002689e-05 2.13836871982e-05 2.06809369147e-05 2.07813298124e-05 2.06809369147e-05 2.16848658912e-05 2.11829014029e-05 2.17852587888e-05 2.45962599228e-05 2.49978315134e-05 2.46966528205e-05 2.60017604899e-05 2.45962599228e-05 2.43954741275e-05 2.46966528205e-05 2.58009746946e-05 2.60017604899e-05 2.59013675922e-05 2.61021533875e-05 2.61021533875e-05 2.60017604899e-05 2.60017604899e-05 2.58009746946e-05 2.50982244111e-05 2.42950812299e-05 2.2287223277e-05 2.30903664582e-05
2.43954741275e-05 2.42950812299e-05 2.42950812299e-05 2.42950812299e-05 2.58009746946e-05 2.41946883323e-05 2.33915451511e-05 2.46966528205e-05 2.24880090723e-05 -9999 -9999 -9999 -9999 2.088172271e-05 2.06809369147e-05 2.06809369147e-05 1.98777937336e-05 1.92754363477e-05 1.9476222143e-05 1.92754363477e-05 1.83719002689e-05 1.71671854972e-05 1.7769542883e-05 1.81711144736e-05 2.12832943006e-05 2.15844729935e-05 2.06809369147e-05 2.33915451511e-05 2.27891877652e-05 2.40942954346e-05 2.3993902537e-05 2.21868303794e-05 2.30903664582e-05 2.45962599228e-05 2.42950812299e-05 2.59013675922e-05 2.58009746946e-05 2.50982244111e-05 2.52990102063e-05 2.5399403104e-05 2.50982244111e-05 2.5399403104e-05 2.38935096393e-05 2.60017604899e-05 2.59013675922e-05 2.47970457181e-05 2.43954741275e-05 2.46966528205e-05 2.46966528205e-05 2.19860445841e-05 2.27891877652e-05 2.42950812299e-05
2.42950812299e-05 2.42950812299e-05 -9999 -9999 -9999 -9999 -9999 -9999 -9999 -9999 -9999 -9999 -9999 2.11829014029e-05 2.16848658912e-05 2.10825085053e-05 1.75687570877e-05 1.9476222143e-05 1.89742576548e-05 1.99781866312e-05 2.06809369147e-05 2.06809369147e-05 2.07813298124e-05 2.02793653241e-05 2.13836871982e-05 2.07813298124e-05 2.2287223277e-05 2.24880090723e-05 2.27891877652e-05 2.27891877652e-05 2.33915451511e-05 2.46966528205e-05 2.33915451511e-05 2.27891877652e-05 2.47970457181e-05 2.38935096393e-05 2.35923309464e-05 2.50982244111e-05 2.46966528205e-05 2.46966528205e-05 2.46966528205e-05 2.52990102063e-05 2.5399403104e-05 2.44958670252e-05 2.42950812299e-05 2.45962599228e-05 2.45962599228e-05 2.41946883323e-05 2.42950812299e-05 2.24880090723e-05 2.33915451511e-05 2.24880090723e-05
-9999 -9999 -9999 -9999 -9999 -9999 -9999 -9999 -9999 -9999 -9999 -9999 -9999 2.20864374817e-05 2.12832943006e-05 2.06809369147e-05 2.05805440171e-05 2.03797582218e-05 1.96770079383e-05 2.03797582218e-05 2.16848658912e-05 2.088172271e-05 2.20864374817e-05 2.21868303794e-05 2.20864374817e-05 2.20864374817e-05 2.21868303794e-05 2.27891877652e-05 2.24880090723e-05 2.42950812299e-05 2.20864374817e-05 2.24880090723e-05 2.33915451511e-05 2.42950812299e-05 2.42950812299e-05 2.42950812299e-05 2.33915451511e-05 2.33915451511e-05 2.28895806629e-05 2.40942954346e-05 2.24880090723e-05 2.30903664582e-05 2.2287223277e-05 2.43954741275e-05 2.42950812299e-05 2.42950812299e-05 2.34919380487e-05 2.38935096393e-05 2.38935096393e-05 2.16848658912e-05 2.33915451511e-05 2.20864374817e-05
-9999 -9999 -9999 -9999 -9999 -9999 -9999 -9999 -9999 -9999 -9999 -9999 -9999 -9999 2.10825085053e-05 2.11829014029e-05 2.25884019699e-05 2.18856516864e-05 2.10825085053e-05 2.58009746946e-05 2.58009746946e-05 2.05805440171e-05 2.03797582218e-05 2.12832943006e-05 2.09821156076e-05 2.33915451511e-05 2.27891877652e-05 2.38935096393e-05 2.30903664582e-05 2.13836871982e-05 2.20864374817e-05 2.27891877652e-05 2.44958670252e-05 2.42950812299e-05 2.3993902537e-05 2.42950812299e-05 2.40942954346e-05 2.30903664582e-05 2.26887948676e-05 2.27891877652e-05 2.23876161747e-05 2.06809369147e-05 2.16848658912e-05 2.18856516864e-05 2.27891877652e-05 2.27891877652e-05 2.29899735605e-05 2.33915451511e-05 2.31907593558e-05 2.12832943006e-05 2.20864374817e-05 2.24880090723e-05
-9999 -9999 -9999 -9999 -9999 -9999 -9999 -9999 -9999 -9999 -9999 -9999 -9999 -9999 -9999 -9999 -9999 2.20864374817e-05 2.23876161747e-05 2.58009746946e-05 2.60017604899e-05 2.30903664582e-05 2.59013675922e-05 2.20864374817e-05 2.58009746946e-05 2.20864374817e-05 2.58009746946e-05 2.33915451511e-05 2.20864374817e-05 2.27891877652e-05 2.30903664582e-05 2.24880090723e-05 2.28895806629e-05 2.33915451511e-05 2.30903664582e-05 2.27891877652e-05 2.24880090723e-05 2.23876161747e-05 2.21868303794e-05 2.16848658912e-05 -9999 -9999 1.9476222143e-05 2.05805440171e-05 1.88738647571e-05 1.87734718595e-05 1.9476222143e-05 2.03797582218e-05 2.01789724265e-05 2.06809369147e-05 2.13836871982e-05 2.23876161747e-05
-9999 -9999 -9999 -9999 -9999 -9999 -9999 -9999 -9999 -9999 -9999 -9999 -9999 -9999 -9999 -9999 -9999 -9999 -9999 -9999 -9999 -9999 2.57005817969e-05 2.27891877652e-05 2.27891877652e-05 2.27891877652e-05 2.31907593558e-05 2.42950812299e-05 2.43954741275e-05 2.3993902537e-05 2.25884019699e-05 2.33915451511e-05 2.33915451511e-05 2.27891877652e-05 2.24880090723e-05 2.21868303794e-05 2.21868303794e-05 2.20864374817e-05 2.11829014029e-05 -9999 -9999 -9999 -9999 -9999 -9999 -9999 1.51593275443e-05 1.60628636231e-05 1.56612920325e-05 1.87734718595e-05 2.20864374817e-05 2.16848658912e-05
-9999 -9999 -9999 -9999 -9999 -9999 -9999 -9999 -9999 -9999 -9999 -9999 -9999 -9999 -9999 -9999 -9999 -9999 -9999 -9999 -9999 -9999 -9999 -9999 -9999 2.44958670252e-05 2.42950812299e-05 2.33915451511e-05 2.40942954346e-05 2.30903664582e-05 2.33915451511e-05 2.29899735605e-05 2.27891877652e-05 -9999 -9999 -9999 -9999 -9999 -9999 -9999 -9999 -9999 -9999 -9999 -9999 -9999 -9999 -9999 -9999 1.71671854972e-05 1.83719002689e-05 1.96770079383e-05
-9999 -9999 -9999 -9999 -9999 -9999 -9999 -9999 -9999 -9999 -9999 -9999 -9999 -9999 -9999 -9999 -9999 -9999 -9999 -9999 -9999 -9999 -9999 -9999 -9999 -9999 -9999 -9999 -9999 -9999 -9999 -9999 -9999 -9999 -9999 -9999 -9999 -9999 -9999 -9999 -9999 -9999 -9999 -9999 -9999 -9999 -9999 -9999 -9999 -9999 -9999 1.46573630561e-05
