ExampleFiles/niche_background/models/ENFA/normalized_grids/Anolis_chlorocyanus_1.asc
ncols        743
nrows        319
xllcorner    -74.500956448335
yllcorner    17.448920549066
cellsize     0.008333333333
NODATA_value  -9999
[rows 184 to 206 of 318, columns 572 to 623 of 743]
2.11829014029e-05 2.18856516864e-05 2.20864374817e-05 2.2287223277e-05 2.24880090723e-05 2.25884019699e-05 2.25884019699e-05 2.27891877652e-05 2.27891877652e-05 2.31907593558e-05 2.33915451511e-05 2.29899735605e-05 2.33915451511e-05 2.33915451511e-05 2.40942954346e-05 2.38935096393e-05 2.42950812299e-05 2.42950812299e-05 2.42950812299e-05 2.42950812299e-05 2.42950812299e-05 2.42950812299e-05 2.42950812299e-05 2.42950812299e-05 2.45962599228e-05 2.42950812299e-05 2.42950812299e-05 2.42950812299e-05 2.42950812299e-05 2.46966528205e-05 2.45962599228e-05 2.52990102063e-05 2.56001888993e-05 2.58009746946e-05 2.60017604899e-05 2.59013675922e-05 2.61021533875e-05 2.61021533875e-05 2.61021533875e-05 2.61021533875e-05 2.61021533875e-05 2.61021533875e-05 2.58009746946e-05 2.46966528205e-05 2.61021533875e-05 2.62025462851e-05 2.45962599228e-05 2.61021533875e-05 2.59013675922e-05 2.61021533875e-05 2.61021533875e-05 2.60017604899e-05
2.07813298124e-05 2.17852587888e-05 2.23876161747e-05 2.24880090723e-05 2.27891877652e-05 2.25884019699e-05 2.27891877652e-05 2.31907593558e-05 2.33915451511e-05 2.29899735605e-05 2.33915451511e-05 2.42950812299e-05 2.42950812299e-05 2.42950812299e-05 2.42950812299e-05 2.43954741275e-05 2.42950812299e-05 2.43954741275e-05 2.43954741275e-05 2.43954741275e-05 2.42950812299e-05 2.43954741275e-05 2.46966528205e-05 2.46966528205e-05 2.43954741275e-05 2.43954741275e-05 2.45962599228e-05 2.44958670252e-05 2.45962599228e-05 2.46966528205e-05 2.46966528205e-05 2.50982244111e-05 2.56001888993e-05 2.58009746946e-05 2.59013675922e-05 2.57005817969e-05 2.60017604899e-05 2.60017604899e-05 2.61021533875e-05 2.61021533875e-05 2.61021533875e-05 2.61021533875e-05 2.59013675922e-05 2.49978315134e-05 2.59013675922e-05 2.5399403104e-05 2.61021533875e-05 2.61021533875e-05 2.61021533875e-05 2.60017604899e-05 2.61021533875e-05 2.45962599228e-05
2.23876161747e-05 2.2287223277e-05 2.25884019699e-05 2.27891877652e-05 2.27891877652e-05 2.30903664582e-05 2.33915451511e-05 2.38935096393e-05 2.38935096393e-05 2.42950812299e-05 2.3692723844e-05 2.42950812299e-05 2.42950812299e-05 2.44958670252e-05 2.43954741275e-05 2.45962599228e-05 2.44958670252e-05 2.45962599228e-05 2.46966528205e-05 2.46966528205e-05 2.45962599228e-05 2.46966528205e-05 2.47970457181e-05 2.46966528205e-05 2.51986173087e-05 2.49978315134e-05 2.50982244111e-05 2.50982244111e-05 2.45962599228e-05 2.46966528205e-05 2.46966528205e-05 2.46966528205e-05 2.50982244111e-05 2.58009746946e-05 2.60017604899e-05 2.59013675922e-05 2.60017604899e-05 2.61021533875e-05 2.61021533875e-05 2.61021533875e-05 2.61021533875e-05 2.61021533875e-05 2.61021533875e-05 2.42950812299e-05 2.61021533875e-05 2.61021533875e-05 2.60017604899e-05 2.61021533875e-05 2.61021533875e-05 2.61021533875e-05 2.61021533875e-05 2.61021533875e-05
2.24880090723e-05 2.27891877652e-05 2.27891877652e-05 2.29899735605e-05 2.33915451511e-05 2.33915451511e-05 2.38935096393e-05 2.41946883323e-05 2.42950812299e-05 2.42950812299e-05 2.43954741275e-05 2.43954741275e-05 2.45962599228e-05 2.45962599228e-05 2.46966528205e-05 2.46966528205e-05 2.45962599228e-05 2.46966528205e-05 2.48974386158e-05 2.46966528205e-05 2.44958670252e-05 2.47970457181e-05 2.50982244111e-05 2.50982244111e-05 2.5399403104e-05 2.52990102063e-05 2.56001888993e-05 2.5399403104e-05 2.54997960016e-05 2.49978315134e-05 2.50982244111e-05 2.54997960016e-05 2.60017604899e-05 2.60017604899e-05 2.61021533875e-05 2.61021533875e-05 2.61021533875e-05 2.61021533875e-05 2.61021533875e-05 2.61021533875e-05 2.61021533875e-05 2.61021533875e-05 2.61021533875e-05 2.61021533875e-05 2.61021533875e-05 2.61021533875e-05 2.61021533875e-05 2.5399403104e-05 2.61021533875e-05 2.60017604899e-05 2.59013675922e-05 2.50982244111e-05
2.25884019699e-05 2.29899735605e-05 2.33915451511e-05 2.33915451511e-05 2.38935096393e-05 2.42950812299e-05 2.42950812299e-05 2.42950812299e-05 2.44958670252e-05 2.44958670252e-05 2.45962599228e-05 2.45962599228e-05 2.46966528205e-05 2.46966528205e-05 2.46966528205e-05 2.45962599228e-05 2.46966528205e-05 2.48974386158e-05 2.52990102063e-05 2.52990102063e-05 2.50982244111e-05 2.50982244111e-05 2.54997960016e-05 2.56001888993e-05 2.57005817969e-05 2.58009746946e-05 2.52990102063e-05 2.58009746946e-05 2.58009746946e-05 2.52990102063e-05 2.58009746946e-05 2.58009746946e-05 2.60017604899e-05 2.61021533875e-05 2.61021533875e-05 2.61021533875e-05 2.61021533875e-05 2.61021533875e-05 2.61021533875e-05 2.61021533875e-05 2.61021533875e-05 2.61021533875e-05 2.61021533875e-05 2.59013675922e-05 2.61021533875e-05 2.61021533875e-05 2.61021533875e-05 2.61021533875e-05 2.61021533875e-05 2.61021533875e-05 2.50982244111e-05 2.45962599228e-05
2.27891877652e-05 2.33915451511e-05 2.29899735605e-05 2.37931167417e-05 2.33915451511e-05 2.25884019699e-05 2.25884019699e-05 2.43954741275e-05 2.46966528205e-05 2.46966528205e-05 2.46966528205e-05 2.47970457181e-05 2.46966528205e-05 2.48974386158e-05 2.49978315134e-05 2.49978315134e-05 2.50982244111e-05 2.50982244111e-05 2.56001888993e-05 2.58009746946e-05 2.5399403104e-05 2.57005817969e-05 2.58009746946e-05 2.58009746946e-05 2.5399403104e-05 2.58009746946e-05 2.58009746946e-05 2.58009746946e-05 2.59013675922e-05 2.58009746946e-05 2.60017604899e-05 2.61021533875e-05 2.60017604899e-05 2.60017604899e-05 2.61021533875e-05 2.61021533875e-05 2.61021533875e-05 2.61021533875e-05 2.61021533875e-05 2.61021533875e-05 2.61021533875e-05 2.61021533875e-05 2.61021533875e-05 2.61021533875e-05 2.61021533875e-05 2.58009746946e-05 2.61021533875e-05 2.60017604899e-05 2.5399403104e-05 2.58009746946e-05 2.52990102063e-05 2.45962599228e-05
2.33915451511e-05 2.33915451511e-05 2.38935096393e-05 2.37931167417e-05 2.42950812299e-05 2.42950812299e-05 2.44958670252e-05 2.45962599228e-05 2.45962599228e-05 2.45962599228e-05 2.49978315134e-05 2.50982244111e-05 2.49978315134e-05 2.52990102063e-05 2.5399403104e-05 2.52990102063e-05 2.57005817969e-05 2.5399403104e-05 2.50982244111e-05 2.50982244111e-05 2.60017604899e-05 2.59013675922e-05 2.59013675922e-05 2.58009746946e-05 2.50982244111e-05 2.50982244111e-05 2.60017604899e-05 2.60017604899e-05 2.60017604899e-05 2.60017604899e-05 2.60017604899e-05 2.59013675922e-05 2.61021533875e-05 2.61021533875e-05 2.60017604899e-05 2.61021533875e-05 2.61021533875e-05 2.61021533875e-05 2.61021533875e-05 2.61021533875e-05 2.61021533875e-05 2.61021533875e-05 2.61021533875e-05 2.61021533875e-05 2.61021533875e-05 2.61021533875e-05 2.60017604899e-05 2.60017604899e-05 2.45962599228e-05 2.33915451511e-05 2.34919380487e-05 2.27891877652e-05
2.42950812299e-05 2.42950812299e-05 2.42950812299e-05 2.42950812299e-05 2.42950812299e-05 2.42950812299e-05 2.42950812299e-05 2.42950812299e-05 2.42950812299e-05 2.47970457181e-05 2.46966528205e-05 2.49978315134e-05 2.54997960016e-05 2.57005817969e-05 2.58009746946e-05 2.58009746946e-05 2.58009746946e-05 2.59013675922e-05 2.60017604899e-05 2.59013675922e-05 2.60017604899e-05 2.54997960016e-05 2.58009746946e-05 2.50982244111e-05 2.57005817969e-05 2.57005817969e-05 2.60017604899e-05 2.61021533875e-05 2.60017604899e-05 2.61021533875e-05 2.61021533875e-05 2.60017604899e-05 2.61021533875e-05 2.61021533875e-05 2.61021533875e-05 2.61021533875e-05 2.61021533875e-05 2.61021533875e-05 2.61021533875e-05 2.61021533875e-05 2.61021533875e-05 2.61021533875e-05 2.61021533875e-05 2.61021533875e-05 2.59013675922e-05 2.61021533875e-05 2.61021533875e-05 2.60017604899e-05 2.5399403104e-05 2.42950812299e-05 2.47970457181e-05 2.27891877652e-05
2.45962599228e-05 2.44958670252e-05 2.45962599228e-05 2.42950812299e-05 2.46966528205e-05 2.49978315134e-05 2.49978315134e-05 2.50982244111e-05 2.42950812299e-05 2.49978315134e-05 2.43954741275e-05 2.42950812299e-05 2.5399403104e-05 2.57005817969e-05 2.60017604899e-05 2.60017604899e-05 2.60017604899e-05 2.59013675922e-05 2.60017604899e-05 2.61021533875e-05 2.61021533875e-05 2.61021533875e-05 2.61021533875e-05 2.61021533875e-05 2.61021533875e-05 2.61021533875e-05 2.61021533875e-05 2.61021533875e-05 2.61021533875e-05 2.60017604899e-05 2.61021533875e-05 2.61021533875e-05 2.61021533875e-05 2.61021533875e-05 2.61021533875e-05 2.61021533875e-05 2.61021533875e-05 2.61021533875e-05 2.61021533875e-05 2.61021533875e-05 2.61021533875e-05 2.61021533875e-05 2.61021533875e-05 2.60017604899e-05 2.61021533875e-05 2.61021533875e-05 2.60017604899e-05 2.61021533875e-05 2.5399403104e-05 2.45962599228e-05 2.46966528205e-05 2.43954741275e-05
2.45962599228e-05 2.27891877652e-05 2.31907593558e-05 2.27891877652e-05 2.27891877652e-05 2.42950812299e-05 2.50982244111e-05 2.46966528205e-05 2.58009746946e-05 2.58009746946e-05 2.46966528205e-05 2.58009746946e-05 2.58009746946e-05 2.58009746946e-05 2.61021533875e-05 2.49978315134e-05 2.49978315134e-05 2.59013675922e-05 2.59013675922e-05 2.61021533875e-05 2.61021533875e-05 2.59013675922e-05 2.61021533875e-05 2.61021533875e-05 2.61021533875e-05 2.61021533875e-05 2.60017604899e-05 2.61021533875e-05 2.61021533875e-05 2.61021533875e-05 2.61021533875e-05 2.61021533875e-05 2.61021533875e-05 2.61021533875e-05 2.61021533875e-05 2.61021533875e-05 2.61021533875e-05 2.61021533875e-05 2.61021533875e-05 2.61021533875e-05 2.61021533875e-05 2.61021533875e-05 2.61021533875e-05 2.60017604899e-05 2.60017604899e-05 2.58009746946e-05 2.57005817969e-05 2.59013675922e-05 2.49978315134e-05 2.42950812299e-05 2.45962599228e-05 2.34919380487e-05
2.45962599228e-05 2.42950812299e-05 2.44958670252e-05 2.42950812299e-05 2.41946883323e-05 2.29899735605e-05 2.27891877652e-05 2.38935096393e-05 2.44958670252e-05 2.60017604899e-05 2.42950812299e-05 2.42950812299e-05 2.61021533875e-05 2.59013675922e-05 2.61021533875e-05 2.61021533875e-05 2.61021533875e-05 2.61021533875e-05 2.61021533875e-05 2.60017604899e-05 2.59013675922e-05 2.61021533875e-05 2.47970457181e-05 2.61021533875e-05 2.61021533875e-05 2.61021533875e-05 2.61021533875e-05 2.61021533875e-05 2.61021533875e-05 2.61021533875e-05 2.60017604899e-05 2.59013675922e-05 2.61021533875e-05 2.61021533875e-05 2.61021533875e-05 2.61021533875e-05 2.61021533875e-05 2.61021533875e-05 2.61021533875e-05 2.61021533875e-05 2.61021533875e-05 2.59013675922e-05 2.61021533875e-05 2.61021533875e-05 2.61021533875e-05 2.59013675922e-05 2.58009746946e-05 2.58009746946e-05 2.50982244111e-05 2.49978315134e-05 2.44958670252e-05 2.43954741275e-05
2.33915451511e-05 2.46966528205e-05 2.44958670252e-05 2.50982244111e-05 2.49978315134e-05 2.5399403104e-05 2.58009746946e-05 2.50982244111e-05 2.59013675922e-05 2.59013675922e-05 2.61021533875e-05 2.61021533875e-05 2.61021533875e-05 2.61021533875e-05 2.58009746946e-05 2.45962599228e-05 2.58009746946e-05 2.45962599228e-05 2.50982244111e-05 2.61021533875e-05 2.59013675922e-05 2.60017604899e-05 2.61021533875e-05 2.61021533875e-05 2.61021533875e-05 2.61021533875e-05 2.61021533875e-05 2.61021533875e-05 2.61021533875e-05 2.61021533875e-05 2.61021533875e-05 2.61021533875e-05 2.61021533875e-05 2.61021533875e-05 2.61021533875e-05 2.61021533875e-05 2.61021533875e-05 2.61021533875e-05 2.5399403104e-05 2.5399403104e-05 2.49978315134e-05 2.60017604899e-05 2.61021533875e-05 2.60017604899e-05 2.60017604899e-05 2.59013675922e-05 2.58009746946e-05 2.58009746946e-05 2.5399403104e-05 2.52990102063e-05 2.50982244111e-05 2.47970457181e-05
2.23876161747e-05 2.42950812299e-05 2.27891877652e-05 2.42950812299e-05 2.52990102063e-05 2.58009746946e-05 2.58009746946e-05 2.60017604899e-05 2.60017604899e-05 2.59013675922e-05 2.61021533875e-05 2.59013675922e-05 2.61021533875e-05 2.61021533875e-05 2.61021533875e-05 2.61021533875e-05 2.46966528205e-05 2.50982244111e-05 2.46966528205e-05 2.59013675922e-05 2.61021533875e-05 2.61021533875e-05 2.61021533875e-05 2.61021533875e-05 2.61021533875e-05 2.61021533875e-05 2.60017604899e-05 2.61021533875e-05 2.61021533875e-05 2.61021533875e-05 2.61021533875e-05 2.60017604899e-05 2.60017604899e-05 2.61021533875e-05 2.50982244111e-05 2.46966528205e-05 2.50982244111e-05 2.50982244111e-05 2.58009746946e-05 2.61021533875e-05 2.61021533875e-05 2.54997960016e-05 2.61021533875e-05 2.58009746946e-05 2.59013675922e-05 2.57005817969e-05 2.5399403104e-05 2.50982244111e-05 2.48974386158e-05 2.46966528205e-05 2.45962599228e-05 2.42950812299e-05
2.20864374817e-05 2.24880090723e-05 2.23876161747e-05 2.27891877652e-05 2.33915451511e-05 2.33915451511e-05 2.28895806629e-05 2.38935096393e-05 2.33915451511e-05 2.20864374817e-05 2.50982244111e-05 2.42950812299e-05 2.42950812299e-05 2.27891877652e-05 2.27891877652e-05 2.42950812299e-05 2.33915451511e-05 2.46966528205e-05 2.59013675922e-05 2.59013675922e-05 2.61021533875e-05 2.59013675922e-05 2.61021533875e-05 2.61021533875e-05 2.56001888993e-05 2.5399403104e-05 2.61021533875e-05 2.61021533875e-05 2.61021533875e-05 2.61021533875e-05 2.61021533875e-05 2.61021533875e-05 2.61021533875e-05 2.61021533875e-05 2.61021533875e-05 2.61021533875e-05 2.46966528205e-05 2.5399403104e-05 2.49978315134e-05 2.50982244111e-05 2.50982244111e-05 2.61021533875e-05 2.58009746946e-05 2.61021533875e-05 2.58009746946e-05 2.60017604899e-05 2.57005817969e-05 2.58009746946e-05 2.50982244111e-05 2.45962599228e-05 2.46966528205e-05 2.46966528205e-05
-9999 -9999 -9999 -9999 -9999 2.27891877652e-05 2.33915451511e-05 2.42950812299e-05 2.27891877652e-05 2.43954741275e-05 2.46966528205e-05 2.49978315134e-05 2.60017604899e-05 2.59013675922e-05 2.42950812299e-05 2.42950812299e-05 2.49978315134e-05 2.45962599228e-05 2.42950812299e-05 2.43954741275e-05 2.5399403104e-05 2.56001888993e-05 2.45962599228e-05 2.58009746946e-05 2.60017604899e-05 2.5399403104e-05 2.50982244111e-05 2.61021533875e-05 2.61021533875e-05 2.61021533875e-05 2.61021533875e-05 2.60017604899e-05 2.61021533875e-05 2.61021533875e-05 2.46966528205e-05 2.48974386158e-05 2.61021533875e-05 2.61021533875e-05 2.57005817969e-05 2.49978315134e-05 2.50982244111e-05 2.60017604899e-05 2.60017604899e-05 2.59013675922e-05 2.59013675922e-05 2.58009746946e-05 2.58009746946e-05 2.50982244111e-05 2.49978315134e-05 2.42950812299e-05 2.46966528205e-05 2.43954741275e-05
-9999 -9999 -9999 -9999 -9999 -9999 2.42950812299e-05 2.43954741275e-05 2.56001888993e-05 2.27891877652e-05 2.52990102063e-05 2.5399403104e-05 2.56001888993e-05 -9999 -9999 -9999 -9999 2.40942954346e-05 2.46966528205e-05 2.5399403104e-05 2.58009746946e-05 2.58009746946e-05 2.59013675922e-05 2.58009746946e-05 2.50982244111e-05 2.44958670252e-05 2.52990102063e-05 2.43954741275e-05 2.61021533875e-05 2.61021533875e-05 2.61021533875e-05 2.61021533875e-05 2.61021533875e-05 2.61021533875e-05 2.59013675922e-05 2.54997960016e-05 2.61021533875e-05 2.61021533875e-05 2.51986173087e-05 2.61021533875e-05 2.61021533875e-05 2.58009746946e-05 2.59013675922e-05 2.56001888993e-05 2.44958670252e-05 2.46966528205e-05 2.51986173087e-05 2.42950812299e-05 2.45962599228e-05 2.41946883323e-05 -9999 2.44958670252e-05
-9999 -9999 -9999 -9999 -9999 -9999 2.20864374817e-05 2.42950812299e-05 2.48974386158e-05 2.43954741275e-05 2.44958670252e-05 2.40942954346e-05 -9999 -9999 -9999 -9999 -9999 -9999 -9999 2.38935096393e-05 2.54997960016e-05 2.57005817969e-05 2.51986173087e-05 2.58009746946e-05 2.5399403104e-05 2.5399403104e-05 2.48974386158e-05 2.43954741275e-05 2.51986173087e-05 2.61021533875e-05 2.61021533875e-05 2.60017604899e-05 2.60017604899e-05 2.61021533875e-05 2.61021533875e-05 2.5399403104e-05 2.60017604899e-05 2.60017604899e-05 2.59013675922e-05 2.56001888993e-05 2.47970457181e-05 2.58009746946e-05 2.58009746946e-05 2.58009746946e-05 2.5399403104e-05 2.5399403104e-05 2.46966528205e-05 2.46966528205e-05 2.50982244111e-05 2.29899735605e-05 -9999 -9999
-9999 -9999 -9999 -9999 -9999 -9999 2.24880090723e-05 2.42950812299e-05 2.38935096393e-05 2.42950812299e-05 2.50982244111e-05 2.42950812299e-05 -9999 -9999 -9999 -9999 -9999 -9999 -9999 -9999 2.5399403104e-05 2.43954741275e-05 2.45962599228e-05 2.56001888993e-05 2.42950812299e-05 2.5399403104e-05 2.38935096393e-05 2.49978315134e-05 2.47970457181e-05 2.59013675922e-05 2.61021533875e-05 2.61021533875e-05 2.56001888993e-05 2.60017604899e-05 2.52990102063e-05 2.60017604899e-05 2.57005817969e-05 2.57005817969e-05 2.52990102063e-05 2.58009746946e-05 2.46966528205e-05 2.52990102063e-05 2.57005817969e-05 2.43954741275e-05 2.43954741275e-05 2.3692723844e-05 2.33915451511e-05 2.42950812299e-05 2.24880090723e-05 -9999 -9999 -9999
-9999 -9999 -9999 -9999 -9999 -9999 -9999 2.27891877652e-05 2.13836871982e-05 2.42950812299e-05 2.33915451511e-05 2.42950812299e-05 2.27891877652e-05 -9999 -9999 -9999 -9999 -9999 -9999 -9999 -9999 2.50982244111e-05 2.45962599228e-05 2.37931167417e-05 2.42950812299e-05 2.45962599228e-05 2.46966528205e-05 2.46966528205e-05 2.45962599228e-05 2.42950812299e-05 2.42950812299e-05 2.52990102063e-05 2.42950812299e-05 2.46966528205e-05 -9999 -9999 -9999 -9999 -9999 -9999 -9999 -9999 -9999 -9999 -9999 -9999 -9999 -9999 -9999 -9999 -9999 -9999
-9999 -9999 -9999 -9999 -9999 -9999 -9999 -9999 2.27891877652e-05 2.23876161747e-05 2.25884019699e-05 2.28895806629e-05 2.27891877652e-05 -9999 -9999 -9999 -9999 -9999 -9999 -9999 -9999 -9999 2.29899735605e-05 2.44958670252e-05 2.45962599228e-05 2.42950812299e-05 2.46966528205e-05 2.42950812299e-05 2.50982244111e-05 2.42950812299e-05 -9999 -9999 -9999 -9999 -9999 -9999 -9999 -9999 -9999 -9999 -9999 -9999 -9999 -9999 -9999 -9999 -9999 -9999 -9999 -9999 -9999 -9999
-9999 -9999 -9999 -9999 -9999 -9999 -9999 -9999 -9999 -9999 -9999 2.27891877652e-05 2.20864374817e-05 -9999 -9999 -9999 -9999 -9999 -9999 -9999 -9999 -9999 -9999 -9999 -9999 -9999 -9999 -9999 -9999 -9999 -9999 -9999 -9999 -9999 -9999 -9999 -9999 -9999 -9999 -9999 -9999 -9999 -9999 -9999 -9999 -9999 -9999 -9999 -9999 -9999 -9999 -9999
-9999 -9999 -9999 -9999 -9999 -9999 -9999 -9999 -9999 -9999 -9999 -9999 -9999 -9999 -9999 -9999 -9999 -9999 -9999 -9999 -9999 -9999 -9999 -9999 -9999 -9999 -9999 -9999 -9999 -9999 -9999 -9999 -9999 -9999 -9999 -9999 -9999 -9999 -9999 -9999 -9999 -9999 -9999 -9999 -9999 -9999 -9999 -9999 -9999 -9999 -9999 -9999
-9999 -9999 -9999 -9999 -9999 -9999 -9999 -9999 -9999 -9999 -9999 -9999 -9999 -9999 -9999 -9999 -9999 -9999 -9999 -9999 -9999 -9999 -9999 -9999 -9999 -9999 -9999 -9999 -9999 -9999 -9999 -9999 -9999 -9999 -9999 -9999 -9999 -9999 -9999 -9999 -9999 -9999 -9999 -9999 -9999 -9999 -9999 -9999 -9999 -9999 -9999 -9999
