Example/niche_background/models/ENFA/Anolis_coelestinus_1.asc
ncols        743
nrows        319
xllcorner    -74.500956448335
yllcorner    17.448920549066
cellsize     0.008333333333
NODATA_value  -9999
[rows 180 to 199 of 319, columns 450 to 494 of 743]
0.0935672514619882989 0.13450292397660817967 0.14035087719298244835 0.0935672514619882989 0.058479532163742686812 0.058479532163742686812 0.081871345029239761537 0.10526315789473683626 0.12865497076023391099 0.14035087719298244835 0.076023391812865492856 0.0935672514619882989 0.099415204678362567581 0.076023391812865492856 0.0935672514619882989 0.064327485380116955493 0.099415204678362567581 0.052631578947368418131 0.023391812865497074725 0.064327485380116955493 0.13450292397660817967 0.12280701754385964231 0.04678362573099414945 0.064327485380116955493 0.081871345029239761537 0.25730994152046782197 0.14035087719298244835 0.14035087719298244835 0.1871345029239765978 0.32163742690058477747 0.25730994152046782197 0.24561403508771928461 0.24561403508771928461 0.2807017543859648967 0.34502923976608185219 0.35087719298245612087 0.21637426900584794121 0.38011695906432746428 0.34502923976608185219 0.40935672514619880769 0.57309941520467833076 0.36842105263157892692 0.33333333333333331483 0.14035087719298244835 0.19883040935672513516
0.099415204678362567581 0.14035087719298244835 0.076023391812865492856 0.064327485380116955493 0.058479532163742686812 0.035087719298245612087 0.076023391812865492856 0.099415204678362567581 0.12280701754385964231 0.14619883040935671703 0.14035087719298244835 0.0935672514619882989 0.14035087719298244835 0.13450292397660817967 0.14035087719298244835 0.14035087719298244835 0.14619883040935671703 0.0935672514619882989 0.081871345029239761537 0.064327485380116955493 0.14035087719298244835 0.19883040935672513516 0.17543859649122806044 0.14619883040935671703 0.13450292397660817967 0.19883040935672513516 0.29824561403508770274 0.2807017543859648967 0.25730994152046782197 0.24561403508771928461 0.29824561403508770274 0.29824561403508770274 0.25730994152046782197 0.17543859649122806044 0.19883040935672513516 0.17543859649122806044 0.22222222222222220989 0.27485380116959062802 0.40935672514619880769 0.28654970760233916538 0.44444444444444441977 0.43274853801169588241 0.2807017543859648967 0.14035087719298244835 0.17543859649122806044
0.14035087719298244835 0.10526315789473683626 0.13450292397660817967 0.11111111111111110494 0.040935672514619880769 0.035087719298245612087 0.052631578947368418131 0.058479532163742686812 0.064327485380116955493 0.0935672514619882989 0.14619883040935671703 0.17543859649122806044 0.13450292397660817967 0.0935672514619882989 0.11111111111111110494 0.16374269005847952307 0.14619883040935671703 0.14035087719298244835 0.14035087719298244835 0.076023391812865492856 0.13450292397660817967 0.12865497076023391099 0.17543859649122806044 0.16374269005847952307 0.26315789473684209065 0.24561403508771928461 0.24561403508771928461 0.24561403508771928461 0.2807017543859648967 0.24561403508771928461 0.24561403508771928461 0.25730994152046782197 0.29824561403508770274 0.24561403508771928461 0.29824561403508770274 0.33333333333333331483 0.31578947368421050879 0.38011695906432746428 0.35087719298245612087 0.43859649122807015109 0.47953216374269003186 0.41520467836257307637 0.26315789473684209065 0.16374269005847952307 0.25730994152046782197
0.14619883040935671703 0.14035087719298244835 0.14035087719298244835 0.0935672514619882989 0.04678362573099414945 0.064327485380116955493 0.076023391812865492856 0.058479532163742686812 0.076023391812865492856 0.076023391812865492856 0.0935672514619882989 0.13450292397660817967 0.16374269005847952307 0.14035087719298244835 0.0935672514619882989 0.13450292397660817967 0.17543859649122806044 0.17543859649122806044 0.14619883040935671703 0.0935672514619882989 0.0935672514619882989 0.058479532163742686812 0.0935672514619882989 0.099415204678362567581 0.1871345029239765978 0.16374269005847952307 0.19883040935672513516 0.17543859649122806044 0.23391812865497074725 0.19298245614035086648 0.19883040935672513516 0.22222222222222220989 0.29239766081871343406 0.24561403508771928461 0.30409356725146197142 0.32163742690058477747 0.26315789473684209065 0.29239766081871343406 0.25730994152046782197 0.31578947368421050879 0.32163742690058477747 0.43274853801169588241 0.52046783625730996814 0.29824561403508770274 0.24561403508771928461
0.14619883040935671703 0.076023391812865492856 0.099415204678362567581 0.11111111111111110494 0.081871345029239761537 0.064327485380116955493 0.0935672514619882989 0.081871345029239761537 0.12280701754385964231 0.14035087719298244835 0.13450292397660817967 0.064327485380116955493 0.14619883040935671703 0.14035087719298244835 0.19298245614035086648 0.14035087719298244835 0.17543859649122806044 0.17543859649122806044 0.17543859649122806044 0.14035087719298244835 0.12280701754385964231 0.076023391812865492856 0.0935672514619882989 0.0935672514619882989 0.12280701754385964231 0.18128654970760232912 0.24561403508771928461 0.19883040935672513516 0.16374269005847952307 0.1871345029239765978 0.19883040935672513516 0.18128654970760232912 0.2807017543859648967 0.29824561403508770274 0.25730994152046782197 0.29824561403508770274 0.24561403508771928461 0.14619883040935671703 0.25146198830409355329 0.29824561403508770274 0.30409356725146197142 0.43859649122807015109 0.35087719298245612087 0.59649122807017540548 0.53801169590643271867
0.16374269005847952307 0.18128654970760232912 0.14035087719298244835 0.14619883040935671703 0.11111111111111110494 0.058479532163742686812 0.058479532163742686812 0.064327485380116955493 0.076023391812865492856 0.12865497076023391099 0.14035087719298244835 0.14619883040935671703 0.19298245614035086648 0.17543859649122806044 0.14035087719298244835 0.14619883040935671703 0.14035087719298244835 0.099415204678362567581 0.17543859649122806044 0.15789473684210525439 0.17543859649122806044 0.14619883040935671703 0.17543859649122806044 0.17543859649122806044 0.14035087719298244835 0.22222222222222220989 0.17543859649122806044 0.19298245614035086648 0.18128654970760232912 0.19298245614035086648 0.19298245614035086648 0.19883040935672513516 0.25730994152046782197 0.34502923976608185219 0.21637426900584794121 0.16374269005847952307 0.13450292397660817967 0.11111111111111110494 0.19298245614035086648 0.17543859649122806044 0.26315789473684209065 0.39766081871345027032 0.45614035087719295714 0.51461988304093564395 0.52631578947368418131
0.14619883040935671703 0.17543859649122806044 0.14035087719298244835 0.13450292397660817967 0.099415204678362567581 0.11111111111111110494 0.076023391812865492856 0.064327485380116955493 0.076023391812865492856 0.076023391812865492856 0.13450292397660817967 0.14619883040935671703 0.0935672514619882989 0.14035087719298244835 0.14619883040935671703 0.14035087719298244835 0.15204678362573098571 0.13450292397660817967 0.19883040935672513516 0.14035087719298244835 0.19298245614035086648 0.19883040935672513516 0.19298245614035086648 0.25730994152046782197 0.26315789473684209065 0.1871345029239765978 0.25730994152046782197 0.19883040935672513516 0.14035087719298244835 0.17543859649122806044 0.19298245614035086648 0.1871345029239765978 0.26315789473684209065 0.26315789473684209065 0.30409356725146197142 0.26315789473684209065 0.14035087719298244835 0.11111111111111110494 0.14035087719298244835 0.12280701754385964231 0.19883040935672513516 0.24561403508771928461 0.24561403508771928461 0.403508771929824539 0.5614035087719297934
0.14619883040935671703 0.14035087719298244835 0.14035087719298244835 0.17543859649122806044 0.18128654970760232912 0.14619883040935671703 0.0935672514619882989 0.058479532163742686812 0.058479532163742686812 0.04678362573099414945 0.076023391812865492856 0.0935672514619882989 0.064327485380116955493 0.11111111111111110494 0.17543859649122806044 0.13450292397660817967 0.14619883040935671703 0.19298245614035086648 0.1871345029239765978 0.19883040935672513516 0.14035087719298244835 0.19883040935672513516 0.19883040935672513516 0.19883040935672513516 0.19883040935672513516 0.26315789473684209065 0.25730994152046782197 0.18128654970760232912 0.14035087719298244835 0.16959064327485379176 0.19298245614035086648 0.19298245614035086648 0.24561403508771928461 0.35087719298245612087 0.34502923976608185219 0.22807017543859647857 0.14035087719298244835 0.14035087719298244835 0.099415204678362567581 0.0935672514619882989 0.0935672514619882989 0.13450292397660817967 0.19298245614035086648 0.33333333333333331483 0.35087719298245612087
0.14035087719298244835 0.14035087719298244835 0.12865497076023391099 0.14035087719298244835 0.14035087719298244835 0.14035087719298244835 0.17543859649122806044 0.0935672514619882989 0.12865497076023391099 0.0935672514619882989 0.0935672514619882989 0.058479532163742686812 0.076023391812865492856 0.11111111111111110494 0.13450292397660817967 0.14619883040935671703 0.24561403508771928461 0.15204678362573098571 0.16374269005847952307 0.21637426900584794121 0.19298245614035086648 0.19883040935672513516 0.14619883040935671703 0.24561403508771928461 0.17543859649122806044 0.1871345029239765978 0.24561403508771928461 0.19298245614035086648 0.15204678362573098571 0.19298245614035086648 0.14619883040935671703 0.19298245614035086648 0.17543859649122806044 0.25146198830409355329 0.25730994152046782197 0.14035087719298244835 0.14035087719298244835 0.14035087719298244835 0.1871345029239765978 0.13450292397660817967 0.19298245614035086648 0.19883040935672513516 0.30409356725146197142 0.5614035087719297934 0.53801169590643271867
0.18128654970760232912 0.17543859649122806044 0.15204678362573098571 0.19298245614035086648 0.14035087719298244835 0.13450292397660817967 0.19883040935672513516 0.14035087719298244835 0.16374269005847952307 0.19883040935672513516 0.19298245614035086648 0.15204678362573098571 0.16374269005847952307 0.14035087719298244835 0.14619883040935671703 0.17543859649122806044 0.17543859649122806044 0.17543859649122806044 0.16959064327485379176 0.14619883040935671703 0.17543859649122806044 0.29239766081871343406 0.19298245614035086648 0.18128654970760232912 0.19883040935672513516 0.14035087719298244835 0.14035087719298244835 0.14619883040935671703 0.17543859649122806044 0.19883040935672513516 0.15204678362573098571 0.29824561403508770274 0.25730994152046782197 0.26315789473684209065 0.17543859649122806044 0.14035087719298244835 0.13450292397660817967 0.12280701754385964231 0.19883040935672513516 0.33918128654970758351 0.25730994152046782197 0.46198830409356722582 0.52046783625730996814 0.29824561403508770274 0.34502923976608185219
0.14035087719298244835 0.15204678362573098571 0.17543859649122806044 0.15204678362573098571 0.19883040935672513516 0.17543859649122806044 0.16959064327485379176 0.10526315789473683626 0.14035087719298244835 0.14619883040935671703 0.19883040935672513516 0.19883040935672513516 0.19883040935672513516 0.19883040935672513516 0.17543859649122806044 0.14035087719298244835 0.17543859649122806044 0.18128654970760232912 0.14619883040935671703 0.11111111111111110494 0.14035087719298244835 0.14619883040935671703 0.15204678362573098571 0.14619883040935671703 0.19883040935672513516 0.17543859649122806044 0.12280701754385964231 0.14035087719298244835 0.19883040935672513516 0.1871345029239765978 0.19883040935672513516 0.24561403508771928461 0.14035087719298244835 0.19883040935672513516 0.24561403508771928461 0.14619883040935671703 0.12280701754385964231 0.14035087719298244835 0.17543859649122806044 0.19883040935672513516 0.44444444444444441977 0.33918128654970758351 0.26315789473684209065 0.29239766081871343406 0.24561403508771928461
0.13450292397660817967 0.14035087719298244835 0.17543859649122806044 0.16374269005847952307 0.14035087719298244835 0.14035087719298244835 0.16374269005847952307 0.15204678362573098571 0.13450292397660817967 0.14035087719298244835 0.14035087719298244835 0.13450292397660817967 0.14035087719298244835 0.17543859649122806044 0.19883040935672513516 0.19883040935672513516 0.15204678362573098571 0.19883040935672513516 0.19883040935672513516 0.26315789473684209065 0.18128654970760232912 0.16959064327485379176 0.14035087719298244835 0.14035087719298244835 0.14619883040935671703 0.29239766081871343406 0.2807017543859648967 0.16374269005847952307 0.19883040935672513516 0.14035087719298244835 0.29824561403508770274 0.26315789473684209065 0.24561403508771928461 0.076023391812865492856 0.14035087719298244835 0.12865497076023391099 0.0935672514619882989 0.14035087719298244835 0.19883040935672513516 0.29239766081871343406 0.19883040935672513516 0.26315789473684209065 0.14035087719298244835 0.16374269005847952307 0.17543859649122806044
0.12280701754385964231 0.14619883040935671703 0.14619883040935671703 0.17543859649122806044 0.14035087719298244835 0.14035087719298244835 0.19883040935672513516 0.24561403508771928461 0.18128654970760232912 0.17543859649122806044 0.14035087719298244835 0.14619883040935671703 0.14035087719298244835 0.17543859649122806044 0.19883040935672513516 0.26315789473684209065 0.22807017543859647857 0.14035087719298244835 0.16959064327485379176 0.17543859649122806044 0.19883040935672513516 0.14619883040935671703 0.19883040935672513516 0.19298245614035086648 0.14035087719298244835 0.1871345029239765978 0.19883040935672513516 0.19883040935672513516 0.24561403508771928461 0.19883040935672513516 0.19883040935672513516 0.28654970760233916538 0.29824561403508770274 0.19883040935672513516 0.076023391812865492856 0.076023391812865492856 0.081871345029239761537 0.0935672514619882989 0.14035087719298244835 0.13450292397660817967 0.14035087719298244835 0.19883040935672513516 0.14035087719298244835 0.13450292397660817967 0.24561403508771928461
0.14035087719298244835 0.14035087719298244835 0.14035087719298244835 0.14619883040935671703 0.13450292397660817967 0.14035087719298244835 0.14619883040935671703 0.17543859649122806044 0.19883040935672513516 0.15204678362573098571 0.19883040935672513516 0.14619883040935671703 0.14035087719298244835 0.18128654970760232912 0.17543859649122806044 0.14035087719298244835 0.26315789473684209065 0.14619883040935671703 0.1871345029239765978 0.19883040935672513516 0.17543859649122806044 0.25730994152046782197 0.19883040935672513516 0.15204678362573098571 0.19883040935672513516 0.19883040935672513516 0.17543859649122806044 0.19883040935672513516 0.26315789473684209065 0.19883040935672513516 0.19298245614035086648 0.22222222222222220989 0.32163742690058477747 0.24561403508771928461 0.14619883040935671703 0.0935672514619882989 0.10526315789473683626 0.0935672514619882989 0.064327485380116955493 0.058479532163742686812 0.13450292397660817967 0.11111111111111110494 0.070175438596491224175 0.17543859649122806044 0.36842105263157892692
0.10526315789473683626 0.13450292397660817967 0.12865497076023391099 0.14035087719298244835 0.14035087719298244835 0.15204678362573098571 0.14035087719298244835 0.14619883040935671703 0.15204678362573098571 0.17543859649122806044 0.16959064327485379176 0.19298245614035086648 0.17543859649122806044 0.14619883040935671703 0.19883040935672513516 0.19883040935672513516 0.19883040935672513516 0.19883040935672513516 0.24561403508771928461 0.24561403508771928461 0.19883040935672513516 0.25730994152046782197 0.18128654970760232912 0.18128654970760232912 0.24561403508771928461 0.26315789473684209065 0.24561403508771928461 0.15204678362573098571 0.22222222222222220989 0.26315789473684209065 0.19883040935672513516 0.19883040935672513516 0.403508771929824539 0.28654970760233916538 0.2807017543859648967 0.19883040935672513516 0.17543859649122806044 0.0935672514619882989 0.064327485380116955493 0.058479532163742686812 0.11111111111111110494 0.19298245614035086648 0.22222222222222220989 0.18128654970760232912 0.33918128654970758351
0.081871345029239761537 0.0935672514619882989 0.13450292397660817967 0.13450292397660817967 0.14035087719298244835 0.14035087719298244835 0.14619883040935671703 0.14619883040935671703 0.17543859649122806044 0.19298245614035086648 0.19298245614035086648 0.19298245614035086648 0.18128654970760232912 0.19883040935672513516 0.19883040935672513516 0.23391812865497074725 0.22807017543859647857 0.25730994152046782197 0.26315789473684209065 0.25730994152046782197 0.24561403508771928461 0.19883040935672513516 0.25730994152046782197 0.19883040935672513516 0.19298245614035086648 0.19883040935672513516 0.24561403508771928461 0.24561403508771928461 0.26315789473684209065 0.14035087719298244835 0.19883040935672513516 0.22222222222222220989 0.24561403508771928461 0.28654970760233916538 0.28654970760233916538 0.19298245614035086648 0.0935672514619882989 0.064327485380116955493 0.064327485380116955493 0.064327485380116955493 0.058479532163742686812 0.0935672514619882989 0.19298245614035086648 0.19883040935672513516 0.23976608187134501593
0.076023391812865492856 0.11695906432748537362 0.11111111111111110494 0.12280701754385964231 0.14035087719298244835 0.16374269005847952307 0.14619883040935671703 0.15204678362573098571 0.14619883040935671703 0.17543859649122806044 0.13450292397660817967 0.14619883040935671703 0.17543859649122806044 0.17543859649122806044 0.19298245614035086648 0.21052631578947367252 0.19883040935672513516 0.19883040935672513516 0.25730994152046782197 0.26315789473684209065 0.21637426900584794121 0.15789473684210525439 0.26315789473684209065 0.20467836257309940384 0.26315789473684209065 0.26315789473684209065 0.14619883040935671703 0.19298245614035086648 0.24561403508771928461 0.26315789473684209065 0.19298245614035086648 0.24561403508771928461 0.19883040935672513516 0.25730994152046782197 0.24561403508771928461 0.31578947368421050879 0.24561403508771928461 0.0935672514619882989 0.14035087719298244835 0.064327485380116955493 0.052631578947368418131 0.058479532163742686812 0.0935672514619882989 0.13450292397660817967 0.22807017543859647857
0.0935672514619882989 0.0935672514619882989 0.0935672514619882989 0.14035087719298244835 0.14035087719298244835 0.15204678362573098571 0.17543859649122806044 0.14619883040935671703 0.14619883040935671703 0.14035087719298244835 0.14619883040935671703 0.18128654970760232912 0.19298245614035086648 0.13450292397660817967 0.19883040935672513516 0.19883040935672513516 0.19883040935672513516 0.19883040935672513516 0.24561403508771928461 0.26315789473684209065 0.15204678362573098571 0.14619883040935671703 0.19883040935672513516 0.31578947368421050879 0.19883040935672513516 0.16374269005847952307 0.26315789473684209065 0.19298245614035086648 0.16374269005847952307 0.29824561403508770274 0.26315789473684209065 0.14619883040935671703 0.26315789473684209065 0.19883040935672513516 0.22222222222222220989 0.26315789473684209065 0.43859649122807015109 0.29239766081871343406 0.12280701754385964231 0.058479532163742686812 0.04678362573099414945 0.12280701754385964231 0.14035087719298244835 0.099415204678362567581 0.058479532163742686812
0.0935672514619882989 0.13450292397660817967 0.13450292397660817967 0.13450292397660817967 0.12280701754385964231 0.10526315789473683626 0.14035087719298244835 0.14619883040935671703 0.15789473684210525439 0.15204678362573098571 0.14619883040935671703 0.15204678362573098571 0.17543859649122806044 0.18128654970760232912 0.16374269005847952307 0.19883040935672513516 0.22222222222222220989 0.24561403508771928461 0.25730994152046782197 0.20467836257309940384 0.29824561403508770274 0.20467836257309940384 0.17543859649122806044 0.19883040935672513516 0.26315789473684209065 0.15204678362573098571 0.14035087719298244835 0.19883040935672513516 0.19883040935672513516 0.29239766081871343406 0.35087719298245612087 0.29824561403508770274 0.24561403508771928461 0.24561403508771928461 0.26315789473684209065 0.24561403508771928461 0.2807017543859648967 0.25730994152046782197 0.13450292397660817967 0.081871345029239761537 0.076023391812865492856 0.064327485380116955493 0.14619883040935671703 0.24561403508771928461 0.0935672514619882989
0.0935672514619882989 0.14035087719298244835 0.12280701754385964231 0.12865497076023391099 0.13450292397660817967 0.14035087719298244835 0.14619883040935671703 0.14035087719298244835 0.14035087719298244835 0.14619883040935671703 0.14619883040935671703 0.14035087719298244835 0.14619883040935671703 0.19883040935672513516 0.19298245614035086648 0.19883040935672513516 0.19883040935672513516 0.19883040935672513516 0.24561403508771928461 0.26315789473684209065 0.19298245614035086648 0.22807017543859647857 0.14035087719298244835 0.19883040935672513516 0.17543859649122806044 0.19883040935672513516 0.24561403508771928461 0.19883040935672513516 0.19883040935672513516 0.19883040935672513516 0.34502923976608185219 0.29239766081871343406 0.26315789473684209065 0.26900584795321635934 0.26315789473684209065 0.41520467836257307637 0.29239766081871343406 0.19298245614035086648 0.19883040935672513516 0.16374269005847952307 0.064327485380116955493 0.076023391812865492856 0.16374269005847952307 0.26315789473684209065 0.26315789473684209065
