Example/niche_background/models/ENFA/Anolis_coelestinus_0.asc
ncols        743
nrows        319
xllcorner    -74.500956448335
yllcorner    17.448920549066
cellsize     0.008333333333
NODATA_value  -9999
[rows 200 to 219 of 319, columns 135 to 179 of 743]
0.76023391812865492856 0.76608187134502925275 0.43274853801169588241 0.403508771929824539 0.36842105263157892692 0.57309941520467833076 0.80701754385964907801 0.80701754385964907801 0.85964912280701755165 0.89473684210526316374 0.82456140350877193956 0.81871345029239761537 0.94152046783625731319 0.935672514619882989 0.98830409356725146264 0.935672514619882989 0.98245614035087713845 0.935672514619882989 0.98245614035087713845 0.92982456140350877583 0.96491228070175438791 0.83625730994152047693 0.88304093567251462638 0.92397660818713445163 0.98830409356725146264 0.98830409356725146264 0.91812865497076023846 0.95321637426900585055 1 0.94736842105263152636 0.96491228070175438791 0.91812865497076023846 0.87719298245614030218 0.76608187134502925275 0.77777777777777779011 0.70175438596491224175 0.67836257309941516702 0.70175438596491224175 0.73099415204678364066 0.80701754385964907801 0.80701754385964907801 0.76023391812865492856 0.87134502923976608901 0.88888888888888883955 0.94736842105263152636
0.84795321637426901429 0.89473684210526316374 0.76608187134502925275 0.59649122807017540548 1 0.95321637426900585055 1 0.98830409356725146264 0.98245614035087713845 0.98830409356725146264 0.97660818713450292528 0.89473684210526316374 0.98245614035087713845 0.95321637426900585055 0.91812865497076023846 0.85964912280701755165 0.81871345029239761537 0.79532163742690054065 0.86549707602339176482 0.85380116959064322746 0.76608187134502925275 0.69005847953216370438 0.77192982456140346592 0.85380116959064322746 0.85964912280701755165 0.935672514619882989 0.96491228070175438791 0.88304093567251462638 0.92397660818713445163 0.935672514619882989 1 0.97660818713450292528 0.935672514619882989 0.85964912280701755165 0.75438596491228071539 0.60818713450292394285 0.7192982456140351033 0.61988304093567248021 0.69005847953216370438 0.6257309941520468044 0.63742690058479534176 0.69005847953216370438 0.80701754385964907801 0.72514619883040931647 0.69005847953216370438
1 0.79532163742690054065 1 0.42690058479532161373 0.99415204678362567581 0.98830409356725146264 0.98830409356725146264 0.95906432748538006372 0.84795321637426901429 0.85964912280701755165 0.84795321637426901429 0.81871345029239761537 0.84795321637426901429 0.84795321637426901429 0.79532163742690054065 0.76608187134502925275 0.72514619883040931647 0.76023391812865492856 0.7192982456140351033 0.64327485380116955493 0.55555555555555558023 0.64327485380116955493 0.66081871345029241649 0.69005847953216370438 0.76608187134502925275 0.77192982456140346592 0.85380116959064322746 0.79532163742690054065 0.95906432748538006372 0.96491228070175438791 0.98830409356725146264 0.96491228070175438791 0.95321637426900585055 0.81871345029239761537 0.76023391812865492856 0.73099415204678364066 0.76608187134502925275 0.46198830409356722582 0.46198830409356722582 0.4678362573099414945 0.69005847953216370438 0.54970760233918125603 0.61988304093567248021 0.69590643274853802858 0.7192982456140351033
0.97660818713450292528 0.51461988304093564395 0.43274853801169588241 0.48538011695906430054 0.64327485380116955493 0.43274853801169588241 0.98245614035087713845 1 0.97660818713450292528 0.88888888888888883955 0.68421052631578949121 0.76023391812865492856 0.76023391812865492856 0.76023391812865492856 0.72514619883040931647 0.69005847953216370438 0.6257309941520468044 0.59649122807017540548 0.53801169590643271867 0.53801169590643271867 0.64327485380116955493 0.59649122807017540548 0.69005847953216370438 0.59649122807017540548 0.71345029239766077911 0.75438596491228071539 0.79532163742690054065 0.85964912280701755165 0.85964912280701755165 0.91228070175438591427 0.935672514619882989 0.935672514619882989 0.81871345029239761537 0.79532163742690054065 0.72514619883040931647 0.70760233918128656594 0.64327485380116955493 0.43274853801169588241 0.46198830409356722582 0.51461988304093564395 0.5321637426900585055 0.64327485380116955493 0.61988304093567248021 0.59649122807017540548 0.57309941520467833076
0.85964912280701755165 0.76608187134502925275 0.80701754385964907801 0.80701754385964907801 0.96491228070175438791 0.935672514619882989 0.95321637426900585055 0.81871345029239761537 0.97660818713450292528 0.99415204678362567581 0.98830409356725146264 0.96491228070175438791 0.80116959064327486484 0.69590643274853802858 0.71345029239766077911 0.52046783625730996814 0.63742690058479534176 0.50877192982456143078 0.54970760233918125603 0.57309941520467833076 0.67251461988304095385 0.59649122807017540548 0.59649122807017540548 0.61988304093567248021 0.7192982456140351033 0.76608187134502925275 0.76608187134502925275 0.85964912280701755165 0.84795321637426901429 0.98830409356725146264 0.87719298245614030218 0.935672514619882989 0.84795321637426901429 0.75438596491228071539 0.7192982456140351033 0.76608187134502925275 0.72514619883040931647 0.53801169590643271867 0.55555555555555558023 0.58479532163742686812 0.59649122807017540548 0.46198830409356722582 0.45614035087719295714 0.54385964912280704286 0.53801169590643271867
0.55555555555555558023 1 0.98830409356725146264 0.89473684210526316374 1 0.98830409356725146264 1 1 0.95321637426900585055 0.98245614035087713845 0.98245614035087713845 0.96491228070175438791 0.98830409356725146264 0.97660818713450292528 0.88888888888888883955 0.87134502923976608901 0.85964912280701755165 0.85964912280701755165 0.83625730994152047693 0.76023391812865492856 0.75438596491228071539 0.72514619883040931647 0.69005847953216370438 0.76023391812865492856 0.76023391812865492856 0.81871345029239761537 0.8128654970760234022 0.84795321637426901429 0.84795321637426901429 0.91228070175438591427 0.99415204678362567581 0.95906432748538006372 0.80701754385964907801 0.80701754385964907801 0.80701754385964907801 0.7485380116959063912 0.59649122807017540548 0.46198830409356722582 0.61988304093567248021 0.64327485380116955493 0.61988304093567248021 0.55555555555555558023 0.68421052631578949121 0.72514619883040931647 0.7192982456140351033
0.98830409356725146264 1 1 1 1 1 0.98830409356725146264 0.98245614035087713845 0.98830409356725146264 0.98830409356725146264 0.98830409356725146264 0.94736842105263152636 0.87719298245614030218 1 1 0.88304093567251462638 0.99415204678362567581 0.98830409356725146264 0.98830409356725146264 0.95906432748538006372 0.8421052631578946901 0.84795321637426901429 0.76023391812865492856 0.80116959064327486484 0.76608187134502925275 0.80116959064327486484 0.80701754385964907801 0.9064327485380117011 0.87134502923976608901 0.9064327485380117011 0.88888888888888883955 0.935672514619882989 0.91228070175438591427 0.86549707602339176482 0.80701754385964907801 0.85964912280701755165 0.69590643274853802858 0.59649122807017540548 0.57309941520467833076 0.64327485380116955493 0.80116959064327486484 0.80701754385964907801 0.80701754385964907801 0.80701754385964907801 0.97660818713450292528
0.99415204678362567581 1 1 0.98830409356725146264 0.98830409356725146264 1 0.98830409356725146264 0.99415204678362567581 1 0.99415204678362567581 0.98830409356725146264 0.98245614035087713845 1 0.98830409356725146264 0.98830409356725146264 0.88888888888888883955 1 0.98830409356725146264 0.98830409356725146264 0.98830409356725146264 0.97076023391812860108 0.97660818713450292528 0.97660818713450292528 0.95906432748538006372 0.95321637426900585055 0.86549707602339176482 1 0.98245614035087713845 0.89473684210526316374 0.97660818713450292528 0.96491228070175438791 0.98830409356725146264 0.98830409356725146264 0.96491228070175438791 0.98830409356725146264 0.95906432748538006372 0.99415204678362567581 0.96491228070175438791 0.98830409356725146264 0.96491228070175438791 0.98830409356725146264 0.98830409356725146264 0.98830409356725146264 1 0.96491228070175438791
0.98245614035087713845 0.98245614035087713845 0.98830409356725146264 0.98830409356725146264 0.98830409356725146264 0.98245614035087713845 1 0.98830409356725146264 0.95906432748538006372 0.98245614035087713845 0.98245614035087713845 0.98830409356725146264 0.98830409356725146264 0.98830409356725146264 0.98830409356725146264 0.96491228070175438791 0.98830409356725146264 0.85964912280701755165 0.935672514619882989 0.98245614035087713845 0.95321637426900585055 0.92397660818713445163 0.95906432748538006372 0.97660818713450292528 0.97660818713450292528 0.98830409356725146264 0.96491228070175438791 0.95321637426900585055 0.95906432748538006372 0.95906432748538006372 0.98830409356725146264 0.96491228070175438791 0.95906432748538006372 0.935672514619882989 0.96491228070175438791 0.98830409356725146264 0.98830409356725146264 0.95321637426900585055 0.96491228070175438791 0.98830409356725146264 0.95321637426900585055 0.95321637426900585055 0.98830409356725146264 0.98830409356725146264 0.98830409356725146264
0.98830409356725146264 0.97660818713450292528 1 1 1 0.98830409356725146264 0.98830409356725146264 0.98830409356725146264 1 0.98830409356725146264 1 0.98830409356725146264 0.95906432748538006372 0.98245614035087713845 0.96491228070175438791 0.98830409356725146264 0.95321637426900585055 0.94736842105263152636 0.95906432748538006372 0.97660818713450292528 0.85964912280701755165 0.90058479532163737691 0.935672514619882989 0.95321637426900585055 0.95321637426900585055 0.97076023391812860108 0.97076023391812860108 0.97660818713450292528 0.97076023391812860108 0.95906432748538006372 0.95906432748538006372 0.95906432748538006372 0.98830409356725146264 0.97660818713450292528 0.94152046783625731319 0.96491228070175438791 0.98830409356725146264 0.96491228070175438791 0.99415204678362567581 0.98830409356725146264 1 0.98830409356725146264 0.84795321637426901429 0.91228070175438591427 0.84795321637426901429
1 1 1 1 1 1 1 1 0.94152046783625731319 0.98245614035087713845 0.98830409356725146264 0.80701754385964907801 0.95906432748538006372 0.98830409356725146264 0.97660818713450292528 0.94736842105263152636 0.98830409356725146264 0.85964912280701755165 0.92397660818713445163 0.90058479532163737691 0.96491228070175438791 0.85964912280701755165 0.98245614035087713845 0.98245614035087713845 0.96491228070175438791 0.98830409356725146264 0.97660818713450292528 0.98830409356725146264 0.97660818713450292528 0.96491228070175438791 0.96491228070175438791 0.95906432748538006372 0.95321637426900585055 0.97076023391812860108 0.98830409356725146264 0.98830409356725146264 1 0.98245614035087713845 0.98245614035087713845 0.97660818713450292528 1 0.94736842105263152636 0.80701754385964907801 0.80701754385964907801 0.80701754385964907801
0.95321637426900585055 1 0.98830409356725146264 0.96491228070175438791 0.98830409356725146264 1 0.99415204678362567581 0.90058479532163737691 0.98830409356725146264 0.98830409356725146264 0.82456140350877193956 0.88304093567251462638 0.87719298245614030218 0.98830409356725146264 0.95321637426900585055 0.99415204678362567581 0.9064327485380117011 0.84795321637426901429 0.96491228070175438791 0.97660818713450292528 0.98245614035087713845 0.97660818713450292528 0.97660818713450292528 0.98245614035087713845 0.98245614035087713845 0.97660818713450292528 1 0.98830409356725146264 0.99415204678362567581 1 0.98245614035087713845 0.97660818713450292528 0.97660818713450292528 0.95321637426900585055 0.95321637426900585055 0.95321637426900585055 0.98830409356725146264 0.98245614035087713845 0.98245614035087713845 0.98245614035087713845 0.95906432748538006372 0.95321637426900585055 0.80701754385964907801 0.76023391812865492856 0.80701754385964907801
1 1 0.88888888888888883955 0.79532163742690054065 0.85964912280701755165 0.935672514619882989 0.88888888888888883955 0.98830409356725146264 0.92982456140350877583 0.88304093567251462638 1 0.91228070175438591427 0.99415204678362567581 0.98830409356725146264 0.935672514619882989 0.98830409356725146264 0.85964912280701755165 0.95906432748538006372 0.97660818713450292528 0.97076023391812860108 0.95906432748538006372 0.88304093567251462638 0.94152046783625731319 0.95321637426900585055 0.98830409356725146264 0.98830409356725146264 1 0.99415204678362567581 0.98830409356725146264 1 0.97660818713450292528 0.98830409356725146264 1 0.97660818713450292528 0.95906432748538006372 0.97660818713450292528 0.91812865497076023846 0.935672514619882989 0.94736842105263152636 0.94152046783625731319 0.96491228070175438791 0.89473684210526316374 0.92397660818713445163 0.88888888888888883955 0.76608187134502925275
0.98245614035087713845 0.98830409356725146264 0.98830409356725146264 0.76608187134502925275 0.76023391812865492856 0.7192982456140351033 0.67836257309941516702 0.80701754385964907801 0.79532163742690054065 0.88888888888888883955 0.94152046783625731319 0.99415204678362567581 0.99415204678362567581 0.96491228070175438791 0.98245614035087713845 0.98830409356725146264 0.91812865497076023846 0.935672514619882989 0.98830409356725146264 0.935672514619882989 0.935672514619882989 0.98830409356725146264 0.98830409356725146264 0.935672514619882989 0.95321637426900585055 0.97660818713450292528 0.98830409356725146264 0.99415204678362567581 1 0.98830409356725146264 1 0.98245614035087713845 1 0.98830409356725146264 0.97660818713450292528 0.98245614035087713845 0.97660818713450292528 0.95321637426900585055 0.98830409356725146264 0.98830409356725146264 1 0.91228070175438591427 0.96491228070175438791 0.97660818713450292528 0.88888888888888883955
0.81871345029239761537 0.76023391812865492856 0.73099415204678364066 0.69005847953216370438 0.59649122807017540548 0.5321637426900585055 0.4970760233918128379 0.59649122807017540548 0.6257309941520468044 0.76608187134502925275 0.80701754385964907801 0.9064327485380117011 0.94736842105263152636 0.97076023391812860108 0.95321637426900585055 0.935672514619882989 0.92397660818713445163 0.95321637426900585055 0.95321637426900585055 0.94152046783625731319 0.97076023391812860108 0.95321637426900585055 0.95906432748538006372 1 0.95906432748538006372 0.84795321637426901429 0.92982456140350877583 0.94152046783625731319 0.88888888888888883955 1 0.99415204678362567581 1 0.98830409356725146264 0.98830409356725146264 1 1 0.98245614035087713845 0.98245614035087713845 0.96491228070175438791 0.98245614035087713845 0.97660818713450292528 0.96491228070175438791 1 0.97660818713450292528 0.96491228070175438791
0.76608187134502925275 0.49122807017543856922 0.6549707602339180923 0.46198830409356722582 0.57309941520467833076 0.48538011695906430054 0.48538011695906430054 0.53801169590643271867 0.53801169590643271867 0.67836257309941516702 0.72514619883040931647 0.85964912280701755165 0.80701754385964907801 0.91812865497076023846 0.87719298245614030218 0.91228070175438591427 0.88888888888888883955 0.91228070175438591427 0.88888888888888883955 0.88888888888888883955 0.935672514619882989 0.94736842105263152636 0.94152046783625731319 0.99415204678362567581 0.98830409356725146264 0.98830409356725146264 0.99415204678362567581 0.98830409356725146264 0.9064327485380117011 0.98830409356725146264 1 0.99415204678362567581 1 0.98830409356725146264 1 0.98830409356725146264 0.98830409356725146264 0.95321637426900585055 0.98830409356725146264 0.99415204678362567581 0.95321637426900585055 0.95906432748538006372 1 0.98830409356725146264 0.97076023391812860108
0.92982456140350877583 0.50877192982456143078 0.59649122807017540548 0.54970760233918125603 0.47368421052631576318 0.43274853801169588241 0.59649122807017540548 0.58479532163742686812 0.72514619883040931647 0.66666666666666662966 0.74269005847953217803 0.80701754385964907801 0.99415204678362567581 0.95321637426900585055 0.96491228070175438791 0.87719298245614030218 0.89473684210526316374 0.86549707602339176482 0.86549707602339176482 0.85964912280701755165 0.85380116959064322746 0.86549707602339176482 0.88888888888888883955 0.98830409356725146264 0.98245614035087713845 0.88304093567251462638 1 1 1 0.98830409356725146264 0.98830409356725146264 0.99415204678362567581 0.98830409356725146264 1 0.98830409356725146264 0.99415204678362567581 1 0.98830409356725146264 0.935672514619882989 0.92397660818713445163 0.98830409356725146264 0.97660818713450292528 1 0.98830409356725146264 0.95321637426900585055
0.76023391812865492856 0.43274853801169588241 0.47953216374269003186 0.46198830409356722582 0.51461988304093564395 0.48538011695906430054 0.46198830409356722582 0.55555555555555558023 0.59649122807017540548 0.57894736842105265495 0.69005847953216370438 0.87134502923976608901 0.94152046783625731319 0.76023391812865492856 0.98830409356725146264 0.935672514619882989 0.98830409356725146264 0.935672514619882989 0.87719298245614030218 0.88888888888888883955 0.85964912280701755165 0.83040935672514615273 0.86549707602339176482 0.935672514619882989 0.95321637426900585055 0.94736842105263152636 0.98245614035087713845 1 1 1 1 1 1 1 0.98245614035087713845 0.98830409356725146264 0.95906432748538006372 0.99415204678362567581 0.99415204678362567581 0.97660818713450292528 0.98830409356725146264 0.95321637426900585055 0.98830409356725146264 0.99415204678362567581 0.76023391812865492856
0.43859649122807015109 0.51461988304093564395 0.57309941520467833076 0.52046783625730996814 0.56725146198830411759 0.48538011695906430054 0.41520467836257307637 0.59649122807017540548 0.6257309941520468044 0.70760233918128656594 0.73684210526315785383 0.83625730994152047693 0.92397660818713445163 0.87719298245614030218 0.96491228070175438791 0.92397660818713445163 0.88888888888888883955 0.98245614035087713845 0.99415204678362567581 0.94736842105263152636 0.91812865497076023846 0.95321637426900585055 0.84795321637426901429 0.935672514619882989 0.98245614035087713845 0.97660818713450292528 0.97660818713450292528 0.95906432748538006372 1 1 1 1 0.99415204678362567581 0.95906432748538006372 0.97660818713450292528 0.97660818713450292528 0.97660818713450292528 0.95321637426900585055 0.935672514619882989 0.97660818713450292528 0.98245614035087713845 1 0.98830409356725146264 0.98830409356725146264 0.86549707602339176482
0.36842105263157892692 0.42105263157894734505 0.50877192982456143078 0.52046783625730996814 0.40935672514619880769 0.5321637426900585055 0.5321637426900585055 0.5321637426900585055 0.59649122807017540548 0.72514619883040931647 0.72514619883040931647 0.80701754385964907801 0.935672514619882989 0.98830409356725146264 0.98830409356725146264 0.98830409356725146264 0.98830409356725146264 0.95321637426900585055 0.85964912280701755165 0.97660818713450292528 0.91812865497076023846 0.96491228070175438791 0.85964912280701755165 0.98830409356725146264 0.9064327485380117011 0.935672514619882989 0.87719298245614030218 0.92397660818713445163 1 1 1 0.99415204678362567581 1 1 1 1 1 0.96491228070175438791 0.91228070175438591427 0.85964912280701755165 0.935672514619882989 0.97660818713450292528 1 0.98830409356725146264 0.85380116959064322746
