Example/niche_background/models/ENFA/Anolis_chlorocyanus_0.asc
ncols        743
nrows        319
xllcorner    -74.500956448335
yllcorner    17.448920549066
cellsize     0.008333333333
NODATA_value  -9999
[rows 84 to 104 of 319, columns 414 to 459 of 743]
0.34600760456273765842 0.27376425855513308871 0.25855513307984789861 0.53231939163498098733 0.33079847908745246832 0.36882129277566538805 0.30038022813688214363 0.2471482889733840338 0.19771863117870722149 0.17110266159695816657 0.12167300380228136814 0.15969581749049430175 0.12927756653992394931 0.14448669201520911165 0.18250950570342205914 0.18250950570342205914 0.19771863117870722149 0.21292775665399238383 0.38022813688212925287 0.23574144486692014122 0.2243346007604562764 0.30038022813688214363 0.23954372623574143875 0.31558935361216727822 0.3916349809885931732 0.23954372623574143875 0.34600760456273765842 0.30038022813688214363 0.30038022813688214363 0.22053231939163497888 0.18250950570342205914 0.22813688212927757393 0.12547528517110265178 0.15969581749049430175 0.15589353612167300422 0.22813688212927757393 0.19771863117870722149 0.2471482889733840338 0.18631178707224335667 0.18250950570342205914 0.15589353612167300422 0.30038022813688214363 0.31558935361216727822 0.33460076045627373809 0.18631178707224335667 0.23574144486692014122
0.30038022813688214363 0.42585551330798476766 0.61596958174904947736 0.41444866920152090284 0.46007604562737641762 0.44866920152091255281 0.46007604562737641762 0.54372623574144485215 0.39923954372623576825 0.20152091254752851901 0.3193916349809886035 0.17110266159695816657 0.17110266159695816657 0.18250950570342205914 0.22053231939163497888 0.23954372623574143875 0.21673003802281368135 0.15969581749049430175 0.20152091254752851901 0.22053231939163497888 0.27376425855513308871 0.34600760456273765842 0.3193916349809886035 0.32319391634980987327 0.39923954372623576825 0.42585551330798476766 0.33079847908745246832 0.33079847908745246832 0.22813688212927757393 0.21292775665399238383 0.39923954372623576825 0.21673003802281368135 0.13307984790874524683 0.17110266159695816657 0.23574144486692014122 0.20152091254752851901 0.30798479087452473868 0.15969581749049430175 0.12167300380228136814 0.17110266159695816657 0.19771863117870722149 0.30038022813688214363 0.30038022813688214363 0.39923954372623576825 0.27376425855513308871 0.30038022813688214363
0.53612167300380231261 0.55133079847908750271 0.53612167300380231261 0.42965779467680609294 0.46007604562737641762 0.44106463878326995776 0.49809885931558933736 0.42585551330798476766 0.42965779467680609294 0.34600760456273765842 0.32319391634980987327 0.34600760456273765842 0.37262357414448671333 0.48669201520912547254 0.34600760456273765842 0.18250950570342205914 0.30798479087452473868 0.34220532319391633314 0.28517110266159695353 0.23954372623574143875 0.27376425855513308871 0.30798479087452473868 0.29657794676806081835 0.29657794676806081835 0.33460076045627373809 0.47148288973384028244 0.4638783269961977429 0.33460076045627373809 0.32319391634980987327 0.39543726235741444297 0.21673003802281368135 0.23954372623574143875 0.15589353612167300422 0.18250950570342205914 0.21292775665399238383 0.17110266159695816657 0.21292775665399238383 0.19391634980988592396 0.18250950570342205914 0.15969581749049430175 0.29277566539923954858 0.22813688212927757393 0.30798479087452473868 0.34600760456273765842 0.361216730038022793 0.34600760456273765842
0.53612167300380231261 0.48669201520912547254 0.48669201520912547254 0.52851711026615966205 0.50190114068441060713 0.49429657794676806759 0.49809885931558933736 0.44106463878326995776 0.58935361216730042244 0.5779467680608364466 0.19771863117870722149 0.3041825095057034134 0.38022813688212925287 0.42205323193916349789 0.32319391634980987327 0.33079847908745246832 0.34600760456273765842 0.3193916349809886035 0.46007604562737641762 0.19011406844106462644 0.35361216730038025347 0.32319391634980987327 0.29277566539923954858 0.33079847908745246832 0.42965779467680609294 0.32319391634980987327 0.33460076045627373809 0.36882129277566538805 0.22813688212927757393 0.33079847908745246832 0.19391634980988592396 0.21292775665399238383 0.27376425855513308871 0.30038022813688214363 0.21673003802281368135 0.21673003802281368135 0.23954372623574143875 0.22053231939163497888 0.22813688212927757393 0.21292775665399238383 0.17870722433460076162 0.21292775665399238383 0.30038022813688214363 0.27376425855513308871 0.34600760456273765842 0.31558935361216727822
0.48288973384030420277 0.46007604562737641762 0.42585551330798476766 0.48669201520912547254 0.53231939163498098733 0.54752851711026617743 0.49809885931558933736 0.41064638783269963307 0.32319391634980987327 0.42585551330798476766 0.30038022813688214363 0.19771863117870722149 0.32319391634980987327 0.30038022813688214363 0.46007604562737641762 0.41825095057034222812 0.44106463878326995776 0.26996197718631176343 0.22053231939163497888 0.21673003802281368135 0.22053231939163497888 0.30038022813688214363 0.36882129277566538805 0.33079847908745246832 0.38022813688212925287 0.33079847908745246832 0.34600760456273765842 0.23193916349809887145 0.34600760456273765842 0.3193916349809886035 0.32319391634980987327 0.31178707224334600845 0.33460076045627373809 0.31178707224334600845 0.21673003802281368135 0.15969581749049430175 0.25855513307984789861 0.2889733840304182233 0.31178707224334600845 0.3193916349809886035 0.2243346007604562764 0.3041825095057034134 0.38403041825095057815 0.34600760456273765842 0.27756653992395435848 0.30038022813688214363
0.5779467680608364466 0.44106463878326995776 0.49429657794676806759 0.53612167300380231261 0.34600760456273765842 0.34220532319391633314 0.48669201520912547254 0.36882129277566538805 0.58174904942965777188 0.41825095057034222812 0.38403041825095057815 0.24334600760456273627 0.45247148288973382257 0.29657794676806081835 0.3193916349809886035 0.34220532319391633314 0.34600760456273765842 0.22053231939163497888 0.22053231939163497888 0.25095057034220530356 0.2471482889733840338 0.34600760456273765842 0.33079847908745246832 0.32699619771863119855 0.36501901140684411828 0.3193916349809886035 0.34600760456273765842 0.22053231939163497888 0.31178707224334600845 0.23954372623574143875 0.24334600760456273627 0.3764258555133079831 0.33079847908745246832 0.34600760456273765842 0.2243346007604562764 0.29277566539923954858 0.20532319391634981653 0.25855513307984789861 0.34600760456273765842 0.29277566539923954858 0.3193916349809886035 0.42965779467680609294 0.42965779467680609294 0.39543726235741444297 0.39923954372623576825 0.34600760456273765842
0.52851711026615966205 0.6083650190114068268 0.49809885931558933736 0.49809885931558933736 0.34600760456273765842 0.48669201520912547254 0.33460076045627373809 0.42965779467680609294 0.33460076045627373809 0.47528517110266160772 0.47528517110266160772 0.3916349809885931732 0.29277566539923954858 0.38403041825095057815 0.31558935361216727822 0.33079847908745246832 0.39543726235741444297 0.21292775665399238383 0.25855513307984789861 0.33079847908745246832 0.33840304182509506337 0.30038022813688214363 0.39923954372623576825 0.33079847908745246832 0.30798479087452473868 0.44106463878326995776 0.33460076045627373809 0.21292775665399238383 0.42585551330798476766 0.38403041825095057815 0.4638783269961977429 0.33460076045627373809 0.38783269961977184792 0.36882129277566538805 0.30798479087452473868 0.19771863117870722149 0.30038022813688214363 0.37262357414448671333 0.31558935361216727822 0.16730038022813686904 0.21292775665399238383 0.33460076045627373809 0.43346007604562736271 0.40684410646387830779 0.33460076045627373809 0.42205323193916349789
0.48288973384030420277 0.42585551330798476766 0.40684410646387830779 0.47908745247148287749 0.28136882129277568376 0.34600760456273765842 0.34980988593155892818 0.33079847908745246832 0.39543726235741444297 0.26996197718631176343 0.5779467680608364466 0.44106463878326995776 0.38403041825095057815 0.41064638783269963307 0.25855513307984789861 0.34600760456273765842 0.39543726235741444297 0.42205323193916349789 0.27376425855513308871 0.33079847908745246832 0.27756653992395435848 0.33460076045627373809 0.33460076045627373809 0.42585551330798476766 0.361216730038022793 0.37262357414448671333 0.361216730038022793 0.3193916349809886035 0.29657794676806081835 0.39543726235741444297 0.34600760456273765842 0.41064638783269963307 0.42965779467680609294 0.3764258555133079831 0.21292775665399238383 0.3193916349809886035 0.29277566539923954858 0.24334600760456273627 0.3193916349809886035 0.2889733840304182233 0.20532319391634981653 0.3193916349809886035 0.41064638783269963307 0.35361216730038025347 0.33460076045627373809 0.2889733840304182233
0.40304182509505703802 0.48669201520912547254 0.42205323193916349789 0.44106463878326995776 0.33079847908745246832 0.50570342205323193241 0.29657794676806081835 0.37262357414448671333 0.31558935361216727822 0.39923954372623576825 0.58174904942965777188 0.53231939163498098733 0.33079847908745246832 0.32699619771863119855 0.33079847908745246832 0.31558935361216727822 0.40684410646387830779 0.3193916349809886035 0.3193916349809886035 0.43346007604562736271 0.38022813688212925287 0.41064638783269963307 0.30038022813688214363 0.2889733840304182233 0.33460076045627373809 0.44106463878326995776 0.32699619771863119855 0.31558935361216727822 0.34220532319391633314 0.33460076045627373809 0.3916349809885931732 0.44486692015209122752 0.3916349809885931732 0.44866920152091255281 0.3916349809885931732 0.37262357414448671333 0.26615969581749049366 0.3193916349809886035 0.33079847908745246832 0.13307984790874524683 0.21673003802281368135 0.37262357414448671333 0.42965779467680609294 0.33460076045627373809 0.33079847908745246832 0.3193916349809886035
0.53612167300380231261 0.48669201520912547254 0.41444866920152090284 0.4638783269961977429 0.44106463878326995776 0.47908745247148287749 0.4638783269961977429 0.46768060836501901267 0.38022813688212925287 0.42965779467680609294 0.46007604562737641762 0.53612167300380231261 0.25095057034220530356 0.47908745247148287749 0.33079847908745246832 0.44106463878326995776 0.33079847908745246832 0.35361216730038025347 0.29657794676806081835 0.3193916349809886035 0.22813688212927757393 0.37262357414448671333 0.40304182509505703802 0.43726235741444868799 0.35361216730038025347 0.41064638783269963307 0.33460076045627373809 0.30038022813688214363 0.27376425855513308871 0.33079847908745246832 0.40684410646387830779 0.44106463878326995776 0.29277566539923954858 0.3193916349809886035 0.33079847908745246832 0.20912547528517111406 0.19771863117870722149 0.20152091254752851901 0.3193916349809886035 0.22813688212927757393 0.21292775665399238383 0.33460076045627373809 0.46007604562737641762 0.46768060836501901267 0.4638783269961977429 0.47528517110266160772
0.58935361216730042244 0.3193916349809886035 0.52471482889733844779 0.48669201520912547254 0.50570342205323193241 0.49809885931558933736 0.47528517110266160772 0.46007604562737641762 0.41064638783269963307 0.3193916349809886035 0.46768060836501901267 0.49429657794676806759 0.3916349809885931732 0.40684410646387830779 0.29277566539923954858 0.35741444866920152323 0.33460076045627373809 0.34600760456273765842 0.33460076045627373809 0.33460076045627373809 0.34600760456273765842 0.22813688212927757393 0.23574144486692014122 0.44106463878326995776 0.30038022813688214363 0.3193916349809886035 0.26615969581749049366 0.15969581749049430175 0.39923954372623576825 0.38403041825095057815 0.40304182509505703802 0.48669201520912547254 0.39923954372623576825 0.21292775665399238383 0.38403041825095057815 0.22813688212927757393 0.21292775665399238383 0.24334600760456273627 0.33460076045627373809 0.32319391634980987327 0.2889733840304182233 0.34600760456273765842 0.33079847908745246832 0.46007604562737641762 0.39543726235741444297 0.34600760456273765842
0.67680608365019012673 0.51330798479087447195 0.54752851711026617743 0.42585551330798476766 0.53612167300380231261 0.34600760456273765842 0.44106463878326995776 0.47908745247148287749 0.53612167300380231261 0.34980988593155892818 0.39923954372623576825 0.43726235741444868799 0.33460076045627373809 0.34600760456273765842 0.44106463878326995776 0.31558935361216727822 0.44106463878326995776 0.44106463878326995776 0.37262357414448671333 0.41064638783269963307 0.33079847908745246832 0.33079847908745246832 0.25095057034220530356 0.39923954372623576825 0.42965779467680609294 0.33460076045627373809 0.25095057034220530356 0.2889733840304182233 0.22813688212927757393 0.41064638783269963307 0.41064638783269963307 0.3764258555133079831 0.38403041825095057815 0.21673003802281368135 0.27376425855513308871 0.31178707224334600845 0.31558935361216727822 0.34600760456273765842 0.33079847908745246832 0.40684410646387830779 0.37262357414448671333 0.33460076045627373809 0.39923954372623576825 0.33460076045627373809 0.44106463878326995776 0.38403041825095057815
0.67680608365019012673 0.46768060836501901267 0.2243346007604562764 0.23954372623574143875 0.49809885931558933736 0.33460076045627373809 0.44106463878326995776 0.53612167300380231261 0.48288973384030420277 0.41064638783269963307 0.361216730038022793 0.46007604562737641762 0.44106463878326995776 0.44106463878326995776 0.42965779467680609294 0.42205323193916349789 0.42205323193916349789 0.33079847908745246832 0.33079847908745246832 0.31178707224334600845 0.3193916349809886035 0.33079847908745246832 0.33079847908745246832 0.34600760456273765842 0.29657794676806081835 0.42585551330798476766 0.39543726235741444297 0.31558935361216727822 0.33079847908745246832 0.21673003802281368135 0.42205323193916349789 0.29277566539923954858 0.38022813688212925287 0.2471482889733840338 0.31558935361216727822 0.31178707224334600845 0.42205323193916349789 0.33460076045627373809 0.34980988593155892818 0.22053231939163497888 0.30038022813688214363 0.33460076045627373809 0.33460076045627373809 0.44106463878326995776 0.36882129277566538805 0.43346007604562736271
0.49429657794676806759 0.50570342205323193241 0.42965779467680609294 0.18250950570342205914 0.45247148288973382257 0.30798479087452473868 0.40684410646387830779 0.46007604562737641762 0.48669201520912547254 0.49429657794676806759 0.39923954372623576825 0.50190114068441060713 0.33079847908745246832 0.34980988593155892818 0.40304182509505703802 0.43346007604562736271 0.38022813688212925287 0.31558935361216727822 0.33460076045627373809 0.33079847908745246832 0.39923954372623576825 0.48669201520912547254 0.38022813688212925287 0.3193916349809886035 0.2889733840304182233 0.45247148288973382257 0.41064638783269963307 0.43346007604562736271 0.3193916349809886035 0.26996197718631176343 0.48669201520912547254 0.45247148288973382257 0.34220532319391633314 0.39543726235741444297 0.33460076045627373809 0.29277566539923954858 0.41064638783269963307 0.42965779467680609294 0.42205323193916349789 0.22813688212927757393 0.25855513307984789861 0.44106463878326995776 0.4638783269961977429 0.40304182509505703802 0.38403041825095057815 0.44106463878326995776
0.46007604562737641762 0.32319391634980987327 0.41064638783269963307 0.23574144486692014122 0.41064638783269963307 0.19771863117870722149 0.46007604562737641762 0.40684410646387830779 0.49429657794676806759 0.43346007604562736271 0.45247148288973382257 0.36501901140684411828 0.3193916349809886035 0.44106463878326995776 0.4638783269961977429 0.42965779467680609294 0.44106463878326995776 0.34600760456273765842 0.41064638783269963307 0.43346007604562736271 0.41064638783269963307 0.42205323193916349789 0.39923954372623576825 0.41064638783269963307 0.41444866920152090284 0.3193916349809886035 0.38403041825095057815 0.38022813688212925287 0.42965779467680609294 0.27756653992395435848 0.21292775665399238383 0.39923954372623576825 0.21292775665399238383 0.21292775665399238383 0.39543726235741444297 0.45627376425855514785 0.42205323193916349789 0.44106463878326995776 0.21673003802281368135 0.33079847908745246832 0.30038022813688214363 0.46007604562737641762 0.46768060836501901267 0.4638783269961977429 0.43346007604562736271 0.44486692015209122752
0.21673003802281368135 0.21292775665399238383 0.15969581749049430175 0.10266159695817490827 0.33460076045627373809 0.22053231939163497888 0.43346007604562736271 0.3193916349809886035 0.46007604562737641762 0.42965779467680609294 0.40684410646387830779 0.3916349809885931732 0.42585551330798476766 0.46007604562737641762 0.33460076045627373809 0.33079847908745246832 0.40684410646387830779 0.40684410646387830779 0.34600760456273765842 0.41064638783269963307 0.39923954372623576825 0.34600760456273765842 0.30038022813688214363 0.34600760456273765842 0.35361216730038025347 0.41444866920152090284 0.44106463878326995776 0.42205323193916349789 0.35361216730038025347 0.31558935361216727822 0.26996197718631176343 0.36882129277566538805 0.41064638783269963307 0.39543726235741444297 0.23954372623574143875 0.36882129277566538805 0.33460076045627373809 0.46768060836501901267 0.42965779467680609294 0.19011406844106462644 0.48669201520912547254 0.47908745247148287749 0.39923954372623576825 0.46768060836501901267 0.42585551330798476766 0.4638783269961977429
0.48669201520912547254 0.18250950570342205914 0.098859315589353610743 0.083650190114068434521 0.095057034220532313218 0.10646387832699619191 0.087452471482889732046 0.15969581749049430175 0.35361216730038025347 0.44106463878326995776 0.45247148288973382257 0.42965779467680609294 0.54752851711026617743 0.34220532319391633314 0.40684410646387830779 0.35361216730038025347 0.39923954372623576825 0.41825095057034222812 0.35361216730038025347 0.29277566539923954858 0.38403041825095057815 0.23193916349809887145 0.38403041825095057815 0.30038022813688214363 0.33079847908745246832 0.33460076045627373809 0.42965779467680609294 0.33079847908745246832 0.35361216730038025347 0.34600760456273765842 0.33079847908745246832 0.41825095057034222812 0.37262357414448671333 0.23954372623574143875 0.25095057034220530356 0.23954372623574143875 0.24334600760456273627 0.34600760456273765842 0.34600760456273765842 0.46007604562737641762 0.46768060836501901267 0.4638783269961977429 0.46768060836501901267 0.49809885931558933736 0.46007604562737641762 0.41064638783269963307
0.34600760456273765842 0.46007604562737641762 0.3193916349809886035 0.12927756653992394931 0.13688212927756654436 0.19771863117870722149 0.34600760456273765842 0.30798479087452473868 0.34600760456273765842 0.30798479087452473868 0.46007604562737641762 0.46768060836501901267 0.33460076045627373809 0.44106463878326995776 0.3916349809885931732 0.40684410646387830779 0.42585551330798476766 0.42205323193916349789 0.33079847908745246832 0.44866920152091255281 0.34220532319391633314 0.31178707224334600845 0.38403041825095057815 0.33460076045627373809 0.33460076045627373809 0.33079847908745246832 0.45247148288973382257 0.38403041825095057815 0.33079847908745246832 0.31558935361216727822 0.3193916349809886035 0.30798479087452473868 0.47528517110266160772 0.40684410646387830779 0.32319391634980987327 0.33460076045627373809 0.22813688212927757393 0.34600760456273765842 0.33079847908745246832 0.42585551330798476766 0.39543726235741444297 0.44106463878326995776 0.43346007604562736271 0.42205323193916349789 0.36882129277566538805 0.42965779467680609294
0.43346007604562736271 0.39923954372623576825 0.33079847908745246832 0.11026615969581748944 0.022813688212927757393 0.12547528517110265178 0.23954372623574143875 0.23954372623574143875 0.13688212927756654436 0.26615969581749049366 0.34220532319391633314 0.42585551330798476766 0.41064638783269963307 0.44106463878326995776 0.33460076045627373809 0.34600760456273765842 0.3193916349809886035 0.39543726235741444297 0.42965779467680609294 0.39923954372623576825 0.38022813688212925287 0.31178707224334600845 0.35361216730038025347 0.3193916349809886035 0.32319391634980987327 0.49429657794676806759 0.42205323193916349789 0.34220532319391633314 0.33079847908745246832 0.29277566539923954858 0.3916349809885931732 0.39543726235741444297 0.30798479087452473868 0.34600760456273765842 0.42205323193916349789 0.24334600760456273627 0.3041825095057034134 0.46768060836501901267 0.42585551330798476766 0.36501901140684411828 0.41064638783269963307 0.34600760456273765842 0.33460076045627373809 0.41825095057034222812 0.53612167300380231261 0.4638783269961977429
0.33460076045627373809 0.19391634980988592396 0.18250950570342205914 0.19391634980988592396 0.12547528517110265178 0.083650190114068434521 0.064638783269961974653 0.079847908745247150875 0.064638783269961974653 0.15969581749049430175 0.24334600760456273627 0.34600760456273765842 0.39543726235741444297 0.36882129277566538805 0.3916349809885931732 0.33079847908745246832 0.41064638783269963307 0.33079847908745246832 0.44106463878326995776 0.33460076045627373809 0.19011406844106462644 0.30798479087452473868 0.34600760456273765842 0.42965779467680609294 0.3193916349809886035 0.33079847908745246832 0.35361216730038025347 0.34600760456273765842 0.33079847908745246832 0.25855513307984789861 0.24334600760456273627 0.25855513307984789861 0.23954372623574143875 0.3193916349809886035 0.34600760456273765842 0.21292775665399238383 0.3193916349809886035 0.33460076045627373809 0.26996197718631176343 0.50570342205323193241 0.31558935361216727822 0.33460076045627373809 0.31558935361216727822 0.31178707224334600845 0.46768060836501901267 0.46768060836501901267
0.19391634980988592396 0.14448669201520911165 0.12167300380228136814 0.10646387832699619191 0.13688212927756654436 0.12167300380228136814 0.022813688212927757393 0.015209125475285171017 0.011406844106463878696 0.019011406844106463337 0.12167300380228136814 0.23954372623574143875 0.35361216730038025347 0.33460076045627373809 0.34600760456273765842 0.34600760456273765842 0.42585551330798476766 0.42965779467680609294 0.39923954372623576825 0.32319391634980987327 0.27376425855513308871 0.18250950570342205914 0.27376425855513308871 0.20532319391634981653 0.38403041825095057815 0.34600760456273765842 0.29277566539923954858 0.42205323193916349789 0.39923954372623576825 0.26615969581749049366 0.22813688212927757393 0.26615969581749049366 0.34600760456273765842 0.30038022813688214363 0.38022813688212925287 0.33460076045627373809 0.23193916349809887145 0.31178707224334600845 0.36882129277566538805 0.41064638783269963307 0.33079847908745246832 0.2471482889733840338 0.2471482889733840338 0.23954372623574143875 0.49429657794676806759 0.34600760456273765842
