Example/niche_background/models/ENFA/Anolis_chlorocyanus_1.asc
ncols        743
nrows        319
xllcorner    -74.500956448335
yllcorner    17.448920549066
cellsize     0.008333333333
NODATA_value  -9999
[rows 210 to 230 of 319, columns 141 to 187 of 743]
0.88931297709923662342 0.8473282442748091281 0.78244274809160307971 0.75572519083969469378 0.72137404580152675315 0.66412213740458014843 0.80534351145038163278 0.86641221374045807035 0.8549618320610686828 0.8473282442748091281 0.8549618320610686828 0.78244274809160307971 0.83206106870229012973 0.7977099236641221891 0.8473282442748091281 0.78244274809160307971 0.87786259541984734689 0.86641221374045807035 0.8549618320610686828 0.82442748091603057503 0.86259541984732823749 0.85877862595419851566 0.83587786259541985157 0.86259541984732823749 0.85877862595419851566 0.86259541984732823749 0.85877862595419851566 0.8549618320610686828 0.8396946564885495734 0.78625954198473280155 0.81297709923664118747 0.7977099236641221891 0.78625954198473280155 0.7900763358778626344 0.78625954198473280155 0.73664122137404575152 0.61068702290076337658 0.44274809160305345079 0.27862595419847330236 0.17175572519083970313 0.18702290076335878477 0.11450381679389312617 0.10305343511450382188 0.034351145038167940626 0.057251908396946563085 0.049618320610687022265 0.022900763358778625928
0.8473282442748091281 0.72900763358778630785 0.78244274809160307971 0.77099236641221369215 0.66412213740458014843 0.66793893129770987027 0.75190839694656486092 0.91221374045801528752 0.78625954198473280155 0.84351145038167940626 0.73282442748091602969 0.67938931297709925783 0.74809160305343513908 0.7022900763358778109 0.77862595419847324685 0.8396946564885495734 0.8549618320610686828 0.86259541984732823749 0.87404580152671751403 0.85877862595419851566 0.85114503816793896096 0.81297709923664118747 0.85877862595419851566 0.8396946564885495734 0.86259541984732823749 0.8549618320610686828 0.8549618320610686828 0.8473282442748091281 0.8473282442748091281 0.78244274809160307971 0.77480916030534352501 0.78625954198473280155 0.81679389312977102033 0.7900763358778626344 0.59541984732824426718 0.61832061068702293127 0.43129770992366411875 0.43129770992366411875 0.31297709923664124299 0.20992366412213739335 0.12977099236641220781 0.19847328244274808906 0.18702290076335878477 0.21755725190839694805 0.16412213740458014843 0.049618320610687022265 0.17175572519083970313
0.96564885496183205937 0.92748091603053439691 0.80916030534351146564 0.78625954198473280155 0.81679389312977102033 0.78625954198473280155 0.88167938931297706873 0.8396946564885495734 0.74427480916030530622 0.78244274809160307971 0.69847328244274808906 0.74045801526717558438 0.78625954198473280155 0.77099236641221369215 0.78244274809160307971 0.67557251908396942497 0.7099236641221373656 0.81297709923664118747 0.8473282442748091281 0.85877862595419851566 0.8549618320610686828 0.7977099236641221891 0.7900763358778626344 0.8396946564885495734 0.8396946564885495734 0.8396946564885495734 0.8473282442748091281 0.8549618320610686828 0.8549618320610686828 0.8396946564885495734 0.7900763358778626344 0.77099236641221369215 0.8396946564885495734 0.7900763358778626344 0.77099236641221369215 0.73282442748091602969 0.59160305343511454534 0.7099236641221373656 0.37404580152671756954 0.31297709923664124299 0.18320610687022900742 0.29007633587786257889 0.4198473282442747867 0.29770992366412213359 0.076335877862595422072 0.10305343511450382188 0.16412213740458014843
0.92748091603053439691 0.95419847328244278284 0.94656488549618322814 0.95419847328244278284 0.93511450381679384058 0.89694656488549617812 0.88931297709923662342 0.84351145038167940626 0.86259541984732823749 0.80916030534351146564 0.8396946564885495734 0.8396946564885495734 0.8473282442748091281 0.78625954198473280155 0.78625954198473280155 0.7900763358778626344 0.80916030534351146564 0.72137404580152675315 0.67175572519083970313 0.66412213740458014843 0.72519083969465647499 0.72137404580152675315 0.78625954198473280155 0.81297709923664118747 0.8396946564885495734 0.7900763358778626344 0.82442748091603057503 0.81679389312977102033 0.8549618320610686828 0.8549618320610686828 0.8549618320610686828 0.8473282442748091281 0.78625954198473280155 0.78625954198473280155 0.7900763358778626344 0.72137404580152675315 0.72137404580152675315 0.78244274809160307971 0.60687022900763354372 0.35877862595419846015 0.37786259541984734689 0.54580152671755721716 0.25954198473282441562 0.10305343511450382188 0.13358778625954198516 0.38167938931297712424 0.20992366412213739335
0.88931297709923662342 0.90076335877862589996 0.89694656488549617812 0.9923664122137404453 0.94274809160305339528 0.93893129770992367344 0.93129770992366411875 0.92748091603053439691 0.92748091603053439691 0.92366412213740456405 0.92748091603053439691 0.92748091603053439691 0.92748091603053439691 0.86641221374045807035 0.90458015267175573282 0.8549618320610686828 0.86641221374045807035 0.81679389312977102033 0.75190839694656486092 0.55343511450381677186 0.66793893129770987027 0.7022900763358778109 0.6526717557251908719 0.78625954198473280155 0.80534351145038163278 0.8396946564885495734 0.8396946564885495734 0.8549618320610686828 0.8549618320610686828 0.8396946564885495734 0.8549618320610686828 0.8396946564885495734 0.78625954198473280155 0.73282442748091602969 0.77862595419847324685 0.75190839694656486092 0.78244274809160307971 0.78244274809160307971 0.73282442748091602969 0.53816793893129766246 0.24809160305343511133 0.46564885496183205937 0.47328244274809161407 0.20992366412213739335 0.30916030534351146564 0.27862595419847330236 0.11450381679389312617
0.87404580152671751403 0.88167938931297706873 0.86641221374045807035 0.91984732824427484221 0.92366412213740456405 0.93893129770992367344 0.9923664122137404453 0.92748091603053439691 0.92748091603053439691 0.92748091603053439691 0.92748091603053439691 0.92748091603053439691 0.92748091603053439691 0.92366412213740456405 0.92748091603053439691 0.92366412213740456405 0.91603053435114500935 0.8473282442748091281 0.7900763358778626344 0.80916030534351146564 0.78625954198473280155 0.77099236641221369215 0.73282442748091602969 0.73664122137404575152 0.7977099236641221891 0.8396946564885495734 0.8473282442748091281 0.78625954198473280155 0.8473282442748091281 0.8549618320610686828 0.8473282442748091281 0.8549618320610686828 0.82061068702290074217 0.80916030534351146564 0.75190839694656486092 0.7900763358778626344 0.7977099236641221891 0.7900763358778626344 0.73282442748091602969 0.56870229007633588125 0.33206106870229007422 0.40458015267175573282 0.68702290076335881253 0.55343511450381677186 0.44274809160305345079 0.11450381679389312617 0.087786259541984726362
0.91984732824427484221 0.88931297709923662342 0.92748091603053439691 0.90458015267175573282 0.92748091603053439691 0.9923664122137404453 0.92366412213740456405 0.86259541984732823749 0.92366412213740456405 0.92366412213740456405 0.92748091603053439691 0.92748091603053439691 0.92748091603053439691 0.92748091603053439691 0.92366412213740456405 0.91603053435114500935 0.92366412213740456405 0.88167938931297706873 0.66793893129770987027 0.73282442748091602969 0.8396946564885495734 0.8473282442748091281 0.8473282442748091281 0.7900763358778626344 0.83206106870229012973 0.7977099236641221891 0.78625954198473280155 0.8396946564885495734 0.83587786259541985157 0.80916030534351146564 0.80534351145038163278 0.8473282442748091281 0.85114503816793896096 0.8549618320610686828 0.81679389312977102033 0.78625954198473280155 0.8396946564885495734 0.78625954198473280155 0.62977099236641220781 0.4198473282442747867 0.44274809160305345079 0.61450381679389309841 0.61832061068702293127 0.36641221374045801484 0.38167938931297712424 0.20992366412213739335 0.24809160305343511133
0.8473282442748091281 0.87404580152671751403 0.87404580152671751403 0.86259541984732823749 0.87786259541984734689 0.93129770992366411875 0.92748091603053439691 0.69847328244274808906 0.78625954198473280155 0.7900763358778626344 0.88931297709923662342 0.92366412213740456405 0.92366412213740456405 0.91603053435114500935 0.92748091603053439691 0.90076335877862589996 0.92366412213740456405 0.91221374045801528752 0.78625954198473280155 0.64885496183206103904 0.78625954198473280155 0.80534351145038163278 0.8549618320610686828 0.86259541984732823749 0.85877862595419851566 0.8549618320610686828 0.8396946564885495734 0.8473282442748091281 0.80916030534351146564 0.83206106870229012973 0.7900763358778626344 0.80152671755725191094 0.8549618320610686828 0.86259541984732823749 0.8473282442748091281 0.84351145038167940626 0.8549618320610686828 0.78625954198473280155 0.44274809160305345079 0.45801526717557250468 0.51526717557251910939 0.72137404580152675315 0.6526717557251908719 0.46946564885496183672 0.46946564885496183672 0.40076335877862595547 0.25190839694656486092
0.8473282442748091281 0.88931297709923662342 0.88931297709923662342 0.92366412213740456405 0.92366412213740456405 0.93129770992366411875 0.86259541984732823749 0.82061068702290074217 0.8549618320610686828 0.8396946564885495734 0.7977099236641221891 0.8473282442748091281 0.7977099236641221891 0.81297709923664118747 0.75190839694656486092 0.88931297709923662342 0.92366412213740456405 0.91221374045801528752 0.75190839694656486092 0.63740458015267176251 0.69847328244274808906 0.68702290076335881253 0.8396946564885495734 0.8473282442748091281 0.8396946564885495734 0.85877862595419851566 0.8549618320610686828 0.8549618320610686828 0.8549618320610686828 0.86259541984732823749 0.86259541984732823749 0.85114503816793896096 0.86259541984732823749 0.86259541984732823749 0.8396946564885495734 0.8396946564885495734 0.8473282442748091281 0.77862595419847324685 0.44274809160305345079 0.25954198473282441562 0.40839694656488551017 0.68702290076335881253 0.74045801526717558438 0.72137404580152675315 0.60687022900763354372 0.25954198473282441562 0.37022900763358779219
0.86259541984732823749 0.8549618320610686828 0.86259541984732823749 0.92748091603053439691 0.89694656488549617812 0.92748091603053439691 0.92366412213740456405 0.92366412213740456405 0.92366412213740456405 0.85114503816793896096 0.8549618320610686828 0.80534351145038163278 0.78625954198473280155 0.78244274809160307971 0.71755725190839692029 0.83587786259541985157 0.92366412213740456405 0.8396946564885495734 0.72900763358778630785 0.75190839694656486092 0.74045801526717558438 0.69847328244274808906 0.81297709923664118747 0.8473282442748091281 0.8549618320610686828 0.80534351145038163278 0.8396946564885495734 0.8473282442748091281 0.8549618320610686828 0.8473282442748091281 0.8396946564885495734 0.85877862595419851566 0.86641221374045807035 0.8549618320610686828 0.8549618320610686828 0.78625954198473280155 0.78244274809160307971 0.77099236641221369215 0.61450381679389309841 0.38931297709923662342 0.24809160305343511133 0.38549618320610684608 0.6526717557251908719 0.78625954198473280155 0.75190839694656486092 0.40076335877862595547 0.25954198473282441562
0.88931297709923662342 0.92748091603053439691 0.92748091603053439691 0.92366412213740456405 0.92748091603053439691 0.91603053435114500935 0.87786259541984734689 0.86259541984732823749 0.88167938931297706873 0.92366412213740456405 0.83587786259541985157 0.88167938931297706873 0.8549618320610686828 0.8396946564885495734 0.8396946564885495734 0.91221374045801528752 0.92366412213740456405 0.89694656488549617812 0.73664122137404575152 0.7022900763358778109 0.8396946564885495734 0.73282442748091602969 0.74809160305343513908 0.7900763358778626344 0.8396946564885495734 0.8473282442748091281 0.80152671755725191094 0.8396946564885495734 0.8473282442748091281 0.85877862595419851566 0.86259541984732823749 0.86641221374045807035 0.87786259541984734689 0.87404580152671751403 0.8396946564885495734 0.8473282442748091281 0.7977099236641221891 0.7900763358778626344 0.78625954198473280155 0.55725190839694660472 0.58015267175572515779 0.46946564885496183672 0.58015267175572515779 0.73282442748091602969 0.83587786259541985157 0.74045801526717558438 0.63358778625954192965
0.8473282442748091281 0.8549618320610686828 0.88167938931297706873 0.92748091603053439691 0.91221374045801528752 0.89694656488549617812 0.88931297709923662342 0.89694656488549617812 0.88549618320610690159 0.88931297709923662342 0.89694656488549617812 0.88931297709923662342 0.86259541984732823749 0.86259541984732823749 0.8396946564885495734 0.88931297709923662342 0.88931297709923662342 0.86259541984732823749 0.83206106870229012973 0.82442748091603057503 0.8473282442748091281 0.8396946564885495734 0.78625954198473280155 0.8396946564885495734 0.79389312977099235624 0.80534351145038163278 0.7900763358778626344 0.7977099236641221891 0.8473282442748091281 0.8549618320610686828 0.85877862595419851566 0.86641221374045807035 0.87404580152671751403 0.88549618320610690159 0.89694656488549617812 0.86259541984732823749 0.8549618320610686828 0.8396946564885495734 0.78625954198473280155 0.55343511450381677186 0.55343511450381677186 0.66793893129770987027 0.75954198473282441562 0.8396946564885495734 0.8396946564885495734 0.78625954198473280155 0.75190839694656486092
0.83587786259541985157 0.87786259541984734689 0.8473282442748091281 0.92748091603053439691 0.92366412213740456405 0.92366412213740456405 0.92748091603053439691 0.92748091603053439691 0.88931297709923662342 0.88931297709923662342 0.89694656488549617812 0.88931297709923662342 0.89694656488549617812 0.88931297709923662342 0.86641221374045807035 0.9923664122137404453 0.92748091603053439691 0.8396946564885495734 0.8396946564885495734 0.8549618320610686828 0.8549618320610686828 0.86259541984732823749 0.85114503816793896096 0.8549618320610686828 0.79389312977099235624 0.80534351145038163278 0.6526717557251908719 0.71755725190839692029 0.68320610687022897967 0.61832061068702293127 0.78625954198473280155 0.8396946564885495734 0.86259541984732823749 0.87404580152671751403 0.88931297709923662342 0.88167938931297706873 0.8396946564885495734 0.78625954198473280155 0.66793893129770987027 0.61068702290076337658 0.68320610687022897967 0.73282442748091602969 0.77099236641221369215 0.77480916030534352501 0.8473282442748091281 0.8549618320610686828 0.86259541984732823749
0.83587786259541985157 0.8473282442748091281 0.86259541984732823749 0.88167938931297706873 0.86259541984732823749 0.90076335877862589996 0.92748091603053439691 0.91603053435114500935 0.87786259541984734689 0.92366412213740456405 0.91603053435114500935 0.89694656488549617812 0.86641221374045807035 0.88931297709923662342 0.89694656488549617812 0.92366412213740456405 0.88549618320610690159 0.90839694656488545466 0.86641221374045807035 0.87404580152671751403 0.86641221374045807035 0.85877862595419851566 0.86259541984732823749 0.86259541984732823749 0.8396946564885495734 0.8396946564885495734 0.8396946564885495734 0.80534351145038163278 0.7900763358778626344 0.78625954198473280155 0.78244274809160307971 0.7900763358778626344 0.73282442748091602969 0.85114503816793896096 0.86259541984732823749 0.90458015267175573282 0.86259541984732823749 0.7900763358778626344 0.78625954198473280155 0.7099236641221373656 0.7022900763358778109 0.7099236641221373656 0.78244274809160307971 0.8396946564885495734 0.8396946564885495734 0.78625954198473280155 0.78625954198473280155
0.86641221374045807035 0.88549618320610690159 0.92748091603053439691 0.88931297709923662342 0.88931297709923662342 0.8549618320610686828 0.88549618320610690159 0.83587786259541985157 0.86259541984732823749 0.86641221374045807035 0.91603053435114500935 0.88167938931297706873 0.91221374045801528752 0.92366412213740456405 0.86259541984732823749 0.88167938931297706873 0.90076335877862589996 0.88931297709923662342 0.89694656488549617812 0.91603053435114500935 0.89694656488549617812 0.88931297709923662342 0.88931297709923662342 0.87786259541984734689 0.86259541984732823749 0.87404580152671751403 0.8549618320610686828 0.8549618320610686828 0.8396946564885495734 0.8473282442748091281 0.8473282442748091281 0.81297709923664118747 0.78244274809160307971 0.78625954198473280155 0.80916030534351146564 0.85877862595419851566 0.92748091603053439691 0.88931297709923662342 0.8549618320610686828 0.78625954198473280155 0.7099236641221373656 0.69847328244274808906 0.63740458015267176251 0.6526717557251908719 0.7099236641221373656 0.54198473282442749532 0.6526717557251908719
0.89694656488549617812 0.86259541984732823749 -9999 -9999 -9999 -9999 -9999 0.8549618320610686828 0.87786259541984734689 0.98854961832061072347 0.81297709923664118747 0.90458015267175573282 0.8473282442748091281 0.88167938931297706873 0.86641221374045807035 0.85877862595419851566 0.89694656488549617812 0.85877862595419851566 0.88167938931297706873 0.92366412213740456405 0.91603053435114500935 0.92366412213740456405 0.86641221374045807035 0.88931297709923662342 0.88549618320610690159 0.89694656488549617812 0.86641221374045807035 0.86641221374045807035 0.87404580152671751403 0.86259541984732823749 0.86259541984732823749 0.8473282442748091281 0.8473282442748091281 0.8473282442748091281 0.78625954198473280155 0.8396946564885495734 0.88167938931297706873 0.92748091603053439691 0.87786259541984734689 0.78625954198473280155 0.69847328244274808906 0.61450381679389309841 0.54198473282442749532 0.48091603053435116877 0.5 0.50381679389312972184 0.46946564885496183672
-9999 -9999 -9999 -9999 -9999 -9999 -9999 0.86259541984732823749 0.8473282442748091281 0.8473282442748091281 0.86259541984732823749 0.86641221374045807035 0.87786259541984734689 0.88931297709923662342 0.8549618320610686828 0.86259541984732823749 0.88931297709923662342 0.86259541984732823749 0.89694656488549617812 0.89694656488549617812 0.92366412213740456405 0.89694656488549617812 0.86641221374045807035 0.92748091603053439691 0.88931297709923662342 0.91221374045801528752 0.89694656488549617812 0.86641221374045807035 0.8549618320610686828 0.87786259541984734689 0.87404580152671751403 0.86641221374045807035 0.87404580152671751403 0.8549618320610686828 0.84351145038167940626 0.81297709923664118747 0.80534351145038163278 0.92748091603053439691 0.87404580152671751403 0.82442748091603057503 0.7977099236641221891 0.77862595419847324685 0.72519083969465647499 0.78625954198473280155 0.78625954198473280155 0.72137404580152675315 0.72137404580152675315
-9999 -9999 -9999 -9999 -9999 -9999 -9999 -9999 -9999 -9999 -9999 -9999 0.88167938931297706873 -9999 0.79389312977099235624 0.78625954198473280155 0.8549618320610686828 0.85877862595419851566 0.86259541984732823749 0.91603053435114500935 0.88167938931297706873 0.88167938931297706873 0.87404580152671751403 0.88931297709923662342 0.92748091603053439691 0.92748091603053439691 0.91984732824427484221 0.92366412213740456405 0.91221374045801528752 0.91221374045801528752 0.88931297709923662342 0.86259541984732823749 0.89694656488549617812 0.88549618320610690159 0.86641221374045807035 0.87404580152671751403 0.86641221374045807035 0.92366412213740456405 0.88167938931297706873 0.92366412213740456405 0.8473282442748091281 0.81679389312977102033 0.8396946564885495734 0.83587786259541985157 0.78625954198473280155 0.7900763358778626344 0.81297709923664118747
-9999 -9999 -9999 -9999 -9999 -9999 -9999 -9999 -9999 -9999 -9999 -9999 -9999 -9999 -9999 -9999 -9999 -9999 -9999 -9999 -9999 0.88931297709923662342 0.8549618320610686828 0.91221374045801528752 0.91603053435114500935 0.92748091603053439691 0.92748091603053439691 0.89694656488549617812 0.89694656488549617812 0.91603053435114500935 0.92748091603053439691 0.91603053435114500935 0.88931297709923662342 0.91984732824427484221 0.92366412213740456405 0.92366412213740456405 0.93893129770992367344 0.93129770992366411875 0.8473282442748091281 0.88931297709923662342 0.86259541984732823749 0.86641221374045807035 0.91221374045801528752 0.86641221374045807035 0.86259541984732823749 0.86259541984732823749 0.86641221374045807035
-9999 -9999 -9999 -9999 -9999 -9999 -9999 -9999 -9999 -9999 -9999 -9999 -9999 -9999 -9999 -9999 -9999 -9999 -9999 -9999 -9999 -9999 -9999 0.8473282442748091281 0.8549618320610686828 0.86259541984732823749 0.87404580152671751403 0.92748091603053439691 0.92366412213740456405 0.88931297709923662342 0.91221374045801528752 0.92366412213740456405 0.92366412213740456405 0.92366412213740456405 0.92748091603053439691 0.88167938931297706873 0.92366412213740456405 0.91984732824427484221 0.88931297709923662342 0.92748091603053439691 0.92366412213740456405 0.92748091603053439691 0.92366412213740456405 0.92748091603053439691 0.92366412213740456405 0.92748091603053439691 0.92748091603053439691
-9999 -9999 -9999 -9999 -9999 -9999 -9999 -9999 -9999 -9999 -9999 -9999 -9999 -9999 -9999 -9999 -9999 -9999 -9999 -9999 -9999 -9999 -9999 -9999 -9999 -9999 -9999 -9999 0.8549618320610686828 0.89694656488549617812 0.86259541984732823749 0.92366412213740456405 0.91603053435114500935 0.92366412213740456405 0.92366412213740456405 0.88931297709923662342 0.89694656488549617812 0.8549618320610686828 0.92748091603053439691 0.92748091603053439691 0.92366412213740456405 0.93129770992366411875 0.93129770992366411875 0.92366412213740456405 0.92366412213740456405 0.92748091603053439691 0.91221374045801528752
