Example/niche_background/models/ENFA/Anolis_coelestinus_1.asc
ncols        743
nrows        319
xllcorner    -74.500956448335
yllcorner    17.448920549066
cellsize     0.008333333333
NODATA_value  -9999
[rows 120 to 139 of 319, columns 225 to 269 of 743]
0.19883040935672513516 0.19883040935672513516 0.19883040935672513516 0.24561403508771928461 0.22222222222222220989 0.22222222222222220989 0.19883040935672513516 0.15204678362573098571 0.14035087719298244835 0.11111111111111110494 0.0935672514619882989 0.070175438596491224175 0.058479532163742686812 0.058479532163742686812 0.064327485380116955493 0.076023391812865492856 0.076023391812865492856 0.076023391812865492856 0.058479532163742686812 0.052631578947368418131 0.052631578947368418131 0.052631578947368418131 0.058479532163742686812 0.0935672514619882989 0.0935672514619882989 0.18128654970760232912 0.26315789473684209065 0.14035087719298244835 0.14035087719298244835 0.19883040935672513516 0.35087719298245612087 0.26315789473684209065 0.25730994152046782197 0.22807017543859647857 0.2807017543859648967 0.7485380116959063912 0.77192982456140346592 0.90058479532163737691 0.90058479532163737691 0.85964912280701755165 0.86549707602339176482 0.88888888888888883955 0.86549707602339176482 0.85964912280701755165 0.77192982456140346592
0.22807017543859647857 0.22807017543859647857 0.19883040935672513516 0.19298245614035086648 0.1871345029239765978 0.17543859649122806044 0.19298245614035086648 0.14035087719298244835 0.13450292397660817967 0.14619883040935671703 0.14035087719298244835 0.14035087719298244835 0.12280701754385964231 0.064327485380116955493 0.0935672514619882989 0.10526315789473683626 0.064327485380116955493 0.064327485380116955493 0.058479532163742686812 0.058479532163742686812 0.058479532163742686812 0.064327485380116955493 0.058479532163742686812 0.058479532163742686812 0.076023391812865492856 0.0935672514619882989 0.19883040935672513516 0.19883040935672513516 0.25146198830409355329 0.0935672514619882989 0.19883040935672513516 0.13450292397660817967 0.17543859649122806044 0.33333333333333331483 0.22222222222222220989 0.32748538011695904615 0.67836257309941516702 0.80116959064327486484 0.86549707602339176482 0.86549707602339176482 0.8128654970760234022 0.77777777777777779011 0.80116959064327486484 0.67836257309941516702 0.60818713450292394285
0.24561403508771928461 0.22222222222222220989 0.20467836257309940384 0.21052631578947367252 0.19883040935672513516 0.19298245614035086648 0.15789473684210525439 0.14619883040935671703 0.14035087719298244835 0.14035087719298244835 0.14035087719298244835 0.13450292397660817967 0.13450292397660817967 0.13450292397660817967 0.076023391812865492856 0.12865497076023391099 0.058479532163742686812 0.064327485380116955493 0.058479532163742686812 0.04678362573099414945 0.058479532163742686812 0.058479532163742686812 0.058479532163742686812 0.064327485380116955493 0.081871345029239761537 0.064327485380116955493 0.14035087719298244835 0.24561403508771928461 0.51461988304093564395 0.25730994152046782197 0.14035087719298244835 0.26315789473684209065 0.26315789473684209065 0.2807017543859648967 0.46198830409356722582 0.31578947368421050879 0.63742690058479534176 0.78947368421052632748 0.77192982456140346592 0.7485380116959063912 0.64912280701754387913 0.35087719298245612087 0.34502923976608185219 0.29824561403508770274 0.24561403508771928461
0.23391812865497074725 0.24561403508771928461 0.25730994152046782197 0.22222222222222220989 0.19883040935672513516 0.19883040935672513516 0.19298245614035086648 0.16959064327485379176 0.14619883040935671703 0.19883040935672513516 0.21052631578947367252 0.19883040935672513516 0.12865497076023391099 0.11111111111111110494 0.099415204678362567581 0.076023391812865492856 0.052631578947368418131 0.040935672514619880769 0.058479532163742686812 0.064327485380116955493 0.029239766081871343406 0.035087719298245612087 0.064327485380116955493 0.058479532163742686812 0.058479532163742686812 0.058479532163742686812 0.064327485380116955493 0.13450292397660817967 0.29239766081871343406 0.26315789473684209065 0.17543859649122806044 0.25146198830409355329 0.51461988304093564395 0.26315789473684209065 0.403508771929824539 0.59649122807017540548 0.6549707602339180923 0.86549707602339176482 0.84795321637426901429 0.6257309941520468044 0.67251461988304095385 0.57309941520467833076 0.25730994152046782197 0.14035087719298244835 0.14035087719298244835
0.29239766081871343406 0.24561403508771928461 0.22222222222222220989 0.19883040935672513516 0.25146198830409355329 0.24561403508771928461 0.24561403508771928461 0.25730994152046782197 0.14619883040935671703 0.17543859649122806044 0.19883040935672513516 0.19298245614035086648 0.14035087719298244835 0.12280701754385964231 0.11111111111111110494 0.076023391812865492856 0.076023391812865492856 0.058479532163742686812 0.058479532163742686812 0.064327485380116955493 0.058479532163742686812 0.023391812865497074725 0.076023391812865492856 0.058479532163742686812 0.076023391812865492856 0.058479532163742686812 0.064327485380116955493 0.064327485380116955493 0.0935672514619882989 0.19883040935672513516 0.35087719298245612087 0.16374269005847952307 0.29824561403508770274 0.4970760233918128379 0.67251461988304095385 0.67251461988304095385 0.59064327485380119231 0.7485380116959063912 0.83625730994152047693 0.8421052631578946901 0.89473684210526316374 0.80116959064327486484 0.45614035087719295714 0.26315789473684209065 0.19883040935672513516
0.3099415204678362401 0.32163742690058477747 0.2807017543859648967 0.24561403508771928461 0.19883040935672513516 0.25730994152046782197 0.19883040935672513516 0.19883040935672513516 0.19298245614035086648 0.19298245614035086648 0.19298245614035086648 0.17543859649122806044 0.15204678362573098571 0.13450292397660817967 0.13450292397660817967 0.12280701754385964231 0.081871345029239761537 0.064327485380116955493 0.064327485380116955493 0.058479532163742686812 0.058479532163742686812 0.035087719298245612087 0.058479532163742686812 0.076023391812865492856 0.064327485380116955493 0.058479532163742686812 0.064327485380116955493 0.064327485380116955493 0.076023391812865492856 0.081871345029239761537 0.14619883040935671703 0.29824561403508770274 0.33333333333333331483 0.59064327485380119231 0.84795321637426901429 0.73099415204678364066 0.7192982456140351033 0.5614035087719297934 0.70175438596491224175 0.8421052631578946901 0.74269005847953217803 0.63742690058479534176 0.61988304093567248021 0.61403508771929826704 0.403508771929824539
0.47368421052631576318 0.45029239766081868845 0.35087719298245612087 0.33333333333333331483 0.19298245614035086648 0.24561403508771928461 0.25730994152046782197 0.19883040935672513516 0.19883040935672513516 0.19883040935672513516 0.19883040935672513516 0.19883040935672513516 0.19883040935672513516 0.17543859649122806044 0.17543859649122806044 0.13450292397660817967 0.0935672514619882989 0.064327485380116955493 0.064327485380116955493 0.064327485380116955493 0.058479532163742686812 0.064327485380116955493 0.058479532163742686812 0.058479532163742686812 0.052631578947368418131 0.058479532163742686812 0.058479532163742686812 0.052631578947368418131 0.058479532163742686812 0.064327485380116955493 0.14035087719298244835 0.14619883040935671703 0.33333333333333331483 0.61403508771929826704 0.78947368421052632748 0.85964912280701755165 0.85964912280701755165 0.77192982456140346592 0.81871345029239761537 0.85964912280701755165 0.79532163742690054065 0.86549707602339176482 0.88888888888888883955 0.80701754385964907801 0.45614035087719295714
0.63157894736842101757 0.59064327485380119231 0.35087719298245612087 0.26315789473684209065 0.26315789473684209065 0.26315789473684209065 0.29239766081871343406 0.32748538011695904615 0.24561403508771928461 0.19883040935672513516 0.22807017543859647857 0.19883040935672513516 0.19883040935672513516 0.19883040935672513516 0.16374269005847952307 0.17543859649122806044 0.14035087719298244835 0.099415204678362567581 0.058479532163742686812 0.076023391812865492856 0.081871345029239761537 0.058479532163742686812 0.058479532163742686812 0.04678362573099414945 0.058479532163742686812 0.058479532163742686812 0.064327485380116955493 0.052631578947368418131 0.052631578947368418131 0.058479532163742686812 0.0935672514619882989 0.29824561403508770274 0.19883040935672513516 0.51461988304093564395 0.74269005847953217803 0.78947368421052632748 0.85964912280701755165 0.81871345029239761537 0.86549707602339176482 0.86549707602339176482 0.85380116959064322746 0.86549707602339176482 0.86549707602339176482 0.86549707602339176482 0.61403508771929826704
0.33333333333333331483 0.45614035087719295714 0.43859649122807015109 0.44444444444444441977 0.45614035087719295714 0.38011695906432746428 0.26315789473684209065 0.40935672514619880769 0.29824561403508770274 0.26315789473684209065 0.31578947368421050879 0.32748538011695904615 0.24561403508771928461 0.19883040935672513516 0.15204678362573098571 0.14035087719298244835 0.15204678362573098571 0.0935672514619882989 0.081871345029239761537 0.12280701754385964231 0.064327485380116955493 0.076023391812865492856 0.058479532163742686812 0.04678362573099414945 0.058479532163742686812 0.058479532163742686812 0.052631578947368418131 0.04678362573099414945 0.040935672514619880769 0.058479532163742686812 0.17543859649122806044 0.35087719298245612087 0.32163742690058477747 0.46198830409356722582 0.63157894736842101757 0.84795321637426901429 0.74269005847953217803 0.67836257309941516702 0.63157894736842101757 0.81871345029239761537 0.88888888888888883955 0.86549707602339176482 0.78362573099415200328 0.41520467836257307637 0.77777777777777779011
0.45614035087719295714 0.59064327485380119231 0.60818713450292394285 0.63157894736842101757 0.68421052631578949121 0.5614035087719297934 0.43274853801169588241 0.54970760233918125603 0.32163742690058477747 0.35087719298245612087 0.52046783625730996814 0.45614035087719295714 0.31578947368421050879 0.26315789473684209065 0.22807017543859647857 0.14035087719298244835 0.14035087719298244835 0.11111111111111110494 0.11111111111111110494 0.0935672514619882989 0.12280701754385964231 0.12280701754385964231 0.064327485380116955493 0.064327485380116955493 0.058479532163742686812 0.052631578947368418131 0.052631578947368418131 0.04678362573099414945 0.058479532163742686812 0.035087719298245612087 0.058479532163742686812 0.076023391812865492856 0.064327485380116955493 0.61403508771929826704 0.66666666666666662966 0.79532163742690054065 0.77192982456140346592 0.69005847953216370438 0.69590643274853802858 0.8128654970760234022 0.77192982456140346592 0.88888888888888883955 0.86549707602339176482 0.86549707602339176482 0.86549707602339176482
0.35087719298245612087 0.52631578947368418131 0.59649122807017540548 0.63157894736842101757 0.60818713450292394285 0.44444444444444441977 0.64912280701754387913 0.60818713450292394285 0.34502923976608185219 0.4970760233918128379 0.46198830409356722582 0.30409356725146197142 0.26315789473684209065 0.29824561403508770274 0.43859649122807015109 0.29824561403508770274 0.14035087719298244835 0.15204678362573098571 0.17543859649122806044 0.18128654970760232912 0.17543859649122806044 0.17543859649122806044 0.12865497076023391099 0.0935672514619882989 0.076023391812865492856 0.064327485380116955493 0.04678362573099414945 0.04678362573099414945 0.040935672514619880769 0.052631578947368418131 0.064327485380116955493 0.058479532163742686812 0.064327485380116955493 0.22222222222222220989 0.44444444444444441977 0.66666666666666662966 0.78362573099415200328 0.86549707602339176482 0.77192982456140346592 0.85380116959064322746 0.80701754385964907801 0.76023391812865492856 0.7485380116959063912 0.87134502923976608901 0.81871345029239761537
0.51461988304093564395 0.46198830409356722582 0.47368421052631576318 0.53801169590643271867 0.57894736842105265495 0.40935672514619880769 0.52046783625730996814 0.61403508771929826704 0.59649122807017540548 0.64912280701754387913 0.60818713450292394285 0.46198830409356722582 0.33918128654970758351 0.35087719298245612087 0.34502923976608185219 0.45614035087719295714 0.26315789473684209065 0.18128654970760232912 0.19298245614035086648 0.25730994152046782197 0.19883040935672513516 0.17543859649122806044 0.14035087719298244835 0.0935672514619882989 0.12280701754385964231 0.058479532163742686812 0.058479532163742686812 0.052631578947368418131 0.04678362573099414945 0.04678362573099414945 0.058479532163742686812 0.029239766081871343406 0.058479532163742686812 0.14035087719298244835 0.57309941520467833076 0.7192982456140351033 0.7192982456140351033 0.80116959064327486484 0.87134502923976608901 0.85380116959064322746 0.77192982456140346592 0.78362573099415200328 0.83625730994152047693 0.8128654970760234022 0.63742690058479534176
0.46198830409356722582 0.45029239766081868845 0.59064327485380119231 0.55555555555555558023 0.43859649122807015109 0.59064327485380119231 0.63742690058479534176 0.57894736842105265495 0.53801169590643271867 0.53801169590643271867 0.64912280701754387913 0.51461988304093564395 0.47953216374269003186 0.45029239766081868845 0.40935672514619880769 0.4970760233918128379 0.45029239766081868845 0.39766081871345027032 0.47368421052631576318 0.36842105263157892692 0.2807017543859648967 0.28654970760233916538 0.19883040935672513516 0.13450292397660817967 0.12865497076023391099 0.064327485380116955493 0.064327485380116955493 0.058479532163742686812 0.058479532163742686812 0.058479532163742686812 0.058479532163742686812 0.058479532163742686812 0.064327485380116955493 0.0935672514619882989 0.19883040935672513516 0.33918128654970758351 0.73099415204678364066 0.60818713450292394285 0.76023391812865492856 0.81871345029239761537 0.84795321637426901429 0.77192982456140346592 0.77777777777777779011 0.86549707602339176482 0.76608187134502925275
0.47953216374269003186 0.66666666666666662966 0.60233918128654972968 0.67836257309941516702 0.63157894736842101757 0.63157894736842101757 0.63157894736842101757 0.63157894736842101757 0.60818713450292394285 0.67251461988304095385 0.4678362573099414945 0.36842105263157892692 0.54970760233918125603 0.51461988304093564395 0.35087719298245612087 0.52046783625730996814 0.51461988304093564395 0.39766081871345027032 0.60233918128654972968 0.59649122807017540548 0.35672514619883038955 0.26315789473684209065 0.19298245614035086648 0.14619883040935671703 0.11111111111111110494 0.076023391812865492856 0.064327485380116955493 0.064327485380116955493 0.076023391812865492856 0.081871345029239761537 0.058479532163742686812 0.058479532163742686812 0.058479532163742686812 0.052631578947368418131 0.058479532163742686812 0.12280701754385964231 0.29824561403508770274 0.42105263157894734505 0.81871345029239761537 0.80116959064327486484 0.81871345029239761537 0.86549707602339176482 0.86549707602339176482 0.86549707602339176482 0.84795321637426901429
0.63742690058479534176 0.46198830409356722582 0.53801169590643271867 0.51461988304093564395 0.60818713450292394285 0.66081871345029241649 0.67836257309941516702 0.64912280701754387913 0.63157894736842101757 0.61403508771929826704 0.5614035087719297934 0.52631578947368418131 0.59649122807017540548 0.54970760233918125603 0.61403508771929826704 0.64912280701754387913 0.5614035087719297934 0.63742690058479534176 0.47953216374269003186 0.51461988304093564395 0.60818713450292394285 0.46198830409356722582 0.24561403508771928461 0.14619883040935671703 0.12280701754385964231 0.076023391812865492856 0.064327485380116955493 0.076023391812865492856 0.058479532163742686812 0.058479532163742686812 0.058479532163742686812 0.04678362573099414945 0.058479532163742686812 0.058479532163742686812 0.058479532163742686812 0.076023391812865492856 0.14035087719298244835 0.26315789473684209065 0.16374269005847952307 0.66666666666666662966 0.68421052631578949121 0.67836257309941516702 0.39766081871345027032 0.63742690058479534176 0.63157894736842101757
0.35087719298245612087 0.35087719298245612087 0.51461988304093564395 0.45029239766081868845 0.47953216374269003186 0.53801169590643271867 0.64912280701754387913 0.74269005847953217803 0.63742690058479534176 0.66666666666666662966 0.61403508771929826704 0.59064327485380119231 0.39766081871345027032 0.45029239766081868845 0.59064327485380119231 0.57894736842105265495 0.60818713450292394285 0.60818713450292394285 0.64327485380116955493 0.53801169590643271867 0.47368421052631576318 0.52046783625730996814 0.25146198830409355329 0.19298245614035086648 0.17543859649122806044 0.0935672514619882989 0.0935672514619882989 0.076023391812865492856 0.058479532163742686812 0.064327485380116955493 0.064327485380116955493 0.058479532163742686812 0.064327485380116955493 0.064327485380116955493 0.058479532163742686812 0.064327485380116955493 0.0935672514619882989 0.14035087719298244835 0.24561403508771928461 0.13450292397660817967 0.19298245614035086648 0.46198830409356722582 0.47368421052631576318 0.24561403508771928461 0.26315789473684209065
0.36842105263157892692 0.57309941520467833076 0.34502923976608185219 0.35087719298245612087 0.35087719298245612087 0.30409356725146197142 0.29824561403508770274 0.51461988304093564395 0.57309941520467833076 0.74269005847953217803 0.74269005847953217803 0.64912280701754387913 0.54970760233918125603 0.54970760233918125603 0.38011695906432746428 0.26315789473684209065 0.26900584795321635934 0.64912280701754387913 0.67836257309941516702 0.63157894736842101757 0.52046783625730996814 0.33918128654970758351 0.25730994152046782197 0.33333333333333331483 0.19298245614035086648 0.13450292397660817967 0.11111111111111110494 0.0935672514619882989 0.0935672514619882989 0.076023391812865492856 0.064327485380116955493 0.064327485380116955493 0.058479532163742686812 0.064327485380116955493 0.064327485380116955493 0.064327485380116955493 0.052631578947368418131 0.064327485380116955493 0.0935672514619882989 0.13450292397660817967 0.12280701754385964231 0.19883040935672513516 0.26315789473684209065 0.16374269005847952307 0.11111111111111110494
0.43274853801169588241 0.60818713450292394285 0.47368421052631576318 0.52046783625730996814 0.53801169590643271867 0.43274853801169588241 0.60818713450292394285 0.5614035087719297934 0.45029239766081868845 0.47368421052631576318 0.60818713450292394285 0.54970760233918125603 0.74269005847953217803 0.60818713450292394285 0.67836257309941516702 0.47368421052631576318 0.46198830409356722582 0.60233918128654972968 0.63157894736842101757 0.74269005847953217803 0.6549707602339180923 0.55555555555555558023 0.45614035087719295714 0.29824561403508770274 0.17543859649122806044 0.14619883040935671703 0.13450292397660817967 0.10526315789473683626 0.0935672514619882989 0.064327485380116955493 0.064327485380116955493 0.064327485380116955493 0.076023391812865492856 0.076023391812865492856 0.076023391812865492856 0.064327485380116955493 0.04678362573099414945 0.023391812865497074725 0.058479532163742686812 0.064327485380116955493 0.064327485380116955493 0.14035087719298244835 0.24561403508771928461 0.15204678362573098571 0.11111111111111110494
0.38596491228070173296 0.55555555555555558023 0.63742690058479534176 0.50292397660818710659 0.35087719298245612087 0.51461988304093564395 0.46198830409356722582 0.60818713450292394285 0.54970760233918125603 0.6549707602339180923 0.61988304093567248021 0.5614035087719297934 0.63742690058479534176 0.61403508771929826704 0.72514619883040931647 0.63157894736842101757 0.6549707602339180923 0.39766081871345027032 0.35087719298245612087 0.43859649122807015109 0.67836257309941516702 0.67251461988304095385 0.45029239766081868845 0.34502923976608185219 0.3099415204678362401 0.19298245614035086648 0.17543859649122806044 0.13450292397660817967 0.081871345029239761537 0.076023391812865492856 0.0935672514619882989 0.0935672514619882989 0.076023391812865492856 0.076023391812865492856 0.076023391812865492856 0.064327485380116955493 0.04678362573099414945 0.058479532163742686812 0.058479532163742686812 0.052631578947368418131 0.058479532163742686812 0.0935672514619882989 0.13450292397660817967 0.14619883040935671703 0.070175438596491224175
0.51461988304093564395 0.60818713450292394285 0.59064327485380119231 0.46198830409356722582 0.33333333333333331483 0.26315789473684209065 0.35087719298245612087 0.33918128654970758351 0.46198830409356722582 0.52046783625730996814 0.66666666666666662966 0.67836257309941516702 0.67251461988304095385 0.67836257309941516702 0.60818713450292394285 0.63742690058479534176 0.6549707602339180923 0.57309941520467833076 0.44444444444444441977 0.35087719298245612087 0.52046783625730996814 0.7485380116959063912 0.69590643274853802858 0.60818713450292394285 0.403508771929824539 0.29239766081871343406 0.22222222222222220989 0.14619883040935671703 0.10526315789473683626 0.099415204678362567581 0.12280701754385964231 0.081871345029239761537 0.076023391812865492856 0.0935672514619882989 0.076023391812865492856 0.076023391812865492856 0.058479532163742686812 0.04678362573099414945 0.04678362573099414945 0.058479532163742686812 0.058479532163742686812 0.058479532163742686812 0.064327485380116955493 0.064327485380116955493 0.0935672514619882989
