Example/niche_background/models/ENFA/Anolis_chlorocyanus_1.asc
ncols        743
nrows        319
xllcorner    -74.500956448335
yllcorner    17.448920549066
cellsize     0.008333333333
NODATA_value  -9999
[rows 147 to 167 of 319, columns 235 to 281 of 743]
0.20229007633587786641 0.20229007633587786641 0.23282442748091602969 0.20229007633587786641 0.057251908396946563085 0.083969465648854962891 0.087786259541984726362 0.16412213740458014843 0.18702290076335878477 0.095419847328244281059 0.034351145038167940626 0.026717557251908396337 0.049618320610687022265 0.17557251908396945272 0.13358778625954198516 0.068702290076335881253 0.015267175572519083374 0.0038167938931297708434 0 0.011450381679389312964 0.030534351145038166747 0.045801526717557251855 0.10687022900763358535 0.14503816793893128945 0.13358778625954198516 0.1488549618320610668 0.13358778625954198516 0.1106870229007633627 0.1488549618320610668 0.095419847328244281059 0.09923664122137404453 0.057251908396946563085 0.080152671755725185543 0.068702290076335881253 0.095419847328244281059 0.057251908396946563085 0.049618320610687022265 0.038167938931297711036 0.049618320610687022265 0.041984732824427481446 0.034351145038167940626 0.049618320610687022265 0.022900763358778625928 0.030534351145038166747 0.015267175572519083374 0.011450381679389312964 0.011450381679389312964
0.22900763358778625234 0.26717557251908397031 0.35877862595419846015 0.16030534351145037109 0.20229007633587786641 0.16793893129770992578 0.095419847328244281059 0.22519083969465647499 0.22519083969465647499 0.18702290076335878477 0.095419847328244281059 0.083969465648854962891 0.20229007633587786641 0.1106870229007633627 0.057251908396946563085 0.057251908396946563085 0.030534351145038166747 0.022900763358778625928 0.011450381679389312964 0.011450381679389312964 0.011450381679389312964 0.015267175572519083374 0.087786259541984726362 0.1106870229007633627 0.14122137404580153985 0.17557251908396945272 0.16793893129770992578 0.16793893129770992578 0.10687022900763358535 0.1488549618320610668 0.16030534351145037109 0.10687022900763358535 0.16412213740458014843 0.083969465648854962891 0.13358778625954198516 0.10687022900763358535 0.095419847328244281059 0.057251908396946563085 0.030534351145038166747 0.026717557251908396337 0.022900763358778625928 0.034351145038167940626 0.026717557251908396337 0.022900763358778625928 0.022900763358778625928 0.015267175572519083374 0.015267175572519083374
0.17557251908396945272 0.31679389312977096482 0.54580152671755721716 0.20229007633587786641 0.22519083969465647499 0.24427480916030533398 0.22900763358778625234 0.28625954198473280155 0.13358778625954198516 0.076335877862595422072 0.091603053435114503711 0.20229007633587786641 0.22519083969465647499 0.10305343511450382188 0.022900763358778625928 0.10305343511450382188 0.10305343511450382188 0.080152671755725185543 0.030534351145038166747 0.030534351145038166747 0.038167938931297711036 0.083969465648854962891 0.15648854961832062149 0.15648854961832062149 0.16793893129770992578 0.16030534351145037109 0.17557251908396945272 0.16793893129770992578 0.20229007633587786641 0.10687022900763358535 0.049618320610687022265 0.080152671755725185543 0.10305343511450382188 0.15648854961832062149 0.19465648854961831171 0.19465648854961831171 0.1488549618320610668 0.14503816793893128945 0.080152671755725185543 0.038167938931297711036 0.022900763358778625928 0.022900763358778625928 0.034351145038167940626 0.038167938931297711036 0.049618320610687022265 0.019083969465648855518 0.026717557251908396337
0.27099236641221374766 0.41221374045801528752 0.39312977099236640077 0.27862595419847330236 0.20610687022900764376 0.19083969465648856212 0.28244274809160307971 0.34732824427480918361 0.26717557251908397031 0.22900763358778625234 0.28244274809160307971 0.087786259541984726362 0.16793893129770992578 0.038167938931297711036 0.011450381679389312964 0.022900763358778625928 0.095419847328244281059 0.10687022900763358535 0.095419847328244281059 0.095419847328244281059 0.041984732824427481446 0.080152671755725185543 0.10305343511450382188 0.13358778625954198516 0.16793893129770992578 0.18702290076335878477 0.20229007633587786641 0.20229007633587786641 0.20229007633587786641 0.2137404580152671707 0.15648854961832062149 0.12977099236641220781 0.095419847328244281059 0.095419847328244281059 0.10305343511450382188 0.14503816793893128945 0.16412213740458014843 0.19465648854961831171 0.10687022900763358535 0.076335877862595422072 0.049618320610687022265 0.026717557251908396337 0.034351145038167940626 0.022900763358778625928 0.022900763358778625928 0.026717557251908396337 0.026717557251908396337
0.67557251908396942497 0.69847328244274808906 0.69847328244274808906 0.45038167938931294998 0.41221374045801528752 0.23282442748091602969 0.23282442748091602969 0.38549618320610684608 0.27099236641221374766 0.34732824427480918361 0.24809160305343511133 0.18320610687022900742 0.019083969465648855518 0.011450381679389312964 0.011450381679389312964 0.034351145038167940626 0.080152671755725185543 0.16412213740458014843 0.10305343511450382188 0.038167938931297711036 0.095419847328244281059 0.1106870229007633627 0.16793893129770992578 0.09923664122137404453 0.080152671755725185543 0.10687022900763358535 0.1106870229007633627 0.17557251908396945272 0.18702290076335878477 0.16793893129770992578 0.20229007633587786641 0.22519083969465647499 0.16793893129770992578 0.049618320610687022265 0.041984732824427481446 0.034351145038167940626 0.095419847328244281059 0.1488549618320610668 0.1488549618320610668 0.12977099236641220781 0.10305343511450382188 0.038167938931297711036 0.038167938931297711036 0.022900763358778625928 0.022900763358778625928 0.034351145038167940626 0.030534351145038166747
0.76717557251908397031 0.72137404580152675315 0.72137404580152675315 0.69847328244274808906 0.59541984732824426718 0.51908396946564883123 0.48091603053435116877 0.51526717557251910939 0.34732824427480918361 0.30916030534351146564 0.29007633587786257889 0.16412213740458014843 0.083969465648854962891 0.034351145038167940626 0.015267175572519083374 0.087786259541984726362 0.068702290076335881253 0.030534351145038166747 0.12977099236641220781 0.1106870229007633627 0.2213740458015267254 0.17557251908396945272 0.09923664122137404453 0.072519083969465644723 0.030534351145038166747 0.015267175572519083374 0.041984732824427481446 0.087786259541984726362 0.18320610687022900742 0.17557251908396945272 0.17557251908396945272 0.20229007633587786641 0.17557251908396945272 0.16030534351145037109 0.095419847328244281059 0.095419847328244281059 0.10687022900763358535 0.18702290076335878477 0.16793893129770992578 0.20992366412213739335 0.09923664122137404453 0.057251908396946563085 0.049618320610687022265 0.030534351145038166747 0.038167938931297711036 0.049618320610687022265 0.022900763358778625928
0.77480916030534352501 0.74427480916030530622 0.77480916030534352501 0.73282442748091602969 0.71374045801526719845 0.62595419847328248597 0.66793893129770987027 0.62213740458015265311 0.54580152671755721716 0.42366412213740456405 0.39694656488549617812 0.28244274809160307971 0.28244274809160307971 0.20229007633587786641 0.16793893129770992578 0.10687022900763358535 0.20229007633587786641 0.09923664122137404453 0.22900763358778625234 0.22519083969465647499 0.22519083969465647499 0.091603053435114503711 0.015267175572519083374 0.0038167938931297708434 0.011450381679389312964 0.015267175572519083374 0.030534351145038166747 0.064885496183206103904 0.1488549618320610668 0.16030534351145037109 0.20229007633587786641 0.20229007633587786641 0.20229007633587786641 0.20229007633587786641 0.27099236641221374766 0.19847328244274808906 0.2137404580152671707 0.18320610687022900742 0.19465648854961831171 0.10687022900763358535 0.10687022900763358535 0.057251908396946563085 0.057251908396946563085 0.030534351145038166747 0.030534351145038166747 0.034351145038167940626 0.026717557251908396337
0.7977099236641221891 0.7900763358778626344 0.78625954198473280155 0.78625954198473280155 0.74809160305343513908 0.77480916030534352501 0.7022900763358778109 0.62977099236641220781 0.48091603053435116877 0.37404580152671756954 0.46946564885496183672 0.41221374045801528752 0.38549618320610684608 0.27480916030534352501 0.24427480916030533398 0.28244274809160307971 0.24809160305343511133 0.27862595419847330236 0.23282442748091602969 0.27480916030534352501 0.23664122137404580704 0.21755725190839694805 0.095419847328244281059 0.011450381679389312964 0.022900763358778625928 0.015267175572519083374 0.034351145038167940626 0.057251908396946563085 0.095419847328244281059 0.16793893129770992578 0.16793893129770992578 0.20229007633587786641 0.18702290076335878477 0.20229007633587786641 0.16412213740458014843 0.16793893129770992578 0.16793893129770992578 0.16030534351145037109 0.10305343511450382188 0.10305343511450382188 0.095419847328244281059 0.057251908396946563085 0.057251908396946563085 0.049618320610687022265 0.030534351145038166747 0.038167938931297711036 0.041984732824427481446
0.7900763358778626344 0.82442748091603057503 0.78625954198473280155 0.7900763358778626344 0.7900763358778626344 0.78625954198473280155 0.71374045801526719845 0.7022900763358778109 0.6450381679389313172 0.54580152671755721716 0.41221374045801528752 0.59160305343511454534 0.49618320610687022265 0.36641221374045801484 0.42366412213740456405 0.40458015267175573282 0.35114503816793890545 0.33206106870229007422 0.30916030534351146564 0.24809160305343511133 0.20610687022900764376 0.21755725190839694805 0.23282442748091602969 0.10687022900763358535 0.030534351145038166747 0.030534351145038166747 0.015267175572519083374 0.022900763358778625928 0.10305343511450382188 0.14503816793893128945 0.10305343511450382188 0.1488549618320610668 0.20992366412213739335 0.20229007633587786641 0.16793893129770992578 0.16793893129770992578 0.12213740458015266699 0.13358778625954198516 0.10687022900763358535 0.091603053435114503711 0.095419847328244281059 0.095419847328244281059 0.087786259541984726362 0.061068702290076333494 0.049618320610687022265 0.041984732824427481446 0.057251908396946563085
0.82442748091603057503 0.83587786259541985157 0.83206106870229012973 0.80534351145038163278 0.80152671755725191094 0.82442748091603057503 0.77480916030534352501 0.72900763358778630785 0.74809160305343513908 0.72519083969465647499 0.63740458015267176251 0.62977099236641220781 0.61068702290076337658 0.56488549618320615942 0.54961832061068705002 0.52671755725190838593 0.51908396946564883123 0.42366412213740456405 0.40839694656488551017 0.32061068702290074217 0.28625954198473280155 0.24809160305343511133 0.23664122137404580704 0.17557251908396945272 0.1488549618320610668 0.057251908396946563085 0.015267175572519083374 0.011450381679389312964 0.049618320610687022265 0.12977099236641220781 0.16793893129770992578 0.20229007633587786641 0.20229007633587786641 0.18320610687022900742 0.20229007633587786641 0.19465648854961831171 0.16793893129770992578 0.12977099236641220781 0.1488549618320610668 0.1106870229007633627 0.10305343511450382188 0.091603053435114503711 0.091603053435114503711 0.072519083969465644723 0.068702290076335881253 0.087786259541984726362 0.057251908396946563085
0.82061068702290074217 0.83206106870229012973 0.82442748091603057503 0.83206106870229012973 0.8396946564885495734 0.8396946564885495734 0.78625954198473280155 0.78625954198473280155 0.76335877862595424848 0.78625954198473280155 0.78625954198473280155 0.73282442748091602969 0.71755725190839692029 0.71374045801526719845 0.67557251908396942497 0.58778625954198471248 0.69847328244274808906 0.59160305343511454534 0.56488549618320615942 0.4198473282442747867 0.29007633587786257889 0.22519083969465647499 0.20229007633587786641 0.10305343511450382188 0.22519083969465647499 0.12977099236641220781 0.015267175572519083374 0.019083969465648855518 0.038167938931297711036 0.1488549618320610668 0.16412213740458014843 0.16412213740458014843 0.20229007633587786641 0.17557251908396945272 0.20229007633587786641 0.17557251908396945272 0.16793893129770992578 0.16412213740458014843 0.1488549618320610668 0.15648854961832062149 0.12977099236641220781 0.12595419847328243046 0.11832061068702290352 0.095419847328244281059 0.095419847328244281059 0.091603053435114503711 0.095419847328244281059
0.81297709923664118747 0.82442748091603057503 0.80916030534351146564 0.8396946564885495734 0.84351145038167940626 0.8473282442748091281 0.8473282442748091281 0.8473282442748091281 0.78625954198473280155 0.83206106870229012973 0.81297709923664118747 0.79389312977099235624 0.77480916030534352501 0.73664122137404575152 0.78625954198473280155 0.74427480916030530622 0.74809160305343513908 0.63740458015267176251 0.6526717557251908719 0.48091603053435116877 0.29007633587786257889 0.20229007633587786641 0.10687022900763358535 0.20229007633587786641 0.25190839694656486092 0.20229007633587786641 0.14122137404580153985 0.1488549618320610668 0.18320610687022900742 0.16793893129770992578 0.20229007633587786641 0.16793893129770992578 0.20992366412213739335 0.20229007633587786641 0.20229007633587786641 0.2137404580152671707 0.20229007633587786641 0.19465648854961831171 0.17557251908396945272 0.16793893129770992578 0.15648854961832062149 0.13358778625954198516 0.10305343511450382188 0.095419847328244281059 0.12213740458015266699 0.1106870229007633627 0.095419847328244281059
0.83206106870229012973 0.8396946564885495734 0.8396946564885495734 0.8396946564885495734 0.8473282442748091281 0.81297709923664118747 0.8473282442748091281 0.8396946564885495734 0.8396946564885495734 0.8396946564885495734 0.8473282442748091281 0.8396946564885495734 0.8396946564885495734 0.81297709923664118747 0.8396946564885495734 0.7977099236641221891 0.78625954198473280155 0.71374045801526719845 0.74045801526717558438 0.62977099236641220781 0.59160305343511454534 0.40839694656488551017 0.40458015267175573282 0.20229007633587786641 0.095419847328244281059 0.038167938931297711036 0.038167938931297711036 0.049618320610687022265 0.10687022900763358535 0.16412213740458014843 0.20992366412213739335 0.20229007633587786641 0.22519083969465647499 0.17557251908396945272 0.20992366412213739335 0.2137404580152671707 0.21755725190839694805 0.22519083969465647499 0.1488549618320610668 0.19465648854961831171 0.12977099236641220781 0.14503816793893128945 0.1488549618320610668 0.16793893129770992578 0.1488549618320610668 0.16412213740458014843 0.10687022900763358535
-9999 -9999 0.81297709923664118747 0.8473282442748091281 0.8473282442748091281 0.80152671755725191094 0.78625954198473280155 0.8396946564885495734 0.8549618320610686828 0.8473282442748091281 0.8396946564885495734 0.85114503816793896096 0.85114503816793896096 0.8473282442748091281 0.81297709923664118747 0.78625954198473280155 0.78625954198473280155 0.81297709923664118747 0.76335877862595424848 0.69847328244274808906 0.56488549618320615942 0.53816793893129766246 0.4351145038167938961 0.30152671755725191094 0.18702290076335878477 0.049618320610687022265 0.030534351145038166747 0.091603053435114503711 0.072519083969465644723 0.16412213740458014843 0.18320610687022900742 0.16793893129770992578 0.16793893129770992578 0.16793893129770992578 0.19083969465648856212 0.20992366412213739335 0.20992366412213739335 0.22519083969465647499 0.22519083969465647499 0.20229007633587786641 0.20992366412213739335 0.20229007633587786641 0.1488549618320610668 0.16793893129770992578 0.19465648854961831171 0.17557251908396945272 0.12977099236641220781
-9999 -9999 -9999 -9999 -9999 -9999 -9999 -9999 0.85114503816793896096 0.8473282442748091281 0.85114503816793896096 0.83206106870229012973 0.85877862595419851566 0.86641221374045807035 0.86641221374045807035 0.81297709923664118747 0.8473282442748091281 0.7977099236641221891 0.75954198473282441562 0.77099236641221369215 0.78625954198473280155 0.69847328244274808906 0.4274809160305343414 0.42366412213740456405 0.29389312977099235624 0.25954198473282441562 0.091603053435114503711 0.21755725190839694805 0.2213740458015267254 0.27099236641221374766 0.22900763358778625234 0.22900763358778625234 0.22900763358778625234 0.22519083969465647499 0.1488549618320610668 0.1488549618320610668 0.22519083969465647499 0.28625954198473280155 0.20229007633587786641 0.20229007633587786641 0.22519083969465647499 0.20229007633587786641 0.19847328244274808906 0.20229007633587786641 0.20229007633587786641 0.20229007633587786641 0.20992366412213739335
-9999 -9999 -9999 -9999 -9999 -9999 -9999 -9999 -9999 -9999 0.85877862595419851566 0.8549618320610686828 0.86641221374045807035 0.8549618320610686828 0.8473282442748091281 0.8473282442748091281 0.86641221374045807035 0.85877862595419851566 0.8549618320610686828 0.84351145038167940626 0.71755725190839692029 0.55725190839694660472 0.42366412213740456405 0.32442748091603051952 0.40839694656488551017 0.28625954198473280155 0.29389312977099235624 0.20992366412213739335 0.16793893129770992578 0.19083969465648856212 0.24045801526717558438 0.24809160305343511133 0.24045801526717558438 0.13358778625954198516 0.12977099236641220781 0.11450381679389312617 0.17557251908396945272 0.20229007633587786641 0.20229007633587786641 0.17557251908396945272 0.16793893129770992578 0.23282442748091602969 0.22519083969465647499 0.20229007633587786641 0.20992366412213739335 0.22519083969465647499 0.20229007633587786641
-9999 -9999 -9999 -9999 -9999 -9999 -9999 -9999 -9999 -9999 0.85877862595419851566 0.86641221374045807035 0.87022900763358779219 0.88931297709923662342 0.8549618320610686828 0.86641221374045807035 0.86641221374045807035 0.86641221374045807035 0.8549618320610686828 0.79389312977099235624 0.78625954198473280155 0.6526717557251908719 0.40458015267175573282 0.36641221374045801484 0.29007633587786257889 0.27099236641221374766 0.26335877862595419296 0.29389312977099235624 0.28625954198473280155 0.26335877862595419296 0.20229007633587786641 0.20229007633587786641 0.22519083969465647499 0.20229007633587786641 0.14503816793893128945 0.16793893129770992578 0.20229007633587786641 0.1488549618320610668 0.16793893129770992578 0.20229007633587786641 0.18320610687022900742 0.22519083969465647499 0.16793893129770992578 0.20229007633587786641 0.23282442748091602969 0.20992366412213739335 0.24427480916030533398
-9999 -9999 -9999 -9999 -9999 -9999 -9999 -9999 -9999 -9999 0.85877862595419851566 0.88167938931297706873 0.88931297709923662342 0.88931297709923662342 0.88931297709923662342 0.90839694656488545466 0.90839694656488545466 0.88549618320610690159 0.85877862595419851566 0.85877862595419851566 0.85877862595419851566 0.57633587786259543595 0.46946564885496183672 0.39312977099236640077 0.37404580152671756954 0.29007633587786257889 0.26335877862595419296 0.30152671755725191094 0.33587786259541985157 0.31297709923664124299 0.26335877862595419296 0.20229007633587786641 0.095419847328244281059 0.10687022900763358535 0.10687022900763358535 0.14122137404580153985 0.1106870229007633627 0.19465648854961831171 0.18702290076335878477 0.21755725190839694805 0.10687022900763358535 0.10687022900763358535 0.16793893129770992578 0.20229007633587786641 0.22900763358778625234 0.17557251908396945272 0.18320610687022900742
-9999 -9999 -9999 -9999 -9999 -9999 -9999 -9999 -9999 -9999 -9999 0.87022900763358779219 0.88931297709923662342 0.90839694656488545466 0.92366412213740456405 0.88167938931297706873 0.92366412213740456405 0.92366412213740456405 0.88931297709923662342 0.88167938931297706873 0.92366412213740456405 0.88931297709923662342 0.8549618320610686828 0.51908396946564883123 0.54198473282442749532 0.42366412213740456405 0.30152671755725191094 0.27099236641221374766 0.32442748091603051952 0.36641221374045801484 0.30152671755725191094 0.20229007633587786641 0.095419847328244281059 0.026717557251908396337 0.038167938931297711036 0.091603053435114503711 0.095419847328244281059 0.13358778625954198516 0.20229007633587786641 0.20229007633587786641 0.22519083969465647499 0.1106870229007633627 0.13358778625954198516 0.17557251908396945272 0.22519083969465647499 0.16793893129770992578 0.20229007633587786641
-9999 -9999 -9999 -9999 -9999 -9999 -9999 -9999 -9999 -9999 -9999 0.86641221374045807035 0.86641221374045807035 0.90839694656488545466 0.90839694656488545466 0.89312977099236645628 0.92366412213740456405 0.88931297709923662342 0.93511450381679384058 0.91984732824427484221 0.92366412213740456405 0.92366412213740456405 0.88167938931297706873 0.8549618320610686828 0.77099236641221369215 0.55725190839694660472 0.30916030534351146564 0.29007633587786257889 0.23282442748091602969 0.23282442748091602969 0.30916030534351146564 0.20229007633587786641 0.17557251908396945272 0.049618320610687022265 0.038167938931297711036 0.068702290076335881253 0.10687022900763358535 0.16793893129770992578 0.23282442748091602969 0.1488549618320610668 0.17557251908396945272 0.16793893129770992578 0.20229007633587786641 0.20229007633587786641 0.22519083969465647499 0.19465648854961831171 0.19465648854961831171
-9999 -9999 -9999 -9999 -9999 -9999 -9999 -9999 -9999 -9999 -9999 -9999 -9999 -9999 -9999 -9999 -9999 -9999 0.90839694656488545466 0.93129770992366411875 0.93129770992366411875 0.93511450381679384058 0.93511450381679384058 0.92366412213740456405 0.86641221374045807035 0.71755725190839692029 0.59160305343511454534 0.40839694656488551017 0.30152671755725191094 0.29389312977099235624 0.33969465648854962891 0.23282442748091602969 0.2137404580152671707 0.22519083969465647499 0.1488549618320610668 0.072519083969465644723 0.1488549618320610668 0.22519083969465647499 0.22519083969465647499 0.20229007633587786641 0.16793893129770992578 0.22900763358778625234 0.37404580152671756954 0.15648854961832062149 0.1106870229007633627 0.16793893129770992578 0.16793893129770992578
