Example/niche_background/models/ENFA/Anolis_chlorocyanus_0.asc
ncols        743
nrows        319
xllcorner    -74.500956448335
yllcorner    17.448920549066
cellsize     0.008333333333
NODATA_value  -9999
[rows 84 to 104 of 319, columns 322 to 367 of 743]
0.61977186311787069162 0.63117870722433455644 0.6235741444866920169 0.65019011406844107182 0.65019011406844107182 0.58935361216730042244 0.61977186311787069162 0.67300380228136880145 0.34220532319391633314 0.29657794676806081835 0.34220532319391633314 0.361216730038022793 0.42205323193916349789 0.37262357414448671333 0.33840304182509506337 0.47908745247148287749 0.41825095057034222812 0.57414448669201523234 0.58174904942965777188 0.40684410646387830779 0.45247148288973382257 0.52851711026615966205 0.49049429657794674231 0.46768060836501901267 0.61216730038022815208 0.3916349809885931732 0.53612167300380231261 0.65019011406844107182 0.47908745247148287749 0.67680608365019012673 0.67680608365019012673 0.65779467680608361135 0.76425855513307983102 0.53612167300380231261 0.47908745247148287749 0.53612167300380231261 0.58174904942965777188 0.5931558935361216367 0.68441064638783266627 0.46768060836501901267 0.6539923954372623971 0.53612167300380231261 0.61596958174904947736 0.34980988593155892818 0.3764258555133079831 0.50950570342205325769
0.67680608365019012673 0.61977186311787069162 0.63498098859315588172 0.67300380228136880145 0.61977186311787069162 0.63117870722433455644 0.65019011406844107182 0.66539923954372626191 0.68441064638783266627 0.52851711026615966205 0.46768060836501901267 0.42965779467680609294 0.34980988593155892818 0.48288973384030420277 0.47908745247148287749 0.46768060836501901267 0.38403041825095057815 0.41444866920152090284 0.47908745247148287749 0.35361216730038025347 0.33460076045627373809 0.38783269961977184792 0.42205323193916349789 0.6235741444866920169 0.46768060836501901267 0.4638783269961977429 0.47528517110266160772 0.56653992395437258178 0.5931558935361216367 0.6235741444866920169 0.71102661596958172119 0.71863117870722437175 0.80228136882129275076 0.53612167300380231261 0.51330798479087447195 0.56653992395437258178 0.61216730038022815208 0.7832699619771863464 0.74524714828897342667 0.56273764258555136752 0.47908745247148287749 0.53612167300380231261 0.32319391634980987327 0.59695817490494296198 0.32699619771863119855 0.45627376425855514785
0.63117870722433455644 0.63117870722433455644 0.6539923954372623971 0.65019011406844107182 0.638783269961977207 0.6539923954372623971 0.68441064638783266627 0.66920152091254747617 0.66159695817490493663 0.63498098859315588172 0.53612167300380231261 0.56653992395437258178 0.3041825095057034134 0.49049429657794674231 0.36501901140684411828 0.48669201520912547254 0.59695817490494296198 0.61977186311787069162 0.53612167300380231261 0.32319391634980987327 0.22813688212927757393 0.42965779467680609294 0.65019011406844107182 0.56653992395437258178 0.47908745247148287749 0.59695817490494296198 0.68441064638783266627 0.77946768060836502112 0.63117870722433455644 0.72623574144486691129 0.6539923954372623971 0.81368821292775661558 0.73384030418250945083 0.61216730038022815208 0.361216730038022793 0.47148288973384028244 0.76045627376425850574 0.69581749049429653109 0.70722433460076050693 0.63117870722433455644 0.46768060836501901267 0.29657794676806081835 0.45627376425855514785 0.32699619771863119855 0.44106463878326995776 0.52851711026615966205
0.66159695817490493663 0.65019011406844107182 0.65779467680608361135 0.63117870722433455644 0.62737642585551334218 0.65019011406844107182 0.66920152091254747617 0.68441064638783266627 0.68821292775665399155 0.67680608365019012673 0.53612167300380231261 0.33460076045627373809 0.61596958174904947736 0.53612167300380231261 0.33460076045627373809 0.5931558935361216367 0.65019011406844107182 0.66539923954372626191 0.6235741444866920169 0.56273764258555136752 0.33460076045627373809 0.34980988593155892818 0.56653992395437258178 0.64638783269961974653 0.60456273764258550152 0.74524714828897342667 0.72623574144486691129 0.53612167300380231261 0.81368821292775661558 0.80228136882129275076 0.82889733840304180568 0.73384030418250945083 0.71102661596958172119 0.45247148288973382257 0.40304182509505703802 0.48288973384030420277 0.56653992395437258178 0.62737642585551334218 0.65019011406844107182 0.60456273764258550152 0.40304182509505703802 0.33460076045627373809 0.71863117870722437175 0.69201520912547531683 0.67680608365019012673 0.64638783269961974653
0.65019011406844107182 0.66920152091254747617 0.66539923954372626191 0.66920152091254747617 0.65779467680608361135 0.65779467680608361135 0.67300380228136880145 0.58555133079847909716 0.67300380228136880145 0.73764258555133077611 0.73003802281368823657 0.61216730038022815208 0.38783269961977184792 0.51330798479087447195 0.46007604562737641762 0.53612167300380231261 0.53612167300380231261 0.74524714828897342667 0.49049429657794674231 0.40304182509505703802 0.51711026615969579723 0.58174904942965777188 0.59695817490494296198 0.71863117870722437175 0.73764258555133077611 0.71102661596958172119 0.74524714828897342667 0.77946768060836502112 0.74524714828897342667 0.7528517110266159662 0.68821292775665399155 0.82129277566539926614 0.82889733840304180568 0.67680608365019012673 0.57034220532319390706 0.65779467680608361135 0.53612167300380231261 0.69201520912547531683 0.59695817490494296198 0.45627376425855514785 0.33079847908745246832 0.52851711026615966205 0.71863117870722437175 0.82889733840304180568 0.71863117870722437175 0.77946768060836502112
0.63117870722433455644 0.67680608365019012673 0.68441064638783266627 0.62737642585551334218 0.62737642585551334218 0.67680608365019012673 0.68441064638783266627 0.65019011406844107182 0.71102661596958172119 0.72243346007604558601 0.64638783269961974653 0.74524714828897342667 0.72623574144486691129 0.7528517110266159662 0.55133079847908750271 0.63117870722433455644 0.5931558935361216367 0.4638783269961977429 0.53612167300380231261 0.54372623574144485215 0.53612167300380231261 0.54372623574144485215 0.71102661596958172119 0.74524714828897342667 0.7832699619771863464 0.79087452471482888594 0.79087452471482888594 0.72243346007604558601 0.74524714828897342667 0.7984790874524715365 0.80988593155893540132 0.80608365019011407604 0.85931558935361218587 0.82889733840304180568 0.87072243346007605069 0.64638783269961974653 0.63117870722433455644 0.66539923954372626191 0.67680608365019012673 0.43346007604562736271 0.56653992395437258178 0.61596958174904947736 0.72623574144486691129 0.74524714828897342667 0.5931558935361216367 0.74524714828897342667
0.65019011406844107182 0.66159695817490493663 0.6539923954372623971 0.6539923954372623971 0.67680608365019012673 0.6539923954372623971 0.72243346007604558601 0.68441064638783266627 0.73764258555133077611 0.67300380228136880145 0.68821292775665399155 0.69201520912547531683 0.72623574144486691129 0.66159695817490493663 0.73764258555133077611 0.74524714828897342667 0.72623574144486691129 0.71102661596958172119 0.74524714828897342667 0.65779467680608361135 0.69961977186311785637 0.72623574144486691129 0.74524714828897342667 0.74524714828897342667 0.81749049429657794086 0.7984790874524715365 0.7984790874524715365 0.82889733840304180568 0.82889733840304180568 0.77186311787072248158 0.73003802281368823657 0.3916349809885931732 0.46768060836501901267 0.68821292775665399155 0.85931558935361218587 0.83269961977186313096 0.81749049429657794086 0.69201520912547531683 0.73764258555133077611 0.71102661596958172119 0.56653992395437258178 0.47148288973384028244 0.83269961977186313096 0.80988593155893540132 0.7832699619771863464 0.80608365019011407604
0.66159695817490493663 0.70342205323193918165 0.6539923954372623971 0.6235741444866920169 0.67680608365019012673 0.72623574144486691129 0.63117870722433455644 0.3041825095057034134 0.62737642585551334218 0.65019011406844107182 0.74144486692015210139 0.74524714828897342667 0.68821292775665399155 0.71102661596958172119 0.76425855513307983102 0.69961977186311785637 0.74524714828897342667 0.7832699619771863464 0.7680608365019011563 0.73764258555133077611 0.68441064638783266627 0.67680608365019012673 0.81368821292775661558 0.80608365019011407604 0.77946768060836502112 0.71102661596958172119 0.80988593155893540132 0.74524714828897342667 0.65779467680608361135 0.42205323193916349789 0.4638783269961977429 0.19391634980988592396 0.079847908745247150875 0.30798479087452473868 0.53612167300380231261 0.72623574144486691129 0.80608365019011407604 0.80608365019011407604 0.81368821292775661558 0.80608365019011407604 0.80228136882129275076 0.71863117870722437175 0.81749049429657794086 0.74144486692015210139 0.81749049429657794086 0.82889733840304180568
0.638783269961977207 0.6539923954372623971 0.66920152091254747617 0.63117870722433455644 0.68821292775665399155 0.69201520912547531683 0.77186311787072248158 0.68441064638783266627 0.65779467680608361135 0.67300380228136880145 0.69581749049429653109 0.69201520912547531683 0.67680608365019012673 0.69201520912547531683 0.67300380228136880145 0.68821292775665399155 0.68821292775665399155 0.74524714828897342667 0.72623574144486691129 0.72243346007604558601 0.79087452471482888594 0.79087452471482888594 0.7680608365019011563 0.80228136882129275076 0.81368821292775661558 0.79087452471482888594 0.71863117870722437175 0.68441064638783266627 0.65019011406844107182 0.19011406844106462644 0.13307984790874524683 0.46768060836501901267 0.34980988593155892818 0.40304182509505703802 0.45247148288973382257 0.098859315589353610743 0.76425855513307983102 0.89353612167300378033 0.86692015209125472541 0.79087452471482888594 0.73764258555133077611 0.72243346007604558601 0.86692015209125472541 0.82889733840304180568 0.82889733840304180568 0.81749049429657794086
0.60456273764258550152 0.65019011406844107182 0.68441064638783266627 0.65019011406844107182 0.65019011406844107182 0.71102661596958172119 0.76425855513307983102 0.74524714828897342667 0.76045627376425850574 0.71863117870722437175 0.73384030418250945083 0.65779467680608361135 0.65019011406844107182 0.6235741444866920169 0.65019011406844107182 0.67680608365019012673 0.66920152091254747617 0.77946768060836502112 0.71102661596958172119 0.68821292775665399155 0.7680608365019011563 0.79087452471482888594 0.67680608365019012673 0.7832699619771863464 0.73764258555133077611 0.80228136882129275076 0.73764258555133077611 0.7528517110266159662 0.7832699619771863464 0.72623574144486691129 0.6235741444866920169 0.74524714828897342667 0.69961977186311785637 0.80988593155893540132 0.45627376425855514785 0.21292775665399238383 0.68441064638783266627 0.88593155893536124079 0.88593155893536124079 0.87072243346007605069 0.79087452471482888594 0.82889733840304180568 0.93155893536121670007 0.88593155893536124079 0.90874524714828897043 0.86692015209125472541
0.57414448669201523234 0.65019011406844107182 0.69201520912547531683 0.62737642585551334218 0.67300380228136880145 0.63117870722433455644 0.71102661596958172119 0.72623574144486691129 0.71863117870722437175 0.61596958174904947736 0.73384030418250945083 0.67680608365019012673 0.59695817490494296198 0.65019011406844107182 0.61977186311787069162 0.69581749049429653109 0.61596958174904947736 0.73764258555133077611 0.53612167300380231261 0.65019011406844107182 0.65779467680608361135 0.74144486692015210139 0.81749049429657794086 0.79087452471482888594 0.7832699619771863464 0.67680608365019012673 0.67300380228136880145 0.53612167300380231261 0.79087452471482888594 0.83269961977186313096 0.82889733840304180568 0.66920152091254747617 0.6235741444866920169 0.82889733840304180568 0.79087452471482888594 0.42585551330798476766 0.65019011406844107182 0.82889733840304180568 0.87832699619771859023 0.87832699619771859023 0.87832699619771859023 0.87832699619771859023 0.88593155893536124079 0.94296577946768056488 0.88212927756653991551 0.87832699619771859023
0.61977186311787069162 0.46768060836501901267 0.66159695817490493663 0.72243346007604558601 0.63498098859315588172 0.6539923954372623971 0.65779467680608361135 0.69961977186311785637 0.74524714828897342667 0.7680608365019011563 0.71102661596958172119 0.68060836501901145201 0.65019011406844107182 0.68821292775665399155 0.62737642585551334218 0.61596958174904947736 0.61977186311787069162 0.64638783269961974653 0.74524714828897342667 0.73764258555133077611 0.81749049429657794086 0.77186311787072248158 0.80608365019011407604 0.7832699619771863464 0.84410646387832699578 0.80988593155893540132 0.80988593155893540132 0.62737642585551334218 0.79087452471482888594 0.88593155893536124079 0.82889733840304180568 0.69581749049429653109 0.7832699619771863464 0.80228136882129275076 0.33460076045627373809 0.19011406844106462644 0.1520912547528517067 0.38022813688212925287 0.53612167300380231261 0.72243346007604558601 0.82889733840304180568 0.85171102661596953531 0.90874524714828897043 0.81368821292775661558 0.89353612167300378033 0.88212927756653991551
0.67680608365019012673 0.71102661596958172119 0.68441064638783266627 0.71102661596958172119 0.73764258555133077611 0.65779467680608361135 0.63117870722433455644 0.71102661596958172119 0.71102661596958172119 0.68821292775665399155 0.68821292775665399155 0.65779467680608361135 0.76425855513307983102 0.68821292775665399155 0.66159695817490493663 0.68821292775665399155 0.63498098859315588172 0.6539923954372623971 0.63117870722433455644 0.7680608365019011563 0.73384030418250945083 0.74524714828897342667 0.71102661596958172119 0.7680608365019011563 0.79087452471482888594 0.82889733840304180568 0.87072243346007605069 0.68821292775665399155 0.55133079847908750271 0.72623574144486691129 0.86692015209125472541 0.82889733840304180568 0.88593155893536124079 0.7832699619771863464 0.46007604562737641762 0.6539923954372623971 0.63117870722433455644 0.54372623574144485215 0.10646387832699619191 0.69201520912547531683 0.82889733840304180568 0.87832699619771859023 0.88212927756653991551 0.82889733840304180568 0.94676806083650189017 0.88593155893536124079
0.61977186311787069162 0.71102661596958172119 0.72243346007604558601 0.68821292775665399155 0.6539923954372623971 0.68441064638783266627 0.6539923954372623971 0.6539923954372623971 0.80228136882129275076 0.69201520912547531683 0.7680608365019011563 0.71863117870722437175 0.65779467680608361135 0.63498098859315588172 0.58935361216730042244 0.6235741444866920169 0.59695817490494296198 0.66539923954372626191 0.70342205323193918165 0.71102661596958172119 0.79467680608365021122 0.58555133079847909716 0.65779467680608361135 0.47148288973384028244 0.80228136882129275076 0.74524714828897342667 0.7832699619771863464 0.85931558935361218587 0.82129277566539926614 0.81749049429657794086 0.80988593155893540132 0.90874524714828897043 0.85931558935361218587 0.82129277566539926614 0.56273764258555136752 0.47908745247148287749 0.7680608365019011563 0.73384030418250945083 0.23574144486692014122 0.3764258555133079831 0.61977186311787069162 0.66539923954372626191 0.81749049429657794086 0.81749049429657794086 0.88212927756653991551 0.90494296577946764515
0.73764258555133077611 0.72623574144486691129 0.68821292775665399155 0.67300380228136880145 0.7680608365019011563 0.69201520912547531683 0.68060836501901145201 0.6235741444866920169 0.73384030418250945083 0.65019011406844107182 0.79087452471482888594 0.65019011406844107182 0.61977186311787069162 0.68821292775665399155 0.80228136882129275076 0.54752851711026617743 0.68821292775665399155 0.74524714828897342667 0.69961977186311785637 0.76425855513307983102 0.76045627376425850574 0.79087452471482888594 0.50570342205323193241 0.64638783269961974653 0.74904942965779464092 0.79087452471482888594 0.74144486692015210139 0.87072243346007605069 0.81368821292775661558 0.82889733840304180568 0.82889733840304180568 0.86692015209125472541 0.82889733840304180568 0.83269961977186313096 0.73384030418250945083 0.58555133079847909716 0.7528517110266159662 0.82129277566539926614 0.45247148288973382257 0.53612167300380231261 0.71102661596958172119 0.72243346007604558601 0.67680608365019012673 0.53612167300380231261 0.74144486692015210139 0.87072243346007605069
0.70722433460076050693 0.78707224334600756066 0.68821292775665399155 0.67680608365019012673 0.67680608365019012673 0.68821292775665399155 0.63117870722433455644 0.61596958174904947736 0.61216730038022815208 0.63117870722433455644 0.45247148288973382257 0.59695817490494296198 0.68821292775665399155 0.68821292775665399155 0.71102661596958172119 0.65019011406844107182 0.7832699619771863464 0.82129277566539926614 0.69201520912547531683 0.74524714828897342667 0.72243346007604558601 0.83269961977186313096 0.83269961977186313096 0.81368821292775661558 0.69581749049429653109 0.68441064638783266627 0.74524714828897342667 0.71102661596958172119 0.82129277566539926614 0.82889733840304180568 0.7984790874524715365 0.82129277566539926614 0.82889733840304180568 0.87832699619771859023 0.77186311787072248158 0.80988593155893540132 0.88212927756653991551 0.80988593155893540132 0.71102661596958172119 0.72243346007604558601 0.69201520912547531683 0.67680608365019012673 0.58174904942965777188 0.51330798479087447195 0.23954372623574143875 0.69961977186311785637
0.65019011406844107182 0.69201520912547531683 0.71102661596958172119 0.74524714828897342667 0.72623574144486691129 0.69201520912547531683 0.60076045627376428726 0.65779467680608361135 0.5931558935361216367 0.56653992395437258178 0.57414448669201523234 0.55133079847908750271 0.65019011406844107182 0.82889733840304180568 0.68821292775665399155 0.61977186311787069162 0.6235741444866920169 0.69961977186311785637 0.72623574144486691129 0.69961977186311785637 0.81749049429657794086 0.66159695817490493663 0.71863117870722437175 0.80608365019011407604 0.79087452471482888594 0.71102661596958172119 0.72623574144486691129 0.7984790874524715365 0.74524714828897342667 0.7680608365019011563 0.85931558935361218587 0.80608365019011407604 0.85551330798479086059 0.87832699619771859023 0.82889733840304180568 0.84410646387832699578 0.82129277566539926614 0.81368821292775661558 0.86692015209125472541 0.82889733840304180568 0.53612167300380231261 0.59695817490494296198 0.53612167300380231261 0.1520912547528517067 0.13307984790874524683 0.30038022813688214363
0.72243346007604558601 0.65019011406844107182 0.71102661596958172119 0.6235741444866920169 0.68441064638783266627 0.66920152091254747617 0.71102661596958172119 0.66920152091254747617 0.61977186311787069162 0.59695817490494296198 0.61977186311787069162 0.54372623574144485215 0.46768060836501901267 0.61977186311787069162 0.69201520912547531683 0.6235741444866920169 0.67680608365019012673 0.55133079847908750271 0.6235741444866920169 0.68441064638783266627 0.70342205323193918165 0.67300380228136880145 0.68821292775665399155 0.73384030418250945083 0.77946768060836502112 0.77946768060836502112 0.71863117870722437175 0.81368821292775661558 0.88593155893536124079 0.64638783269961974653 0.69961977186311785637 0.82129277566539926614 0.83269961977186313096 0.80228136882129275076 0.87832699619771859023 0.80988593155893540132 0.53612167300380231261 0.6539923954372623971 0.71482889733840304647 0.71863117870722437175 0.6235741444866920169 0.4638783269961977429 0.29657794676806081835 0.3193916349809886035 0.079847908745247150875 0.049429657794676805371
0.69961977186311785637 0.6235741444866920169 0.5931558935361216367 0.6235741444866920169 0.5931558935361216367 0.61596958174904947736 0.69201520912547531683 0.72243346007604558601 0.66920152091254747617 0.58174904942965777188 0.50950570342205325769 0.59695817490494296198 0.49049429657794674231 0.61977186311787069162 0.67300380228136880145 0.61977186311787069162 0.58174904942965777188 0.6235741444866920169 0.65779467680608361135 0.63117870722433455644 0.68821292775665399155 0.67680608365019012673 0.68821292775665399155 0.71863117870722437175 0.65019011406844107182 0.72623574144486691129 0.74524714828897342667 0.74524714828897342667 0.74524714828897342667 0.78707224334600756066 0.82889733840304180568 0.80228136882129275076 0.80988593155893540132 0.75665399239543729148 0.81749049429657794086 0.74524714828897342667 0.38403041825095057815 0.68441064638783266627 0.80228136882129275076 0.74524714828897342667 0.74524714828897342667 0.69201520912547531683 0.57034220532319390706 0.361216730038022793 0.13688212927756654436 0.019011406844106463337
0.65779467680608361135 0.69961977186311785637 0.71863117870722437175 0.71102661596958172119 0.71482889733840304647 0.74524714828897342667 0.77186311787072248158 0.59695817490494296198 0.61596958174904947736 0.57034220532319390706 0.53612167300380231261 0.4638783269961977429 0.56653992395437258178 0.47528517110266160772 0.56653992395437258178 0.48669201520912547254 0.52851711026615966205 0.53992395437262352687 0.58935361216730042244 0.5931558935361216367 0.58555133079847909716 0.6539923954372623971 0.60456273764258550152 0.5931558935361216367 0.6539923954372623971 0.63117870722433455644 0.79087452471482888594 0.79087452471482888594 0.63117870722433455644 0.45627376425855514785 0.6235741444866920169 0.53612167300380231261 0.61977186311787069162 0.7984790874524715365 0.79087452471482888594 0.82129277566539926614 0.66920152091254747617 0.74524714828897342667 0.59695817490494296198 0.58555133079847909716 0.63117870722433455644 0.3041825095057034134 0.53612167300380231261 0.46007604562737641762 0.12167300380228136814 0.053231939163498095957
0.65779467680608361135 0.63498098859315588172 0.61977186311787069162 0.65019011406844107182 0.6539923954372623971 0.5931558935361216367 0.72623574144486691129 0.69961977186311785637 0.58174904942965777188 0.56273764258555136752 0.46768060836501901267 0.58555133079847909716 0.55513307984790871696 0.61596958174904947736 0.55133079847908750271 0.45627376425855514785 0.53612167300380231261 0.43726235741444868799 0.63498098859315588172 0.53612167300380231261 0.56653992395437258178 0.60456273764258550152 0.56653992395437258178 0.56653992395437258178 0.69201520912547531683 0.71102661596958172119 0.7832699619771863464 0.72623574144486691129 0.6539923954372623971 0.091254752851711029571 0.13688212927756654436 0.12547528517110265178 0.18250950570342205914 0.68441064638783266627 0.77946768060836502112 0.71102661596958172119 0.68060836501901145201 0.65779467680608361135 0.45247148288973382257 0.52851711026615966205 0.42965779467680609294 0.12547528517110265178 0.12547528517110265178 0.11787072243346007061 0.19011406844106462644 0.17110266159695816657
