Example/niche_background/models/ENFA/Anolis_chlorocyanus_1.asc
ncols        743
nrows        319
xllcorner    -74.500956448335
yllcorner    17.448920549066
cellsize     0.008333333333
NODATA_value  -9999
[rows 147 to 167 of 319, columns 564 to 610 of 743]
0.8473282442748091281 0.70610687022900764376 0.72519083969465647499 0.77099236641221369215 0.58778625954198471248 0.4274809160305343414 0.58778625954198471248 0.73282442748091602969 0.78625954198473280155 0.81297709923664118747 0.78244274809160307971 0.78625954198473280155 0.84351145038167940626 0.88931297709923662342 0.89694656488549617812 0.86641221374045807035 0.87786259541984734689 0.92748091603053439691 0.92748091603053439691 0.92748091603053439691 0.98473282442748089061 0.96564885496183205937 0.98091603053435116877 0.97328244274809161407 0.9923664122137404453 0.9923664122137404453 0.9923664122137404453 0.9923664122137404453 0.9923664122137404453 0.9923664122137404453 0.9923664122137404453 0.9923664122137404453 0.98473282442748089061 0.98854961832061072347 0.98091603053435116877 0.95419847328244278284 0.96564885496183205937 0.96183206106870233754 0.94274809160305339528 0.92748091603053439691 0.91984732824427484221 0.92748091603053439691 0.92748091603053439691 0.92366412213740456405 0.88167938931297706873 0.91603053435114500935 0.91603053435114500935
0.80534351145038163278 0.73282442748091602969 0.37786259541984734689 0.2137404580152671707 0.22519083969465647499 0.33206106870229007422 0.54198473282442749532 0.4198473282442747867 0.72137404580152675315 0.77099236641221369215 0.71374045801526719845 0.73664122137404575152 0.86641221374045807035 0.8549618320610686828 0.88549618320610690159 0.85114503816793896096 0.86641221374045807035 0.87404580152671751403 0.92748091603053439691 0.98854961832061072347 0.9923664122137404453 0.98473282442748089061 0.95419847328244278284 0.9923664122137404453 0.9923664122137404453 0.9923664122137404453 0.9923664122137404453 0.9923664122137404453 0.9923664122137404453 0.9923664122137404453 0.9923664122137404453 0.98473282442748089061 0.9923664122137404453 0.98473282442748089061 0.98091603053435116877 0.98854961832061072347 0.95419847328244278284 0.96564885496183205937 0.94274809160305339528 0.95038167938931294998 0.93129770992366411875 0.92748091603053439691 0.91221374045801528752 0.92748091603053439691 0.8396946564885495734 0.89694656488549617812 0.92366412213740456405
0.71755725190839692029 0.46183206106870228203 0.32061068702290074217 0.25572519083969463827 0.25954198473282441562 0.26717557251908397031 0.39312977099236640077 0.39312977099236640077 0.60305343511450382188 0.6526717557251908719 0.50381679389312972184 0.63358778625954192965 0.81297709923664118747 0.8549618320610686828 0.87404580152671751403 0.88931297709923662342 0.83587786259541985157 0.85877862595419851566 0.92366412213740456405 0.9923664122137404453 0.9923664122137404453 0.96564885496183205937 0.93129770992366411875 0.97709923664122133591 0.9923664122137404453 0.9923664122137404453 0.98473282442748089061 0.9923664122137404453 0.9923664122137404453 0.9923664122137404453 0.9923664122137404453 0.9923664122137404453 0.9923664122137404453 0.9923664122137404453 0.9923664122137404453 0.9923664122137404453 0.9923664122137404453 0.98473282442748089061 0.98473282442748089061 0.98473282442748089061 0.95419847328244278284 0.95419847328244278284 0.95419847328244278284 0.92748091603053439691 0.92366412213740456405 0.86641221374045807035 0.89694656488549617812
0.23664122137404580704 0.32442748091603051952 0.25954198473282441562 0.23664122137404580704 0.24427480916030533398 0.23664122137404580704 0.29770992366412213359 0.24427480916030533398 0.41221374045801528752 0.43129770992366411875 0.43129770992366411875 0.59160305343511454534 0.81297709923664118747 0.8396946564885495734 0.91984732824427484221 0.8549618320610686828 0.8396946564885495734 0.86259541984732823749 0.92748091603053439691 0.93893129770992367344 0.98091603053435116877 0.95419847328244278284 0.93129770992366411875 0.98091603053435116877 0.98854961832061072347 0.98473282442748089061 0.9923664122137404453 0.9923664122137404453 0.9923664122137404453 0.9923664122137404453 0.9923664122137404453 0.9923664122137404453 0.9923664122137404453 0.98854961832061072347 0.9923664122137404453 0.9923664122137404453 0.9923664122137404453 0.9923664122137404453 0.9923664122137404453 0.98854961832061072347 0.9923664122137404453 0.98091603053435116877 0.97709923664122133591 0.93893129770992367344 0.92748091603053439691 0.8549618320610686828 0.93129770992366411875
0.18702290076335878477 0.13358778625954198516 0.18702290076335878477 0.14122137404580153985 0.19083969465648856212 0.18702290076335878477 0.27862595419847330236 0.48473282442748089061 0.61068702290076337658 0.37786259541984734689 0.40839694656488551017 0.44274809160305345079 0.7022900763358778109 0.77862595419847324685 0.78244274809160307971 0.78625954198473280155 0.7900763358778626344 0.8549618320610686828 0.8549618320610686828 0.87404580152671751403 0.98091603053435116877 0.92748091603053439691 0.88931297709923662342 0.95419847328244278284 0.95419847328244278284 0.98091603053435116877 0.9923664122137404453 0.9923664122137404453 0.9923664122137404453 0.99618320610687027816 0.9923664122137404453 0.9923664122137404453 0.9923664122137404453 0.9923664122137404453 0.9923664122137404453 0.95801526717557250468 0.9923664122137404453 0.9923664122137404453 0.96564885496183205937 0.9923664122137404453 0.9923664122137404453 0.96946564885496178121 0.98854961832061072347 0.95419847328244278284 0.94274809160305339528 0.95801526717557250468 0.94274809160305339528
0.15267175572519084414 0.11450381679389312617 0.19847328244274808906 0.19083969465648856212 0.18320610687022900742 0.25190839694656486092 0.37404580152671756954 0.6526717557251908719 0.44274809160305345079 0.31679389312977096482 0.40458015267175573282 0.57251908396946560309 0.73282442748091602969 0.61450381679389309841 0.81297709923664118747 0.7900763358778626344 0.78625954198473280155 0.8473282442748091281 0.80152671755725191094 0.87404580152671751403 0.95419847328244278284 0.93893129770992367344 0.88931297709923662342 0.88931297709923662342 0.93893129770992367344 0.95419847328244278284 0.9923664122137404453 0.9923664122137404453 0.9923664122137404453 0.9923664122137404453 0.9923664122137404453 0.9923664122137404453 0.9923664122137404453 0.9923664122137404453 0.9923664122137404453 0.9923664122137404453 0.9923664122137404453 0.9923664122137404453 0.9923664122137404453 0.9923664122137404453 0.9923664122137404453 0.9923664122137404453 0.9923664122137404453 0.9923664122137404453 0.98091603053435116877 0.98473282442748089061 0.92748091603053439691
0.083969465648854962891 0.087786259541984726362 0.1106870229007633627 0.11832061068702290352 0.15267175572519084414 0.14122137404580153985 0.14122137404580153985 0.18702290076335878477 0.19847328244274808906 0.35114503816793890545 0.59541984732824426718 0.7022900763358778109 0.75572519083969469378 0.64885496183206103904 0.69847328244274808906 0.78625954198473280155 0.75954198473282441562 0.7977099236641221891 0.91984732824427484221 0.9923664122137404453 0.9923664122137404453 0.98854961832061072347 0.86641221374045807035 0.88931297709923662342 0.92366412213740456405 0.92748091603053439691 0.95419847328244278284 0.95419847328244278284 0.9923664122137404453 0.98854961832061072347 0.9923664122137404453 0.9923664122137404453 0.9923664122137404453 0.9923664122137404453 0.9923664122137404453 0.9923664122137404453 0.9923664122137404453 0.9923664122137404453 0.9923664122137404453 0.9923664122137404453 0.9923664122137404453 0.9923664122137404453 0.92748091603053439691 0.98091603053435116877 0.9923664122137404453 0.93129770992366411875 0.92748091603053439691
0.087786259541984726362 0.091603053435114503711 0.095419847328244281059 0.15267175572519084414 0.09923664122137404453 0.15267175572519084414 0.17175572519083970313 0.21755725190839694805 0.22519083969465647499 0.41221374045801528752 0.57251908396946560309 0.43893129770992367344 0.51526717557251910939 0.45801526717557250468 0.61450381679389309841 0.78625954198473280155 0.70610687022900764376 0.72137404580152675315 0.7900763358778626344 0.88931297709923662342 0.91603053435114500935 0.9923664122137404453 0.8473282442748091281 0.86641221374045807035 0.8549618320610686828 0.86641221374045807035 0.95419847328244278284 0.98473282442748089061 0.87404580152671751403 0.9923664122137404453 0.9923664122137404453 0.9923664122137404453 1 1 0.9923664122137404453 0.9923664122137404453 0.9923664122137404453 0.9923664122137404453 0.9923664122137404453 0.9923664122137404453 0.9923664122137404453 0.9923664122137404453 0.98473282442748089061 0.9923664122137404453 0.96946564885496178121 0.9923664122137404453 0.9923664122137404453
0.049618320610687022265 0.072519083969465644723 0.064885496183206103904 0.087786259541984726362 0.10305343511450382188 0.087786259541984726362 0.16412213740458014843 0.17175572519083970313 0.18320610687022900742 0.53816793893129766246 0.60687022900763354372 0.44274809160305345079 0.43129770992366411875 0.50381679389312972184 0.58778625954198471248 0.63740458015267176251 0.66412213740458014843 0.71755725190839692029 0.77099236641221369215 0.77099236641221369215 0.86259541984732823749 0.8473282442748091281 0.7900763358778626344 0.84351145038167940626 0.8396946564885495734 0.86259541984732823749 0.88931297709923662342 0.96564885496183205937 0.92748091603053439691 0.9923664122137404453 0.9923664122137404453 1 1 1 0.99618320610687027816 0.9923664122137404453 0.9923664122137404453 0.9923664122137404453 0.9923664122137404453 0.9923664122137404453 0.9923664122137404453 0.9923664122137404453 0.95419847328244278284 0.9923664122137404453 0.98091603053435116877 0.98473282442748089061 0.98473282442748089061
0.049618320610687022265 0.049618320610687022265 0.072519083969465644723 0.072519083969465644723 0.087786259541984726362 0.10305343511450382188 0.10305343511450382188 0.15267175572519084414 0.15267175572519084414 0.21755725190839694805 0.46564885496183205937 0.31297709923664124299 0.40458015267175573282 0.40076335877862595547 0.4198473282442747867 0.60687022900763354372 0.61068702290076337658 0.7022900763358778109 0.72519083969465647499 0.77862595419847324685 0.86641221374045807035 0.8473282442748091281 0.7900763358778626344 0.7977099236641221891 0.85114503816793896096 0.8549618320610686828 0.8549618320610686828 0.87404580152671751403 0.86259541984732823749 0.89694656488549617812 0.9923664122137404453 0.9923664122137404453 1 0.9923664122137404453 0.9923664122137404453 0.93893129770992367344 0.92748091603053439691 0.86259541984732823749 0.9923664122137404453 0.9923664122137404453 0.96564885496183205937 0.96564885496183205937 0.9923664122137404453 0.9923664122137404453 0.9923664122137404453 0.9923664122137404453 0.96564885496183205937
0.049618320610687022265 0.053435114503816792675 0.064885496183206103904 0.053435114503816792675 0.076335877862595422072 0.087786259541984726362 0.11450381679389312617 0.12977099236641220781 0.18702290076335878477 0.15648854961832062149 0.25954198473282441562 0.24809160305343511133 0.39694656488549617812 0.44274809160305345079 0.4198473282442747867 0.58015267175572515779 0.63740458015267176251 0.6526717557251908719 0.67557251908396942497 0.73282442748091602969 0.74427480916030530622 0.80152671755725191094 0.83587786259541985157 0.85114503816793896096 0.8473282442748091281 0.86259541984732823749 0.8396946564885495734 0.88167938931297706873 0.85877862595419851566 0.85114503816793896096 0.93893129770992367344 0.9923664122137404453 0.95419847328244278284 0.92366412213740456405 0.94274809160305339528 0.92748091603053439691 0.96564885496183205937 0.93893129770992367344 0.98091603053435116877 0.97709923664122133591 0.95419847328244278284 0.95419847328244278284 0.98473282442748089061 0.9923664122137404453 0.9923664122137404453 0.9923664122137404453 0.96564885496183205937
0.053435114503816792675 0.053435114503816792675 0.057251908396946563085 0.072519083969465644723 0.072519083969465644723 0.053435114503816792675 0.087786259541984726362 0.14122137404580153985 0.14122137404580153985 0.19083969465648856212 0.25954198473282441562 0.29007633587786257889 0.31297709923664124299 0.37404580152671756954 0.56106870229007632656 0.59923664122137410004 0.61450381679389309841 0.65648854961832059374 0.6526717557251908719 0.75572519083969469378 0.78625954198473280155 0.72519083969465647499 0.74427480916030530622 0.78625954198473280155 0.78625954198473280155 0.92748091603053439691 0.8473282442748091281 0.8396946564885495734 0.83587786259541985157 0.8396946564885495734 0.88931297709923662342 0.92748091603053439691 0.90458015267175573282 0.86259541984732823749 0.8549618320610686828 0.87404580152671751403 0.95419847328244278284 0.93129770992366411875 0.98854961832061072347 0.9923664122137404453 0.96564885496183205937 0.92748091603053439691 0.92748091603053439691 0.9923664122137404453 0.95419847328244278284 0.95419847328244278284 0.9923664122137404453
0.064885496183206103904 0.053435114503816792675 0.064885496183206103904 0.053435114503816792675 0.076335877862595422072 0.061068702290076333494 0.09923664122137404453 0.11450381679389312617 0.16412213740458014843 0.19083969465648856212 0.20992366412213739335 0.23664122137404580704 0.4198473282442747867 0.38549618320610684608 0.5076335877862595547 0.52671755725190838593 0.54580152671755721716 0.62213740458015265311 0.7022900763358778109 0.70610687022900764376 0.71755725190839692029 0.73664122137404575152 0.78625954198473280155 0.8396946564885495734 0.8473282442748091281 0.7900763358778626344 0.84351145038167940626 0.86259541984732823749 0.8549618320610686828 0.86259541984732823749 0.8549618320610686828 0.87404580152671751403 0.92366412213740456405 0.8549618320610686828 0.92366412213740456405 0.93129770992366411875 0.95419847328244278284 0.91221374045801528752 0.95419847328244278284 0.94656488549618322814 0.93511450381679384058 0.93129770992366411875 0.92748091603053439691 0.96564885496183205937 0.89694656488549617812 0.91984732824427484221 0.94274809160305339528
0.057251908396946563085 0.053435114503816792675 0.045801526717557251855 0.072519083969465644723 0.061068702290076333494 0.087786259541984726362 0.12595419847328243046 0.16030534351145037109 0.14503816793893128945 0.18702290076335878477 0.20992366412213739335 0.25190839694656486092 0.31297709923664124299 0.40076335877862595547 0.4274809160305343414 0.49618320610687022265 0.55343511450381677186 0.61068702290076337658 0.6526717557251908719 0.66412213740458014843 0.73282442748091602969 0.77480916030534352501 0.77480916030534352501 0.78625954198473280155 0.77862595419847324685 0.84351145038167940626 0.81297709923664118747 0.81297709923664118747 0.8549618320610686828 0.8549618320610686828 0.86259541984732823749 0.8473282442748091281 0.77099236641221369215 0.8549618320610686828 0.88931297709923662342 0.86259541984732823749 0.85877862595419851566 0.87404580152671751403 0.8549618320610686828 0.91984732824427484221 0.91603053435114500935 0.92748091603053439691 0.93129770992366411875 0.92748091603053439691 0.96564885496183205937 0.89694656488549617812 0.93893129770992367344
0.076335877862595422072 0.072519083969465644723 0.076335877862595422072 0.057251908396946563085 0.072519083969465644723 0.10305343511450382188 0.15267175572519084414 0.091603053435114503711 0.14122137404580153985 0.19083969465648856212 0.23664122137404580704 0.28244274809160307971 0.39694656488549617812 0.4198473282442747867 0.43129770992366411875 0.54198473282442749532 0.56106870229007632656 0.62213740458015265311 0.63740458015267176251 0.68702290076335881253 0.7099236641221373656 0.77099236641221369215 0.80534351145038163278 0.81679389312977102033 0.75572519083969469378 0.78625954198473280155 0.8473282442748091281 0.8473282442748091281 0.8396946564885495734 0.8473282442748091281 0.83206106870229012973 0.8549618320610686828 0.8473282442748091281 0.85114503816793896096 0.86259541984732823749 0.92748091603053439691 0.91984732824427484221 0.92748091603053439691 0.93893129770992367344 0.93129770992366411875 0.92748091603053439691 0.92748091603053439691 0.92748091603053439691 0.92748091603053439691 0.92748091603053439691 0.95419847328244278284 0.95419847328244278284
0.076335877862595422072 0.076335877862595422072 0.072519083969465644723 0.10305343511450382188 0.076335877862595422072 0.091603053435114503711 0.10305343511450382188 0.14122137404580153985 0.16412213740458014843 0.20992366412213739335 0.2137404580152671707 0.32824427480916029687 0.33206106870229007422 0.43129770992366411875 0.46564885496183205937 0.44656488549618322814 0.48091603053435116877 0.55343511450381677186 0.58778625954198471248 0.68320610687022897967 0.70610687022900764376 0.68320610687022897967 0.75572519083969469378 0.78625954198473280155 0.83206106870229012973 0.78625954198473280155 0.78244274809160307971 0.80916030534351146564 0.77480916030534352501 0.80916030534351146564 0.8473282442748091281 0.7900763358778626344 0.8473282442748091281 0.8473282442748091281 0.86641221374045807035 0.83587786259541985157 0.8549618320610686828 0.8549618320610686828 0.93511450381679384058 0.92366412213740456405 0.92748091603053439691 0.95419847328244278284 0.96564885496183205937 0.95419847328244278284 0.98473282442748089061 0.95419847328244278284 0.92366412213740456405
0.049618320610687022265 0.057251908396946563085 0.083969465648854962891 0.076335877862595422072 0.087786259541984726362 0.087786259541984726362 0.11450381679389312617 0.16412213740458014843 0.19083969465648856212 0.20992366412213739335 0.25954198473282441562 0.33587786259541985157 0.34732824427480918361 0.32442748091603051952 0.43129770992366411875 0.44656488549618322814 0.55343511450381677186 0.54580152671755721716 0.47709923664122139142 0.54198473282442749532 0.72137404580152675315 0.64122137404580148434 0.75190839694656486092 0.74809160305343513908 0.78625954198473280155 0.78625954198473280155 0.80152671755725191094 0.7900763358778626344 0.78625954198473280155 0.81297709923664118747 0.81679389312977102033 0.77480916030534352501 0.8396946564885495734 0.8396946564885495734 0.84351145038167940626 0.7900763358778626344 0.86641221374045807035 0.8396946564885495734 0.87404580152671751403 0.88931297709923662342 0.91603053435114500935 0.88931297709923662342 0.94274809160305339528 0.93511450381679384058 0.92748091603053439691 0.95419847328244278284 0.93893129770992367344
0.064885496183206103904 0.083969465648854962891 0.091603053435114503711 0.087786259541984726362 0.09923664122137404453 0.091603053435114503711 0.15648854961832062149 0.17175572519083970313 0.19083969465648856212 0.20992366412213739335 0.27862595419847330236 0.25954198473282441562 0.36259541984732823749 0.43129770992366411875 0.44274809160305345079 0.45038167938931294998 0.5076335877862595547 0.5076335877862595547 0.61068702290076337658 0.55343511450381677186 0.72137404580152675315 0.66793893129770987027 0.77099236641221369215 0.78625954198473280155 0.78625954198473280155 0.72137404580152675315 0.80152671755725191094 0.8396946564885495734 0.78625954198473280155 0.78625954198473280155 0.7900763358778626344 0.8396946564885495734 0.8473282442748091281 0.8396946564885495734 0.8396946564885495734 0.8473282442748091281 0.86641221374045807035 0.8549618320610686828 0.93129770992366411875 0.92366412213740456405 0.92748091603053439691 0.93893129770992367344 0.93129770992366411875 0.95419847328244278284 0.93129770992366411875 0.95038167938931294998 0.95419847328244278284
0.076335877862595422072 0.083969465648854962891 0.087786259541984726362 0.10305343511450382188 0.09923664122137404453 0.14503816793893128945 0.19083969465648856212 0.19847328244274808906 0.24809160305343511133 0.2137404580152671707 0.31297709923664124299 0.27099236641221374766 0.4198473282442747867 0.35114503816793890545 0.45801526717557250468 0.49618320610687022265 0.61450381679389309841 0.46183206106870228203 0.6526717557251908719 0.6526717557251908719 0.66793893129770987027 0.72137404580152675315 0.78625954198473280155 0.72519083969465647499 0.79389312977099235624 0.75190839694656486092 0.77480916030534352501 0.72137404580152675315 0.7022900763358778109 0.7977099236641221891 0.77099236641221369215 0.72137404580152675315 0.82061068702290074217 0.8396946564885495734 0.83587786259541985157 0.86259541984732823749 0.86259541984732823749 0.83587786259541985157 0.89694656488549617812 0.86641221374045807035 0.8549618320610686828 0.86641221374045807035 0.93511450381679384058 0.95419847328244278284 0.92366412213740456405 0.95419847328244278284 0.98473282442748089061
0.087786259541984726362 0.087786259541984726362 0.091603053435114503711 0.10305343511450382188 0.1106870229007633627 0.15648854961832062149 0.16412213740458014843 0.18702290076335878477 0.20992366412213739335 0.25954198473282441562 0.30916030534351146564 0.25572519083969463827 0.35877862595419846015 0.38549618320610684608 0.4923664122137404453 0.54198473282442749532 0.58396946564885499065 0.58778625954198471248 0.61450381679389309841 0.6526717557251908719 0.74045801526717558438 0.77099236641221369215 0.72900763358778630785 0.71755725190839692029 0.78625954198473280155 0.71755725190839692029 0.68320610687022897967 0.74045801526717558438 0.74045801526717558438 0.78244274809160307971 0.7099236641221373656 0.78244274809160307971 0.80534351145038163278 0.8396946564885495734 0.81297709923664118747 0.8549618320610686828 0.8549618320610686828 0.78625954198473280155 0.88931297709923662342 0.89694656488549617812 0.86259541984732823749 0.92748091603053439691 0.90458015267175573282 0.98473282442748089061 0.95419847328244278284 0.93511450381679384058 0.98473282442748089061
0.091603053435114503711 0.10305343511450382188 0.10305343511450382188 0.11832061068702290352 0.12213740458015266699 0.18702290076335878477 0.20992366412213739335 0.20992366412213739335 0.20992366412213739335 0.25954198473282441562 0.25190839694656486092 0.26717557251908397031 0.4198473282442747867 0.38931297709923662342 0.50381679389312972184 0.61068702290076337658 0.61832061068702293127 0.61832061068702293127 0.7099236641221373656 0.69465648854961836722 0.74045801526717558438 0.73282442748091602969 0.70610687022900764376 0.72519083969465647499 0.75190839694656486092 0.78244274809160307971 0.8396946564885495734 0.78625954198473280155 0.73282442748091602969 0.7099236641221373656 0.7022900763358778109 0.69465648854961836722 0.80916030534351146564 0.83587786259541985157 0.69465648854961836722 0.78244274809160307971 0.78625954198473280155 0.81297709923664118747 0.86259541984732823749 0.89694656488549617812 0.86641221374045807035 0.92366412213740456405 0.92748091603053439691 0.93893129770992367344 0.97328244274809161407 0.95419847328244278284 0.98854961832061072347
