Example/niche_background/models/ENFA/Anolis_chlorocyanus_1.asc
ncols        743
nrows        319
xllcorner    -74.500956448335
yllcorner    17.448920549066
cellsize     0.008333333333
NODATA_value  -9999
[rows 189 to 209 of 319, columns 611 to 657 of 743]
0.9923664122137404453 0.9923664122137404453 0.9923664122137404453 0.9923664122137404453 0.9923664122137404453 0.9923664122137404453 0.98091603053435116877 0.9923664122137404453 0.9923664122137404453 0.96946564885496178121 0.98091603053435116877 0.96564885496183205937 0.93129770992366411875 0.92748091603053439691 0.92748091603053439691 0.91603053435114500935 0.92748091603053439691 0.89694656488549617812 0.76717557251908397031 0.81297709923664118747 0.8473282442748091281 0.78625954198473280155 0.8396946564885495734 0.78625954198473280155 0.72137404580152675315 0.75190839694656486092 0.7900763358778626344 0.7022900763358778109 0.72137404580152675315 0.73282442748091602969 0.77099236641221369215 0.72519083969465647499 0.70610687022900764376 0.71374045801526719845 0.73282442748091602969 0.74809160305343513908 0.78625954198473280155 0.7900763358778626344 0.78244274809160307971 0.75190839694656486092 0.7900763358778626344 0.8396946564885495734 0.8473282442748091281 0.86259541984732823749 0.92748091603053439691 0.78625954198473280155 0.93511450381679384058
0.9923664122137404453 0.9923664122137404453 0.9923664122137404453 0.9923664122137404453 0.9923664122137404453 0.9923664122137404453 0.9923664122137404453 0.9923664122137404453 0.9923664122137404453 0.93511450381679384058 0.88931297709923662342 0.90458015267175573282 0.86259541984732823749 0.87786259541984734689 0.86641221374045807035 0.8549618320610686828 0.8549618320610686828 0.8473282442748091281 0.79389312977099235624 0.87404580152671751403 0.77480916030534352501 0.8396946564885495734 0.78244274809160307971 0.71755725190839692029 0.76335877862595424848 0.72137404580152675315 0.77099236641221369215 0.8473282442748091281 0.68320610687022897967 0.62213740458015265311 0.66793893129770987027 0.6526717557251908719 0.6526717557251908719 0.72137404580152675315 0.69847328244274808906 0.6526717557251908719 0.67175572519083970313 0.8473282442748091281 0.75190839694656486092 0.8396946564885495734 0.7977099236641221891 0.87404580152671751403 0.92748091603053439691 0.88931297709923662342 0.88931297709923662342 0.77099236641221369215 0.7099236641221373656
0.9923664122137404453 0.9923664122137404453 0.9923664122137404453 0.9923664122137404453 0.9923664122137404453 0.98473282442748089061 0.9923664122137404453 0.9923664122137404453 0.9923664122137404453 0.96564885496183205937 0.92748091603053439691 0.95419847328244278284 0.86641221374045807035 0.86259541984732823749 0.8473282442748091281 0.78625954198473280155 0.78244274809160307971 0.7900763358778626344 0.85877862595419851566 0.78244274809160307971 0.7900763358778626344 0.7900763358778626344 0.78625954198473280155 0.88931297709923662342 0.77862595419847324685 0.77099236641221369215 0.7900763358778626344 0.75954198473282441562 0.75190839694656486092 0.66793893129770987027 0.56870229007633588125 0.60687022900763354372 0.55343511450381677186 0.55343511450381677186 0.55343511450381677186 0.66412213740458014843 0.80534351145038163278 0.62977099236641220781 0.61450381679389309841 0.66793893129770987027 0.78625954198473280155 0.79389312977099235624 0.86641221374045807035 0.76335877862595424848 0.72519083969465647499 0.78625954198473280155 0.78244274809160307971
0.9923664122137404453 0.9923664122137404453 0.9923664122137404453 0.9923664122137404453 0.9923664122137404453 0.9923664122137404453 0.9923664122137404453 0.9923664122137404453 0.9923664122137404453 0.96564885496183205937 0.93129770992366411875 0.93893129770992367344 0.92748091603053439691 0.9923664122137404453 0.85877862595419851566 0.78625954198473280155 0.78625954198473280155 0.78625954198473280155 0.78625954198473280155 0.78244274809160307971 0.78625954198473280155 0.80152671755725191094 0.7900763358778626344 0.88931297709923662342 0.88549618320610690159 0.75572519083969469378 0.7099236641221373656 0.75190839694656486092 0.66793893129770987027 0.83587786259541985157 0.71755725190839692029 0.57251908396946560309 0.78625954198473280155 0.66412213740458014843 0.57633587786259543595 0.59541984732824426718 0.68320610687022897967 0.6526717557251908719 0.68702290076335881253 0.75190839694656486092 0.78625954198473280155 0.72137404580152675315 0.72519083969465647499 0.73282442748091602969 0.78625954198473280155 0.78625954198473280155 0.8549618320610686828
0.9923664122137404453 0.9923664122137404453 0.9923664122137404453 0.9923664122137404453 0.9923664122137404453 0.9923664122137404453 0.98091603053435116877 0.97709923664122133591 0.98473282442748089061 0.95419847328244278284 0.92748091603053439691 0.93511450381679384058 0.90076335877862589996 0.87404580152671751403 0.8473282442748091281 0.85877862595419851566 0.8473282442748091281 0.8473282442748091281 0.85114503816793896096 0.7022900763358778109 0.7022900763358778109 0.75190839694656486092 0.75572519083969469378 0.77480916030534352501 0.8473282442748091281 0.86259541984732823749 0.8549618320610686828 0.86259541984732823749 0.57251908396946560309 0.55343511450381677186 0.83206106870229012973 0.59923664122137410004 0.59923664122137410004 0.78244274809160307971 0.7900763358778626344 0.78244274809160307971 0.8549618320610686828 0.83206106870229012973 0.78244274809160307971 0.80534351145038163278 0.80534351145038163278 0.8549618320610686828 0.88167938931297706873 0.86259541984732823749 0.8549618320610686828 0.86641221374045807035 0.92748091603053439691
0.9923664122137404453 0.9923664122137404453 0.98473282442748089061 0.9923664122137404453 0.9923664122137404453 0.9923664122137404453 0.98854961832061072347 0.98473282442748089061 0.98091603053435116877 0.95419847328244278284 0.95419847328244278284 0.92748091603053439691 0.92748091603053439691 0.92748091603053439691 0.91984732824427484221 0.88549618320610690159 0.86259541984732823749 0.8396946564885495734 0.88167938931297706873 0.7977099236641221891 0.75954198473282441562 0.78625954198473280155 0.75954198473282441562 0.6526717557251908719 0.72137404580152675315 0.71755725190839692029 0.68702290076335881253 0.7099236641221373656 0.49618320610687022265 0.83587786259541985157 0.6526717557251908719 0.78625954198473280155 0.78625954198473280155 0.6603053435114504266 0.6526717557251908719 0.72137404580152675315 0.78625954198473280155 0.8549618320610686828 0.87786259541984734689 0.8473282442748091281 0.8396946564885495734 0.8396946564885495734 0.8473282442748091281 0.81297709923664118747 0.92366412213740456405 0.7900763358778626344 0.85877862595419851566
0.96564885496183205937 0.95419847328244278284 0.98854961832061072347 0.9923664122137404453 0.9923664122137404453 0.9923664122137404453 0.98473282442748089061 0.98091603053435116877 0.98091603053435116877 0.96564885496183205937 0.96564885496183205937 0.95419847328244278284 0.94656488549618322814 0.93129770992366411875 0.92748091603053439691 0.92366412213740456405 0.87404580152671751403 0.88167938931297706873 0.88931297709923662342 0.87786259541984734689 0.85877862595419851566 0.82061068702290074217 0.81679389312977102033 0.77099236641221369215 0.67557251908396942497 0.57251908396946560309 0.77862595419847324685 0.57251908396946560309 0.58778625954198471248 0.7099236641221373656 0.66793893129770987027 0.7022900763358778109 0.66412213740458014843 0.78625954198473280155 0.66793893129770987027 0.80534351145038163278 0.8473282442748091281 0.87786259541984734689 0.78625954198473280155 0.80152671755725191094 0.78244274809160307971 0.78625954198473280155 0.8549618320610686828 0.8549618320610686828 0.78625954198473280155 0.86259541984732823749 0.85114503816793896096
0.9923664122137404453 0.9923664122137404453 0.96564885496183205937 0.9923664122137404453 0.98473282442748089061 0.98473282442748089061 0.97709923664122133591 0.96564885496183205937 0.95419847328244278284 0.95419847328244278284 0.93511450381679384058 0.93129770992366411875 0.92748091603053439691 0.92748091603053439691 0.92748091603053439691 0.92748091603053439691 0.92366412213740456405 0.92366412213740456405 0.88931297709923662342 0.85877862595419851566 0.78244274809160307971 0.77099236641221369215 0.80916030534351146564 0.78625954198473280155 0.78625954198473280155 0.7977099236641221891 0.78625954198473280155 0.54580152671755721716 0.4923664122137404453 0.78625954198473280155 0.77480916030534352501 0.59923664122137410004 0.70610687022900764376 0.58778625954198471248 0.68702290076335881253 0.6526717557251908719 0.78625954198473280155 0.78625954198473280155 0.77099236641221369215 0.81679389312977102033 0.83206106870229012973 0.7977099236641221891 0.7900763358778626344 0.81297709923664118747 0.83206106870229012973 0.76335877862595424848 0.8396946564885495734
0.95419847328244278284 0.95419847328244278284 0.9923664122137404453 0.98091603053435116877 0.9923664122137404453 0.98473282442748089061 0.9923664122137404453 0.98091603053435116877 0.98091603053435116877 0.95419847328244278284 0.93129770992366411875 0.94274809160305339528 0.93893129770992367344 0.94274809160305339528 0.91221374045801528752 0.92366412213740456405 0.86641221374045807035 0.8473282442748091281 0.8396946564885495734 0.8396946564885495734 0.80534351145038163278 0.8549618320610686828 0.78625954198473280155 0.78625954198473280155 0.7900763358778626344 0.7900763358778626344 0.78625954198473280155 0.7977099236641221891 0.59541984732824426718 0.54580152671755721716 0.59923664122137410004 0.8396946564885495734 0.55343511450381677186 0.63740458015267176251 0.65648854961832059374 0.7022900763358778109 0.92748091603053439691 0.78244274809160307971 0.77480916030534352501 0.78625954198473280155 0.78625954198473280155 0.80534351145038163278 0.7977099236641221891 0.77480916030534352501 0.7900763358778626344 0.78625954198473280155 0.8396946564885495734
0.95419847328244278284 0.95419847328244278284 0.9923664122137404453 0.9923664122137404453 0.98473282442748089061 0.98473282442748089061 0.98091603053435116877 0.98473282442748089061 0.95419847328244278284 0.95419847328244278284 0.92748091603053439691 0.93511450381679384058 0.92748091603053439691 0.93129770992366411875 0.93511450381679384058 0.92748091603053439691 0.89694656488549617812 0.88931297709923662342 0.89694656488549617812 0.88931297709923662342 0.86641221374045807035 0.93129770992366411875 0.89312977099236645628 0.86259541984732823749 0.79389312977099235624 0.81297709923664118747 0.73664122137404575152 0.72137404580152675315 0.74045801526717558438 0.6526717557251908719 0.6603053435114504266 0.6603053435114504266 0.69847328244274808906 0.66412213740458014843 0.72900763358778630785 0.63740458015267176251 0.63740458015267176251 0.69847328244274808906 0.69847328244274808906 0.82061068702290074217 0.78625954198473280155 0.79389312977099235624 0.78625954198473280155 0.83587786259541985157 0.81297709923664118747 0.8396946564885495734 0.93511450381679384058
0.9923664122137404453 0.9923664122137404453 0.98091603053435116877 0.98473282442748089061 0.96946564885496178121 0.92748091603053439691 0.93511450381679384058 0.95801526717557250468 0.92748091603053439691 0.93129770992366411875 0.91984732824427484221 -9999 0.92748091603053439691 0.92748091603053439691 0.92748091603053439691 0.92748091603053439691 0.92748091603053439691 0.98091603053435116877 0.92366412213740456405 0.88931297709923662342 0.93893129770992367344 0.8549618320610686828 -9999 -9999 -9999 -9999 0.7977099236641221891 0.7900763358778626344 0.78625954198473280155 0.76335877862595424848 0.73664122137404575152 0.75190839694656486092 0.73664122137404575152 0.69847328244274808906 0.6526717557251908719 0.66793893129770987027 0.68320610687022897967 0.81297709923664118747 0.83206106870229012973 0.78625954198473280155 0.90076335877862589996 0.86259541984732823749 0.92366412213740456405 0.92366412213740456405 0.8473282442748091281 0.88167938931297706873 0.93129770992366411875
0.97709923664122133591 0.94656488549618322814 0.98473282442748089061 0.98091603053435116877 0.98091603053435116877 0.96564885496183205937 0.96564885496183205937 0.93511450381679384058 0.93511450381679384058 0.95419847328244278284 0.87404580152671751403 -9999 -9999 0.92748091603053439691 0.92748091603053439691 -9999 -9999 -9999 -9999 -9999 -9999 -9999 -9999 -9999 -9999 -9999 0.81297709923664118747 0.83587786259541985157 0.80534351145038163278 0.66793893129770987027 0.74809160305343513908 0.73282442748091602969 0.77099236641221369215 0.78625954198473280155 0.78625954198473280155 0.7900763358778626344 0.77099236641221369215 0.82442748091603057503 0.7900763358778626344 0.8473282442748091281 0.8549618320610686828 0.86641221374045807035 0.86641221374045807035 0.89694656488549617812 0.94656488549618322814 0.88931297709923662342 0.86641221374045807035
0.98473282442748089061 0.94274809160305339528 0.96564885496183205937 0.97709923664122133591 0.92748091603053439691 0.92748091603053439691 0.89694656488549617812 0.88549618320610690159 0.92366412213740456405 0.8549618320610686828 -9999 -9999 -9999 -9999 -9999 -9999 -9999 -9999 -9999 -9999 -9999 -9999 -9999 -9999 -9999 -9999 0.8396946564885495734 0.81297709923664118747 0.7900763358778626344 0.78244274809160307971 0.78244274809160307971 0.75954198473282441562 0.77862595419847324685 0.83206106870229012973 0.7977099236641221891 0.8396946564885495734 0.8473282442748091281 0.8396946564885495734 0.8396946564885495734 0.8473282442748091281 0.86641221374045807035 0.8549618320610686828 0.92748091603053439691 0.8396946564885495734 0.8549618320610686828 0.90076335877862589996 0.92748091603053439691
-9999 -9999 -9999 -9999 -9999 -9999 -9999 -9999 -9999 -9999 -9999 -9999 -9999 -9999 -9999 -9999 -9999 -9999 -9999 -9999 -9999 -9999 -9999 -9999 -9999 -9999 -9999 0.80534351145038163278 0.81297709923664118747 0.86259541984732823749 0.8396946564885495734 0.80916030534351146564 0.98091603053435116877 0.98091603053435116877 0.78244274809160307971 0.78244274809160307971 0.81297709923664118747 0.80152671755725191094 0.88931297709923662342 0.86641221374045807035 0.91984732824427484221 0.87786259541984734689 0.82061068702290074217 0.84351145038167940626 0.86641221374045807035 0.93129770992366411875 0.92748091603053439691
-9999 -9999 -9999 -9999 -9999 -9999 -9999 -9999 -9999 -9999 -9999 -9999 -9999 -9999 -9999 -9999 -9999 -9999 -9999 -9999 -9999 -9999 -9999 -9999 -9999 -9999 -9999 -9999 -9999 -9999 0.8396946564885495734 0.8473282442748091281 0.98473282442748089061 0.98854961832061072347 0.88167938931297706873 0.98473282442748089061 0.8473282442748091281 0.98473282442748089061 0.8396946564885495734 0.98091603053435116877 0.88931297709923662342 0.8473282442748091281 0.87022900763358779219 0.88167938931297706873 0.86259541984732823749 0.87404580152671751403 0.89694656488549617812
-9999 -9999 -9999 -9999 -9999 -9999 -9999 -9999 -9999 -9999 -9999 -9999 -9999 -9999 -9999 -9999 -9999 -9999 -9999 -9999 -9999 -9999 -9999 -9999 -9999 -9999 -9999 -9999 -9999 -9999 -9999 -9999 -9999 -9999 -9999 0.98091603053435116877 0.86259541984732823749 0.86641221374045807035 0.86641221374045807035 0.88549618320610690159 0.92366412213740456405 0.93129770992366411875 0.92366412213740456405 0.86259541984732823749 0.88931297709923662342 0.88931297709923662342 0.86641221374045807035
-9999 -9999 -9999 -9999 -9999 -9999 -9999 -9999 -9999 -9999 -9999 -9999 -9999 -9999 -9999 -9999 -9999 -9999 -9999 -9999 -9999 -9999 -9999 -9999 -9999 -9999 -9999 -9999 -9999 -9999 -9999 -9999 -9999 -9999 -9999 -9999 -9999 -9999 0.93129770992366411875 0.92748091603053439691 0.89694656488549617812 0.92366412213740456405 0.88167938931297706873 0.88931297709923662342 0.87404580152671751403 0.86641221374045807035 -9999
-9999 -9999 -9999 -9999 -9999 -9999 -9999 -9999 -9999 -9999 -9999 -9999 -9999 -9999 -9999 -9999 -9999 -9999 -9999 -9999 -9999 -9999 -9999 -9999 -9999 -9999 -9999 -9999 -9999 -9999 -9999 -9999 -9999 -9999 -9999 -9999 -9999 -9999 -9999 -9999 -9999 -9999 -9999 -9999 -9999 -9999 -9999
-9999 -9999 -9999 -9999 -9999 -9999 -9999 -9999 -9999 -9999 -9999 -9999 -9999 -9999 -9999 -9999 -9999 -9999 -9999 -9999 -9999 -9999 -9999 -9999 -9999 -9999 -9999 -9999 -9999 -9999 -9999 -9999 -9999 -9999 -9999 -9999 -9999 -9999 -9999 -9999 -9999 -9999 -9999 -9999 -9999 -9999 -9999
-9999 -9999 -9999 -9999 -9999 -9999 -9999 -9999 -9999 -9999 -9999 -9999 -9999 -9999 -9999 -9999 -9999 -9999 -9999 -9999 -9999 -9999 -9999 -9999 -9999 -9999 -9999 -9999 -9999 -9999 -9999 -9999 -9999 -9999 -9999 -9999 -9999 -9999 -9999 -9999 -9999 -9999 -9999 -9999 -9999 -9999 -9999
-9999 -9999 -9999 -9999 -9999 -9999 -9999 -9999 -9999 -9999 -9999 -9999 -9999 -9999 -9999 -9999 -9999 -9999 -9999 -9999 -9999 -9999 -9999 -9999 -9999 -9999 -9999 -9999 -9999 -9999 -9999 -9999 -9999 -9999 -9999 -9999 -9999 -9999 -9999 -9999 -9999 -9999 -9999 -9999 -9999 -9999 -9999
