Example/niche_background/models/ENFA/Anolis_chlorocyanus_0.asc
ncols        743
nrows        319
xllcorner    -74.500956448335
yllcorner    17.448920549066
cellsize     0.008333333333
NODATA_value  -9999
[rows 42 to 62 of 319, columns 276 to 321 of 743]
-9999 -9999 -9999 -9999 -9999 -9999 -9999 -9999 -9999 -9999 -9999 -9999 -9999 -9999 -9999 -9999 -9999 -9999 -9999 -9999 -9999 -9999 -9999 -9999 -9999 -9999 -9999 -9999 -9999 -9999 -9999 -9999 -9999 -9999 -9999 -9999 -9999 -9999 -9999 -9999 -9999 -9999 -9999 -9999 -9999 -9999
-9999 -9999 -9999 0.11026615969581748944 0.12167300380228136814 -9999 -9999 0.15589353612167300422 0.17110266159695816657 -9999 -9999 -9999 -9999 -9999 -9999 -9999 -9999 -9999 -9999 -9999 -9999 -9999 -9999 -9999 -9999 -9999 -9999 -9999 -9999 -9999 -9999 -9999 -9999 -9999 -9999 -9999 -9999 -9999 -9999 -9999 -9999 -9999 -9999 -9999 -9999 -9999
0.10266159695817490827 0.10266159695817490827 0.10646387832699619191 0.12167300380228136814 0.12167300380228136814 0.13307984790874524683 0.14828897338403040917 0.17110266159695816657 0.18250950570342205914 -9999 -9999 -9999 -9999 -9999 -9999 -9999 -9999 -9999 -9999 -9999 -9999 -9999 -9999 -9999 -9999 -9999 -9999 -9999 -9999 -9999 -9999 -9999 -9999 -9999 -9999 -9999 -9999 -9999 -9999 -9999 -9999 -9999 -9999 -9999 -9999 -9999
0.10646387832699619191 0.11026615969581748944 0.11787072243346007061 0.12547528517110265178 0.13307984790874524683 0.14448669201520911165 0.17110266159695816657 0.18250950570342205914 0.19391634980988592396 0.19771863117870722149 0.21292775665399238383 -9999 -9999 -9999 0.2243346007604562764 0.22813688212927757393 0.22813688212927757393 0.22813688212927757393 0.22813688212927757393 0.22813688212927757393 -9999 -9999 -9999 -9999 -9999 -9999 0.21292775665399238383 0.20532319391634981653 0.20152091254752851901 0.19771863117870722149 -9999 0.19391634980988592396 -9999 -9999 -9999 -9999 -9999 -9999 -9999 -9999 -9999 -9999 -9999 -9999 -9999 -9999
0.11026615969581748944 0.11787072243346007061 0.12167300380228136814 0.12927756653992394931 0.14068441064638784188 0.15969581749049430175 0.18250950570342205914 0.19011406844106462644 0.19391634980988592396 0.21292775665399238383 0.22053231939163497888 0.22053231939163497888 0.22813688212927757393 0.23574144486692014122 0.23954372623574143875 0.23574144486692014122 -9999 0.2471482889733840338 0.23954372623574143875 -9999 -9999 -9999 -9999 -9999 -9999 0.22053231939163497888 0.21673003802281368135 0.21292775665399238383 0.21292775665399238383 0.21292775665399238383 0.20152091254752851901 0.19771863117870722149 0.19391634980988592396 0.19391634980988592396 0.19391634980988592396 0.19011406844106462644 0.18631178707224335667 0.18250950570342205914 0.18250950570342205914 -9999 -9999 -9999 -9999 -9999 -9999 -9999
0.12167300380228136814 0.12167300380228136814 0.12547528517110265178 0.13688212927756654436 0.15969581749049430175 0.18250950570342205914 0.19391634980988592396 0.20152091254752851901 0.22053231939163497888 0.2243346007604562764 0.23954372623574143875 0.23954372623574143875 0.25855513307984789861 0.25855513307984789861 0.26615969581749049366 -9999 0.26615969581749049366 0.27376425855513308871 0.25855513307984789861 0.23954372623574143875 -9999 -9999 -9999 -9999 -9999 -9999 0.22813688212927757393 0.21673003802281368135 0.21673003802281368135 0.21292775665399238383 0.21292775665399238383 0.19771863117870722149 0.19771863117870722149 0.19771863117870722149 0.19391634980988592396 0.19391634980988592396 0.18631178707224335667 0.19391634980988592396 0.19011406844106462644 0.19011406844106462644 0.19391634980988592396 0.18631178707224335667 -9999 0.19391634980988592396 0.19391634980988592396 0.19771863117870722149
0.12167300380228136814 0.12927756653992394931 0.13688212927756654436 0.15589353612167300422 0.18250950570342205914 0.19391634980988592396 0.20152091254752851901 0.21673003802281368135 0.23574144486692014122 0.24334600760456273627 0.2889733840304182233 0.30038022813688214363 0.30038022813688214363 0.30038022813688214363 0.2889733840304182233 -9999 0.30038022813688214363 -9999 0.29657794676806081835 -9999 -9999 -9999 -9999 -9999 -9999 0.23574144486692014122 0.22813688212927757393 0.2243346007604562764 0.2243346007604562764 0.21673003802281368135 0.21292775665399238383 0.21292775665399238383 0.21292775665399238383 0.19771863117870722149 0.19771863117870722149 0.19391634980988592396 0.19771863117870722149 0.19771863117870722149 0.19391634980988592396 0.19771863117870722149 0.19771863117870722149 0.21292775665399238383 0.19391634980988592396 0.20152091254752851901 0.20152091254752851901 0.19771863117870722149
0.12927756653992394931 0.13688212927756654436 0.15589353612167300422 0.18250950570342205914 0.18631178707224335667 0.19771863117870722149 0.21673003802281368135 0.22813688212927757393 0.25095057034220530356 0.2889733840304182233 0.30038022813688214363 0.31178707224334600845 0.30798479087452473868 0.3193916349809886035 0.3193916349809886035 0.3193916349809886035 0.31558935361216727822 -9999 -9999 0.29657794676806081835 0.30038022813688214363 0.30038022813688214363 0.29277566539923954858 0.29277566539923954858 0.25855513307984789861 0.25855513307984789861 0.24334600760456273627 0.23574144486692014122 0.22813688212927757393 0.22053231939163497888 0.22053231939163497888 0.21673003802281368135 0.21673003802281368135 0.21292775665399238383 0.21292775665399238383 0.21292775665399238383 0.20152091254752851901 0.21292775665399238383 0.21292775665399238383 0.21292775665399238383 0.21673003802281368135 0.21673003802281368135 -9999 0.2243346007604562764 0.2243346007604562764 0.2243346007604562764
0.13307984790874524683 0.13688212927756654436 0.15969581749049430175 0.18250950570342205914 0.19391634980988592396 0.21673003802281368135 0.22813688212927757393 0.27376425855513308871 0.30038022813688214363 0.3193916349809886035 0.32319391634980987327 0.31178707224334600845 0.33079847908745246832 0.33079847908745246832 0.3193916349809886035 0.31558935361216727822 0.32319391634980987327 0.33079847908745246832 0.31558935361216727822 0.3193916349809886035 0.3193916349809886035 0.31178707224334600845 0.30798479087452473868 0.30038022813688214363 0.30038022813688214363 0.28136882129277568376 0.25095057034220530356 0.25855513307984789861 0.2471482889733840338 0.24334600760456273627 0.23574144486692014122 0.22813688212927757393 0.23193916349809887145 0.2243346007604562764 0.22053231939163497888 0.21673003802281368135 0.21673003802281368135 0.22813688212927757393 0.22053231939163497888 0.22053231939163497888 -9999 -9999 -9999 -9999 -9999 0.23954372623574143875
0.13688212927756654436 0.15969581749049430175 0.17110266159695816657 0.18250950570342205914 0.19771863117870722149 0.21673003802281368135 0.23954372623574143875 0.2889733840304182233 0.3193916349809886035 0.33460076045627373809 0.33460076045627373809 0.33460076045627373809 0.33079847908745246832 0.33460076045627373809 0.33460076045627373809 0.33079847908745246832 0.34600760456273765842 0.34220532319391633314 0.34220532319391633314 0.33460076045627373809 0.33079847908745246832 0.33079847908745246832 0.32319391634980987327 0.3193916349809886035 0.31178707224334600845 0.30038022813688214363 0.29277566539923954858 0.30038022813688214363 0.30038022813688214363 0.30038022813688214363 0.27376425855513308871 0.27376425855513308871 0.2471482889733840338 0.24334600760456273627 0.23193916349809887145 0.22813688212927757393 0.21673003802281368135 0.2243346007604562764 -9999 -9999 -9999 -9999 -9999 -9999 -9999 -9999
0.14828897338403040917 0.15969581749049430175 0.18250950570342205914 0.19771863117870722149 0.20532319391634981653 0.2243346007604562764 0.26615969581749049366 0.30798479087452473868 0.33460076045627373809 0.35361216730038025347 0.41064638783269963307 0.41444866920152090284 0.42585551330798476766 0.40684410646387830779 0.40684410646387830779 0.38022813688212925287 0.39923954372623576825 0.38022813688212925287 0.35361216730038025347 0.36501901140684411828 0.34220532319391633314 0.34600760456273765842 0.34600760456273765842 0.33460076045627373809 0.34220532319391633314 0.33079847908745246832 0.33079847908745246832 0.33079847908745246832 0.33079847908745246832 0.33079847908745246832 0.31178707224334600845 0.3193916349809886035 0.3193916349809886035 0.30798479087452473868 0.27756653992395435848 0.30038022813688214363 0.25095057034220530356 0.23954372623574143875 -9999 -9999 0.30798479087452473868 -9999 -9999 0.27376425855513308871 -9999 -9999
0.15589353612167300422 0.15969581749049430175 0.18250950570342205914 0.18250950570342205914 0.20152091254752851901 0.22053231939163497888 0.27376425855513308871 0.31558935361216727822 0.361216730038022793 0.41064638783269963307 0.43346007604562736271 0.46007604562737641762 0.45247148288973382257 0.44106463878326995776 0.45247148288973382257 0.42965779467680609294 0.42965779467680609294 0.41064638783269963307 0.39543726235741444297 0.40684410646387830779 0.39923954372623576825 0.41825095057034222812 0.42585551330798476766 0.41064638783269963307 0.42205323193916349789 0.39923954372623576825 0.3916349809885931732 0.43346007604562736271 0.39543726235741444297 0.38403041825095057815 0.34600760456273765842 0.33460076045627373809 0.33840304182509506337 0.34220532319391633314 0.33079847908745246832 0.30038022813688214363 0.29277566539923954858 0.30798479087452473868 0.29277566539923954858 0.31178707224334600845 0.33460076045627373809 0.32319391634980987327 0.33079847908745246832 0.33079847908745246832 0.33460076045627373809 -9999
0.14448669201520911165 0.15969581749049430175 0.18250950570342205914 0.19011406844106462644 0.21292775665399238383 0.23954372623574143875 0.30038022813688214363 0.33079847908745246832 0.38403041825095057815 0.34600760456273765842 0.42965779467680609294 0.43346007604562736271 0.51330798479087447195 0.48669201520912547254 0.46768060836501901267 0.46768060836501901267 0.46768060836501901267 0.45247148288973382257 0.46768060836501901267 0.45627376425855514785 0.46007604562737641762 0.48288973384030420277 0.46768060836501901267 0.46768060836501901267 0.46768060836501901267 0.44106463878326995776 0.45627376425855514785 0.4638783269961977429 0.45247148288973382257 0.42965779467680609294 0.42965779467680609294 0.42965779467680609294 0.40684410646387830779 0.40684410646387830779 0.38022813688212925287 0.37262357414448671333 0.42585551330798476766 0.38022813688212925287 0.34600760456273765842 0.34600760456273765842 0.34600760456273765842 0.34600760456273765842 0.36882129277566538805 0.361216730038022793 0.39923954372623576825 -9999
0.13688212927756654436 0.15969581749049430175 0.18250950570342205914 0.19771863117870722149 0.21292775665399238383 0.23954372623574143875 0.30038022813688214363 0.33079847908745246832 0.42205323193916349789 0.49429657794676806759 0.48669201520912547254 0.50190114068441060713 0.50190114068441060713 0.50570342205323193241 0.53231939163498098733 0.52851711026615966205 0.53612167300380231261 0.49429657794676806759 0.53231939163498098733 0.53231939163498098733 0.52851711026615966205 0.53612167300380231261 0.54372623574144485215 0.51330798479087447195 0.53612167300380231261 0.54372623574144485215 0.53992395437262352687 0.52851711026615966205 0.49429657794676806759 0.47908745247148287749 0.48669201520912547254 0.47528517110266160772 0.47528517110266160772 0.4638783269961977429 0.46007604562737641762 0.47528517110266160772 0.47908745247148287749 0.46007604562737641762 0.46007604562737641762 0.41444866920152090284 0.39923954372623576825 0.41064638783269963307 0.42585551330798476766 0.48669201520912547254 0.42965779467680609294 0.44866920152091255281
0.13688212927756654436 0.15969581749049430175 0.18631178707224335667 0.19771863117870722149 0.30798479087452473868 0.26235741444866922389 0.30038022813688214363 0.33079847908745246832 0.41064638783269963307 0.71863117870722437175 0.53612167300380231261 0.69201520912547531683 0.6083650190114068268 0.57414448669201523234 0.57414448669201523234 0.58935361216730042244 0.58935361216730042244 0.58935361216730042244 0.5779467680608364466 0.56653992395437258178 0.58935361216730042244 0.61596958174904947736 0.6083650190114068268 0.58935361216730042244 0.65019011406844107182 0.69201520912547531683 0.63117870722433455644 0.58555133079847909716 0.55513307984790871696 0.54752851711026617743 0.54372623574144485215 0.53992395437262352687 0.54372623574144485215 0.54752851711026617743 0.54752851711026617743 0.58935361216730042244 0.60456273764258550152 0.66159695817490493663 0.58935361216730042244 0.49809885931558933736 0.46007604562737641762 0.48669201520912547254 0.45247148288973382257 0.53231939163498098733 0.53231939163498098733 0.48288973384030420277
0.14448669201520911165 0.15969581749049430175 0.18631178707224335667 0.19771863117870722149 0.22813688212927757393 0.26615969581749049366 0.33079847908745246832 0.3916349809885931732 0.48288973384030420277 0.72623574144486691129 0.73384030418250945083 0.77566539923954369584 0.74144486692015210139 0.66539923954372626191 0.64638783269961974653 0.66159695817490493663 0.66539923954372626191 0.66539923954372626191 0.66539923954372626191 0.65019011406844107182 0.66539923954372626191 0.66539923954372626191 0.66539923954372626191 0.66159695817490493663 0.72243346007604558601 0.79467680608365021122 0.70342205323193918165 0.67680608365019012673 0.62737642585551334218 0.6235741444866920169 0.5931558935361216367 0.61596958174904947736 0.63117870722433455644 0.64638783269961974653 0.67680608365019012673 0.69581749049429653109 0.70342205323193918165 0.71863117870722437175 0.66539923954372626191 0.5779467680608364466 0.53612167300380231261 0.53612167300380231261 0.51330798479087447195 0.55513307984790871696 0.5779467680608364466 0.54752851711026617743
0.19011406844106462644 0.18250950570342205914 0.20912547528517111406 0.2243346007604562764 0.33460076045627373809 0.33079847908745246832 0.34600760456273765842 0.41064638783269963307 0.44106463878326995776 0.49809885931558933736 0.54372623574144485215 0.71482889733840304647 0.7984790874524715365 0.7528517110266159662 0.69201520912547531683 0.66539923954372626191 0.69581749049429653109 0.71863117870722437175 0.71863117870722437175 0.71102661596958172119 0.67300380228136880145 0.69201520912547531683 0.71102661596958172119 0.69201520912547531683 0.74524714828897342667 0.82889733840304180568 0.79467680608365021122 0.73764258555133077611 0.68441064638783266627 0.66539923954372626191 0.66539923954372626191 0.66159695817490493663 0.69201520912547531683 0.71863117870722437175 0.80608365019011407604 0.89733840304182510561 0.94296577946768056488 0.80988593155893540132 0.7680608365019011563 0.67300380228136880145 0.6083650190114068268 0.5931558935361216367 0.52851711026615966205 0.6235741444866920169 0.6083650190114068268 0.61596958174904947736
0.22813688212927757393 0.39923954372623576825 0.67680608365019012673 0.23954372623574143875 0.42965779467680609294 0.43346007604562736271 0.42965779467680609294 0.49049429657794674231 0.51330798479087447195 0.6083650190114068268 0.78707224334600756066 0.7680608365019011563 0.80228136882129275076 0.7832699619771863464 0.7832699619771863464 0.7528517110266159662 0.74524714828897342667 0.74524714828897342667 0.77566539923954369584 0.73764258555133077611 0.7680608365019011563 0.74524714828897342667 0.7680608365019011563 0.7832699619771863464 0.82889733840304180568 0.87452471482889737597 0.87452471482889737597 0.78707224334600756066 0.74524714828897342667 0.73384030418250945083 0.69581749049429653109 0.74524714828897342667 0.80988593155893540132 0.85551330798479086059 0.94296577946768056488 0.94676806083650189017 0.89733840304182510561 0.92395437262357416053 0.82129277566539926614 0.74144486692015210139 0.67680608365019012673 0.64258555133079853228 0.66159695817490493663 0.61596958174904947736 0.67300380228136880145 0.66539923954372626191
0.82129277566539926614 0.79467680608365021122 0.25855513307984789861 0.30798479087452473868 0.53612167300380231261 0.80988593155893540132 0.74524714828897342667 0.73003802281368823657 0.71863117870722437175 0.75665399239543729148 0.82889733840304180568 0.80988593155893540132 0.81368821292775661558 0.80988593155893540132 0.81749049429657794086 0.80988593155893540132 0.82129277566539926614 0.82889733840304180568 0.80228136882129275076 0.80988593155893540132 0.80988593155893540132 0.80988593155893540132 0.78707224334600756066 0.76045627376425850574 0.7984790874524715365 0.82889733840304180568 0.93155893536121670007 0.87832699619771859023 0.81749049429657794086 0.7832699619771863464 0.74524714828897342667 0.79467680608365021122 0.93536121673003802535 0.93536121673003802535 0.85931558935361218587 0.8250950570342204804 0.89733840304182510561 0.88593155893536124079 0.8250950570342204804 0.77566539923954369584 0.71863117870722437175 0.6083650190114068268 0.69201520912547531683 0.69201520912547531683 0.71863117870722437175 0.70342205323193918165
0.73003802281368823657 0.22813688212927757393 0.30038022813688214363 0.44106463878326995776 0.88593155893536124079 0.82889733840304180568 0.82129277566539926614 0.80988593155893540132 0.77186311787072248158 0.82129277566539926614 0.82889733840304180568 0.8250950570342204804 0.82129277566539926614 0.80988593155893540132 0.80988593155893540132 0.80988593155893540132 0.85931558935361218587 0.82889733840304180568 0.8250950570342204804 0.81368821292775661558 0.82889733840304180568 0.82889733840304180568 0.80988593155893540132 0.80608365019011407604 0.8250950570342204804 0.85931558935361218587 0.93536121673003802535 0.94676806083650189017 0.87832699619771859023 0.82889733840304180568 0.80988593155893540132 0.79467680608365021122 0.88593155893536124079 0.95437262357414454073 0.89733840304182510561 0.82889733840304180568 0.8250950570342204804 0.84790874524714832106 0.82889733840304180568 0.74524714828897342667 0.67680608365019012673 0.67680608365019012673 0.72623574144486691129 0.74524714828897342667 0.69581749049429653109 0.73764258555133077611
0.73384030418250945083 0.68441064638783266627 0.42965779467680609294 0.41064638783269963307 0.62737642585551334218 0.67680608365019012673 0.89733840304182510561 0.87832699619771859023 0.82889733840304180568 0.82889733840304180568 0.82889733840304180568 0.82889733840304180568 0.82889733840304180568 0.80988593155893540132 0.80988593155893540132 0.81749049429657794086 0.82129277566539926614 0.87832699619771859023 0.88973384030418245505 0.86692015209125472541 0.87072243346007605069 0.82889733840304180568 0.83269961977186313096 0.82889733840304180568 0.82889733840304180568 0.88593155893536124079 0.95437262357414454073 0.88593155893536124079 0.94296577946768056488 0.87452471482889737597 0.82889733840304180568 0.82889733840304180568 0.87452471482889737597 0.85931558935361218587 0.92395437262357416053 0.88593155893536124079 0.82889733840304180568 0.82889733840304180568 0.82129277566539926614 0.79467680608365021122 0.79087452471482888594 0.76045627376425850574 0.76045627376425850574 0.7680608365019011563 0.80608365019011407604 0.80988593155893540132
