Example/niche_background/models/ENFA/Anolis_coelestinus_1.asc
ncols        743
nrows        319
xllcorner    -74.500956448335
yllcorner    17.448920549066
cellsize     0.008333333333
NODATA_value  -9999
[rows 120 to 139 of 319, columns 360 to 404 of 743]
0.22222222222222220989 0.19883040935672513516 0.17543859649122806044 0.14035087719298244835 0.15204678362573098571 0.14035087719298244835 0.14035087719298244835 0.13450292397660817967 0.14619883040935671703 0.14035087719298244835 0.076023391812865492856 0.0935672514619882989 0.064327485380116955493 0.076023391812865492856 0.058479532163742686812 0.058479532163742686812 0.023391812865497074725 0.052631578947368418131 0.04678362573099414945 0.064327485380116955493 0.023391812865497074725 0.052631578947368418131 0.052631578947368418131 0.064327485380116955493 0.0935672514619882989 0.076023391812865492856 0.064327485380116955493 0.076023391812865492856 0.035087719298245612087 0.058479532163742686812 0.023391812865497074725 0.017543859649122806044 0.023391812865497074725 0.017543859649122806044 0.023391812865497074725 0.023391812865497074725 0.017543859649122806044 0.023391812865497074725 0.017543859649122806044 0.017543859649122806044 0.017543859649122806044 0.017543859649122806044 0.017543859649122806044 0.0058479532163742686812 0.0058479532163742686812
0.29824561403508770274 0.14035087719298244835 0.14619883040935671703 0.14619883040935671703 0.16374269005847952307 0.14619883040935671703 0.14619883040935671703 0.14035087719298244835 0.13450292397660817967 0.14035087719298244835 0.14035087719298244835 0.13450292397660817967 0.11111111111111110494 0.0935672514619882989 0.12280701754385964231 0.058479532163742686812 0.058479532163742686812 0.064327485380116955493 0.052631578947368418131 0.0935672514619882989 0.058479532163742686812 0.058479532163742686812 0.064327485380116955493 0.076023391812865492856 0.0935672514619882989 0.064327485380116955493 0.076023391812865492856 0.058479532163742686812 0.058479532163742686812 0.058479532163742686812 0.058479532163742686812 0.023391812865497074725 0.017543859649122806044 0.017543859649122806044 0.023391812865497074725 0.023391812865497074725 0.017543859649122806044 0.017543859649122806044 0.0058479532163742686812 0.017543859649122806044 0.017543859649122806044 0.017543859649122806044 0.011695906432748537362 0.0058479532163742686812 0
0.19298245614035086648 0.099415204678362567581 0.12280701754385964231 0.14619883040935671703 0.19298245614035086648 0.0935672514619882989 0.081871345029239761537 0.0935672514619882989 0.11111111111111110494 0.13450292397660817967 0.12865497076023391099 0.12865497076023391099 0.11111111111111110494 0.12280701754385964231 0.15204678362573098571 0.0935672514619882989 0.0935672514619882989 0.058479532163742686812 0.058479532163742686812 0.076023391812865492856 0.0935672514619882989 0.035087719298245612087 0.058479532163742686812 0.058479532163742686812 0.070175438596491224175 0.076023391812865492856 0.064327485380116955493 0.064327485380116955493 0.058479532163742686812 0.058479532163742686812 0.023391812865497074725 0.017543859649122806044 0.0058479532163742686812 0.0058479532163742686812 0.017543859649122806044 0.017543859649122806044 0.023391812865497074725 0.017543859649122806044 0.017543859649122806044 0.0058479532163742686812 0.0058479532163742686812 0.0058479532163742686812 0.0058479532163742686812 0.0058479532163742686812 0
0.11695906432748537362 0.058479532163742686812 0.064327485380116955493 0.12865497076023391099 0.13450292397660817967 0.064327485380116955493 0.052631578947368418131 0.058479532163742686812 0.04678362573099414945 0.0935672514619882989 0.13450292397660817967 0.064327485380116955493 0.064327485380116955493 0.0935672514619882989 0.12865497076023391099 0.12280701754385964231 0.11111111111111110494 0.13450292397660817967 0.076023391812865492856 0.0935672514619882989 0.070175438596491224175 0.058479532163742686812 0.058479532163742686812 0.070175438596491224175 0.064327485380116955493 0.0935672514619882989 0.064327485380116955493 0.081871345029239761537 0.052631578947368418131 0.023391812865497074725 0.023391812865497074725 0.017543859649122806044 0.017543859649122806044 0.011695906432748537362 0.023391812865497074725 0.017543859649122806044 0.023391812865497074725 0.023391812865497074725 0.017543859649122806044 0.017543859649122806044 0.0058479532163742686812 0.0058479532163742686812 0.0058479532163742686812 0.0058479532163742686812 0.0058479532163742686812
0.13450292397660817967 0.13450292397660817967 0.14035087719298244835 0.14619883040935671703 0.16374269005847952307 0.064327485380116955493 0.14035087719298244835 0.13450292397660817967 0.023391812865497074725 0.058479532163742686812 0.070175438596491224175 0.0935672514619882989 0.058479532163742686812 0.058479532163742686812 0.058479532163742686812 0.081871345029239761537 0.081871345029239761537 0.11111111111111110494 0.14035087719298244835 0.14035087719298244835 0.064327485380116955493 0.04678362573099414945 0.064327485380116955493 0.064327485380116955493 0.076023391812865492856 0.0935672514619882989 0.11111111111111110494 0.076023391812865492856 0.064327485380116955493 0.023391812865497074725 0.035087719298245612087 0.023391812865497074725 0.023391812865497074725 0.023391812865497074725 0.023391812865497074725 0.011695906432748537362 0.017543859649122806044 0.017543859649122806044 0.017543859649122806044 0.017543859649122806044 0.017543859649122806044 0.017543859649122806044 0.011695906432748537362 0.0058479532163742686812 0.0058479532163742686812
0.14619883040935671703 0.15204678362573098571 0.19883040935672513516 0.17543859649122806044 0.19883040935672513516 0.19883040935672513516 0.19883040935672513516 0.12865497076023391099 0.0935672514619882989 0.10526315789473683626 0.10526315789473683626 0.13450292397660817967 0.058479532163742686812 0.058479532163742686812 0.058479532163742686812 0.052631578947368418131 0.064327485380116955493 0.076023391812865492856 0.0935672514619882989 0.0935672514619882989 0.14035087719298244835 0.058479532163742686812 0.064327485380116955493 0.064327485380116955493 0.0935672514619882989 0.0935672514619882989 0.064327485380116955493 0.058479532163742686812 0.052631578947368418131 0.058479532163742686812 0.04678362573099414945 0.023391812865497074725 0.04678362573099414945 0.035087719298245612087 0.023391812865497074725 0.017543859649122806044 0.017543859649122806044 0.023391812865497074725 0.017543859649122806044 0.017543859649122806044 0.017543859649122806044 0.017543859649122806044 0.017543859649122806044 0.0058479532163742686812 0.0058479532163742686812
0.2807017543859648967 0.29824561403508770274 0.29824561403508770274 0.23976608187134501593 0.18128654970760232912 0.12280701754385964231 0.076023391812865492856 0.076023391812865492856 0.13450292397660817967 0.14035087719298244835 0.14035087719298244835 0.0935672514619882989 0.14035087719298244835 0.13450292397660817967 0.099415204678362567581 0.058479532163742686812 0.04678362573099414945 0.076023391812865492856 0.064327485380116955493 0.0935672514619882989 0.11111111111111110494 0.13450292397660817967 0.0935672514619882989 0.0935672514619882989 0.070175438596491224175 0.058479532163742686812 0.064327485380116955493 0.064327485380116955493 0.064327485380116955493 0.064327485380116955493 0.035087719298245612087 0.058479532163742686812 0.058479532163742686812 0.04678362573099414945 0.023391812865497074725 0.017543859649122806044 0.023391812865497074725 0.023391812865497074725 0.023391812865497074725 0.017543859649122806044 0.017543859649122806044 0.017543859649122806044 0.0058479532163742686812 0.017543859649122806044 0.0058479532163742686812
0.24561403508771928461 0.32748538011695904615 0.19298245614035086648 0.24561403508771928461 0.17543859649122806044 0.14619883040935671703 0.13450292397660817967 0.058479532163742686812 0.081871345029239761537 0.076023391812865492856 0.13450292397660817967 0.12865497076023391099 0.0935672514619882989 0.081871345029239761537 0.064327485380116955493 0.070175438596491224175 0.064327485380116955493 0.040935672514619880769 0.064327485380116955493 0.058479532163742686812 0.058479532163742686812 0.058479532163742686812 0.0935672514619882989 0.076023391812865492856 0.0935672514619882989 0.13450292397660817967 0.064327485380116955493 0.064327485380116955493 0.064327485380116955493 0.064327485380116955493 0.076023391812865492856 0.058479532163742686812 0.058479532163742686812 0.035087719298245612087 0.023391812865497074725 0.023391812865497074725 0.023391812865497074725 0.023391812865497074725 0.023391812865497074725 0.023391812865497074725 0.023391812865497074725 0.017543859649122806044 0.011695906432748537362 0.017543859649122806044 0.017543859649122806044
0.26315789473684209065 0.35087719298245612087 0.27485380116959062802 0.16959064327485379176 0.14035087719298244835 0.0935672514619882989 0.058479532163742686812 0.035087719298245612087 0.058479532163742686812 0.052631578947368418131 0.0935672514619882989 0.0935672514619882989 0.13450292397660817967 0.076023391812865492856 0.064327485380116955493 0.023391812865497074725 0.023391812865497074725 0.023391812865497074725 0.023391812865497074725 0.058479532163742686812 0.04678362573099414945 0.058479532163742686812 0.076023391812865492856 0.064327485380116955493 0.076023391812865492856 0.076023391812865492856 0.076023391812865492856 0.058479532163742686812 0.064327485380116955493 0.058479532163742686812 0.035087719298245612087 0.023391812865497074725 0.029239766081871343406 0.023391812865497074725 0.035087719298245612087 0.040935672514619880769 0.023391812865497074725 0.023391812865497074725 0.035087719298245612087 0.023391812865497074725 0.023391812865497074725 0.017543859649122806044 0.017543859649122806044 0.023391812865497074725 0.017543859649122806044
0.24561403508771928461 0.35087719298245612087 0.23391812865497074725 0.19883040935672513516 0.14035087719298244835 0.064327485380116955493 0.076023391812865492856 0.076023391812865492856 0.04678362573099414945 0.058479532163742686812 0.064327485380116955493 0.14619883040935671703 0.0935672514619882989 0.0935672514619882989 0.12280701754385964231 0.0935672514619882989 0.076023391812865492856 0.058479532163742686812 0.058479532163742686812 0.070175438596491224175 0.070175438596491224175 0.064327485380116955493 0.064327485380116955493 0.058479532163742686812 0.076023391812865492856 0.064327485380116955493 0.0935672514619882989 0.058479532163742686812 0.058479532163742686812 0.064327485380116955493 0.064327485380116955493 0.076023391812865492856 0.0935672514619882989 0.081871345029239761537 0.023391812865497074725 0.058479532163742686812 0.029239766081871343406 0.035087719298245612087 0.023391812865497074725 0.017543859649122806044 0.023391812865497074725 0.017543859649122806044 0.017543859649122806044 0.023391812865497074725 0.023391812865497074725
0.32748538011695904615 0.34502923976608185219 0.3099415204678362401 0.17543859649122806044 0.17543859649122806044 0.15204678362573098571 0.17543859649122806044 0.14035087719298244835 0.14035087719298244835 0.14035087719298244835 0.13450292397660817967 0.14035087719298244835 0.17543859649122806044 0.13450292397660817967 0.13450292397660817967 0.17543859649122806044 0.0935672514619882989 0.076023391812865492856 0.076023391812865492856 0.052631578947368418131 0.0935672514619882989 0.11111111111111110494 0.058479532163742686812 0.076023391812865492856 0.081871345029239761537 0.0935672514619882989 0.070175438596491224175 0.0935672514619882989 0.076023391812865492856 0.058479532163742686812 0.0935672514619882989 0.0935672514619882989 0.064327485380116955493 0.058479532163742686812 0.064327485380116955493 0.058479532163742686812 0.040935672514619880769 0.04678362573099414945 0.04678362573099414945 0.023391812865497074725 0.011695906432748537362 0.023391812865497074725 0.023391812865497074725 0.023391812865497074725 0.023391812865497074725
0.47368421052631576318 0.44444444444444441977 0.44444444444444441977 0.22807017543859647857 0.19298245614035086648 0.19883040935672513516 0.16374269005847952307 0.17543859649122806044 0.14619883040935671703 0.14035087719298244835 0.14035087719298244835 0.15204678362573098571 0.17543859649122806044 0.076023391812865492856 0.064327485380116955493 0.12280701754385964231 0.10526315789473683626 0.12280701754385964231 0.12865497076023391099 0.14035087719298244835 0.0935672514619882989 0.099415204678362567581 0.0935672514619882989 0.0935672514619882989 0.076023391812865492856 0.0935672514619882989 0.0935672514619882989 0.081871345029239761537 0.12865497076023391099 0.076023391812865492856 0.058479532163742686812 0.064327485380116955493 0.058479532163742686812 0.023391812865497074725 0.04678362573099414945 0.058479532163742686812 0.058479532163742686812 0.040935672514619880769 0.04678362573099414945 0.023391812865497074725 0.023391812865497074725 0.023391812865497074725 0.023391812865497074725 0.023391812865497074725 0.023391812865497074725
0.52046783625730996814 0.33333333333333331483 0.43859649122807015109 0.36842105263157892692 0.24561403508771928461 0.19883040935672513516 0.19298245614035086648 0.24561403508771928461 0.13450292397660817967 0.19298245614035086648 0.19298245614035086648 0.25730994152046782197 0.14035087719298244835 0.13450292397660817967 0.12280701754385964231 0.13450292397660817967 0.070175438596491224175 0.11111111111111110494 0.14035087719298244835 0.11111111111111110494 0.13450292397660817967 0.064327485380116955493 0.13450292397660817967 0.0935672514619882989 0.064327485380116955493 0.0935672514619882989 0.076023391812865492856 0.064327485380116955493 0.058479532163742686812 0.058479532163742686812 0.058479532163742686812 0.052631578947368418131 0.058479532163742686812 0.023391812865497074725 0.052631578947368418131 0.023391812865497074725 0.023391812865497074725 0.023391812865497074725 0.023391812865497074725 0.023391812865497074725 0.023391812865497074725 0.023391812865497074725 0.023391812865497074725 0.023391812865497074725 0.023391812865497074725
0.28654970760233916538 0.45029239766081868845 0.26315789473684209065 0.22807017543859647857 0.19883040935672513516 0.17543859649122806044 0.24561403508771928461 0.19298245614035086648 0.14619883040935671703 0.19883040935672513516 0.19883040935672513516 0.17543859649122806044 0.1871345029239765978 0.13450292397660817967 0.16374269005847952307 0.12280701754385964231 0.0935672514619882989 0.064327485380116955493 0.064327485380116955493 0.099415204678362567581 0.13450292397660817967 0.11111111111111110494 0.076023391812865492856 0.064327485380116955493 0.0935672514619882989 0.081871345029239761537 0.076023391812865492856 0.14035087719298244835 0.058479532163742686812 0.052631578947368418131 0.058479532163742686812 0.023391812865497074725 0.023391812865497074725 0.023391812865497074725 0.023391812865497074725 0.023391812865497074725 0.023391812865497074725 0.023391812865497074725 0.017543859649122806044 0.017543859649122806044 0.023391812865497074725 0.023391812865497074725 0.023391812865497074725 0.023391812865497074725 0.023391812865497074725
0.35087719298245612087 0.26315789473684209065 0.22222222222222220989 0.33918128654970758351 0.24561403508771928461 0.25730994152046782197 0.24561403508771928461 0.19883040935672513516 0.19298245614035086648 0.15204678362573098571 0.14619883040935671703 0.14035087719298244835 0.14619883040935671703 0.13450292397660817967 0.16374269005847952307 0.081871345029239761537 0.19298245614035086648 0.14035087719298244835 0.14035087719298244835 0.076023391812865492856 0.13450292397660817967 0.14035087719298244835 0.11111111111111110494 0.081871345029239761537 0.0935672514619882989 0.064327485380116955493 0.064327485380116955493 0.076023391812865492856 0.11111111111111110494 0.058479532163742686812 0.040935672514619880769 0.058479532163742686812 0.04678362573099414945 0.035087719298245612087 0.023391812865497074725 0.040935672514619880769 0.023391812865497074725 0.023391812865497074725 0.017543859649122806044 0.0058479532163742686812 0.023391812865497074725 0.035087719298245612087 0.035087719298245612087 0.023391812865497074725 0.0058479532163742686812
0.35087719298245612087 0.32163742690058477747 0.29824561403508770274 0.35087719298245612087 0.35087719298245612087 0.17543859649122806044 0.24561403508771928461 0.2807017543859648967 0.14619883040935671703 0.19298245614035086648 0.19883040935672513516 0.14035087719298244835 0.17543859649122806044 0.11111111111111110494 0.13450292397660817967 0.0935672514619882989 0.12280701754385964231 0.14035087719298244835 0.099415204678362567581 0.099415204678362567581 0.14619883040935671703 0.0935672514619882989 0.12280701754385964231 0.0935672514619882989 0.064327485380116955493 0.0935672514619882989 0.0935672514619882989 0.076023391812865492856 0.12865497076023391099 0.064327485380116955493 0.058479532163742686812 0.064327485380116955493 0.052631578947368418131 0.058479532163742686812 0.040935672514619880769 0.058479532163742686812 0.04678362573099414945 0.023391812865497074725 0.023391812865497074725 0.017543859649122806044 0.017543859649122806044 0.017543859649122806044 0.023391812865497074725 0.040935672514619880769 0.017543859649122806044
0.19298245614035086648 0.31578947368421050879 0.35087719298245612087 0.21637426900584794121 0.28654970760233916538 0.29239766081871343406 0.14035087719298244835 0.22222222222222220989 0.19883040935672513516 0.17543859649122806044 0.14035087719298244835 0.12865497076023391099 0.14619883040935671703 0.16374269005847952307 0.13450292397660817967 0.14035087719298244835 0.081871345029239761537 0.0935672514619882989 0.0935672514619882989 0.064327485380116955493 0.076023391812865492856 0.070175438596491224175 0.064327485380116955493 0.076023391812865492856 0.058479532163742686812 0.0935672514619882989 0.064327485380116955493 0.064327485380116955493 0.0935672514619882989 0.0935672514619882989 0.0935672514619882989 0.058479532163742686812 0.058479532163742686812 0.064327485380116955493 0.035087719298245612087 0.058479532163742686812 0.064327485380116955493 0.058479532163742686812 0.04678362573099414945 0.017543859649122806044 0.0058479532163742686812 0.017543859649122806044 0.023391812865497074725 0.058479532163742686812 0.023391812865497074725
0.24561403508771928461 0.25730994152046782197 0.17543859649122806044 0.1871345029239765978 0.26315789473684209065 0.17543859649122806044 0.17543859649122806044 0.14035087719298244835 0.14619883040935671703 0.0935672514619882989 0.14035087719298244835 0.14035087719298244835 0.17543859649122806044 0.14035087719298244835 0.12280701754385964231 0.12865497076023391099 0.076023391812865492856 0.0935672514619882989 0.064327485380116955493 0.12865497076023391099 0.064327485380116955493 0.099415204678362567581 0.0935672514619882989 0.076023391812865492856 0.064327485380116955493 0.076023391812865492856 0.035087719298245612087 0.058479532163742686812 0.10526315789473683626 0.076023391812865492856 0.0935672514619882989 0.064327485380116955493 0.0935672514619882989 0.076023391812865492856 0.058479532163742686812 0.052631578947368418131 0.064327485380116955493 0.058479532163742686812 0.040935672514619880769 0.023391812865497074725 0.017543859649122806044 0.0058479532163742686812 0.017543859649122806044 0.023391812865497074725 0.058479532163742686812
0.29824561403508770274 0.24561403508771928461 0.19298245614035086648 0.29824561403508770274 0.14619883040935671703 0.24561403508771928461 0.19298245614035086648 0.18128654970760232912 0.19298245614035086648 0.18128654970760232912 0.14035087719298244835 0.14619883040935671703 0.14035087719298244835 0.12865497076023391099 0.14035087719298244835 0.0935672514619882989 0.13450292397660817967 0.099415204678362567581 0.12280701754385964231 0.064327485380116955493 0.0935672514619882989 0.081871345029239761537 0.076023391812865492856 0.058479532163742686812 0.064327485380116955493 0.081871345029239761537 0.064327485380116955493 0.076023391812865492856 0.0935672514619882989 0.058479532163742686812 0.052631578947368418131 0.064327485380116955493 0.064327485380116955493 0.076023391812865492856 0.0935672514619882989 0.058479532163742686812 0.064327485380116955493 0.070175438596491224175 0.058479532163742686812 0.035087719298245612087 0.035087719298245612087 0.04678362573099414945 0.023391812865497074725 0.023391812865497074725 0.058479532163742686812
0.19883040935672513516 0.24561403508771928461 0.25146198830409355329 0.17543859649122806044 0.2807017543859648967 0.28654970760233916538 0.24561403508771928461 0.14619883040935671703 0.19298245614035086648 0.0935672514619882989 0.14619883040935671703 0.11111111111111110494 0.14619883040935671703 0.13450292397660817967 0.12280701754385964231 0.12280701754385964231 0.11111111111111110494 0.10526315789473683626 0.12280701754385964231 0.12280701754385964231 0.0935672514619882989 0.058479532163742686812 0.064327485380116955493 0.058479532163742686812 0.064327485380116955493 0.058479532163742686812 0.058479532163742686812 0.052631578947368418131 0.052631578947368418131 0.058479532163742686812 0.064327485380116955493 0.058479532163742686812 0.058479532163742686812 0.081871345029239761537 0.058479532163742686812 0.058479532163742686812 0.064327485380116955493 0.058479532163742686812 0.064327485380116955493 0.023391812865497074725 0.058479532163742686812 0.058479532163742686812 0.058479532163742686812 0.023391812865497074725 0.04678362573099414945
