Example/niche_background/models/ENFA/Anolis_coelestinus_1.asc
ncols        743
nrows        319
xllcorner    -74.500956448335
yllcorner    17.448920549066
cellsize     0.008333333333
NODATA_value  -9999
[rows 180 to 199 of 319, columns 0 to 44 of 743]
-9999 -9999 -9999 -9999 -9999 -9999 -9999 -9999 -9999 0.023391812865497074725 0.023391812865497074725 0.017543859649122806044 0.023391812865497074725 0.017543859649122806044 0.023391812865497074725 0.017543859649122806044 0.023391812865497074725 0.023391812865497074725 0.017543859649122806044 0.023391812865497074725 0.023391812865497074725 0.017543859649122806044 0.052631578947368418131 0.052631578947368418131 0.058479532163742686812 0.076023391812865492856 0.16959064327485379176 0.17543859649122806044 0.076023391812865492856 0.29239766081871343406 0.15789473684210525439 0.25146198830409355329 0.25146198830409355329 0.15204678362573098571 0.1871345029239765978 0.14035087719298244835 0.0935672514619882989 0.12280701754385964231 0.0935672514619882989 0.064327485380116955493 0.052631578947368418131 0.0935672514619882989 0.076023391812865492856 0.058479532163742686812 0.0935672514619882989
-9999 -9999 -9999 -9999 -9999 -9999 -9999 -9999 -9999 -9999 0.017543859649122806044 0.017543859649122806044 0.017543859649122806044 0.017543859649122806044 0.023391812865497074725 0.017543859649122806044 0.023391812865497074725 0.04678362573099414945 0.023391812865497074725 0.040935672514619880769 0.023391812865497074725 0.023391812865497074725 0.058479532163742686812 0.15204678362573098571 0.22222222222222220989 0.19883040935672513516 0.35087719298245612087 0.6257309941520468044 0.60818713450292394285 0.60818713450292394285 0.19298245614035086648 0.60818713450292394285 0.54970760233918125603 0.19298245614035086648 0.0935672514619882989 0.058479532163742686812 0.0935672514619882989 0.0935672514619882989 0.058479532163742686812 0.076023391812865492856 0.076023391812865492856 0.14035087719298244835 0.12280701754385964231 0.099415204678362567581 0.10526315789473683626
-9999 -9999 -9999 -9999 -9999 -9999 -9999 -9999 -9999 -9999 0.017543859649122806044 0.017543859649122806044 0.011695906432748537362 0.023391812865497074725 0.023391812865497074725 0.017543859649122806044 0.023391812865497074725 0.058479532163742686812 0.19298245614035086648 0.099415204678362567581 0.064327485380116955493 0.11695906432748537362 0.18128654970760232912 0.23976608187134501593 0.45614035087719295714 0.56725146198830411759 0.68421052631578949121 0.77192982456140346592 0.7485380116959063912 0.7485380116959063912 0.73684210526315785383 0.68421052631578949121 0.4678362573099414945 0.12865497076023391099 0.0935672514619882989 0.076023391812865492856 0.076023391812865492856 0.076023391812865492856 0.10526315789473683626 0.099415204678362567581 0.099415204678362567581 0.076023391812865492856 0.14035087719298244835 0.0935672514619882989 0.13450292397660817967
-9999 -9999 -9999 -9999 -9999 -9999 -9999 -9999 -9999 -9999 0.017543859649122806044 0.035087719298245612087 0.023391812865497074725 0.023391812865497074725 0.040935672514619880769 0.023391812865497074725 0.035087719298245612087 0.099415204678362567581 0.19883040935672513516 0.12280701754385964231 0.076023391812865492856 0.28654970760233916538 0.64327485380116955493 0.4678362573099414945 0.36257309941520465824 0.60818713450292394285 0.35087719298245612087 0.19883040935672513516 0.17543859649122806044 0.19298245614035086648 0.0935672514619882989 0.076023391812865492856 0.12280701754385964231 0.058479532163742686812 0.058479532163742686812 0.058479532163742686812 0.0935672514619882989 0.0935672514619882989 0.0935672514619882989 0.13450292397660817967 0.099415204678362567581 0.15789473684210525439 0.14035087719298244835 0.0935672514619882989 0.19298245614035086648
-9999 -9999 -9999 -9999 -9999 -9999 -9999 -9999 -9999 -9999 0.017543859649122806044 0.023391812865497074725 0.023391812865497074725 0.023391812865497074725 0.029239766081871343406 0.058479532163742686812 0.099415204678362567581 0.60233918128654972968 0.60818713450292394285 0.15204678362573098571 0.19883040935672513516 0.49122807017543856922 0.49122807017543856922 0.25146198830409355329 0.19883040935672513516 0.12280701754385964231 0.12280701754385964231 0.052631578947368418131 0.076023391812865492856 0.058479532163742686812 0.058479532163742686812 0.058479532163742686812 0.058479532163742686812 0.076023391812865492856 0.058479532163742686812 0.0935672514619882989 0.0935672514619882989 0.14035087719298244835 0.14035087719298244835 0.15789473684210525439 0.15789473684210525439 0.14619883040935671703 0.14619883040935671703 0.16959064327485379176 0.25730994152046782197
-9999 -9999 -9999 -9999 -9999 -9999 -9999 -9999 -9999 0.017543859649122806044 0.023391812865497074725 0.023391812865497074725 0.058479532163742686812 0.064327485380116955493 0.076023391812865492856 0.14035087719298244835 0.51461988304093564395 0.52631578947368418131 0.18128654970760232912 0.32163742690058477747 0.20467836257309940384 0.403508771929824539 0.33918128654970758351 0.0935672514619882989 0.058479532163742686812 0.029239766081871343406 0.052631578947368418131 0.058479532163742686812 0.058479532163742686812 0.058479532163742686812 0.058479532163742686812 0.058479532163742686812 0.099415204678362567581 0.14035087719298244835 0.058479532163742686812 0.0935672514619882989 0.34502923976608185219 0.25146198830409355329 0.18128654970760232912 0.1871345029239765978 0.25146198830409355329 0.1871345029239765978 0.18128654970760232912 0.18128654970760232912 0.21637426900584794121
-9999 -9999 -9999 -9999 -9999 -9999 -9999 -9999 0.023391812865497074725 0.017543859649122806044 0.017543859649122806044 0.017543859649122806044 0.023391812865497074725 0.076023391812865492856 0.14619883040935671703 0.14619883040935671703 0.54970760233918125603 0.60818713450292394285 0.20467836257309940384 0.19883040935672513516 0.099415204678362567581 0.064327485380116955493 0.076023391812865492856 0.023391812865497074725 0.023391812865497074725 0.023391812865497074725 0.04678362573099414945 0.052631578947368418131 0.052631578947368418131 0.035087719298245612087 0.058479532163742686812 0.0935672514619882989 0.10526315789473683626 0.0935672514619882989 0.0935672514619882989 0.099415204678362567581 0.12280701754385964231 0.14035087719298244835 0.22222222222222220989 0.25146198830409355329 0.16374269005847952307 0.19298245614035086648 0.19298245614035086648 0.19883040935672513516 0.28654970760233916538
-9999 -9999 -9999 -9999 -9999 -9999 -9999 -9999 0.023391812865497074725 0.017543859649122806044 0.017543859649122806044 0.017543859649122806044 0.023391812865497074725 0.023391812865497074725 0.052631578947368418131 0.13450292397660817967 0.29824561403508770274 0.68421052631578949121 0.21637426900584794121 0.0935672514619882989 0.023391812865497074725 0.023391812865497074725 0.023391812865497074725 0.023391812865497074725 0.040935672514619880769 0.035087719298245612087 0.052631578947368418131 0.023391812865497074725 0.04678362573099414945 0.058479532163742686812 0.058479532163742686812 0.0935672514619882989 0.14035087719298244835 0.14619883040935671703 0.12280701754385964231 0.064327485380116955493 0.15789473684210525439 0.10526315789473683626 0.19883040935672513516 0.26900584795321635934 0.38596491228070173296 0.29239766081871343406 0.27485380116959062802 0.19883040935672513516 0.35087719298245612087
-9999 -9999 -9999 -9999 -9999 -9999 -9999 0.017543859649122806044 0.017543859649122806044 0.017543859649122806044 0.017543859649122806044 0.017543859649122806044 0.023391812865497074725 0.076023391812865492856 0.052631578947368418131 0.33918128654970758351 0.18128654970760232912 0.052631578947368418131 0.058479532163742686812 0.04678362573099414945 0.023391812865497074725 0.023391812865497074725 0.023391812865497074725 0.040935672514619880769 0.040935672514619880769 0.058479532163742686812 0.058479532163742686812 0.040935672514619880769 0.058479532163742686812 0.052631578947368418131 0.058479532163742686812 0.081871345029239761537 0.16959064327485379176 0.25146198830409355329 0.12280701754385964231 0.064327485380116955493 0.19883040935672513516 0.16374269005847952307 0.13450292397660817967 0.20467836257309940384 0.34502923976608185219 0.35087719298245612087 0.49122807017543856922 0.39766081871345027032 0.44444444444444441977
-9999 -9999 -9999 -9999 -9999 -9999 -9999 0.017543859649122806044 0.023391812865497074725 0.023391812865497074725 0.04678362573099414945 0.017543859649122806044 0.035087719298245612087 0.14035087719298244835 0.2807017543859648967 0.14619883040935671703 0.058479532163742686812 0.058479532163742686812 0.052631578947368418131 0.076023391812865492856 0.023391812865497074725 0.023391812865497074725 0.0935672514619882989 0.023391812865497074725 0.14619883040935671703 0.04678362573099414945 0.052631578947368418131 0.052631578947368418131 0.076023391812865492856 0.0935672514619882989 0.13450292397660817967 0.052631578947368418131 0.13450292397660817967 0.15204678362573098571 0.16374269005847952307 0.0935672514619882989 0.25146198830409355329 0.25146198830409355329 0.14035087719298244835 0.26900584795321635934 0.54970760233918125603 0.403508771929824539 0.4678362573099414945 0.49122807017543856922 0.44444444444444441977
-9999 -9999 -9999 -9999 -9999 -9999 -9999 0.023391812865497074725 0.017543859649122806044 0.023391812865497074725 0.023391812865497074725 0.052631578947368418131 0.058479532163742686812 0.0935672514619882989 0.058479532163742686812 0.058479532163742686812 0.023391812865497074725 0.052631578947368418131 0.052631578947368418131 0.052631578947368418131 0.023391812865497074725 0.0935672514619882989 0.076023391812865492856 0.058479532163742686812 0.035087719298245612087 0.052631578947368418131 0.058479532163742686812 0.0935672514619882989 0.076023391812865492856 0.10526315789473683626 0.0935672514619882989 0.19298245614035086648 0.19298245614035086648 0.18128654970760232912 0.10526315789473683626 0.20467836257309940384 0.60818713450292394285 0.45614035087719295714 0.35087719298245612087 0.25146198830409355329 0.16959064327485379176 0.63157894736842101757 0.63742690058479534176 0.26900584795321635934 0.22222222222222220989
-9999 -9999 -9999 -9999 -9999 -9999 -9999 0.017543859649122806044 0.017543859649122806044 0.017543859649122806044 0.023391812865497074725 0.017543859649122806044 0.023391812865497074725 0.12280701754385964231 0.18128654970760232912 0.14619883040935671703 0.052631578947368418131 0.0935672514619882989 0.058479532163742686812 0.04678362573099414945 0.035087719298245612087 0.070175438596491224175 0.10526315789473683626 0.12280701754385964231 0.0935672514619882989 0.058479532163742686812 0.14035087719298244835 0.13450292397660817967 0.18128654970760232912 0.19883040935672513516 0.34502923976608185219 0.25730994152046782197 0.43274853801169588241 0.25146198830409355329 0.14035087719298244835 0.18128654970760232912 0.61403508771929826704 0.35672514619883038955 0.49122807017543856922 0.64912280701754387913 0.51461988304093564395 0.403508771929824539 0.7192982456140351033 0.7485380116959063912 0.51461988304093564395
-9999 -9999 -9999 -9999 -9999 -9999 0.017543859649122806044 0.023391812865497074725 0.017543859649122806044 0.064327485380116955493 0.058479532163742686812 0.017543859649122806044 0.023391812865497074725 0.0935672514619882989 0.0935672514619882989 0.035087719298245612087 0.076023391812865492856 0.14035087719298244835 0.058479532163742686812 0.023391812865497074725 0.058479532163742686812 0.21637426900584794121 0.14619883040935671703 0.20467836257309940384 0.12280701754385964231 0.058479532163742686812 0.18128654970760232912 0.20467836257309940384 0.25146198830409355329 0.69590643274853802858 0.60818713450292394285 0.33918128654970758351 0.26900584795321635934 0.35672514619883038955 0.26900584795321635934 0.30409356725146197142 0.21052631578947367252 0.18128654970760232912 0.70760233918128656594 0.71345029239766077911 0.59649122807017540548 0.44444444444444441977 0.44444444444444441977 0.19298245614035086648 0.38011695906432746428
-9999 -9999 -9999 -9999 -9999 0.023391812865497074725 0.017543859649122806044 0.023391812865497074725 0.023391812865497074725 0.023391812865497074725 0.052631578947368418131 0.017543859649122806044 0.023391812865497074725 0.058479532163742686812 0.058479532163742686812 0.04678362573099414945 0.064327485380116955493 0.14619883040935671703 0.064327485380116955493 0.058479532163742686812 0.058479532163742686812 0.13450292397660817967 0.66666666666666662966 0.4678362573099414945 0.26900584795321635934 0.052631578947368418131 0.0935672514619882989 0.7192982456140351033 0.6549707602339180923 0.44444444444444441977 0.46198830409356722582 0.66666666666666662966 0.54970760233918125603 0.63157894736842101757 0.35087719298245612087 0.68421052631578949121 0.67251461988304095385 0.64327485380116955493 0.7485380116959063912 0.63157894736842101757 0.69590643274853802858 0.7485380116959063912 0.64912280701754387913 0.25146198830409355329 0.64912280701754387913
-9999 -9999 -9999 -9999 -9999 -9999 0.023391812865497074725 0.017543859649122806044 0.017543859649122806044 0.023391812865497074725 0.023391812865497074725 0.052631578947368418131 0.023391812865497074725 0.076023391812865492856 0.058479532163742686812 0.058479532163742686812 0.12280701754385964231 0.04678362573099414945 0.023391812865497074725 0.052631578947368418131 0.081871345029239761537 0.14035087719298244835 0.43274853801169588241 0.10526315789473683626 0.058479532163742686812 0.052631578947368418131 0.15789473684210525439 0.6257309941520468044 0.72514619883040931647 0.57309941520467833076 0.54970760233918125603 0.69005847953216370438 0.25730994152046782197 0.69590643274853802858 0.64327485380116955493 0.69590643274853802858 0.7192982456140351033 0.64327485380116955493 0.76023391812865492856 0.68421052631578949121 0.6549707602339180923 0.80701754385964907801 0.20467836257309940384 0.19298245614035086648 0.80701754385964907801
-9999 -9999 -9999 -9999 -9999 -9999 0.017543859649122806044 0.023391812865497074725 0.023391812865497074725 0.023391812865497074725 0.017543859649122806044 0.052631578947368418131 0.11695906432748537362 0.12865497076023391099 0.052631578947368418131 0.0935672514619882989 0.076023391812865492856 0.052631578947368418131 0.052631578947368418131 0.058479532163742686812 0.052631578947368418131 0.0935672514619882989 0.076023391812865492856 0.16959064327485379176 0.12280701754385964231 0.052631578947368418131 0.0935672514619882989 0.20467836257309940384 0.7485380116959063912 0.7485380116959063912 0.7192982456140351033 0.64327485380116955493 0.70760233918128656594 0.6549707602339180923 0.64912280701754387913 0.76023391812865492856 0.77777777777777779011 0.7485380116959063912 0.74269005847953217803 0.67836257309941516702 0.66666666666666662966 0.7192982456140351033 0.18128654970760232912 0.32163742690058477747 0.67836257309941516702
-9999 -9999 -9999 -9999 -9999 -9999 0.052631578947368418131 0.023391812865497074725 0.023391812865497074725 0.052631578947368418131 0.023391812865497074725 0.035087719298245612087 0.064327485380116955493 0.25146198830409355329 0.19883040935672513516 0.16959064327485379176 0.14035087719298244835 0.070175438596491224175 0.15789473684210525439 0.076023391812865492856 0.18128654970760232912 0.21637426900584794121 0.33918128654970758351 0.35087719298245612087 0.3099415204678362401 0.0935672514619882989 0.13450292397660817967 0.076023391812865492856 0.5614035087719297934 0.7485380116959063912 0.60818713450292394285 0.60818713450292394285 0.51461988304093564395 0.67251461988304095385 0.74269005847953217803 0.68421052631578949121 0.77192982456140346592 0.80701754385964907801 0.64327485380116955493 0.19883040935672513516 0.51461988304093564395 0.18128654970760232912 0.26900584795321635934 0.64912280701754387913 0.73099415204678364066
-9999 -9999 -9999 -9999 -9999 0.023391812865497074725 0.023391812865497074725 0.023391812865497074725 0.023391812865497074725 0.052631578947368418131 0.023391812865497074725 0.12865497076023391099 0.16959064327485379176 0.0935672514619882989 0.26900584795321635934 0.25730994152046782197 0.33918128654970758351 0.25146198830409355329 0.19298245614035086648 0.13450292397660817967 0.058479532163742686812 0.14035087719298244835 0.14619883040935671703 0.25146198830409355329 0.14619883040935671703 0.099415204678362567581 0.15789473684210525439 0.60818713450292394285 0.67251461988304095385 0.68421052631578949121 0.60818713450292394285 0.29824561403508770274 0.60818713450292394285 0.4678362573099414945 0.7192982456140351033 0.60818713450292394285 0.32748538011695904615 0.15789473684210525439 0.26900584795321635934 0.5321637426900585055 0.52631578947368418131 0.34502923976608185219 0.6549707602339180923 0.49122807017543856922 0.51461988304093564395
-9999 -9999 -9999 -9999 0.023391812865497074725 0.023391812865497074725 0.023391812865497074725 0.052631578947368418131 0.023391812865497074725 0.058479532163742686812 0.058479532163742686812 0.052631578947368418131 0.058479532163742686812 0.21637426900584794121 0.15789473684210525439 0.23976608187134501593 0.0935672514619882989 0.14035087719298244835 0.076023391812865492856 0.0935672514619882989 0.14035087719298244835 0.21637426900584794121 0.25146198830409355329 0.35672514619883038955 0.18128654970760232912 0.076023391812865492856 0.25146198830409355329 0.60818713450292394285 0.77192982456140346592 0.57309941520467833076 0.45614035087719295714 0.56725146198830411759 0.68421052631578949121 0.77192982456140346592 0.64912280701754387913 0.63157894736842101757 0.32748538011695904615 0.28654970760233916538 0.60818713450292394285 0.7485380116959063912 0.8421052631578946901 0.45029239766081868845 0.76023391812865492856 0.68421052631578949121 0.64912280701754387913
-9999 -9999 -9999 -9999 0.023391812865497074725 0.023391812865497074725 0.023391812865497074725 0.04678362573099414945 0.058479532163742686812 0.052631578947368418131 0.14035087719298244835 0.18128654970760232912 0.10526315789473683626 0.19298245614035086648 0.0935672514619882989 0.076023391812865492856 0.15204678362573098571 0.12280701754385964231 0.064327485380116955493 0.14035087719298244835 0.32748538011695904615 0.49122807017543856922 0.19883040935672513516 0.13450292397660817967 0.099415204678362567581 0.0935672514619882989 0.19298245614035086648 0.60818713450292394285 0.67251461988304095385 0.64912280701754387913 0.28654970760233916538 0.34502923976608185219 0.60818713450292394285 0.66666666666666662966 0.28654970760233916538 0.28654970760233916538 0.25146198830409355329 0.60818713450292394285 0.64912280701754387913 0.74269005847953217803 0.7485380116959063912 0.66666666666666662966 0.54970760233918125603 0.7192982456140351033 0.70760233918128656594
