Example/niche_background/models/ENFA/Anolis_chlorocyanus_0.asc
ncols        743
nrows        319
xllcorner    -74.500956448335
yllcorner    17.448920549066
cellsize     0.008333333333
NODATA_value  -9999
[rows 189 to 209 of 319, columns 92 to 137 of 743]
0.42965779467680609294 0.47528517110266160772 0.48669201520912547254 0.55513307984790871696 0.58174904942965777188 0.60456273764258550152 0.63498098859315588172 0.82889733840304180568 -9999 -9999 -9999 -9999 -9999 -9999 -9999 -9999 -9999 -9999 -9999 -9999 -9999 -9999 0.9695817490494296198 -9999 -9999 -9999 -9999 -9999 -9999 -9999 -9999 -9999 -9999 -9999 -9999 -9999 -9999 -9999 -9999 -9999 -9999 -9999 -9999 -9999 -9999 -9999
0.39923954372623576825 0.2243346007604562764 0.33460076045627373809 0.49429657794676806759 0.47908745247148287749 0.48669201520912547254 0.62737642585551334218 0.82889733840304180568 -9999 0.89733840304182510561 -9999 -9999 -9999 -9999 -9999 -9999 -9999 -9999 -9999 -9999 -9999 -9999 -9999 0.97338403041825094508 0.97338403041825094508 0.97338403041825094508 0.9847908745247148099 0.97338403041825094508 0.98098859315589348462 0.97338403041825094508 0.9847908745247148099 0.96577946768060840554 0.97338403041825094508 0.97338403041825094508 0.97338403041825094508 0.9847908745247148099 0.9847908745247148099 -9999 -9999 -9999 -9999 -9999 -9999 -9999 -9999 -9999
0.58935361216730042244 0.44106463878326995776 0.46768060836501901267 0.34600760456273765842 0.44106463878326995776 0.38403041825095057815 0.79467680608365021122 -9999 -9999 -9999 -9999 -9999 -9999 -9999 -9999 -9999 -9999 -9999 -9999 -9999 -9999 0.9695817490494296198 0.97338403041825094508 0.98859315589353613518 0.97338403041825094508 0.9847908745247148099 0.9847908745247148099 0.98859315589353613518 0.98859315589353613518 0.97338403041825094508 0.98859315589353613518 0.98859315589353613518 0.99239543726235746046 0.98859315589353613518 0.98859315589353613518 0.98859315589353613518 0.9847908745247148099 0.9847908745247148099 0.97718631178707227036 0.97718631178707227036 0.97338403041825094508 0.96577946768060840554 0.95057034220532321545 -9999 -9999 -9999
0.23954372623574143875 0.33079847908745246832 0.3193916349809886035 0.33079847908745246832 0.34600760456273765842 0.65019011406844107182 0.86692015209125472541 0.80988593155893540132 -9999 -9999 -9999 0.82889733840304180568 -9999 -9999 -9999 -9999 -9999 -9999 0.96577946768060840554 0.97338403041825094508 1 0.97718631178707227036 1 0.99239543726235746046 1 1 1 0.99239543726235746046 0.99239543726235746046 0.99239543726235746046 0.99239543726235746046 0.99239543726235746046 1 1 1 0.99619771863117867472 0.99239543726235746046 1 1 1 1 0.98859315589353613518 0.98859315589353613518 0.97718631178707227036 0.96577946768060840554 0.97338403041825094508
0.21292775665399238383 0.23954372623574143875 0.22053231939163497888 0.30038022813688214363 0.27376425855513308871 0.80988593155893540132 0.81749049429657794086 0.82889733840304180568 0.82889733840304180568 0.88973384030418245505 0.82889733840304180568 0.82889733840304180568 0.88212927756653991551 0.93155893536121670007 0.93536121673003802535 0.91254752851711029571 0.94676806083650189017 0.88212927756653991551 0.97338403041825094508 0.9847908745247148099 0.93536121673003802535 0.79467680608365021122 0.9695817490494296198 0.98859315589353613518 0.95437262357414454073 0.88973384030418245505 0.9695817490494296198 1 1 1 1 1 1 1 1 1 0.96197718631178708026 1 0.98859315589353613518 1 1 1 1 1 0.9695817490494296198 0.96577946768060840554
0.1520912547528517067 0.12167300380228136814 0.19771863117870722149 0.53612167300380231261 0.39923954372623576825 0.82889733840304180568 0.48669201520912547254 0.76045627376425850574 0.7984790874524715365 0.82889733840304180568 0.90114068441064643089 0.89733840304182510561 0.87452471482889737597 0.88212927756653991551 0.79467680608365021122 0.77566539923954369584 0.94296577946768056488 0.82889733840304180568 0.99239543726235746046 0.7984790874524715365 0.95057034220532321545 0.9695817490494296198 1 0.99239543726235746046 0.96577946768060840554 0.9695817490494296198 1 1 0.99239543726235746046 1 1 0.99239543726235746046 1 1 1 0.97718631178707227036 0.99239543726235746046 1 1 1 0.96577946768060840554 1 0.99239543726235746046 1 1 1
0.19771863117870722149 0.15969581749049430175 0.2471482889733840338 0.33460076045627373809 0.22813688212927757393 0.25095057034220530356 0.32319391634980987327 0.55893536121673004224 0.82889733840304180568 0.85551330798479086059 0.87452471482889737597 0.88593155893536124079 0.87452471482889737597 0.66159695817490493663 0.65779467680608361135 0.67680608365019012673 0.87452471482889737597 0.94676806083650189017 0.96577946768060840554 0.80988593155893540132 0.61596958174904947736 0.80988593155893540132 0.96577946768060840554 0.80988593155893540132 0.86692015209125472541 0.7832699619771863464 0.82889733840304180568 0.8250950570342204804 1 1 1 1 0.99619771863117867472 1 0.99239543726235746046 1 1 1 1 1 1 1 1 1 1 0.99239543726235746046
0.17110266159695816657 0.19391634980988592396 0.18250950570342205914 0.18631178707224335667 0.19391634980988592396 0.21673003802281368135 0.41825095057034222812 0.82889733840304180568 0.87452471482889737597 0.88593155893536124079 0.80988593155893540132 0.96577946768060840554 0.66539923954372626191 0.55513307984790871696 0.62737642585551334218 0.48669201520912547254 0.70342205323193918165 0.62737642585551334218 0.46007604562737641762 0.53612167300380231261 0.58935361216730042244 0.87072243346007605069 0.87452471482889737597 0.82889733840304180568 0.77566539923954369584 0.68441064638783266627 0.66539923954372626191 0.47908745247148287749 0.82889733840304180568 1 0.96577946768060840554 0.86692015209125472541 0.82889733840304180568 0.94296577946768056488 0.97338403041825094508 1 1 0.97338403041825094508 0.92015209125475283525 0.96577946768060840554 1 1 0.99239543726235746046 0.98859315589353613518 0.98098859315589348462 0.97338403041825094508
0.26996197718631176343 0.22813688212927757393 0.10266159695817490827 0.12167300380228136814 0.1520912547528517067 0.13307984790874524683 0.82129277566539926614 0.8250950570342204804 0.87072243346007605069 0.53992395437262352687 0.34220532319391633314 0.34220532319391633314 0.38403041825095057815 0.48669201520912547254 0.46768060836501901267 0.54752851711026617743 0.46007604562737641762 0.39923954372623576825 0.21292775665399238383 0.18631178707224335667 0.21673003802281368135 0.33079847908745246832 0.51330798479087447195 0.34600760456273765842 0.50190114068441060713 0.49049429657794674231 0.38403041825095057815 0.44106463878326995776 0.68060836501901145201 0.92015209125475283525 0.92015209125475283525 0.8250950570342204804 0.73003802281368823657 0.97718631178707227036 1 1 0.9847908745247148099 0.67680608365019012673 0.92015209125475283525 1 1 1 1 0.9847908745247148099 1 1
0.15969581749049430175 0.15969581749049430175 0.18250950570342205914 0.18631178707224335667 0.15589353612167300422 0.22813688212927757393 0.79087452471482888594 0.48669201520912547254 0.21292775665399238383 0.33079847908745246832 0.41064638783269963307 0.42205323193916349789 0.38403041825095057815 0.44106463878326995776 0.46007604562737641762 0.45247148288973382257 0.32699619771863119855 0.42965779467680609294 0.6235741444866920169 0.44106463878326995776 0.51330798479087447195 0.34600760456273765842 0.61596958174904947736 0.58935361216730042244 0.7984790874524715365 0.66159695817490493663 0.48669201520912547254 0.33079847908745246832 0.49429657794676806759 0.8250950570342204804 0.77566539923954369584 0.67680608365019012673 0.66539923954372626191 0.53612167300380231261 0.55893536121673004224 0.79467680608365021122 0.91634980988593150997 0.75665399239543729148 0.96577946768060840554 1 1 1 1 1 1 0.99239543726235746046
0.19391634980988592396 0.19391634980988592396 0.10646387832699619191 0.12547528517110265178 0.14068441064638784188 0.76425855513307983102 0.7680608365019011563 0.13688212927756654436 0.33079847908745246832 0.34600760456273765842 0.33079847908745246832 0.2471482889733840338 0.30038022813688214363 0.25095057034220530356 0.30038022813688214363 0.22813688212927757393 0.39923954372623576825 0.53612167300380231261 0.4638783269961977429 0.58555133079847909716 0.66159695817490493663 0.60076045627376428726 0.65019011406844107182 0.66920152091254747617 0.72623574144486691129 0.73764258555133077611 0.78707224334600756066 0.53612167300380231261 0.62737642585551334218 0.79467680608365021122 0.79467680608365021122 0.94676806083650189017 0.87452471482889737597 0.73764258555133077611 0.67680608365019012673 0.82889733840304180568 0.96577946768060840554 0.94676806083650189017 0.98859315589353613518 1 1 1 1 1 1 0.96577946768060840554
0.07604562737642585335 0.07604562737642585335 0.083650190114068434521 0.095057034220532313218 0.21673003802281368135 0.65019011406844107182 0.17490494296577946409 0.2471482889733840338 0.22813688212927757393 0.33460076045627373809 0.3193916349809886035 0.30038022813688214363 0.39923954372623576825 0.49809885931558933736 0.47528517110266160772 0.3193916349809886035 0.46007604562737641762 0.42585551330798476766 0.41825095057034222812 0.46768060836501901267 0.5779467680608364466 0.58555133079847909716 0.67680608365019012673 0.53612167300380231261 0.67300380228136880145 0.71482889733840304647 0.73003802281368823657 0.79087452471482888594 0.77566539923954369584 0.85171102661596953531 0.88593155893536124079 0.95817490494296575498 0.94676806083650189017 0.94676806083650189017 0.96577946768060840554 0.99239543726235746046 1 1 1 1 1 1 1 1 1 0.97718631178707227036
0.068441064638783272178 0.072243346007604555825 0.21292775665399238383 0.23954372623574143875 0.095057034220532313218 0.12167300380228136814 0.20532319391634981653 0.19771863117870722149 0.34600760456273765842 0.17110266159695816657 0.2471482889733840338 0.33079847908745246832 0.22053231939163497888 0.22813688212927757393 0.23954372623574143875 0.38403041825095057815 0.33079847908745246832 0.41064638783269963307 0.39923954372623576825 0.44106463878326995776 0.41064638783269963307 0.46768060836501901267 0.46768060836501901267 0.65779467680608361135 0.67680608365019012673 0.72623574144486691129 0.75665399239543729148 0.80988593155893540132 0.82129277566539926614 0.88593155893536124079 0.93155893536121670007 0.93536121673003802535 0.96577946768060840554 0.94296577946768056488 0.96577946768060840554 0.97338403041825094508 0.95057034220532321545 0.96577946768060840554 1 0.97338403041825094508 1 1 1 1 1 1
0.10266159695817490827 0.17490494296577946409 0.19771863117870722149 0.12547528517110265178 0.10646387832699619191 0.098859315589353610743 0.18250950570342205914 0.15589353612167300422 0.18631178707224335667 0.2471482889733840338 0.2889733840304182233 0.19391634980988592396 0.22053231939163497888 0.31178707224334600845 0.36882129277566538805 0.30038022813688214363 0.33840304182509506337 0.30038022813688214363 0.35361216730038025347 0.45247148288973382257 0.44106463878326995776 0.51330798479087447195 0.53612167300380231261 0.58935361216730042244 0.65019011406844107182 0.80988593155893540132 0.82129277566539926614 0.79467680608365021122 0.8250950570342204804 0.87072243346007605069 0.87452471482889737597 0.96577946768060840554 0.97338403041825094508 0.97338403041825094508 0.97718631178707227036 0.96577946768060840554 0.95817490494296575498 0.98859315589353613518 1 0.96577946768060840554 0.97338403041825094508 1 1 0.98859315589353613518 1 0.9695817490494296198
0.15969581749049430175 0.18250950570342205914 0.10646387832699619191 0.21673003802281368135 0.13688212927756654436 0.18631178707224335667 0.12167300380228136814 0.17110266159695816657 0.13688212927756654436 0.13688212927756654436 0.19391634980988592396 0.3193916349809886035 0.29277566539923954858 0.29657794676806081835 0.25095057034220530356 0.31558935361216727822 0.30798479087452473868 0.3193916349809886035 0.30798479087452473868 0.29657794676806081835 0.35361216730038025347 0.42965779467680609294 0.44106463878326995776 0.53231939163498098733 0.62737642585551334218 0.66539923954372626191 0.79087452471482888594 0.80988593155893540132 0.8250950570342204804 0.92395437262357416053 0.9695817490494296198 0.93536121673003802535 0.96577946768060840554 0.9847908745247148099 0.97338403041825094508 0.82889733840304180568 0.98859315589353613518 1 1 1 0.98859315589353613518 0.96577946768060840554 0.96577946768060840554 0.98859315589353613518 1 0.9847908745247148099
0.12547528517110265178 0.10646387832699619191 0.10646387832699619191 0.10266159695817490827 0.13688212927756654436 0.15969581749049430175 0.18250950570342205914 0.17110266159695816657 0.18250950570342205914 0.13688212927756654436 0.3193916349809886035 0.19391634980988592396 0.21292775665399238383 0.22813688212927757393 0.21292775665399238383 0.2889733840304182233 0.3041825095057034134 0.2471482889733840338 0.25855513307984789861 0.33460076045627373809 0.30038022813688214363 0.30798479087452473868 0.33460076045627373809 0.43726235741444868799 0.54372623574144485215 0.6083650190114068268 0.71863117870722437175 0.67680608365019012673 0.88973384030418245505 0.94296577946768056488 0.92395437262357416053 0.98859315589353613518 0.9695817490494296198 0.97338403041825094508 0.96577946768060840554 0.7984790874524715365 0.79467680608365021122 1 0.97338403041825094508 1 1 0.9847908745247148099 1 1 1 0.98859315589353613518
0.21292775665399238383 0.087452471482889732046 0.2471482889733840338 0.095057034220532313218 0.13688212927756654436 0.12547528517110265178 0.2243346007604562764 0.14448669201520911165 0.25855513307984789861 0.19771863117870722149 0.19391634980988592396 0.19771863117870722149 0.17110266159695816657 0.18250950570342205914 0.25855513307984789861 0.19011406844106462644 0.34600760456273765842 0.39923954372623576825 0.27376425855513308871 0.33460076045627373809 0.29277566539923954858 0.30038022813688214363 0.36882129277566538805 0.33460076045627373809 0.4638783269961977429 0.55133079847908750271 0.53992395437262352687 0.74524714828897342667 0.81368821292775661558 0.80988593155893540132 0.8250950570342204804 0.93155893536121670007 0.97338403041825094508 1 0.98098859315589348462 0.96577946768060840554 0.97718631178707227036 1 1 0.99239543726235746046 0.98859315589353613518 1 0.98859315589353613518 0.98859315589353613518 0.98859315589353613518 0.98859315589353613518
0.049429657794676805371 0.049429657794676805371 0.17110266159695816657 0.10266159695817490827 0.17110266159695816657 0.15589353612167300422 0.095057034220532313218 0.11026615969581748944 0.11787072243346007061 0.10646387832699619191 0.31178707224334600845 0.13688212927756654436 0.11787072243346007061 0.12927756653992394931 0.19011406844106462644 0.2243346007604562764 0.19011406844106462644 0.28136882129277568376 0.21673003802281368135 0.21673003802281368135 0.2243346007604562764 0.31178707224334600845 0.33460076045627373809 0.31178707224334600845 0.38403041825095057815 0.56273764258555136752 0.55513307984790871696 0.61596958174904947736 0.67680608365019012673 0.78707224334600756066 0.82889733840304180568 0.93155893536121670007 0.92395437262357416053 0.98859315589353613518 0.98859315589353613518 0.99619771863117867472 0.99239543726235746046 1 1 1 0.98859315589353613518 0.9847908745247148099 1 0.98098859315589348462 0.97338403041825094508 0.96577946768060840554
0.015209125475285171017 0.015209125475285171017 0.022813688212927757393 0.095057034220532313218 0.095057034220532313218 0.07604562737642585335 0.07604562737642585335 0.072243346007604555825 0.07604562737642585335 0.33079847908745246832 0.26996197718631176343 0.58935361216730042244 0.21292775665399238383 0.19011406844106462644 0.13688212927756654436 0.17110266159695816657 0.14448669201520911165 0.21292775665399238383 0.2243346007604562764 0.23954372623574143875 0.21292775665399238383 0.22053231939163497888 0.21292775665399238383 0.22053231939163497888 0.41064638783269963307 0.46007604562737641762 0.5779467680608364466 0.71863117870722437175 0.67680608365019012673 0.7832699619771863464 0.79467680608365021122 0.82889733840304180568 0.92395437262357416053 0.94296577946768056488 0.9847908745247148099 0.98859315589353613518 0.98859315589353613518 0.98859315589353613518 0.98859315589353613518 0.99619771863117867472 1 0.99239543726235746046 0.98859315589353613518 0.9695817490494296198 0.96577946768060840554 0.9695817490494296198
0.0076045627376425855085 0.019011406844106463337 0.022813688212927757393 0.019011406844106463337 0.049429657794676805371 0.049429657794676805371 0.064638783269961974653 0.40304182509505703802 0.65019011406844107182 0.50570342205323193241 0.65019011406844107182 0.638783269961977207 0.62737642585551334218 0.33460076045627373809 0.22813688212927757393 0.21292775665399238383 0.19391634980988592396 0.22053231939163497888 0.19771863117870722149 0.20912547528517111406 0.2471482889733840338 0.23954372623574143875 0.29657794676806081835 0.25855513307984789861 0.29277566539923954858 0.36882129277566538805 0.53992395437262352687 0.49809885931558933736 0.64638783269961974653 0.74904942965779464092 0.79087452471482888594 0.79087452471482888594 0.87832699619771859023 0.88593155893536124079 0.97338403041825094508 0.95057034220532321545 0.97338403041825094508 0.98859315589353613518 0.97338403041825094508 0.98859315589353613518 1 0.99239543726235746046 0.97338403041825094508 0.97338403041825094508 0.9695817490494296198 0.99239543726235746046
0.064638783269961974653 0.022813688212927757393 0.015209125475285171017 0.015209125475285171017 0.038022813688212926675 0.098859315589353610743 0.30038022813688214363 0.54372623574144485215 0.6083650190114068268 0.64638783269961974653 0.68441064638783266627 0.67680608365019012673 0.66539923954372626191 0.39923954372623576825 0.47528517110266160772 0.21292775665399238383 0.2471482889733840338 0.21292775665399238383 0.22813688212927757393 0.20152091254752851901 0.23954372623574143875 0.19391634980988592396 0.21673003802281368135 0.18250950570342205914 0.21292775665399238383 0.22053231939163497888 0.22053231939163497888 0.38403041825095057815 0.6235741444866920169 0.46768060836501901267 0.50190114068441060713 0.59695817490494296198 0.80988593155893540132 0.82889733840304180568 0.85931558935361218587 0.91254752851711029571 0.98859315589353613518 0.96197718631178708026 0.96577946768060840554 0.97338403041825094508 1 0.9847908745247148099 0.9847908745247148099 0.97338403041825094508 0.97338403041825094508 0.97338403041825094508
