Example/niche_background/models/ENFA/Anolis_chlorocyanus_0.asc
ncols        743
nrows        319
xllcorner    -74.500956448335
yllcorner    17.448920549066
cellsize     0.008333333333
NODATA_value  -9999
[rows 84 to 104 of 319, columns 368 to 413 of 743]
0.34980988593155892818 0.47148288973384028244 0.46768060836501901267 0.30038022813688214363 0.46007604562737641762 0.20912547528517111406 0.51330798479087447195 0.82889733840304180568 0.7984790874524715365 0.67300380228136880145 0.71102661596958172119 0.65779467680608361135 0.61216730038022815208 0.82889733840304180568 0.7984790874524715365 0.71102661596958172119 0.74524714828897342667 0.59695817490494296198 0.6539923954372623971 0.72243346007604558601 0.53612167300380231261 0.61596958174904947736 0.66539923954372626191 0.68821292775665399155 0.5931558935361216367 0.7528517110266159662 0.76425855513307983102 0.66159695817490493663 0.58174904942965777188 0.5931558935361216367 0.71102661596958172119 0.72243346007604558601 0.6539923954372623971 0.6539923954372623971 0.67300380228136880145 0.64638783269961974653 0.65779467680608361135 0.19011406844106462644 0.33840304182509506337 0.32319391634980987327 0.34220532319391633314 0.47528517110266160772 0.19011406844106462644 0.67300380228136880145 0.44866920152091255281 0.45247148288973382257
0.42965779467680609294 0.43346007604562736271 0.25475285171102662884 0.30798479087452473868 0.48288973384030420277 0.53992395437262352687 0.52091254752851712251 0.4638783269961977429 0.72243346007604558601 0.85931558935361218587 0.77946768060836502112 0.67680608365019012673 0.74524714828897342667 0.80988593155893540132 0.86692015209125472541 0.82889733840304180568 0.81368821292775661558 0.62737642585551334218 0.66159695817490493663 0.71102661596958172119 0.72243346007604558601 0.54372623574144485215 0.61216730038022815208 0.59695817490494296198 0.87832699619771859023 0.72623574144486691129 0.80228136882129275076 0.77186311787072248158 0.68441064638783266627 0.68821292775665399155 0.6539923954372623971 0.5931558935361216367 0.69961977186311785637 0.61977186311787069162 0.65019011406844107182 0.58935361216730042244 0.32699619771863119855 0.22813688212927757393 0.60456273764258550152 0.41444866920152090284 0.67680608365019012673 0.47528517110266160772 0.47908745247148287749 0.65019011406844107182 0.46768060836501901267 0.49429657794676806759
0.61596958174904947736 0.34980988593155892818 0.36501901140684411828 0.66920152091254747617 0.67680608365019012673 0.87832699619771859023 0.74524714828897342667 0.7984790874524715365 0.74524714828897342667 0.80608365019011407604 0.72243346007604558601 0.68060836501901145201 0.81749049429657794086 0.83269961977186313096 0.82129277566539926614 0.82889733840304180568 0.57414448669201523234 0.63117870722433455644 0.71863117870722437175 0.72243346007604558601 0.76425855513307983102 0.80988593155893540132 0.72623574144486691129 0.71102661596958172119 0.83269961977186313096 0.71863117870722437175 0.81368821292775661558 0.7832699619771863464 0.79087452471482888594 0.47908745247148287749 0.32319391634980987327 0.53612167300380231261 0.68821292775665399155 0.52091254752851712251 0.45247148288973382257 0.33840304182509506337 0.21673003802281368135 0.21292775665399238383 0.37262357414448671333 0.361216730038022793 0.41444866920152090284 0.65019011406844107182 0.65779467680608361135 0.57414448669201523234 0.48288973384030420277 0.43346007604562736271
0.7984790874524715365 0.50190114068441060713 0.41825095057034222812 0.56273764258555136752 0.81749049429657794086 0.84790874524714832106 0.81749049429657794086 0.7680608365019011563 0.80608365019011407604 0.82889733840304180568 0.81368821292775661558 0.83269961977186313096 0.81368821292775661558 0.86692015209125472541 0.67680608365019012673 0.74524714828897342667 0.72623574144486691129 0.71102661596958172119 0.79087452471482888594 0.65779467680608361135 0.73764258555133077611 0.72243346007604558601 0.6539923954372623971 0.80988593155893540132 0.82889733840304180568 0.77566539923954369584 0.65779467680608361135 0.60456273764258550152 0.62737642585551334218 0.5779467680608364466 0.58174904942965777188 0.67680608365019012673 0.60456273764258550152 0.54752851711026617743 0.53612167300380231261 0.49049429657794674231 0.48288973384030420277 0.22053231939163497888 0.4638783269961977429 0.33460076045627373809 0.40684410646387830779 0.56653992395437258178 0.58174904942965777188 0.61977186311787069162 0.51330798479087447195 0.6235741444866920169
0.71102661596958172119 0.55133079847908750271 0.46768060836501901267 0.46768060836501901267 0.82889733840304180568 0.7832699619771863464 0.80608365019011407604 0.90874524714828897043 0.82129277566539926614 0.82889733840304180568 0.81749049429657794086 0.72243346007604558601 0.84410646387832699578 0.83269961977186313096 0.86692015209125472541 0.80608365019011407604 0.82889733840304180568 0.74524714828897342667 0.74524714828897342667 0.73384030418250945083 0.638783269961977207 0.81368821292775661558 0.80608365019011407604 0.81749049429657794086 0.80988593155893540132 0.63117870722433455644 0.6539923954372623971 0.57414448669201523234 0.69201520912547531683 0.74524714828897342667 0.65779467680608361135 0.66159695817490493663 0.58174904942965777188 0.60456273764258550152 0.67680608365019012673 0.68441064638783266627 0.48669201520912547254 0.51330798479087447195 0.4638783269961977429 0.53612167300380231261 0.45627376425855514785 0.5931558935361216367 0.59695817490494296198 0.58174904942965777188 0.49049429657794674231 0.58174904942965777188
0.80988593155893540132 0.53612167300380231261 0.80608365019011407604 0.77946768060836502112 0.55133079847908750271 0.88973384030418245505 0.80228136882129275076 0.93916349809885935063 0.87832699619771859023 0.7984790874524715365 0.7528517110266159662 0.80988593155893540132 0.81749049429657794086 0.7832699619771863464 0.85931558935361218587 0.80608365019011407604 0.72623574144486691129 0.7528517110266159662 0.72623574144486691129 0.82889733840304180568 0.73764258555133077611 0.76425855513307983102 0.68821292775665399155 0.80988593155893540132 0.80608365019011407604 0.60456273764258550152 0.72623574144486691129 0.67300380228136880145 0.73384030418250945083 0.80228136882129275076 0.66920152091254747617 0.73764258555133077611 0.64638783269961974653 0.74524714828897342667 0.69581749049429653109 0.57414448669201523234 0.68821292775665399155 0.38022813688212925287 0.63117870722433455644 0.63117870722433455644 0.67680608365019012673 0.3041825095057034134 0.56653992395437258178 0.53992395437262352687 0.56653992395437258178 0.58174904942965777188
0.72243346007604558601 0.69961977186311785637 0.81749049429657794086 0.86692015209125472541 0.87832699619771859023 0.68441064638783266627 0.82889733840304180568 0.86692015209125472541 0.82889733840304180568 0.81368821292775661558 0.7528517110266159662 0.83269961977186313096 0.74524714828897342667 0.76425855513307983102 0.82129277566539926614 0.81749049429657794086 0.72623574144486691129 0.81368821292775661558 0.81749049429657794086 0.81749049429657794086 0.82889733840304180568 0.7832699619771863464 0.79087452471482888594 0.89353612167300378033 0.69961977186311785637 0.82889733840304180568 0.74144486692015210139 0.73764258555133077611 0.68821292775665399155 0.70342205323193918165 0.69201520912547531683 0.61596958174904947736 0.6235741444866920169 0.63117870722433455644 0.71102661596958172119 0.6539923954372623971 0.66539923954372626191 0.53612167300380231261 0.61977186311787069162 0.71102661596958172119 0.58555133079847909716 0.55133079847908750271 0.5931558935361216367 0.5931558935361216367 0.48669201520912547254 0.53612167300380231261
0.74524714828897342667 0.86692015209125472541 0.86692015209125472541 0.94296577946768056488 0.80228136882129275076 0.67680608365019012673 0.89733840304182510561 0.80228136882129275076 0.90874524714828897043 0.82889733840304180568 0.85551330798479086059 0.82129277566539926614 0.81749049429657794086 0.82889733840304180568 0.83269961977186313096 0.81749049429657794086 0.82889733840304180568 0.80608365019011407604 0.7680608365019011563 0.7528517110266159662 0.7528517110266159662 0.82889733840304180568 0.72623574144486691129 0.7984790874524715365 0.78707224334600756066 0.74524714828897342667 0.61977186311787069162 0.72243346007604558601 0.52851711026615966205 0.65019011406844107182 0.77186311787072248158 0.7528517110266159662 0.7680608365019011563 0.71102661596958172119 0.68821292775665399155 0.68441064638783266627 0.70342205323193918165 0.68821292775665399155 0.49049429657794674231 0.638783269961977207 0.61977186311787069162 0.46768060836501901267 0.53612167300380231261 0.51330798479087447195 0.54372623574144485215 0.61977186311787069162
0.80608365019011407604 0.88593155893536124079 0.80608365019011407604 0.90874524714828897043 0.90494296577946764515 0.70722433460076050693 0.85931558935361218587 0.96577946768060840554 0.80608365019011407604 0.83269961977186313096 0.80988593155893540132 0.82889733840304180568 0.80228136882129275076 0.83650190114068445624 0.82889733840304180568 0.84410646387832699578 0.85931558935361218587 0.83650190114068445624 0.79087452471482888594 0.72243346007604558601 0.71863117870722437175 0.81749049429657794086 0.76045627376425850574 0.7832699619771863464 0.67300380228136880145 0.79087452471482888594 0.69201520912547531683 0.68821292775665399155 0.51711026615969579723 0.53612167300380231261 0.69201520912547531683 0.72623574144486691129 0.69201520912547531683 0.55133079847908750271 0.61596958174904947736 0.6235741444866920169 0.67680608365019012673 0.68441064638783266627 0.67680608365019012673 0.58174904942965777188 0.47908745247148287749 0.53612167300380231261 0.54752851711026617743 0.53612167300380231261 0.55133079847908750271 0.61596958174904947736
0.89733840304182510561 0.93916349809885935063 0.92775665399239548581 0.92775665399239548581 0.88973384030418245505 0.82889733840304180568 0.88593155893536124079 0.96577946768060840554 0.94296577946768056488 0.82889733840304180568 0.86692015209125472541 0.77946768060836502112 0.80608365019011407604 0.82889733840304180568 0.7984790874524715365 0.7984790874524715365 0.83650190114068445624 0.80228136882129275076 0.82129277566539926614 0.7680608365019011563 0.81749049429657794086 0.80608365019011407604 0.74524714828897342667 0.74524714828897342667 0.81368821292775661558 0.71863117870722437175 0.69581749049429653109 0.76045627376425850574 0.52851711026615966205 0.68060836501901145201 0.61596958174904947736 0.63117870722433455644 0.73384030418250945083 0.6539923954372623971 0.63117870722433455644 0.5931558935361216367 0.63498098859315588172 0.55133079847908750271 0.71102661596958172119 0.72243346007604558601 0.6539923954372623971 0.47908745247148287749 0.49809885931558933736 0.53612167300380231261 0.3764258555133079831 0.42965779467680609294
0.82889733840304180568 0.90874524714828897043 0.94296577946768056488 0.90114068441064643089 0.92395437262357416053 0.90874524714828897043 0.92015209125475283525 0.90874524714828897043 0.86692015209125472541 0.80608365019011407604 0.82129277566539926614 0.82889733840304180568 0.76425855513307983102 0.7984790874524715365 0.53612167300380231261 0.638783269961977207 0.74524714828897342667 0.82889733840304180568 0.7832699619771863464 0.77946768060836502112 0.80228136882129275076 0.76425855513307983102 0.80228136882129275076 0.80608365019011407604 0.76425855513307983102 0.83650190114068445624 0.71102661596958172119 0.68821292775665399155 0.6539923954372623971 0.67680608365019012673 0.66539923954372626191 0.53612167300380231261 0.63117870722433455644 0.5931558935361216367 0.61977186311787069162 0.61596958174904947736 0.72623574144486691129 0.5779467680608364466 0.68821292775665399155 0.50190114068441060713 0.53612167300380231261 0.60456273764258550152 0.4638783269961977429 0.4638783269961977429 0.45627376425855514785 0.53612167300380231261
0.93916349809885935063 0.87072243346007605069 0.92395437262357416053 0.81749049429657794086 0.89353612167300378033 0.88973384030418245505 0.88593155893536124079 0.94296577946768056488 0.80988593155893540132 0.77186311787072248158 0.79087452471482888594 0.79087452471482888594 0.63117870722433455644 0.66539923954372626191 0.65019011406844107182 0.77946768060836502112 0.68821292775665399155 0.81749049429657794086 0.7984790874524715365 0.83269961977186313096 0.86692015209125472541 0.80608365019011407604 0.77566539923954369584 0.72623574144486691129 0.67300380228136880145 0.74524714828897342667 0.7832699619771863464 0.66920152091254747617 0.53612167300380231261 0.61977186311787069162 0.66920152091254747617 0.638783269961977207 0.61216730038022815208 0.69961977186311785637 0.66920152091254747617 0.72243346007604558601 0.71482889733840304647 0.68821292775665399155 0.54372623574144485215 0.47148288973384028244 0.40304182509505703802 0.33460076045627373809 0.53612167300380231261 0.56653992395437258178 0.46007604562737641762 0.53612167300380231261
0.90874524714828897043 0.90874524714828897043 0.86692015209125472541 0.94296577946768056488 0.82889733840304180568 0.94296577946768056488 0.92395437262357416053 0.88212927756653991551 0.73764258555133077611 0.5931558935361216367 0.77946768060836502112 0.82889733840304180568 0.79087452471482888594 0.86311787072243351115 0.77946768060836502112 0.74524714828897342667 0.72623574144486691129 0.83269961977186313096 0.87832699619771859023 0.77186311787072248158 0.85931558935361218587 0.79087452471482888594 0.69201520912547531683 0.72623574144486691129 0.65019011406844107182 0.68441064638783266627 0.53612167300380231261 0.62737642585551334218 0.42205323193916349789 0.61977186311787069162 0.49429657794676806759 0.59695817490494296198 0.62737642585551334218 0.69201520912547531683 0.638783269961977207 0.69201520912547531683 0.6539923954372623971 0.5931558935361216367 0.24334600760456273627 0.49049429657794674231 0.53612167300380231261 0.47908745247148287749 0.43346007604562736271 0.47908745247148287749 0.60076045627376428726 0.40684410646387830779
0.91254752851711029571 0.89733840304182510561 0.92395437262357416053 0.88212927756653991551 0.92775665399239548581 0.88973384030418245505 0.7832699619771863464 0.7832699619771863464 0.76425855513307983102 0.79087452471482888594 0.84410646387832699578 0.82889733840304180568 0.82129277566539926614 0.7832699619771863464 0.82889733840304180568 0.74524714828897342667 0.76425855513307983102 0.82129277566539926614 0.82889733840304180568 0.86311787072243351115 0.81368821292775661558 0.77186311787072248158 0.81749049429657794086 0.64638783269961974653 0.53612167300380231261 0.47908745247148287749 0.57034220532319390706 0.42965779467680609294 0.57034220532319390706 0.58174904942965777188 0.60456273764258550152 0.61596958174904947736 0.61977186311787069162 0.63117870722433455644 0.74524714828897342667 0.74524714828897342667 0.61596958174904947736 0.65779467680608361135 0.53612167300380231261 0.20912547528517111406 0.46768060836501901267 0.65019011406844107182 0.53612167300380231261 0.56273764258555136752 0.49049429657794674231 0.53612167300380231261
0.90494296577946764515 0.81749049429657794086 0.90494296577946764515 0.7832699619771863464 0.77946768060836502112 0.66920152091254747617 0.67680608365019012673 0.71102661596958172119 0.7832699619771863464 0.89733840304182510561 0.85551330798479086059 0.89353612167300378033 0.82889733840304180568 0.82889733840304180568 0.82129277566539926614 0.82889733840304180568 0.7832699619771863464 0.7832699619771863464 0.86692015209125472541 0.81749049429657794086 0.67680608365019012673 0.62737642585551334218 0.83269961977186313096 0.73764258555133077611 0.66920152091254747617 0.42965779467680609294 0.23954372623574143875 0.42205323193916349789 0.44106463878326995776 0.45247148288973382257 0.47908745247148287749 0.45627376425855514785 0.29657794676806081835 0.61216730038022815208 0.50950570342205325769 0.61977186311787069162 0.53612167300380231261 0.361216730038022793 0.3764258555133079831 0.18631178707224335667 0.52851711026615966205 0.50950570342205325769 0.66920152091254747617 0.45247148288973382257 0.45627376425855514785 0.5931558935361216367
0.47908745247148287749 0.53612167300380231261 0.54372623574144485215 0.49049429657794674231 0.69581749049429653109 0.60456273764258550152 0.59695817490494296198 0.68441064638783266627 0.71863117870722437175 0.82129277566539926614 0.7832699619771863464 0.79087452471482888594 0.81368821292775661558 0.83269961977186313096 0.79087452471482888594 0.82889733840304180568 0.74524714828897342667 0.7832699619771863464 0.72243346007604558601 0.6539923954372623971 0.53612167300380231261 0.72623574144486691129 0.80228136882129275076 0.62737642585551334218 0.34220532319391633314 0.10646387832699619191 0.13688212927756654436 0.12927756653992394931 0.16730038022813686904 0.13688212927756654436 0.14448669201520911165 0.16349809885931559927 0.361216730038022793 0.61977186311787069162 0.42965779467680609294 0.45627376425855514785 0.42965779467680609294 0.21292775665399238383 0.20912547528517111406 0.50950570342205325769 0.32319391634980987327 0.40304182509505703802 0.53612167300380231261 0.58174904942965777188 0.53992395437262352687 0.40304182509505703802
0.18631178707224335667 0.53612167300380231261 0.63117870722433455644 0.58174904942965777188 0.58174904942965777188 0.75665399239543729148 0.67300380228136880145 0.68441064638783266627 0.7832699619771863464 0.74524714828897342667 0.39923954372623576825 0.53612167300380231261 0.638783269961977207 0.7680608365019011563 0.83269961977186313096 0.77946768060836502112 0.74524714828897342667 0.67680608365019012673 0.6539923954372623971 0.40304182509505703802 0.47908745247148287749 0.55133079847908750271 0.71102661596958172119 0.61596958174904947736 0.40304182509505703802 0.07604562737642585335 0.022813688212927757393 0.019011406844106463337 0.019011406844106463337 0.026615969581749047979 0.14448669201520911165 0.33460076045627373809 0.53612167300380231261 0.61216730038022815208 0.3916349809885931732 0.20912547528517111406 0.12547528517110265178 0.18631178707224335667 0.37262357414448671333 0.24334600760456273627 0.087452471482889732046 0.1520912547528517067 0.3041825095057034134 0.45627376425855514785 0.45247148288973382257 0.46768060836501901267
0.12547528517110265178 0.26615969581749049366 0.73764258555133077611 0.7528517110266159662 0.74144486692015210139 0.75665399239543729148 0.7984790874524715365 0.77186311787072248158 0.81749049429657794086 0.72623574144486691129 0.56273764258555136752 0.68821292775665399155 0.7680608365019011563 0.81749049429657794086 0.75665399239543729148 0.73764258555133077611 0.65019011406844107182 0.58174904942965777188 0.28136882129277568376 0.6539923954372623971 0.60456273764258550152 0.69201520912547531683 0.58555133079847909716 0.6235741444866920169 0.41825095057034222812 0.13307984790874524683 0.022813688212927757393 0 0.011406844106463878696 0.072243346007604555825 0.12547528517110265178 0.14448669201520911165 0.17870722433460076162 0.56653992395437258178 0.42965779467680609294 0.057034220532319393482 0.13307984790874524683 0.2471482889733840338 0.12167300380228136814 0.087452471482889732046 0.098859315589353610743 0.041825095057034217261 0.068441064638783272178 0.17110266159695816657 0.32319391634980987327 0.45627376425855514785
0.072243346007604555825 0.3193916349809886035 0.3193916349809886035 0.42965779467680609294 0.60456273764258550152 0.74524714828897342667 0.67300380228136880145 0.73384030418250945083 0.80608365019011407604 0.6083650190114068268 0.58174904942965777188 0.44106463878326995776 0.63117870722433455644 0.77186311787072248158 0.71863117870722437175 0.72623574144486691129 0.53612167300380231261 0.2471482889733840338 0.24334600760456273627 0.53612167300380231261 0.30798479087452473868 0.65019011406844107182 0.33840304182509506337 0.25475285171102662884 0.40304182509505703802 0.20912547528517111406 0.057034220532319393482 0.0076045627376425855085 0.0076045627376425855085 0.0076045627376425855085 0.019011406844106463337 0.07604562737642585335 0.23574144486692014122 0.66539923954372626191 0.1520912547528517067 0.098859315589353610743 0.07604562737642585335 0.12547528517110265178 0.12547528517110265178 0.10266159695817490827 0.026615969581749047979 0.098859315589353610743 0.12167300380228136814 0.14448669201520911165 0.38022813688212925287 0.12167300380228136814
0.038022813688212926675 0.079847908745247150875 0.10646387832699619191 0.12167300380228136814 0.53231939163498098733 0.69201520912547531683 0.58935361216730042244 0.51330798479087447195 0.71102661596958172119 0.77946768060836502112 0.41825095057034222812 0.65779467680608361135 0.74524714828897342667 0.81749049429657794086 0.61596958174904947736 0.65779467680608361135 0.47528517110266160772 0.24334600760456273627 0.22813688212927757393 0.53612167300380231261 0.23954372623574143875 0.45627376425855514785 0.61977186311787069162 0.5931558935361216367 0.18631178707224335667 0.087452471482889732046 0.015209125475285171017 0.0038022813688212927542 0.022813688212927757393 0.079847908745247150875 0.13688212927756654436 0.22813688212927757393 0.35361216730038025347 0.49429657794676806759 0.43346007604562736271 0.098859315589353610743 0.019011406844106463337 0.019011406844106463337 0.091254752851711029571 0.019011406844106463337 0.057034220532319393482 0.10646387832699619191 0.16349809885931559927 0.3041825095057034134 0.16349809885931559927 0.30038022813688214363
0.087452471482889732046 0.057034220532319393482 0.026615969581749047979 0.17110266159695816657 0.45627376425855514785 0.49809885931558933736 0.3193916349809886035 0.20532319391634981653 0.53612167300380231261 0.53612167300380231261 0.23193916349809887145 0.47908745247148287749 0.7528517110266159662 0.65019011406844107182 0.74524714828897342667 0.43346007604562736271 0.39923954372623576825 0.18631178707224335667 0.28136882129277568376 0.34220532319391633314 0.13688212927756654436 0.23193916349809887145 0.3041825095057034134 0.46768060836501901267 0.17870722433460076162 0.10646387832699619191 0.11406844106463878696 0.015209125475285171017 0.0076045627376425855085 0.026615969581749047979 0.022813688212927757393 0.098859315589353610743 0.23954372623574143875 0.1520912547528517067 0.53612167300380231261 0.19011406844106462644 0.041825095057034217261 0.0038022813688212927542 0.015209125475285171017 0.0076045627376425855085 0.015209125475285171017 0.07604562737642585335 0.20532319391634981653 0.14068441064638784188 0.07604562737642585335 0.22813688212927757393
