Example/niche_background/models/ENFA/Anolis_coelestinus_0.asc
ncols        743
nrows        319
xllcorner    -74.500956448335
yllcorner    17.448920549066
cellsize     0.008333333333
NODATA_value  -9999
[rows 220 to 239 of 319, columns 315 to 359 of 743]
0.79532163742690054065 0.45029239766081868845 0.22807017543859647857 0.35672514619883038955 0.36842105263157892692 0.22807017543859647857 0.099415204678362567581 0.058479532163742686812 0.064327485380116955493 0.064327485380116955493 0.14619883040935671703 0.18128654970760232912 0.16374269005847952307 0.14035087719298244835 0.064327485380116955493 0.052631578947368418131 0.029239766081871343406 0.029239766081871343406 0.029239766081871343406 0.029239766081871343406 0.023391812865497074725 0.017543859649122806044 0.0058479532163742686812 0.017543859649122806044 0.017543859649122806044 0.023391812865497074725 0.017543859649122806044 0.023391812865497074725 0.029239766081871343406 0.099415204678362567581 0.16374269005847952307 0.099415204678362567581 0.18128654970760232912 0.23976608187134501593 0.25730994152046782197 0.26900584795321635934 0.33918128654970758351 0.46198830409356722582 0.48538011695906430054 0.36842105263157892692 0.51461988304093564395 0.76023391812865492856 0.79532163742690054065 0.84795321637426901429 0.86549707602339176482
0.79532163742690054065 0.76023391812865492856 0.25730994152046782197 0.27485380116959062802 0.26900584795321635934 0.31578947368421050879 0.43274853801169588241 0.40935672514619880769 0.35672514619883038955 0.36257309941520465824 0.31578947368421050879 0.16374269005847952307 0.099415204678362567581 0.12280701754385964231 0.16374269005847952307 0.10526315789473683626 0.058479532163742686812 0.04678362573099414945 0.029239766081871343406 0.029239766081871343406 0.029239766081871343406 0.023391812865497074725 0.017543859649122806044 0.017543859649122806044 0.017543859649122806044 0.011695906432748537362 0.017543859649122806044 0.017543859649122806044 0.023391812865497074725 0.029239766081871343406 0.04678362573099414945 0.070175438596491224175 0.076023391812865492856 0.19883040935672513516 0.22222222222222220989 0.2807017543859648967 0.31578947368421050879 0.23976608187134501593 0.26900584795321635934 0.40935672514619880769 0.43274853801169588241 0.36842105263157892692 0.40935672514619880769 0.61988304093567248021 0.81871345029239761537
0.66666666666666662966 0.77777777777777779011 0.29239766081871343406 0.43859649122807015109 0.39766081871345027032 0.27485380116959062802 0.26315789473684209065 0.29824561403508770274 0.36842105263157892692 0.43274853801169588241 0.36257309941520465824 0.32163742690058477747 0.16959064327485379176 0.099415204678362567581 0.11111111111111110494 0.16374269005847952307 0.13450292397660817967 0.10526315789473683626 0.064327485380116955493 0.058479532163742686812 0.040935672514619880769 0.029239766081871343406 0.029239766081871343406 0.029239766081871343406 0.023391812865497074725 0.017543859649122806044 0.017543859649122806044 0.017543859649122806044 0.023391812865497074725 0.029239766081871343406 0.029239766081871343406 0.035087719298245612087 0.058479532163742686812 0.13450292397660817967 0.19298245614035086648 0.22807017543859647857 0.25730994152046782197 0.19883040935672513516 0.16374269005847952307 0.22222222222222220989 0.32163742690058477747 0.36842105263157892692 0.29824561403508770274 0.35672514619883038955 0.42105263157894734505
0.69005847953216370438 0.64327485380116955493 0.70175438596491224175 0.76608187134502925275 0.75438596491228071539 0.23976608187134501593 0.26900584795321635934 0.43859649122807015109 0.36842105263157892692 0.36842105263157892692 0.36842105263157892692 0.36842105263157892692 0.36842105263157892692 0.32163742690058477747 0.14619883040935671703 0.18128654970760232912 0.14035087719298244835 0.16374269005847952307 0.10526315789473683626 0.099415204678362567581 0.070175438596491224175 0.040935672514619880769 0.035087719298245612087 0.029239766081871343406 0.029239766081871343406 0.023391812865497074725 0.017543859649122806044 0.011695906432748537362 0.017543859649122806044 0.023391812865497074725 0.017543859649122806044 0.023391812865497074725 0.029239766081871343406 0.064327485380116955493 0.064327485380116955493 0.099415204678362567581 0.15204678362573098571 0.19883040935672513516 0.25730994152046782197 0.23976608187134501593 0.22807017543859647857 0.19883040935672513516 0.22222222222222220989 0.25730994152046782197 0.29239766081871343406
0.68421052631578949121 0.66081871345029241649 0.63157894736842101757 0.64327485380116955493 0.77777777777777779011 0.57309941520467833076 0.76608187134502925275 0.68421052631578949121 0.33333333333333331483 0.35672514619883038955 0.43274853801169588241 0.43274853801169588241 0.36842105263157892692 0.39181286549707600164 0.36842105263157892692 0.35087719298245612087 0.36257309941520465824 0.33918128654970758351 0.15204678362573098571 0.14035087719298244835 0.12280701754385964231 0.099415204678362567581 0.058479532163742686812 0.035087719298245612087 0.029239766081871343406 0.029239766081871343406 0.023391812865497074725 0.017543859649122806044 0.011695906432748537362 0.017543859649122806044 0.017543859649122806044 0.017543859649122806044 0.029239766081871343406 0.029239766081871343406 0.035087719298245612087 0.04678362573099414945 0.099415204678362567581 0.16374269005847952307 0.14619883040935671703 0.16959064327485379176 0.19883040935672513516 0.19883040935672513516 0.12280701754385964231 0.16374269005847952307 0.23976608187134501593
0.81871345029239761537 0.80701754385964907801 0.77192982456140346592 0.61988304093567248021 0.59064327485380119231 0.59649122807017540548 0.57309941520467833076 0.7485380116959063912 0.59649122807017540548 0.69005847953216370438 0.75438596491228071539 0.67836257309941516702 0.40935672514619880769 0.48538011695906430054 0.41520467836257307637 0.36842105263157892692 0.45614035087719295714 0.46198830409356722582 0.16959064327485379176 0.16374269005847952307 0.16374269005847952307 0.12865497076023391099 0.070175438596491224175 0.04678362573099414945 0.035087719298245612087 0.029239766081871343406 0.029239766081871343406 0.023391812865497074725 0.017543859649122806044 0.017543859649122806044 0.011695906432748537362 0.017543859649122806044 0.023391812865497074725 0.029239766081871343406 0.023391812865497074725 0.029239766081871343406 0.029239766081871343406 0.035087719298245612087 0.10526315789473683626 0.16374269005847952307 0.18128654970760232912 0.16959064327485379176 0.14035087719298244835 0.099415204678362567581 0.14619883040935671703
0.84795321637426901429 0.80701754385964907801 0.75438596491228071539 0.80701754385964907801 0.79532163742690054065 0.77777777777777779011 0.59064327485380119231 0.59649122807017540548 0.69005847953216370438 0.85380116959064322746 0.61988304093567248021 0.79532163742690054065 0.76608187134502925275 0.73099415204678364066 0.403508771929824539 0.76023391812865492856 0.79532163742690054065 0.75438596491228071539 0.43859649122807015109 0.23976608187134501593 0.16374269005847952307 0.16959064327485379176 0.15204678362573098571 0.099415204678362567581 0.064327485380116955493 0.035087719298245612087 0.029239766081871343406 0.029239766081871343406 0.023391812865497074725 0.017543859649122806044 0.017543859649122806044 0.017543859649122806044 0.023391812865497074725 0.029239766081871343406 0.029239766081871343406 0.029239766081871343406 0.023391812865497074725 0.029239766081871343406 0.029239766081871343406 0.058479532163742686812 0.12280701754385964231 0.12280701754385964231 0.099415204678362567581 0.087719298245614030218 0.070175438596491224175
0.96491228070175438791 0.85380116959064322746 0.84795321637426901429 0.69005847953216370438 0.69005847953216370438 0.6257309941520468044 0.6549707602339180923 0.67251461988304095385 0.76608187134502925275 0.87719298245614030218 0.80701754385964907801 0.87134502923976608901 0.83625730994152047693 0.76608187134502925275 0.51461988304093564395 0.80701754385964907801 0.80701754385964907801 0.55555555555555558023 0.73099415204678364066 0.61988304093567248021 0.35087719298245612087 0.19883040935672513516 0.16374269005847952307 0.16374269005847952307 0.099415204678362567581 0.064327485380116955493 0.035087719298245612087 0.035087719298245612087 0.029239766081871343406 0.029239766081871343406 0.023391812865497074725 0.017543859649122806044 0.023391812865497074725 0.023391812865497074725 0.029239766081871343406 0.029239766081871343406 0.029239766081871343406 0.029239766081871343406 0.029239766081871343406 0.035087719298245612087 0.058479532163742686812 0.064327485380116955493 0.064327485380116955493 0.058479532163742686812 0.058479532163742686812
0.935672514619882989 0.80701754385964907801 0.80701754385964907801 0.80701754385964907801 0.95906432748538006372 0.79532163742690054065 0.72514619883040931647 0.76023391812865492856 0.80701754385964907801 0.79532163742690054065 0.935672514619882989 0.9064327485380117011 0.83040935672514615273 0.64327485380116955493 0.80701754385964907801 0.70175438596491224175 0.73099415204678364066 0.79532163742690054065 0.80701754385964907801 0.57309941520467833076 0.43274853801169588241 0.36842105263157892692 0.19883040935672513516 0.14035087719298244835 0.16374269005847952307 0.12865497076023391099 0.099415204678362567581 0.058479532163742686812 0.035087719298245612087 0.029239766081871343406 0.029239766081871343406 0.023391812865497074725 0.023391812865497074725 0.023391812865497074725 0.029239766081871343406 0.029239766081871343406 0.029239766081871343406 0.029239766081871343406 0.029239766081871343406 0.035087719298245612087 0.035087719298245612087 0.035087719298245612087 0.058479532163742686812 0.04678362573099414945 0.04678362573099414945
0.98830409356725146264 0.96491228070175438791 0.98245614035087713845 0.98245614035087713845 0.98830409356725146264 0.98830409356725146264 0.87719298245614030218 0.82456140350877193956 0.98830409356725146264 0.98830409356725146264 0.91228070175438591427 0.98245614035087713845 0.98830409356725146264 0.85964912280701755165 0.79532163742690054065 0.97660818713450292528 0.80701754385964907801 0.76608187134502925275 0.76023391812865492856 0.72514619883040931647 0.53801169590643271867 0.48538011695906430054 0.39181286549707600164 0.23976608187134501593 0.15789473684210525439 0.16374269005847952307 0.14035087719298244835 0.099415204678362567581 0.064327485380116955493 0.04678362573099414945 0.029239766081871343406 0.029239766081871343406 0.029239766081871343406 0.029239766081871343406 0.029239766081871343406 0.029239766081871343406 0.035087719298245612087 0.029239766081871343406 0.023391812865497074725 0.029239766081871343406 0.035087719298245612087 0.035087719298245612087 0.058479532163742686812 0.058479532163742686812 0.04678362573099414945
0.77777777777777779011 0.59649122807017540548 0.95321637426900585055 0.95321637426900585055 0.98830409356725146264 0.85380116959064322746 0.98245614035087713845 0.96491228070175438791 0.72514619883040931647 0.70175438596491224175 0.61988304093567248021 0.88888888888888883955 0.96491228070175438791 0.92397660818713445163 0.935672514619882989 0.84795321637426901429 0.85964912280701755165 0.77192982456140346592 0.74269005847953217803 0.76023391812865492856 0.75438596491228071539 0.64327485380116955493 0.48538011695906430054 0.43274853801169588241 0.26900584795321635934 0.16374269005847952307 0.16959064327485379176 0.16374269005847952307 0.099415204678362567581 0.064327485380116955493 0.052631578947368418131 0.035087719298245612087 0.035087719298245612087 0.029239766081871343406 0.029239766081871343406 0.029239766081871343406 0.029239766081871343406 0.035087719298245612087 0.029239766081871343406 0.023391812865497074725 0.029239766081871343406 0.070175438596491224175 0.064327485380116955493 0.064327485380116955493 0.058479532163742686812
0.22807017543859647857 0.7485380116959063912 0.87719298245614030218 0.98830409356725146264 0.88304093567251462638 0.72514619883040931647 0.76608187134502925275 0.79532163742690054065 0.67251461988304095385 0.38596491228070173296 0.3742690058479531956 0.64327485380116955493 0.34502923976608185219 0.38596491228070173296 0.61988304093567248021 0.74269005847953217803 0.97660818713450292528 0.79532163742690054065 0.76608187134502925275 0.75438596491228071539 0.76023391812865492856 0.76023391812865492856 0.67836257309941516702 0.54385964912280704286 0.43859649122807015109 0.35087719298245612087 0.19883040935672513516 0.19883040935672513516 0.12865497076023391099 0.12280701754385964231 0.099415204678362567581 0.087719298245614030218 0.058479532163742686812 0.058479532163742686812 0.064327485380116955493 0.04678362573099414945 0.029239766081871343406 0.029239766081871343406 0.029239766081871343406 0.029239766081871343406 0.029239766081871343406 0.064327485380116955493 0.12280701754385964231 0.070175438596491224175 0.064327485380116955493
0.19298245614035086648 0.27485380116959062802 0.61988304093567248021 0.88304093567251462638 0.91228070175438591427 0.76023391812865492856 0.59064327485380119231 0.36842105263157892692 0.46198830409356722582 0.36842105263157892692 0.36842105263157892692 0.26900584795321635934 0.18128654970760232912 0.26900584795321635934 0.32163742690058477747 0.45029239766081868845 0.45029239766081868845 0.99415204678362567581 0.96491228070175438791 0.88888888888888883955 0.73099415204678364066 0.73099415204678364066 0.76608187134502925275 0.73684210526315785383 0.64327485380116955493 0.46198830409356722582 0.36842105263157892692 0.22807017543859647857 0.19883040935672513516 0.16959064327485379176 0.16374269005847952307 0.11695906432748537362 0.11111111111111110494 0.099415204678362567581 0.064327485380116955493 0.064327485380116955493 0.064327485380116955493 0.13450292397660817967 0.064327485380116955493 0.04678362573099414945 0.035087719298245612087 0.064327485380116955493 0.099415204678362567581 0.16374269005847952307 0.15789473684210525439
0.058479532163742686812 0.12865497076023391099 0.19883040935672513516 0.36842105263157892692 0.43274853801169588241 0.80701754385964907801 0.45614035087719295714 0.43274853801169588241 0.29824561403508770274 0.35672514619883038955 0.19298245614035086648 0.32163742690058477747 0.22222222222222220989 0.18128654970760232912 0.25730994152046782197 0.43274853801169588241 0.43274853801169588241 0.87719298245614030218 0.96491228070175438791 0.98245614035087713845 0.85964912280701755165 0.84795321637426901429 0.76608187134502925275 0.75438596491228071539 0.76608187134502925275 0.6257309941520468044 0.4678362573099414945 0.45029239766081868845 0.35672514619883038955 0.23976608187134501593 0.16959064327485379176 0.15789473684210525439 0.14035087719298244835 0.13450292397660817967 0.12280701754385964231 0.12865497076023391099 0.13450292397660817967 0.16374269005847952307 0.14619883040935671703 0.14035087719298244835 0.099415204678362567581 0.064327485380116955493 0.070175438596491224175 0.16959064327485379176 0.26900584795321635934
0.023391812865497074725 0.029239766081871343406 0.058479532163742686812 0.22222222222222220989 0.18128654970760232912 0.31578947368421050879 0.64327485380116955493 0.5321637426900585055 0.40935672514619880769 0.47368421052631576318 0.36842105263157892692 0.19883040935672513516 0.21052631578947367252 0.12865497076023391099 0.16959064327485379176 0.26900584795321635934 0.45029239766081868845 0.80701754385964907801 0.96491228070175438791 0.97660818713450292528 0.96491228070175438791 0.85380116959064322746 0.80701754385964907801 0.76608187134502925275 0.76023391812865492856 0.76608187134502925275 0.75438596491228071539 0.64327485380116955493 0.46198830409356722582 0.36842105263157892692 0.21052631578947367252 0.16959064327485379176 0.19298245614035086648 0.14035087719298244835 0.10526315789473683626 0.11111111111111110494 0.14035087719298244835 0.16374269005847952307 0.16374269005847952307 0.16959064327485379176 0.16959064327485379176 0.16374269005847952307 0.19298245614035086648 0.18128654970760232912 0.22807017543859647857
-9999 0.017543859649122806044 0.029239766081871343406 0.052631578947368418131 0.099415204678362567581 0.29824561403508770274 0.36257309941520465824 0.52046783625730996814 0.36257309941520465824 0.35087719298245612087 0.21637426900584794121 0.18128654970760232912 0.22807017543859647857 0.15789473684210525439 0.11695906432748537362 0.11111111111111110494 0.43274853801169588241 0.76023391812865492856 0.85964912280701755165 0.98830409356725146264 0.97660818713450292528 0.95906432748538006372 0.95321637426900585055 0.87719298245614030218 0.80701754385964907801 0.76608187134502925275 0.76023391812865492856 0.70175438596491224175 0.57894736842105265495 0.403508771929824539 0.27485380116959062802 0.18128654970760232912 0.18128654970760232912 0.16959064327485379176 0.18128654970760232912 0.16374269005847952307 0.16959064327485379176 0.16959064327485379176 0.16374269005847952307 0.19883040935672513516 0.18128654970760232912 0.22807017543859647857 0.33918128654970758351 0.29239766081871343406 0.33333333333333331483
-9999 -9999 0.011695906432748537362 0.035087719298245612087 0.029239766081871343406 0.099415204678362567581 0.22807017543859647857 0.33918128654970758351 0.48538011695906430054 0.35672514619883038955 0.33333333333333331483 0.22222222222222220989 0.20467836257309940384 0.15789473684210525439 0.16374269005847952307 0.035087719298245612087 0.25730994152046782197 0.73099415204678364066 0.81871345029239761537 0.91228070175438591427 0.98245614035087713845 0.96491228070175438791 0.97660818713450292528 0.97660818713450292528 0.935672514619882989 0.84795321637426901429 0.80701754385964907801 0.76023391812865492856 0.70760233918128656594 0.70175438596491224175 0.5321637426900585055 0.36842105263157892692 0.2807017543859648967 0.22807017543859647857 0.23976608187134501593 0.18128654970760232912 0.19883040935672513516 0.16959064327485379176 0.19883040935672513516 0.23976608187134501593 0.22807017543859647857 0.36257309941520465824 0.36842105263157892692 0.43274853801169588241 0.61988304093567248021
-9999 -9999 -9999 0.023391812865497074725 0.029239766081871343406 0.0935672514619882989 0.087719298245614030218 0.22222222222222220989 0.66666666666666662966 0.48538011695906430054 0.25730994152046782197 0.46198830409356722582 0.16374269005847952307 0.11695906432748537362 0.04678362573099414945 0.035087719298245612087 0.21052631578947367252 0.36842105263157892692 0.54970760233918125603 0.80701754385964907801 0.85964912280701755165 0.87134502923976608901 0.94736842105263152636 0.98830409356725146264 0.98245614035087713845 0.98245614035087713845 0.91228070175438591427 0.77192982456140346592 0.79532163742690054065 0.75438596491228071539 0.70175438596491224175 0.6257309941520468044 0.48538011695906430054 0.403508771929824539 0.33333333333333331483 0.26900584795321635934 0.22807017543859647857 0.23976608187134501593 0.25730994152046782197 0.23976608187134501593 0.19883040935672513516 0.26900584795321635934 0.49122807017543856922 0.50877192982456143078 0.64327485380116955493
-9999 -9999 -9999 0.017543859649122806044 0.029239766081871343406 0.029239766081871343406 0.058479532163742686812 0.064327485380116955493 0.16374269005847952307 0.22807017543859647857 0.20467836257309940384 0.14619883040935671703 0.18128654970760232912 0.12280701754385964231 0.076023391812865492856 0.058479532163742686812 0.19883040935672513516 0.25146198830409355329 0.36257309941520465824 0.68421052631578949121 0.78947368421052632748 0.79532163742690054065 0.88304093567251462638 0.87134502923976608901 0.94736842105263152636 0.97660818713450292528 0.98830409356725146264 0.91228070175438591427 0.87134502923976608901 0.77777777777777779011 0.76608187134502925275 0.68421052631578949121 0.61988304093567248021 0.46198830409356722582 0.403508771929824539 0.29239766081871343406 0.3099415204678362401 0.25730994152046782197 0.23976608187134501593 0.23976608187134501593 0.23976608187134501593 0.26900584795321635934 0.43859649122807015109 0.66666666666666662966 0.85964912280701755165
-9999 -9999 -9999 -9999 -9999 0.017543859649122806044 0.023391812865497074725 0.029239766081871343406 0.070175438596491224175 0.11695906432748537362 0.21052631578947367252 0.14035087719298244835 0.064327485380116955493 0.064327485380116955493 0.04678362573099414945 0.029239766081871343406 0.058479532163742686812 0.16374269005847952307 0.19883040935672513516 0.43274853801169588241 0.57309941520467833076 0.69590643274853802858 0.73684210526315785383 0.76608187134502925275 0.79532163742690054065 0.87719298245614030218 0.94736842105263152636 0.98245614035087713845 0.935672514619882989 0.90058479532163737691 0.79532163742690054065 0.75438596491228071539 0.7192982456140351033 0.59649122807017540548 0.48538011695906430054 0.43859649122807015109 0.3742690058479531956 0.36842105263157892692 0.32163742690058477747 0.26900584795321635934 0.25730994152046782197 0.29239766081871343406 0.43274853801169588241 0.69005847953216370438 0.75438596491228071539
