Example/niche_background/models/ENFA/Anolis_coelestinus_1.asc
ncols        743
nrows        319
xllcorner    -74.500956448335
yllcorner    17.448920549066
cellsize     0.008333333333
NODATA_value  -9999
[rows 160 to 179 of 319, columns 450 to 494 of 743]
0.04678362573099414945 0.017543859649122806044 0.017543859649122806044 0.017543859649122806044 0.0058479532163742686812 0.0058479532163742686812 0.0058479532163742686812 0.0058479532163742686812 0.017543859649122806044 0.0058479532163742686812 0.0058479532163742686812 0.011695906432748537362 0.0058479532163742686812 0.0058479532163742686812 0.0058479532163742686812 0.0058479532163742686812 0.0058479532163742686812 0.0058479532163742686812 0.0058479532163742686812 0.017543859649122806044 0.017543859649122806044 0.0058479532163742686812 0.017543859649122806044 0.017543859649122806044 0.023391812865497074725 0.023391812865497074725 0.052631578947368418131 0.058479532163742686812 0.04678362573099414945 0.023391812865497074725 0.023391812865497074725 0.023391812865497074725 0.052631578947368418131 0.058479532163742686812 0.13450292397660817967 0.14619883040935671703 0.14035087719298244835 0.099415204678362567581 0.14035087719298244835 0.11695906432748537362 0.058479532163742686812 0.076023391812865492856 0.13450292397660817967 0.18128654970760232912 0.23391812865497074725
0.023391812865497074725 0.023391812865497074725 0.023391812865497074725 0.011695906432748537362 0.0058479532163742686812 0.017543859649122806044 0.017543859649122806044 0.0058479532163742686812 0.017543859649122806044 0.011695906432748537362 0.017543859649122806044 0.017543859649122806044 0.0058479532163742686812 0.0058479532163742686812 0.0058479532163742686812 0.0058479532163742686812 0.011695906432748537362 0.023391812865497074725 0.017543859649122806044 0.023391812865497074725 0.023391812865497074725 0.017543859649122806044 0.0058479532163742686812 0.017543859649122806044 0.04678362573099414945 0.052631578947368418131 0.058479532163742686812 0.058479532163742686812 0.052631578947368418131 0.023391812865497074725 0.052631578947368418131 0.023391812865497074725 0.04678362573099414945 0.0935672514619882989 0.14035087719298244835 0.099415204678362567581 0.13450292397660817967 0.15789473684210525439 0.13450292397660817967 0.076023391812865492856 0.058479532163742686812 0.064327485380116955493 0.076023391812865492856 0.0935672514619882989 0.14619883040935671703
0.052631578947368418131 0.023391812865497074725 0.023391812865497074725 0.017543859649122806044 0.017543859649122806044 0.023391812865497074725 0.023391812865497074725 0.017543859649122806044 0.017543859649122806044 0.011695906432748537362 0.017543859649122806044 0.017543859649122806044 0.011695906432748537362 0.0058479532163742686812 0.0058479532163742686812 0.0058479532163742686812 0.0058479532163742686812 0.0058479532163742686812 0.017543859649122806044 0.017543859649122806044 0.023391812865497074725 0.023391812865497074725 0.0058479532163742686812 0.023391812865497074725 0.04678362573099414945 0.058479532163742686812 0.052631578947368418131 0.052631578947368418131 0.058479532163742686812 0.052631578947368418131 0.023391812865497074725 0.04678362573099414945 0.035087719298245612087 0.076023391812865492856 0.0935672514619882989 0.0935672514619882989 0.14035087719298244835 0.18128654970760232912 0.14035087719298244835 0.099415204678362567581 0.076023391812865492856 0.058479532163742686812 0.058479532163742686812 0.058479532163742686812 0.15204678362573098571
0.023391812865497074725 0.023391812865497074725 0.023391812865497074725 0.023391812865497074725 0.023391812865497074725 0.017543859649122806044 0.023391812865497074725 0.023391812865497074725 0.017543859649122806044 0.017543859649122806044 0.017543859649122806044 0.017543859649122806044 0.017543859649122806044 0.017543859649122806044 0.0058479532163742686812 0.0058479532163742686812 0.0058479532163742686812 0.0058479532163742686812 0.0058479532163742686812 0.0058479532163742686812 0.023391812865497074725 0.052631578947368418131 0.023391812865497074725 0.052631578947368418131 0.040935672514619880769 0.058479532163742686812 0.058479532163742686812 0.052631578947368418131 0.099415204678362567581 0.076023391812865492856 0.0935672514619882989 0.04678362573099414945 0.064327485380116955493 0.052631578947368418131 0.058479532163742686812 0.087719298245614030218 0.12280701754385964231 0.19883040935672513516 0.18128654970760232912 0.13450292397660817967 0.10526315789473683626 0.12280701754385964231 0.0935672514619882989 0.058479532163742686812 0.14035087719298244835
0.04678362573099414945 0.017543859649122806044 0.023391812865497074725 0.023391812865497074725 0.029239766081871343406 0.017543859649122806044 0.023391812865497074725 0.017543859649122806044 0.017543859649122806044 0.017543859649122806044 0.017543859649122806044 0.017543859649122806044 0.017543859649122806044 0.017543859649122806044 0.0058479532163742686812 0.0058479532163742686812 0.0058479532163742686812 0.0058479532163742686812 0.0058479532163742686812 0.0058479532163742686812 0.0058479532163742686812 0.017543859649122806044 0.017543859649122806044 0.023391812865497074725 0.058479532163742686812 0.076023391812865492856 0.0935672514619882989 0.058479532163742686812 0.058479532163742686812 0.13450292397660817967 0.076023391812865492856 0.076023391812865492856 0.14035087719298244835 0.099415204678362567581 0.0935672514619882989 0.14035087719298244835 0.19298245614035086648 0.25146198830409355329 0.21637426900584794121 0.15789473684210525439 0.14619883040935671703 0.15789473684210525439 0.14035087719298244835 0.12280701754385964231 0.12865497076023391099
0.017543859649122806044 0.023391812865497074725 0.052631578947368418131 0.017543859649122806044 0.052631578947368418131 0.052631578947368418131 0.052631578947368418131 0.023391812865497074725 0.017543859649122806044 0.017543859649122806044 0.017543859649122806044 0.017543859649122806044 0.017543859649122806044 0.017543859649122806044 0.0058479532163742686812 0.0058479532163742686812 0.0058479532163742686812 0.0058479532163742686812 0.0058479532163742686812 0.0058479532163742686812 0.017543859649122806044 0.023391812865497074725 0.052631578947368418131 0.052631578947368418131 0.058479532163742686812 0.076023391812865492856 0.12280701754385964231 0.076023391812865492856 0.0935672514619882989 0.15789473684210525439 0.14035087719298244835 0.16959064327485379176 0.15789473684210525439 0.22222222222222220989 0.14619883040935671703 0.14035087719298244835 0.18128654970760232912 0.28654970760233916538 0.3099415204678362401 0.25146198830409355329 0.28654970760233916538 0.23391812865497074725 0.15789473684210525439 0.14035087719298244835 0.0935672514619882989
0.023391812865497074725 0.023391812865497074725 0.058479532163742686812 0.023391812865497074725 0.058479532163742686812 0.04678362573099414945 0.017543859649122806044 0.017543859649122806044 0.023391812865497074725 0.017543859649122806044 0.023391812865497074725 0.023391812865497074725 0.017543859649122806044 0.023391812865497074725 0.017543859649122806044 0.0058479532163742686812 0.0058479532163742686812 0.0058479532163742686812 0.0058479532163742686812 0.017543859649122806044 0.017543859649122806044 0.023391812865497074725 0.052631578947368418131 0.052631578947368418131 0.04678362573099414945 0.052631578947368418131 0.12280701754385964231 0.13450292397660817967 0.14035087719298244835 0.15789473684210525439 0.058479532163742686812 0.12280701754385964231 0.18128654970760232912 0.25146198830409355329 0.25146198830409355329 0.21637426900584794121 0.25730994152046782197 0.33918128654970758351 0.35087719298245612087 0.33918128654970758351 0.32748538011695904615 0.18128654970760232912 0.18128654970760232912 0.14035087719298244835 0.099415204678362567581
0.023391812865497074725 0.052631578947368418131 0.052631578947368418131 0.023391812865497074725 0.035087719298245612087 0.023391812865497074725 0.017543859649122806044 0.023391812865497074725 0.023391812865497074725 0.023391812865497074725 0.023391812865497074725 0.023391812865497074725 0.04678362573099414945 0.017543859649122806044 0.052631578947368418131 0.017543859649122806044 0.0058479532163742686812 0.0058479532163742686812 0.0058479532163742686812 0.011695906432748537362 0.017543859649122806044 0.052631578947368418131 0.035087719298245612087 0.035087719298245612087 0.052631578947368418131 0.076023391812865492856 0.0935672514619882989 0.14035087719298244835 0.0935672514619882989 0.0935672514619882989 0.076023391812865492856 0.12280701754385964231 0.18128654970760232912 0.1871345029239765978 0.27485380116959062802 0.32748538011695904615 0.35672514619883038955 0.35672514619883038955 0.35087719298245612087 0.35672514619883038955 0.33918128654970758351 0.25146198830409355329 0.21637426900584794121 0.14035087719298244835 0.0935672514619882989
0.052631578947368418131 0.052631578947368418131 0.058479532163742686812 0.052631578947368418131 0.058479532163742686812 0.023391812865497074725 0.023391812865497074725 0.04678362573099414945 0.017543859649122806044 0.023391812865497074725 0.023391812865497074725 0.023391812865497074725 0.035087719298245612087 0.052631578947368418131 0.023391812865497074725 0.023391812865497074725 0.011695906432748537362 0.0058479532163742686812 0.0058479532163742686812 0.011695906432748537362 0.023391812865497074725 0.023391812865497074725 0.023391812865497074725 0.035087719298245612087 0.04678362573099414945 0.052631578947368418131 0.070175438596491224175 0.052631578947368418131 0.058479532163742686812 0.076023391812865492856 0.058479532163742686812 0.070175438596491224175 0.064327485380116955493 0.12280701754385964231 0.28654970760233916538 0.35087719298245612087 0.38011695906432746428 0.4678362573099414945 0.35672514619883038955 0.35087719298245612087 0.33918128654970758351 0.25730994152046782197 0.16959064327485379176 0.12865497076023391099 0.0935672514619882989
0.058479532163742686812 0.052631578947368418131 0.023391812865497074725 0.023391812865497074725 0.023391812865497074725 0.076023391812865492856 0.052631578947368418131 0.052631578947368418131 0.035087719298245612087 0.029239766081871343406 0.035087719298245612087 0.023391812865497074725 0.052631578947368418131 0.052631578947368418131 0.052631578947368418131 0.052631578947368418131 0.023391812865497074725 0.011695906432748537362 0.011695906432748537362 0.0058479532163742686812 0.017543859649122806044 0.017543859649122806044 0.017543859649122806044 0.017543859649122806044 0.035087719298245612087 0.058479532163742686812 0.058479532163742686812 0.052631578947368418131 0.052631578947368418131 0.076023391812865492856 0.058479532163742686812 0.076023391812865492856 0.12280701754385964231 0.10526315789473683626 0.20467836257309940384 0.39181286549707600164 0.42105263157894734505 0.44444444444444441977 0.35087719298245612087 0.26900584795321635934 0.19298245614035086648 0.19883040935672513516 0.15789473684210525439 0.15204678362573098571 0.14619883040935671703
0.052631578947368418131 0.029239766081871343406 0.023391812865497074725 0.023391812865497074725 0.023391812865497074725 0.052631578947368418131 0.058479532163742686812 0.052631578947368418131 0.052631578947368418131 0.040935672514619880769 0.052631578947368418131 0.023391812865497074725 0.023391812865497074725 0.023391812865497074725 0.029239766081871343406 0.04678362573099414945 0.04678362573099414945 0.017543859649122806044 0.017543859649122806044 0.017543859649122806044 0.017543859649122806044 0.023391812865497074725 0.035087719298245612087 0.023391812865497074725 0.052631578947368418131 0.052631578947368418131 0.052631578947368418131 0.058479532163742686812 0.058479532163742686812 0.052631578947368418131 0.052631578947368418131 0.058479532163742686812 0.0935672514619882989 0.16959064327485379176 0.18128654970760232912 0.31578947368421050879 0.39181286549707600164 0.34502923976608185219 0.19298245614035086648 0.15789473684210525439 0.14035087719298244835 0.12865497076023391099 0.14035087719298244835 0.15789473684210525439 0.15204678362573098571
0.058479532163742686812 0.058479532163742686812 0.058479532163742686812 0.064327485380116955493 0.023391812865497074725 0.023391812865497074725 0.04678362573099414945 0.04678362573099414945 0.040935672514619880769 0.023391812865497074725 0.023391812865497074725 0.023391812865497074725 0.017543859649122806044 0.023391812865497074725 0.023391812865497074725 0.017543859649122806044 0.052631578947368418131 0.023391812865497074725 0.023391812865497074725 0.023391812865497074725 0.023391812865497074725 0.023391812865497074725 0.023391812865497074725 0.052631578947368418131 0.052631578947368418131 0.052631578947368418131 0.058479532163742686812 0.052631578947368418131 0.052631578947368418131 0.058479532163742686812 0.058479532163742686812 0.076023391812865492856 0.0935672514619882989 0.18128654970760232912 0.27485380116959062802 0.35087719298245612087 0.34502923976608185219 0.18128654970760232912 0.19883040935672513516 0.18128654970760232912 0.15204678362573098571 0.18128654970760232912 0.15789473684210525439 0.1871345029239765978 0.16374269005847952307
0.040935672514619880769 0.040935672514619880769 0.052631578947368418131 0.052631578947368418131 0.076023391812865492856 0.035087719298245612087 0.040935672514619880769 0.04678362573099414945 0.023391812865497074725 0.035087719298245612087 0.017543859649122806044 0.017543859649122806044 0.0058479532163742686812 0.011695906432748537362 0.023391812865497074725 0.017543859649122806044 0.023391812865497074725 0.023391812865497074725 0.017543859649122806044 0.017543859649122806044 0.023391812865497074725 0.052631578947368418131 0.035087719298245612087 0.058479532163742686812 0.058479532163742686812 0.058479532163742686812 0.052631578947368418131 0.052631578947368418131 0.058479532163742686812 0.0935672514619882989 0.076023391812865492856 0.099415204678362567581 0.19883040935672513516 0.29239766081871343406 0.36842105263157892692 0.35672514619883038955 0.28654970760233916538 0.15789473684210525439 0.13450292397660817967 0.16959064327485379176 0.18128654970760232912 0.18128654970760232912 0.18128654970760232912 0.20467836257309940384 0.18128654970760232912
0.052631578947368418131 0.029239766081871343406 0.023391812865497074725 0.023391812865497074725 0.04678362573099414945 0.035087719298245612087 0.035087719298245612087 0.023391812865497074725 0.023391812865497074725 0.023391812865497074725 0.052631578947368418131 0.052631578947368418131 0.023391812865497074725 0.017543859649122806044 0.017543859649122806044 0.0058479532163742686812 0.017543859649122806044 0.017543859649122806044 0.017543859649122806044 0.023391812865497074725 0.023391812865497074725 0.058479532163742686812 0.076023391812865492856 0.076023391812865492856 0.0935672514619882989 0.0935672514619882989 0.076023391812865492856 0.052631578947368418131 0.058479532163742686812 0.064327485380116955493 0.0935672514619882989 0.18128654970760232912 0.21637426900584794121 0.32163742690058477747 0.26900584795321635934 0.25146198830409355329 0.14035087719298244835 0.076023391812865492856 0.099415204678362567581 0.0935672514619882989 0.12280701754385964231 0.13450292397660817967 0.15204678362573098571 0.18128654970760232912 0.19298245614035086648
0.035087719298245612087 0.023391812865497074725 0.023391812865497074725 0.052631578947368418131 0.035087719298245612087 0.023391812865497074725 0.04678362573099414945 0.023391812865497074725 0.023391812865497074725 0.058479532163742686812 0.058479532163742686812 0.023391812865497074725 0.023391812865497074725 0.017543859649122806044 0.017543859649122806044 0.0058479532163742686812 0.0058479532163742686812 0.011695906432748537362 0.023391812865497074725 0.017543859649122806044 0.023391812865497074725 0.035087719298245612087 0.04678362573099414945 0.052631578947368418131 0.076023391812865492856 0.14035087719298244835 0.076023391812865492856 0.052631578947368418131 0.058479532163742686812 0.058479532163742686812 0.13450292397660817967 0.14035087719298244835 0.10526315789473683626 0.18128654970760232912 0.31578947368421050879 0.35087719298245612087 0.19883040935672513516 0.0935672514619882989 0.0935672514619882989 0.0935672514619882989 0.099415204678362567581 0.14035087719298244835 0.13450292397660817967 0.15789473684210525439 0.22222222222222220989
0.052631578947368418131 0.023391812865497074725 0.023391812865497074725 0.023391812865497074725 0.023391812865497074725 0.023391812865497074725 0.040935672514619880769 0.023391812865497074725 0.017543859649122806044 0.058479532163742686812 0.058479532163742686812 0.058479532163742686812 0.052631578947368418131 0.017543859649122806044 0.017543859649122806044 0.0058479532163742686812 0.011695906432748537362 0.0058479532163742686812 0.017543859649122806044 0.023391812865497074725 0.023391812865497074725 0.052631578947368418131 0.058479532163742686812 0.058479532163742686812 0.076023391812865492856 0.14619883040935671703 0.12280701754385964231 0.058479532163742686812 0.040935672514619880769 0.070175438596491224175 0.064327485380116955493 0.099415204678362567581 0.12280701754385964231 0.19298245614035086648 0.29239766081871343406 0.35672514619883038955 0.15789473684210525439 0.058479532163742686812 0.14035087719298244835 0.0935672514619882989 0.0935672514619882989 0.14035087719298244835 0.14619883040935671703 0.19298245614035086648 0.25146198830409355329
0.070175438596491224175 0.076023391812865492856 0.023391812865497074725 0.058479532163742686812 0.052631578947368418131 0.040935672514619880769 0.040935672514619880769 0.058479532163742686812 0.023391812865497074725 0.052631578947368418131 0.064327485380116955493 0.064327485380116955493 0.052631578947368418131 0.017543859649122806044 0.017543859649122806044 0.011695906432748537362 0.017543859649122806044 0.017543859649122806044 0.017543859649122806044 0.023391812865497074725 0.052631578947368418131 0.023391812865497074725 0.023391812865497074725 0.058479532163742686812 0.0935672514619882989 0.18128654970760232912 0.0935672514619882989 0.058479532163742686812 0.052631578947368418131 0.058479532163742686812 0.12865497076023391099 0.19298245614035086648 0.19883040935672513516 0.25146198830409355329 0.26900584795321635934 0.49122807017543856922 0.22222222222222220989 0.10526315789473683626 0.14035087719298244835 0.14035087719298244835 0.0935672514619882989 0.16959064327485379176 0.16959064327485379176 0.18128654970760232912 0.18128654970760232912
0.0935672514619882989 0.0935672514619882989 0.058479532163742686812 0.052631578947368418131 0.058479532163742686812 0.070175438596491224175 0.035087719298245612087 0.052631578947368418131 0.076023391812865492856 0.058479532163742686812 0.076023391812865492856 0.076023391812865492856 0.0935672514619882989 0.058479532163742686812 0.017543859649122806044 0.017543859649122806044 0.0058479532163742686812 0.0058479532163742686812 0.023391812865497074725 0.052631578947368418131 0.017543859649122806044 0.017543859649122806044 0.023391812865497074725 0.023391812865497074725 0.058479532163742686812 0.16959064327485379176 0.14035087719298244835 0.076023391812865492856 0.052631578947368418131 0.058479532163742686812 0.076023391812865492856 0.14619883040935671703 0.15789473684210525439 0.25146198830409355329 0.33918128654970758351 0.38011695906432746428 0.35087719298245612087 0.25146198830409355329 0.15789473684210525439 0.19883040935672513516 0.14035087719298244835 0.19883040935672513516 0.14035087719298244835 0.10526315789473683626 0.14035087719298244835
0.14035087719298244835 0.0935672514619882989 0.0935672514619882989 0.058479532163742686812 0.052631578947368418131 0.064327485380116955493 0.0935672514619882989 0.052631578947368418131 0.076023391812865492856 0.076023391812865492856 0.10526315789473683626 0.076023391812865492856 0.058479532163742686812 0.052631578947368418131 0.058479532163742686812 0.023391812865497074725 0.023391812865497074725 0.029239766081871343406 0.023391812865497074725 0.052631578947368418131 0.064327485380116955493 0.052631578947368418131 0.023391812865497074725 0.04678362573099414945 0.11695906432748537362 0.19883040935672513516 0.14035087719298244835 0.076023391812865492856 0.070175438596491224175 0.10526315789473683626 0.0935672514619882989 0.14035087719298244835 0.14035087719298244835 0.25146198830409355329 0.35087719298245612087 0.32163742690058477747 0.30409356725146197142 0.52631578947368418131 0.49122807017543856922 0.25146198830409355329 0.34502923976608185219 0.35672514619883038955 0.15204678362573098571 0.10526315789473683626 0.11695906432748537362
0.076023391812865492856 0.099415204678362567581 0.11695906432748537362 0.0935672514619882989 0.052631578947368418131 0.076023391812865492856 0.0935672514619882989 0.0935672514619882989 0.070175438596491224175 0.099415204678362567581 0.10526315789473683626 0.099415204678362567581 0.064327485380116955493 0.0935672514619882989 0.076023391812865492856 0.052631578947368418131 0.058479532163742686812 0.058479532163742686812 0.023391812865497074725 0.0935672514619882989 0.076023391812865492856 0.035087719298245612087 0.0935672514619882989 0.14035087719298244835 0.18128654970760232912 0.18128654970760232912 0.19883040935672513516 0.12280701754385964231 0.12280701754385964231 0.15789473684210525439 0.15789473684210525439 0.15789473684210525439 0.14619883040935671703 0.26900584795321635934 0.26900584795321635934 0.35672514619883038955 0.19883040935672513516 0.29824561403508770274 0.36842105263157892692 0.35087719298245612087 0.29824561403508770274 0.45614035087719295714 0.18128654970760232912 0.15204678362573098571 0.18128654970760232912
