Example/niche_background/models/ENFA/Anolis_chlorocyanus_1.asc
ncols        743
nrows        319
xllcorner    -74.500956448335
yllcorner    17.448920549066
cellsize     0.008333333333
NODATA_value  -9999
[rows 42 to 62 of 319, columns 423 to 469 of 743]
0.11832061068702290352 0.10305343511450382188 0.087786259541984726362 0.1488549618320610668 0.14122137404580153985 0.095419847328244281059 0.1106870229007633627 0.10305343511450382188 0.083969465648854962891 0.091603053435114503711 0.068702290076335881253 0.080152671755725185543 0.080152671755725185543 0.061068702290076333494 0.09923664122137404453 0.095419847328244281059 0.087786259541984726362 0.057251908396946563085 0.068702290076335881253 0.049618320610687022265 0.072519083969465644723 0.049618320610687022265 0.068702290076335881253 0.057251908396946563085 0.072519083969465644723 0.095419847328244281059 0.072519083969465644723 0.057251908396946563085 0.068702290076335881253 0.095419847328244281059 0.095419847328244281059 0.1488549618320610668 0.14503816793893128945 0.10687022900763358535 0.095419847328244281059 0.061068702290076333494 0.049618320610687022265 0.057251908396946563085 0.041984732824427481446 0.041984732824427481446 0.049618320610687022265 0.12595419847328243046 0.041984732824427481446 0.038167938931297711036 0.038167938931297711036 0.10687022900763358535 0.13358778625954198516
0.095419847328244281059 0.095419847328244281059 0.10687022900763358535 0.16030534351145037109 0.11450381679389312617 0.095419847328244281059 0.13358778625954198516 0.10687022900763358535 0.10687022900763358535 0.091603053435114503711 0.091603053435114503711 0.095419847328244281059 0.072519083969465644723 0.091603053435114503711 0.068702290076335881253 0.083969465648854962891 0.072519083969465644723 0.083969465648854962891 0.10305343511450382188 0.095419847328244281059 0.091603053435114503711 0.080152671755725185543 0.072519083969465644723 0.083969465648854962891 0.083969465648854962891 0.095419847328244281059 0.095419847328244281059 0.076335877862595422072 0.083969465648854962891 0.095419847328244281059 0.087786259541984726362 0.057251908396946563085 0.064885496183206103904 0.072519083969465644723 0.072519083969465644723 0.057251908396946563085 0.049618320610687022265 0.13358778625954198516 0.038167938931297711036 0.041984732824427481446 0.041984732824427481446 0.041984732824427481446 0.049618320610687022265 0.049618320610687022265 0.045801526717557251855 0.041984732824427481446 0.041984732824427481446
0.16412213740458014843 0.16412213740458014843 0.1106870229007633627 0.15267175572519084414 0.09923664122137404453 0.1106870229007633627 0.1488549618320610668 0.13358778625954198516 0.1488549618320610668 0.10305343511450382188 0.095419847328244281059 0.095419847328244281059 0.10687022900763358535 0.083969465648854962891 0.087786259541984726362 0.083969465648854962891 0.083969465648854962891 0.083969465648854962891 0.095419847328244281059 0.10687022900763358535 0.091603053435114503711 0.083969465648854962891 0.095419847328244281059 0.095419847328244281059 0.095419847328244281059 0.095419847328244281059 0.10687022900763358535 0.10687022900763358535 0.091603053435114503711 0.095419847328244281059 0.095419847328244281059 0.080152671755725185543 0.057251908396946563085 0.087786259541984726362 0.057251908396946563085 0.057251908396946563085 0.057251908396946563085 0.061068702290076333494 0.049618320610687022265 0.057251908396946563085 0.061068702290076333494 0.057251908396946563085 0.049618320610687022265 0.049618320610687022265 0.049618320610687022265 0.045801526717557251855 0.14503816793893128945
0.10687022900763358535 0.095419847328244281059 0.16030534351145037109 0.1106870229007633627 0.1106870229007633627 0.095419847328244281059 0.12595419847328243046 0.1488549618320610668 0.13358778625954198516 0.10687022900763358535 0.10687022900763358535 0.10687022900763358535 0.087786259541984726362 0.087786259541984726362 0.095419847328244281059 0.061068702290076333494 0.091603053435114503711 0.095419847328244281059 0.087786259541984726362 0.057251908396946563085 0.13358778625954198516 0.095419847328244281059 0.095419847328244281059 0.12977099236641220781 0.095419847328244281059 0.11832061068702290352 0.11450381679389312617 0.13358778625954198516 0.095419847328244281059 0.091603053435114503711 0.095419847328244281059 0.095419847328244281059 0.095419847328244281059 0.095419847328244281059 0.087786259541984726362 0.072519083969465644723 0.087786259541984726362 0.068702290076335881253 0.083969465648854962891 0.072519083969465644723 0.061068702290076333494 0.057251908396946563085 0.057251908396946563085 0.049618320610687022265 0.049618320610687022265 0.049618320610687022265 0.049618320610687022265
0.20229007633587786641 0.1106870229007633627 0.12595419847328243046 0.1488549618320610668 0.13358778625954198516 0.1106870229007633627 0.14503816793893128945 0.16412213740458014843 0.10687022900763358535 0.095419847328244281059 0.10687022900763358535 0.1106870229007633627 0.10305343511450382188 0.10687022900763358535 0.095419847328244281059 0.083969465648854962891 0.10305343511450382188 0.095419847328244281059 0.076335877862595422072 0.095419847328244281059 0.10305343511450382188 0.087786259541984726362 0.095419847328244281059 0.12977099236641220781 0.14122137404580153985 0.16793893129770992578 0.13358778625954198516 0.1106870229007633627 0.095419847328244281059 0.095419847328244281059 0.095419847328244281059 0.083969465648854962891 0.095419847328244281059 0.095419847328244281059 0.095419847328244281059 0.095419847328244281059 0.087786259541984726362 0.087786259541984726362 0.095419847328244281059 0.072519083969465644723 0.068702290076335881253 0.057251908396946563085 0.1488549618320610668 0.053435114503816792675 0.057251908396946563085 0.057251908396946563085 0.057251908396946563085
0.16412213740458014843 0.13358778625954198516 0.13358778625954198516 0.095419847328244281059 0.16793893129770992578 0.10687022900763358535 0.095419847328244281059 0.1488549618320610668 0.16793893129770992578 0.10687022900763358535 0.095419847328244281059 0.080152671755725185543 0.13358778625954198516 0.1488549618320610668 0.10687022900763358535 0.1106870229007633627 0.095419847328244281059 0.09923664122137404453 0.095419847328244281059 0.087786259541984726362 0.095419847328244281059 0.09923664122137404453 0.072519083969465644723 0.10687022900763358535 0.083969465648854962891 0.1488549618320610668 0.1488549618320610668 0.1488549618320610668 0.095419847328244281059 0.10687022900763358535 0.1106870229007633627 0.091603053435114503711 0.095419847328244281059 0.068702290076335881253 0.095419847328244281059 0.083969465648854962891 0.083969465648854962891 0.091603053435114503711 0.083969465648854962891 0.087786259541984726362 0.076335877862595422072 0.076335877862595422072 0.16412213740458014843 0.068702290076335881253 0.057251908396946563085 0.057251908396946563085 0.16793893129770992578
0.18702290076335878477 0.16412213740458014843 0.19847328244274808906 0.1488549618320610668 0.17557251908396945272 0.1106870229007633627 0.17557251908396945272 0.19465648854961831171 0.17557251908396945272 0.16793893129770992578 0.1488549618320610668 0.12977099236641220781 0.11832061068702290352 0.1488549618320610668 0.095419847328244281059 0.10687022900763358535 0.091603053435114503711 0.095419847328244281059 0.1106870229007633627 0.1106870229007633627 0.10305343511450382188 0.095419847328244281059 0.10687022900763358535 0.095419847328244281059 0.080152671755725185543 0.095419847328244281059 0.18320610687022900742 0.1488549618320610668 0.12977099236641220781 0.095419847328244281059 0.11450381679389312617 0.095419847328244281059 0.095419847328244281059 0.091603053435114503711 0.10687022900763358535 0.095419847328244281059 0.083969465648854962891 0.083969465648854962891 0.095419847328244281059 0.091603053435114503711 0.080152671755725185543 0.072519083969465644723 0.14122137404580153985 0.072519083969465644723 0.072519083969465644723 0.061068702290076333494 0.061068702290076333494
0.20229007633587786641 0.21755725190839694805 0.20229007633587786641 0.20229007633587786641 0.23282442748091602969 0.17557251908396945272 0.16793893129770992578 0.19847328244274808906 0.10305343511450382188 0.1488549618320610668 0.10687022900763358535 0.095419847328244281059 0.16793893129770992578 0.16793893129770992578 0.10687022900763358535 0.12977099236641220781 0.1488549618320610668 0.083969465648854962891 0.095419847328244281059 0.13358778625954198516 0.083969465648854962891 0.10687022900763358535 0.095419847328244281059 0.10687022900763358535 0.095419847328244281059 0.13358778625954198516 0.13358778625954198516 0.1488549618320610668 0.13358778625954198516 0.10305343511450382188 0.14503816793893128945 0.1488549618320610668 0.095419847328244281059 0.1106870229007633627 0.10687022900763358535 0.095419847328244281059 0.091603053435114503711 0.083969465648854962891 0.083969465648854962891 0.087786259541984726362 0.083969465648854962891 0.080152671755725185543 0.080152671755725185543 0.080152671755725185543 0.064885496183206103904 0.076335877862595422072 0.072519083969465644723
0.17557251908396945272 0.16412213740458014843 0.18702290076335878477 0.11832061068702290352 0.19465648854961831171 0.22519083969465647499 0.19083969465648856212 0.18320610687022900742 0.16793893129770992578 0.1488549618320610668 0.095419847328244281059 0.12977099236641220781 0.1488549618320610668 0.1488549618320610668 0.1488549618320610668 0.091603053435114503711 0.091603053435114503711 0.083969465648854962891 0.087786259541984726362 0.11450381679389312617 0.095419847328244281059 0.1106870229007633627 0.091603053435114503711 0.10687022900763358535 0.1106870229007633627 0.087786259541984726362 0.083969465648854962891 0.1488549618320610668 0.1488549618320610668 0.12977099236641220781 0.1488549618320610668 0.1488549618320610668 0.095419847328244281059 0.1488549618320610668 0.13358778625954198516 0.1106870229007633627 0.13358778625954198516 0.10687022900763358535 0.10305343511450382188 0.09923664122137404453 0.091603053435114503711 0.095419847328244281059 0.091603053435114503711 0.083969465648854962891 0.080152671755725185543 0.076335877862595422072 0.072519083969465644723
0.2137404580152671707 0.16793893129770992578 0.095419847328244281059 0.10305343511450382188 0.1106870229007633627 0.1488549618320610668 0.20229007633587786641 0.20229007633587786641 0.20229007633587786641 0.12977099236641220781 0.10687022900763358535 0.17557251908396945272 0.1488549618320610668 0.16412213740458014843 0.16793893129770992578 0.1106870229007633627 0.12977099236641220781 0.1106870229007633627 0.1488549618320610668 0.16412213740458014843 0.095419847328244281059 0.10305343511450382188 0.1488549618320610668 0.095419847328244281059 0.1488549618320610668 0.16793893129770992578 0.1106870229007633627 0.1106870229007633627 0.1488549618320610668 0.12977099236641220781 0.1488549618320610668 0.16793893129770992578 0.10305343511450382188 0.1488549618320610668 0.1106870229007633627 0.16793893129770992578 0.1488549618320610668 0.13358778625954198516 0.16412213740458014843 0.10305343511450382188 0.12977099236641220781 0.1106870229007633627 0.11450381679389312617 0.10305343511450382188 0.091603053435114503711 0.080152671755725185543 0.080152671755725185543
0.22519083969465647499 0.20229007633587786641 0.16793893129770992578 0.087786259541984726362 0.10305343511450382188 0.091603053435114503711 0.16412213740458014843 0.19083969465648856212 0.20229007633587786641 0.15648854961832062149 0.12977099236641220781 0.13740458015267176251 0.1488549618320610668 0.17557251908396945272 0.16793893129770992578 0.16412213740458014843 0.095419847328244281059 0.10687022900763358535 0.1106870229007633627 0.15648854961832062149 0.1488549618320610668 0.095419847328244281059 0.095419847328244281059 0.16412213740458014843 0.10305343511450382188 0.1106870229007633627 0.16793893129770992578 0.16793893129770992578 0.14122137404580153985 0.10687022900763358535 0.1488549618320610668 0.16412213740458014843 0.16793893129770992578 0.1488549618320610668 0.1488549618320610668 0.18702290076335878477 0.16793893129770992578 0.15648854961832062149 0.16793893129770992578 0.12977099236641220781 0.15648854961832062149 0.16412213740458014843 0.15648854961832062149 0.1488549618320610668 0.10305343511450382188 0.10305343511450382188 0.091603053435114503711
0.20992366412213739335 0.20992366412213739335 0.23282442748091602969 0.20229007633587786641 0.16412213740458014843 0.1106870229007633627 0.095419847328244281059 0.16412213740458014843 0.19847328244274808906 0.20229007633587786641 0.17557251908396945272 0.16793893129770992578 0.16793893129770992578 0.17557251908396945272 0.16793893129770992578 0.17557251908396945272 0.14503816793893128945 0.095419847328244281059 0.12595419847328243046 0.15648854961832062149 0.16412213740458014843 0.15648854961832062149 0.14503816793893128945 0.1488549618320610668 0.095419847328244281059 0.13358778625954198516 0.15648854961832062149 0.14503816793893128945 0.15648854961832062149 0.10687022900763358535 0.16793893129770992578 0.1488549618320610668 0.18320610687022900742 0.18702290076335878477 0.20229007633587786641 0.16793893129770992578 0.13358778625954198516 0.16793893129770992578 0.1488549618320610668 0.16412213740458014843 0.16793893129770992578 0.16793893129770992578 0.16793893129770992578 0.17557251908396945272 0.1488549618320610668 0.16412213740458014843 0.12595419847328243046
0.10687022900763358535 0.20229007633587786641 0.22519083969465647499 0.23282442748091602969 0.26717557251908397031 0.19083969465648856212 0.1488549618320610668 0.095419847328244281059 0.10687022900763358535 0.095419847328244281059 0.16030534351145037109 0.15648854961832062149 0.16793893129770992578 0.17557251908396945272 0.20229007633587786641 0.20229007633587786641 0.20229007633587786641 0.11450381679389312617 0.13358778625954198516 0.16030534351145037109 0.1488549618320610668 0.16793893129770992578 0.19847328244274808906 0.20229007633587786641 0.1488549618320610668 0.1488549618320610668 0.16412213740458014843 0.10305343511450382188 0.1488549618320610668 0.16793893129770992578 0.1488549618320610668 0.14122137404580153985 0.16412213740458014843 0.19465648854961831171 0.16412213740458014843 0.16412213740458014843 0.20229007633587786641 0.17557251908396945272 0.18702290076335878477 0.17557251908396945272 0.18320610687022900742 0.1488549618320610668 0.1488549618320610668 0.1488549618320610668 0.16793893129770992578 0.18320610687022900742 0.16793893129770992578
0.080152671755725185543 0.13358778625954198516 0.20992366412213739335 0.12213740458015266699 0.23282442748091602969 0.22519083969465647499 0.2137404580152671707 0.21755725190839694805 0.16793893129770992578 0.16412213740458014843 0.16412213740458014843 0.19465648854961831171 0.20229007633587786641 0.20992366412213739335 0.16793893129770992578 0.16793893129770992578 0.16793893129770992578 0.16793893129770992578 0.18702290076335878477 0.10305343511450382188 0.12977099236641220781 0.19465648854961831171 0.16030534351145037109 0.17557251908396945272 0.16412213740458014843 0.12977099236641220781 0.12595419847328243046 0.1488549618320610668 0.1488549618320610668 0.17557251908396945272 0.16412213740458014843 0.20992366412213739335 0.20229007633587786641 0.16412213740458014843 0.17557251908396945272 0.20229007633587786641 0.18702290076335878477 0.14503816793893128945 0.12213740458015266699 0.16412213740458014843 0.1488549618320610668 0.16793893129770992578 0.16793893129770992578 0.1488549618320610668 0.12213740458015266699 0.1488549618320610668 0.13358778625954198516
0.068702290076335881253 0.095419847328244281059 0.11832061068702290352 0.1488549618320610668 0.23282442748091602969 0.10305343511450382188 0.27099236641221374766 0.22519083969465647499 0.22900763358778625234 0.22900763358778625234 0.17557251908396945272 0.21755725190839694805 0.19847328244274808906 0.20229007633587786641 0.20229007633587786641 0.20229007633587786641 0.18702290076335878477 0.18702290076335878477 0.19465648854961831171 0.16793893129770992578 0.16793893129770992578 0.17557251908396945272 0.14503816793893128945 0.20229007633587786641 0.19847328244274808906 0.20229007633587786641 0.16793893129770992578 0.20229007633587786641 0.18702290076335878477 0.17557251908396945272 0.13358778625954198516 0.19083969465648856212 0.16412213740458014843 0.18702290076335878477 0.17557251908396945272 0.16412213740458014843 0.17557251908396945272 0.20229007633587786641 0.18702290076335878477 0.18320610687022900742 0.20229007633587786641 0.20229007633587786641 0.18320610687022900742 0.14503816793893128945 0.12977099236641220781 0.1106870229007633627 0.09923664122137404453
0.076335877862595422072 0.095419847328244281059 0.095419847328244281059 0.095419847328244281059 0.09923664122137404453 0.16412213740458014843 0.16030534351145037109 0.23282442748091602969 0.2137404580152671707 0.22519083969465647499 0.2137404580152671707 0.16412213740458014843 0.16793893129770992578 0.20229007633587786641 0.19465648854961831171 0.2137404580152671707 0.22519083969465647499 0.20229007633587786641 0.20229007633587786641 0.20229007633587786641 0.15648854961832062149 0.16793893129770992578 0.17557251908396945272 0.17557251908396945272 0.20229007633587786641 0.13358778625954198516 0.20229007633587786641 0.18702290076335878477 0.16793893129770992578 0.16412213740458014843 0.18320610687022900742 0.095419847328244281059 0.16793893129770992578 0.18320610687022900742 0.20229007633587786641 0.20229007633587786641 0.16793893129770992578 0.20229007633587786641 0.20229007633587786641 0.14122137404580153985 0.16793893129770992578 0.20229007633587786641 0.20229007633587786641 0.20229007633587786641 0.16793893129770992578 0.1488549618320610668 0.09923664122137404453
0.087786259541984726362 0.095419847328244281059 0.083969465648854962891 0.091603053435114503711 0.091603053435114503711 0.095419847328244281059 0.14503816793893128945 0.1106870229007633627 0.20229007633587786641 0.24045801526717558438 0.20229007633587786641 0.17557251908396945272 0.15648854961832062149 0.18702290076335878477 0.20992366412213739335 0.2137404580152671707 0.22519083969465647499 0.20229007633587786641 0.20992366412213739335 0.19465648854961831171 0.20229007633587786641 0.20229007633587786641 0.16793893129770992578 0.16793893129770992578 0.16793893129770992578 0.16793893129770992578 0.1488549618320610668 0.20229007633587786641 0.22519083969465647499 0.20229007633587786641 0.16793893129770992578 0.17557251908396945272 0.09923664122137404453 0.20992366412213739335 0.17557251908396945272 0.16793893129770992578 0.20992366412213739335 0.22519083969465647499 0.20229007633587786641 0.18702290076335878477 0.09923664122137404453 0.15267175572519084414 0.17557251908396945272 0.20229007633587786641 0.20229007633587786641 0.19465648854961831171 0.20229007633587786641
0.087786259541984726362 0.061068702290076333494 0.091603053435114503711 0.049618320610687022265 0.080152671755725185543 0.068702290076335881253 0.10305343511450382188 0.19083969465648856212 0.13358778625954198516 0.19083969465648856212 0.16793893129770992578 0.20992366412213739335 0.15648854961832062149 0.18320610687022900742 0.16412213740458014843 0.20992366412213739335 0.16793893129770992578 0.17557251908396945272 0.20229007633587786641 0.16793893129770992578 0.18702290076335878477 0.20229007633587786641 0.20992366412213739335 0.13358778625954198516 0.16793893129770992578 0.17557251908396945272 0.10305343511450382188 0.20229007633587786641 0.19847328244274808906 0.20610687022900764376 0.15648854961832062149 0.20229007633587786641 0.16793893129770992578 0.16793893129770992578 0.20229007633587786641 0.16793893129770992578 0.20229007633587786641 0.22519083969465647499 0.16793893129770992578 0.14122137404580153985 0.17557251908396945272 0.087786259541984726362 0.14122137404580153985 0.16412213740458014843 0.20229007633587786641 0.21755725190839694805 0.20229007633587786641
0.087786259541984726362 0.072519083969465644723 0.091603053435114503711 0.061068702290076333494 0.057251908396946563085 0.080152671755725185543 0.10687022900763358535 0.16793893129770992578 0.13358778625954198516 0.17557251908396945272 0.20229007633587786641 0.14503816793893128945 0.17557251908396945272 0.1488549618320610668 0.16412213740458014843 0.2137404580152671707 0.24045801526717558438 0.27480916030534352501 0.20229007633587786641 0.20610687022900764376 0.16412213740458014843 0.20992366412213739335 0.20229007633587786641 0.20229007633587786641 0.095419847328244281059 0.10305343511450382188 0.083969465648854962891 0.10687022900763358535 0.17557251908396945272 0.19465648854961831171 0.17557251908396945272 0.1488549618320610668 0.17557251908396945272 0.15267175572519084414 0.20229007633587786641 0.20229007633587786641 0.20229007633587786641 0.2137404580152671707 0.22519083969465647499 0.12213740458015266699 0.17557251908396945272 0.16793893129770992578 0.20229007633587786641 0.20229007633587786641 0.20229007633587786641 0.2213740458015267254 0.20992366412213739335
0.057251908396946563085 0.095419847328244281059 0.091603053435114503711 0.072519083969465644723 0.072519083969465644723 0.095419847328244281059 0.09923664122137404453 0.12595419847328243046 0.10305343511450382188 0.1488549618320610668 0.20229007633587786641 0.1488549618320610668 0.20229007633587786641 0.19465648854961831171 0.1488549618320610668 0.20229007633587786641 0.21755725190839694805 0.23282442748091602969 0.16793893129770992578 0.22519083969465647499 0.16793893129770992578 0.20229007633587786641 0.16793893129770992578 0.2137404580152671707 0.16793893129770992578 0.16793893129770992578 0.057251908396946563085 0.068702290076335881253 0.14122137404580153985 0.17557251908396945272 0.15648854961832062149 0.1488549618320610668 0.16793893129770992578 0.16793893129770992578 0.1488549618320610668 0.20229007633587786641 0.22519083969465647499 0.2137404580152671707 0.21755725190839694805 0.22519083969465647499 0.20229007633587786641 0.20229007633587786641 0.18702290076335878477 0.21755725190839694805 0.20992366412213739335 0.23282442748091602969 0.20229007633587786641
0.072519083969465644723 0.061068702290076333494 0.080152671755725185543 0.1106870229007633627 0.12595419847328243046 0.10687022900763358535 0.095419847328244281059 0.1106870229007633627 0.095419847328244281059 0.13358778625954198516 0.1488549618320610668 0.1488549618320610668 0.20229007633587786641 0.19465648854961831171 0.16030534351145037109 0.18320610687022900742 0.22900763358778625234 0.2137404580152671707 0.17557251908396945272 0.22900763358778625234 0.18702290076335878477 0.16793893129770992578 0.20229007633587786641 0.22519083969465647499 0.18320610687022900742 0.1106870229007633627 0.087786259541984726362 0.049618320610687022265 0.091603053435114503711 0.095419847328244281059 0.20229007633587786641 0.15648854961832062149 0.20229007633587786641 0.17557251908396945272 0.19465648854961831171 0.21755725190839694805 0.17557251908396945272 0.20229007633587786641 0.20229007633587786641 0.20229007633587786641 0.20229007633587786641 0.21755725190839694805 0.26717557251908397031 0.21755725190839694805 0.27099236641221374766 0.24809160305343511133 0.22900763358778625234
