Example/niche_background/models/ENFA/Anolis_chlorocyanus.asc
ncols        743
nrows        319
xllcorner    -74.500956448335
yllcorner    17.448920549066
cellsize     0.008333333333
NODATA_value  -9999
[rows 140 to 159 of 319, columns 414 to 459 of 743]
0.011952191235059760749 0.011952191235059760749 0.023904382470119521498 0.051792828685258966714 0.10358565737051793343 0.039840637450199202496 0.043824701195219126215 0.015936254980079680998 0.011952191235059760749 0.075697211155378488212 0.023904382470119521498 0.011952191235059760749 0.0039840637450199202496 0 0 0 0 0.0039840637450199202496 0 0.011952191235059760749 0.011952191235059760749 0.015936254980079680998 0.043824701195219126215 0.043824701195219126215 0.055776892430278883495 0.051792828685258966714 0.035856573705179285716 0.035856573705179285716 0.011952191235059760749 0.0039840637450199202496 0 0.0039840637450199202496 0.011952191235059760749 0.011952191235059760749 0.011952191235059760749 0.0079681274900398404992 0.011952191235059760749 0.015936254980079680998 0.011952191235059760749 0.011952191235059760749 0.011952191235059760749 0.0039840637450199202496 0.011952191235059760749 0.023904382470119521498 0.023904382470119521498 0.023904382470119521498
0.075697211155378488212 0.011952191235059760749 0.027888446215139441747 0.063745019920318723994 0.23505976095617531207 0.063745019920318723994 0.095617529880478085991 0.17131474103585656033 0.075697211155378488212 0.011952191235059760749 0.0039840637450199202496 0 0 0 0 0 0 0.0079681274900398404992 0.011952191235059760749 0.011952191235059760749 0.011952191235059760749 0.011952191235059760749 0.011952191235059760749 0.015936254980079680998 0.047808764940239042995 0.075697211155378488212 0.063745019920318723994 0.023904382470119521498 0.039840637450199202496 0.011952191235059760749 0.0039840637450199202496 0.0039840637450199202496 0.011952191235059760749 0.031872509960159361997 0.011952191235059760749 0.0079681274900398404992 0.011952191235059760749 0.023904382470119521498 0.011952191235059760749 0.0079681274900398404992 0.0039840637450199202496 0.0039840637450199202496 0.011952191235059760749 0.011952191235059760749 0.015936254980079680998 0.027888446215139441747
0.12749003984063744799 0.063745019920318723994 0.011952191235059760749 0.055776892430278883495 0.24701195219123506241 0.17529880478087650486 0.051792828685258966714 0.039840637450199202496 0.011952191235059760749 0.0079681274900398404992 0 0 0 0 0 0 0 0.0039840637450199202496 0.015936254980079680998 0.039840637450199202496 0.039840637450199202496 0.015936254980079680998 0.031872509960159361997 0.011952191235059760749 0.039840637450199202496 0.08764940239043825243 0.055776892430278883495 0.011952191235059760749 0.023904382470119521498 0.0039840637450199202496 0.0039840637450199202496 0.011952191235059760749 0.011952191235059760749 0.035856573705179285716 0.023904382470119521498 0.015936254980079680998 0.023904382470119521498 0.023904382470119521498 0.011952191235059760749 0.015936254980079680998 0.015936254980079680998 0.011952191235059760749 0.011952191235059760749 0.011952191235059760749 0.011952191235059760749 0.015936254980079680998
0.08764940239043825243 0.12749003984063744799 0.063745019920318723994 0.23505976095617531207 0.26294820717131472954 0.051792828685258966714 0.043824701195219126215 0.0039840637450199202496 0.0039840637450199202496 0 0 0 0 0.011952191235059760749 0 0 0 0.0039840637450199202496 0.0079681274900398404992 0.027888446215139441747 0.039840637450199202496 0.055776892430278883495 0.051792828685258966714 0.023904382470119521498 0.039840637450199202496 0.10756972111553785021 0.023904382470119521498 0.015936254980079680998 0.059760956175298807214 0.023904382470119521498 0.011952191235059760749 0.023904382470119521498 0.023904382470119521498 0.011952191235059760749 0.011952191235059760749 0.039840637450199202496 0.031872509960159361997 0.031872509960159361997 0.035856573705179285716 0.035856573705179285716 0.035856573705179285716 0.031872509960159361997 0.023904382470119521498 0.011952191235059760749 0.011952191235059760749 0.015936254980079680998
0.08764940239043825243 0.1872509960159362552 0.13944223107569719833 0.26693227091633464632 0.063745019920318723994 0.075697211155378488212 0.011952191235059760749 0.0079681274900398404992 0 0 0.0079681274900398404992 0.011952191235059760749 0.011952191235059760749 0.011952191235059760749 0.011952191235059760749 0.0039840637450199202496 0.0079681274900398404992 0.0039840637450199202496 0.0079681274900398404992 0.011952191235059760749 0.023904382470119521498 0.075697211155378488212 0.059760956175298807214 0.055776892430278883495 0.075697211155378488212 0.16334661354581672676 0.075697211155378488212 0.08764940239043825243 0.08764940239043825243 0.063745019920318723994 0.015936254980079680998 0.0079681274900398404992 0.023904382470119521498 0.055776892430278883495 0.039840637450199202496 0.039840637450199202496 0.035856573705179285716 0.035856573705179285716 0.039840637450199202496 0.039840637450199202496 0.035856573705179285716 0.031872509960159361997 0.023904382470119521498 0.015936254980079680998 0.011952191235059760749 0.011952191235059760749
0.075697211155378488212 0.12749003984063744799 0.22709163346613545076 0.17131474103585656033 0.075697211155378488212 0.059760956175298807214 0.011952191235059760749 0.015936254980079680998 0.011952191235059760749 0 0 0.011952191235059760749 0.039840637450199202496 0.043824701195219126215 0.023904382470119521498 0.011952191235059760749 0.023904382470119521498 0.0079681274900398404992 0.0079681274900398404992 0.015936254980079680998 0.035856573705179285716 0.035856573705179285716 0.11952191235059761443 0.08764940239043825243 0.16334661354581672676 0.10756972111553785021 0.075697211155378488212 0.075697211155378488212 0.039840637450199202496 0.055776892430278883495 0.063745019920318723994 0.015936254980079680998 0.039840637450199202496 0.019920318725099601248 0.015936254980079680998 0.035856573705179285716 0.031872509960159361997 0.035856573705179285716 0.035856573705179285716 0.031872509960159361997 0.031872509960159361997 0.031872509960159361997 0.023904382470119521498 0.011952191235059760749 0.0079681274900398404992 0.0079681274900398404992
0.011952191235059760749 0.095617529880478085991 0.1872509960159362552 0.32669322709163345353 0.1872509960159362552 0.11553784860557768377 0.063745019920318723994 0.075697211155378488212 0.039840637450199202496 0.015936254980079680998 0.011952191235059760749 0.015936254980079680998 0.011952191235059760749 0.055776892430278883495 0.059760956175298807214 0.047808764940239042995 0.023904382470119521498 0.023904382470119521498 0.015936254980079680998 0.027888446215139441747 0.075697211155378488212 0.055776892430278883495 0.10756972111553785021 0.23505976095617531207 0.055776892430278883495 0.011952191235059760749 0.011952191235059760749 0.035856573705179285716 0.055776892430278883495 0.039840637450199202496 0.059760956175298807214 0.075697211155378488212 0.059760956175298807214 0.035856573705179285716 0.011952191235059760749 0.015936254980079680998 0.023904382470119521498 0.023904382470119521498 0.031872509960159361997 0.015936254980079680998 0.023904382470119521498 0.023904382470119521498 0.011952191235059760749 0.0079681274900398404992 0.0039840637450199202496 0.0039840637450199202496
0.023904382470119521498 0.023904382470119521498 0.059760956175298807214 0.24701195219123506241 0.24701195219123506241 0.24701195219123506241 0.1553784860557768932 0.12749003984063744799 0.015936254980079680998 0.039840637450199202496 0.055776892430278883495 0.039840637450199202496 0.031872509960159361997 0.095617529880478085991 0.1872509960159362552 0.071713147410358571432 0.027888446215139441747 0.011952191235059760749 0.0079681274900398404992 0.015936254980079680998 0.039840637450199202496 0.071713147410358571432 0.063745019920318723994 0.21513944223107570042 0.059760956175298807214 0.011952191235059760749 0 0.0079681274900398404992 0.031872509960159361997 0.051792828685258966714 0.011952191235059760749 0.011952191235059760749 0.011952191235059760749 0.0079681274900398404992 0 0.015936254980079680998 0.027888446215139441747 0.023904382470119521498 0.023904382470119521498 0.011952191235059760749 0.0079681274900398404992 0.011952191235059760749 0.011952191235059760749 0.0079681274900398404992 0 0
0.059760956175298807214 0.059760956175298807214 0.11553784860557768377 0.31872509960159361997 0.24701195219123506241 0.075697211155378488212 0.071713147410358571432 0.071713147410358571432 0.015936254980079680998 0.051792828685258966714 0.08764940239043825243 0.1553784860557768932 0.075697211155378488212 0.24701195219123506241 0.075697211155378488212 0.075697211155378488212 0.055776892430278883495 0.031872509960159361997 0.011952191235059760749 0.011952191235059760749 0.023904382470119521498 0.043824701195219126215 0.1553784860557768932 0.12749003984063744799 0.08764940239043825243 0.039840637450199202496 0.0079681274900398404992 0.0039840637450199202496 0.0079681274900398404992 0.011952191235059760749 0.039840637450199202496 0.011952191235059760749 0 0 0 0.0079681274900398404992 0.0039840637450199202496 0.011952191235059760749 0.015936254980079680998 0.011952191235059760749 0.011952191235059760749 0.0039840637450199202496 0.0039840637450199202496 0.0039840637450199202496 0 0
0.17131474103585656033 0.1872509960159362552 0.1553784860557768932 0.34661354581673309294 0.14741035856573705964 0.1872509960159362552 0.039840637450199202496 0.075697211155378488212 0.055776892430278883495 0.039840637450199202496 0.015936254980079680998 0.08764940239043825243 0.12749003984063744799 0.29083665338645420251 0.095617529880478085991 0.063745019920318723994 0.059760956175298807214 0.015936254980079680998 0.011952191235059760749 0.011952191235059760749 0.039840637450199202496 0.051792828685258966714 0.10756972111553785021 0.15139442231075697642 0.031872509960159361997 0.011952191235059760749 0.0079681274900398404992 0 0.0039840637450199202496 0.0039840637450199202496 0.023904382470119521498 0.011952191235059760749 0.0039840637450199202496 0 0 0 0 0.0039840637450199202496 0.011952191235059760749 0.011952191235059760749 0.015936254980079680998 0.011952191235059760749 0.011952191235059760749 0.011952191235059760749 0.0039840637450199202496 0
0.32270916334661353675 0.29083665338645420251 0.32669322709163345353 0.17529880478087650486 0.095617529880478085991 0.059760956175298807214 0.075697211155378488212 0.13944223107569719833 0.055776892430278883495 0.08764940239043825243 0.059760956175298807214 0.039840637450199202496 0.12749003984063744799 0.29880478087649403607 0.10756972111553785021 0.12749003984063744799 0.10756972111553785021 0.075697211155378488212 0.015936254980079680998 0.011952191235059760749 0.015936254980079680998 0.11155378486055776699 0.31075697211155378641 0.047808764940239042995 0.011952191235059760749 0.0039840637450199202496 0 0 0 0.0079681274900398404992 0.0079681274900398404992 0.011952191235059760749 0.0079681274900398404992 0.0039840637450199202496 0.0039840637450199202496 0 0 0 0.011952191235059760749 0.0039840637450199202496 0.0039840637450199202496 0.0079681274900398404992 0 0.0039840637450199202496 0.0039840637450199202496 0.0039840637450199202496
0.27888446215139439666 0.32669322709163345353 0.28685258964143428573 0.17928286852589642164 0.063745019920318723994 0.08764940239043825243 0.24701195219123506241 0.22709163346613545076 0.12749003984063744799 0.11155378486055776699 0.12749003984063744799 0.08764940239043825243 0.08764940239043825243 0.15139442231075697642 0.37848605577689242718 0.27888446215139439666 0.095617529880478085991 0.083665338645418321772 0.043824701195219126215 0.063745019920318723994 0.055776892430278883495 0.095617529880478085991 0.31474103585657370319 0.10358565737051793343 0.011952191235059760749 0 0 0 0 0.0079681274900398404992 0.0039840637450199202496 0 0.0039840637450199202496 0.0039840637450199202496 0 0 0 0 0 0 0 0 0 0 0.0039840637450199202496 0.0039840637450199202496
0.30278884462151395285 0.32669322709163345353 0.28685258964143428573 0.28685258964143428573 0.19521912350597608876 0.095617529880478085991 0.23505976095617531207 0.30677290836653386963 0.24701195219123506241 0.36254980079681276006 0.10358565737051793343 0.15139442231075697642 0.19123505976095617198 0.071713147410358571432 0.19521912350597608876 0.32669322709163345353 0.1872509960159362552 0.1872509960159362552 0.2509960159362549792 0.42629482071713148406 0.40637450199203190015 0.33466135458167328709 0.16334661354581672676 0.023904382470119521498 0.0039840637450199202496 0.0039840637450199202496 0 0 0 0 0 0 0 0 0 0 0 0 0 0 0 0 0 0 0 0
0.29083665338645420251 0.32669322709163345353 0.19521912350597608876 0.1872509960159362552 0.21513944223107570042 0.14741035856573705964 0.11155378486055776699 0.24701195219123506241 0.39043824701195217752 0.19123505976095617198 0.32270916334661353675 0.19123505976095617198 0.23505976095617531207 0.40637450199203190015 0.33864541832669320387 0.33466135458167328709 0.33466135458167328709 0.36254980079681276006 0.31075697211155378641 0.099601593625498002771 0.11952191235059761443 0.095617529880478085991 0.039840637450199202496 0.0079681274900398404992 0.0039840637450199202496 0.011952191235059760749 0.0039840637450199202496 0 0.0039840637450199202496 0 0 0 0 0 0 0 0 0 0 0 0 0 0 0 0 0
0.37848605577689242718 0.3944223107569720943 0.21513944223107570042 0.26693227091633464632 0.24701195219123506241 0.33466135458167328709 0.22709163346613545076 0.2509960159362549792 0.24701195219123506241 0.32270916334661353675 0.19521912350597608876 0.38247011952191234396 0.57768924302788848824 0.32669322709163345353 0.23505976095617531207 0.10756972111553785021 0.19521912350597608876 0.15139442231075697642 0.24701195219123506241 0.33067729083665337031 0.14741035856573705964 0.039840637450199202496 0.035856573705179285716 0.015936254980079680998 0.023904382470119521498 0.011952191235059760749 0 0.0039840637450199202496 0.0039840637450199202496 0 0.0039840637450199202496 0.0039840637450199202496 0.0039840637450199202496 0 0 0 0 0 0 0 0 0 0 0 0 0
0.36254980079681276006 0.37848605577689242718 0.32270916334661353675 0.4183266932270916505 0.31075697211155378641 0.38247011952191234396 0.41035856573705181694 0.31075697211155378641 0.19521912350597608876 0.31872509960159361997 0.37848605577689242718 0.47011952191235062415 0.38247011952191234396 0.31872509960159361997 0.21513944223107570042 0.19521912350597608876 0.20717131474103586686 0.1872509960159362552 0.08764940239043825243 0.12749003984063744799 0.24701195219123506241 0.12749003984063744799 0.075697211155378488212 0.10756972111553785021 0.039840637450199202496 0.011952191235059760749 0.011952191235059760749 0.011952191235059760749 0.0079681274900398404992 0.011952191235059760749 0.011952191235059760749 0.0039840637450199202496 0.0039840637450199202496 0 0 0.0039840637450199202496 0.0039840637450199202496 0 0 0 0 0 0 0 0 0
0.33864541832669320387 0.1872509960159362552 0.2709163346613545631 0.32669322709163345353 0.31075697211155378641 0.31474103585657370319 0.48207171314741037449 0.42231075697211156728 0.48605577689243029127 0.49800796812749004161 0.36254980079681276006 0.52191235059760954229 0.39840637450199201108 0.31075697211155378641 0.32669322709163345353 0.2509960159362549792 0.24701195219123506241 0.2509960159362549792 0.12749003984063744799 0.071713147410358571432 0.083665338645418321772 0.091633466135458169211 0.23505976095617531207 0.059760956175298807214 0.011952191235059760749 0.023904382470119521498 0.055776892430278883495 0.011952191235059760749 0.0079681274900398404992 0.0079681274900398404992 0.0079681274900398404992 0 0 0.0079681274900398404992 0.011952191235059760749 0.011952191235059760749 0.011952191235059760749 0.011952191235059760749 0 0.0039840637450199202496 0 0 0 0 0 0
0.28685258964143428573 0.28685258964143428573 0.22709163346613545076 0.1553784860557768932 0.17928286852589642164 0.23505976095617531207 0.30677290836653386963 0.40239043824701192786 0.32669322709163345353 0.42629482071713148406 0.29482071713147411929 0.31075697211155378641 0.29083665338645420251 0.29083665338645420251 0.24701195219123506241 0.2709163346613545631 0.18326693227091633842 0.15139442231075697642 0.14741035856573705964 0.075697211155378488212 0.10756972111553785021 0.095617529880478085991 0.051792828685258966714 0.12350597609561753121 0.059760956175298807214 0.063745019920318723994 0.011952191235059760749 0.023904382470119521498 0.0079681274900398404992 0.011952191235059760749 0.015936254980079680998 0.0039840637450199202496 0.0039840637450199202496 0.011952191235059760749 0.011952191235059760749 0 0 0 0 0 0 0 0 0 0 0
0.31075697211155378641 0.29482071713147411929 0.17131474103585656033 0.23505976095617531207 0.24701195219123506241 0.31474103585657370319 0.45019920318725098474 0.42231075697211156728 0.44223107569721115118 0.33466135458167328709 0.47808764940239045771 0.29482071713147411929 0.37848605577689242718 0.29482071713147411929 0.19123505976095617198 0.15139442231075697642 0.099601593625498002771 0.12749003984063744799 0.095617529880478085991 0.1872509960159362552 0.16334661354581672676 0.12749003984063744799 0.15139442231075697642 0.059760956175298807214 0.075697211155378488212 0.055776892430278883495 0.043824701195219126215 0.011952191235059760749 0.011952191235059760749 0.043824701195219126215 0.051792828685258966714 0.015936254980079680998 0.011952191235059760749 0.023904382470119521498 0.011952191235059760749 0.0079681274900398404992 0 0 0 0 0 0 0 0 0 0
0.36254980079681276006 0.33466135458167328709 0.2509960159362549792 0.23505976095617531207 0.36653386454183267684 0.32270916334661353675 0.4183266932270916505 0.43426294820717131762 0.31474103585657370319 0.23505976095617531207 0.31872509960159361997 0.32270916334661353675 0.31872509960159361997 0.22709163346613545076 0.2191235059760956172 0.20318725099601595008 0.17928286852589642164 0.24701195219123506241 0.23505976095617531207 0.31075697211155378641 0.24701195219123506241 0.13147410358565736477 0.2709163346613545631 0.1553784860557768932 0.1872509960159362552 0.059760956175298807214 0.043824701195219126215 0.051792828685258966714 0.075697211155378488212 0.11952191235059761443 0.11155378486055776699 0.075697211155378488212 0.055776892430278883495 0.051792828685258966714 0.011952191235059760749 0.0039840637450199202496 0 0 0 0 0 0 0 0 0 0
