Example/niche_background/models/ENFA/Anolis_chlorocyanus.asc
ncols        743
nrows        319
xllcorner    -74.500956448335
yllcorner    17.448920549066
cellsize     0.008333333333
NODATA_value  -9999
[rows 200 to 219 of 319, columns 368 to 413 of 743]
0.31872509960159361997 0.31075697211155378641 0.36254980079681276006 0.28685258964143428573 0.19123505976095617198 0.31075697211155378641 0.23904382470119522885 0.15139442231075697642 0.2191235059760956172 0.28685258964143428573 0.24701195219123506241 0.1872509960159362552 0.15139442231075697642 0.17131474103585656033 0.23505976095617531207 0.2191235059760956172 0.1553784860557768932 0.21513944223107570042 0.12749003984063744799 0.1553784860557768932 0.17529880478087650486 0.1872509960159362552 0.17529880478087650486 0.1872509960159362552 0.099601593625498002771 0.08764940239043825243 0.13944223107569719833 0.10756972111553785021 0.19123505976095617198 0.23505976095617531207 0.25896414342629481276 0.23505976095617531207 0.36254980079681276006 0.32270916334661353675 0.24701195219123506241 0.50996015936254979195 0.2509960159362549792 0.59362549800796815536 0.3944223107569720943 0.49003984063745020805 0.66135458167330674062 0.75298804780876493759 0.75697211155378485437 0.709163346613545853 0.67729083665338640774 0.66932270916334657418
0.30677290836653386963 0.29083665338645420251 0.32270916334661353675 0.31075697211155378641 0.29482071713147411929 0.18326693227091633842 0.20717131474103586686 0.2191235059760956172 0.29083665338645420251 0.28685258964143428573 0.29880478087649403607 0.1872509960159362552 0.19521912350597608876 0.19123505976095617198 0.19123505976095617198 0.13147410358565736477 0.19521912350597608876 0.11952191235059761443 0.16334661354581672676 0.15936254980079680998 0.13944223107569719833 0.11553784860557768377 0.15139442231075697642 0.16334661354581672676 0.08764940239043825243 0.11952191235059761443 0.13944223107569719833 0.10358565737051793343 0.11952191235059761443 0.24701195219123506241 0.23505976095617531207 0.31474103585657370319 0.17131474103585656033 0.36254980079681276006 0.51792828685258962551 0.48605577689243029127 0.36254980079681276006 0.31075697211155378641 0.53386454183266929263 0.65338645418326690706 0.7490039840637450208 0.78486055776892427183 0.75298804780876493759 0.79681274900398402217 0.76095617529880477115 0.77290836653386452149
0.22709163346613545076 0.2509960159362549792 0.29482071713147411929 0.2509960159362549792 0.29880478087649403607 0.24701195219123506241 0.23505976095617531207 0.26693227091633464632 0.24701195219123506241 0.22709163346613545076 0.29083665338645420251 0.19123505976095617198 0.20717131474103586686 0.1872509960159362552 0.14342629482071714286 0.1872509960159362552 0.19521912350597608876 0.15139442231075697642 0.12749003984063744799 0.11952191235059761443 0.12749003984063744799 0.091633466135458169211 0.1872509960159362552 0.10358565737051793343 0.075697211155378488212 0.12749003984063744799 0.08764940239043825243 0.08764940239043825243 0.24701195219123506241 0.17529880478087650486 0.17131474103585656033 0.32270916334661353675 0.20717131474103586686 0.31872509960159361997 0.41434262948207173372 0.48207171314741037449 0.40637450199203190015 0.54581673306772904297 0.77290836653386452149 0.80079681274900393895 0.62151394422310757282 0.77689243027888443827 0.77689243027888443827 0.76494023904382468793 0.80079681274900393895 0.6892430278884462691
0.1553784860557768932 0.32669322709163345353 0.24701195219123506241 0.29083665338645420251 0.24701195219123506241 0.23505976095617531207 0.24302788844621514563 0.2191235059760956172 0.18326693227091633842 0.20717131474103586686 0.19123505976095617198 0.1872509960159362552 0.19123505976095617198 0.1872509960159362552 0.1553784860557768932 0.19123505976095617198 0.15139442231075697642 0.13147410358565736477 0.10756972111553785021 0.091633466135458169211 0.15139442231075697642 0.13147410358565736477 0.11155378486055776699 0.075697211155378488212 0.12749003984063744799 0.075697211155378488212 0.08764940239043825243 0.12749003984063744799 0.13944223107569719833 0.13147410358565736477 0.1872509960159362552 0.2709163346613545631 0.2709163346613545631 0.24701195219123506241 0.31474103585657370319 0.55776892430278879331 0.62151394422310757282 0.709163346613545853 0.76095617529880477115 0.66135458167330674062 0.6852589641434262413 0.77689243027888443827 0.77689243027888443827 0.64940239043824699028 0.5856573705179283218 0.36254980079681276006
0.19123505976095617198 0.32270916334661353675 0.17928286852589642164 0.27888446215139439666 0.19521912350597608876 0.24701195219123506241 0.28685258964143428573 0.19521912350597608876 0.24701195219123506241 0.23505976095617531207 0.24701195219123506241 0.21513944223107570042 0.1872509960159362552 0.15936254980079680998 0.1553784860557768932 0.1553784860557768932 0.18326693227091633842 0.11952191235059761443 0.12749003984063744799 0.1553784860557768932 0.12749003984063744799 0.091633466135458169211 0.08764940239043825243 0.08764940239043825243 0.095617529880478085991 0.11952191235059761443 0.10756972111553785021 0.1553784860557768932 0.19521912350597608876 0.13944223107569719833 0.28685258964143428573 0.31872509960159361997 0.24701195219123506241 0.21513944223107570042 0.41434262948207173372 0.53386454183266929263 0.50996015936254979195 0.54581673306772904297 0.77290836653386452149 0.75697211155378485437 0.71713147410358568656 0.81673306772908371709 0.6852589641434262413 0.66135458167330674062 0.49003984063745020805 0.53386454183266929263
0.24701195219123506241 0.24701195219123506241 0.16334661354581672676 0.31075697211155378641 0.24701195219123506241 0.16733067729083664354 0.24701195219123506241 0.22709163346613545076 0.21513944223107570042 0.23505976095617531207 0.099601593625498002771 0.19123505976095617198 0.19123505976095617198 0.1872509960159362552 0.1553784860557768932 0.19521912350597608876 0.1553784860557768932 0.1553784860557768932 0.11952191235059761443 0.13147410358565736477 0.10756972111553785021 0.08764940239043825243 0.08764940239043825243 0.095617529880478085991 0.11155378486055776699 0.11952191235059761443 0.11952191235059761443 0.1553784860557768932 0.1872509960159362552 0.19123505976095617198 0.24701195219123506241 0.23505976095617531207 0.32669322709163345353 0.37848605577689242718 0.67330677290836649096 0.59362549800796815536 0.62151394422310757282 0.66135458167330674062 0.7490039840637450208 0.82071713147410363387 0.80079681274900393895 0.76494023904382468793 0.75697211155378485437 0.66135458167330674062 0.49402390438247012483 0.29482071713147411929
0.15936254980079680998 0.17529880478087650486 0.31075697211155378641 0.28685258964143428573 0.22709163346613545076 0.13944223107569719833 0.18326693227091633842 0.1872509960159362552 0.19521912350597608876 0.17529880478087650486 0.1872509960159362552 0.19123505976095617198 0.15139442231075697642 0.18326693227091633842 0.16334661354581672676 0.2191235059760956172 0.18326693227091633842 0.13944223107569719833 0.1553784860557768932 0.095617529880478085991 0.10358565737051793343 0.095617529880478085991 0.10756972111553785021 0.059760956175298807214 0.12749003984063744799 0.075697211155378488212 0.08764940239043825243 0.16733067729083664354 0.16334661354581672676 0.13944223107569719833 0.28685258964143428573 0.099601593625498002771 0.2509960159362549792 0.2509960159362549792 0.32669322709163345353 0.51394422310756970873 0.65338645418326690706 0.59362549800796815536 0.66135458167330674062 0.76095617529880477115 0.77689243027888443827 0.709163346613545853 0.52191235059760954229 0.32669322709163345353 0.28685258964143428573 0.14741035856573705964
0.13944223107569719833 0.24701195219123506241 0.23505976095617531207 0.20318725099601595008 0.1872509960159362552 0.1553784860557768932 0.15139442231075697642 0.21513944223107570042 0.19123505976095617198 0.2191235059760956172 0.17529880478087650486 0.1872509960159362552 0.13944223107569719833 0.17928286852589642164 0.1553784860557768932 0.17529880478087650486 0.22709163346613545076 0.23505976095617531207 0.095617529880478085991 0.08764940239043825243 0.10756972111553785021 0.11553784860557768377 0.08764940239043825243 0.095617529880478085991 0.12749003984063744799 0.063745019920318723994 0.13944223107569719833 0.1872509960159362552 0.1553784860557768932 0.091633466135458169211 0.2191235059760956172 0.15139442231075697642 0.31872509960159361997 0.36254980079681276006 0.54183266932270912619 0.6055776892430279057 0.63346613545816732316 0.75697211155378485437 0.82071713147410363387 0.68127490039840632452 0.56175298804780871009 0.65338645418326690706 0.31872509960159361997 0.24701195219123506241 0.20717131474103586686 0.08764940239043825243
0.23505976095617531207 0.24701195219123506241 0.1872509960159362552 0.1553784860557768932 0.24701195219123506241 0.17529880478087650486 0.24701195219123506241 0.2191235059760956172 0.19521912350597608876 0.13147410358565736477 0.19123505976095617198 0.12749003984063744799 0.12749003984063744799 0.15139442231075697642 0.19521912350597608876 0.12749003984063744799 0.23904382470119522885 0.075697211155378488212 0.095617529880478085991 0.08764940239043825243 0.1553784860557768932 0.11155378486055776699 0.063745019920318723994 0.16334661354581672676 0.12749003984063744799 0.075697211155378488212 0.19521912350597608876 0.1872509960159362552 0.13944223107569719833 0.10358565737051793343 0.1872509960159362552 0.4581673306772908183 0.32669322709163345353 0.6653386454183266574 0.36653386454183267684 0.46613545816733065186 0.56972111553784865468 0.75298804780876493759 0.81673306772908371709 0.78087649402390435505 0.75697211155378485437 0.73306772908366535368 0.45019920318725098474 0.56972111553784865468 0.28685258964143428573 0.1553784860557768932
0.19123505976095617198 0.1872509960159362552 0.16733067729083664354 0.19123505976095617198 0.23505976095617531207 0.16334661354581672676 0.14741035856573705964 0.13944223107569719833 0.23505976095617531207 0.1553784860557768932 0.1872509960159362552 0.1553784860557768932 0.13147410358565736477 0.17131474103585656033 0.19123505976095617198 0.25498007968127489598 0.11553784860557768377 0.08764940239043825243 0.11952191235059761443 0.23505976095617531207 0.08764940239043825243 0.08764940239043825243 0.13147410358565736477 0.16334661354581672676 0.1872509960159362552 0.08764940239043825243 0.19521912350597608876 0.17928286852589642164 0.1553784860557768932 0.1553784860557768932 0.24701195219123506241 0.24701195219123506241 0.2709163346613545631 0.31474103585657370319 0.50597609561752987517 0.47808764940239045771 0.54581673306772904297 0.42629482071713148406 0.75298804780876493759 0.66135458167330674062 0.88047808764940238557 0.83665338645418330099 0.82470119521912355065 0.6852589641434262413 0.47410358565737054093 0.48605577689243029127
0.24701195219123506241 0.1872509960159362552 0.19521912350597608876 0.19521912350597608876 0.24701195219123506241 0.1553784860557768932 0.13147410358565736477 0.11952191235059761443 0.24701195219123506241 0.17131474103585656033 0.2191235059760956172 0.19521912350597608876 0.17131474103585656033 0.1553784860557768932 0.15139442231075697642 0.19123505976095617198 0.15139442231075697642 0.11155378486055776699 0.19123505976095617198 0.12749003984063744799 0.10358565737051793343 0.13944223107569719833 0.17131474103585656033 0.21513944223107570042 0.1553784860557768932 0.19521912350597608876 0.24701195219123506241 0.16733067729083664354 0.1553784860557768932 0.24701195219123506241 0.2709163346613545631 0.2509960159362549792 0.31075697211155378641 0.32669322709163345353 0.32270916334661353675 0.31474103585657370319 0.39840637450199201108 0.36653386454183267684 0.35856573705179284328 0.65338645418326690706 0.66135458167330674062 0.81673306772908371709 0.76494023904382468793 0.83266932270916338421 0.86454183266932271845 0.7490039840637450208
0.24701195219123506241 0.17928286852589642164 0.1872509960159362552 0.20717131474103586686 0.19123505976095617198 0.19123505976095617198 0.23505976095617531207 0.23505976095617531207 0.1553784860557768932 0.17928286852589642164 0.31075697211155378641 0.1553784860557768932 0.17928286852589642164 0.1872509960159362552 0.28685258964143428573 0.20717131474103586686 0.095617529880478085991 0.10756972111553785021 0.1872509960159362552 0.12749003984063744799 0.13944223107569719833 0.18326693227091633842 0.17131474103585656033 0.13545816733067728155 0.1872509960159362552 0.19123505976095617198 0.23505976095617531207 0.1553784860557768932 0.24701195219123506241 0.24302788844621514563 0.32669322709163345353 0.31075697211155378641 0.24701195219123506241 0.37848605577689242718 0.39840637450199201108 0.38247011952191234396 0.32270916334661353675 0.31075697211155378641 0.39043824701195217752 0.59362549800796815536 0.39043824701195217752 0.62948207171314740638 0.59362549800796815536 0.6892430278884462691 0.77689243027888443827 0.6892430278884462691
0.14741035856573705964 0.32669322709163345353 0.2509960159362549792 0.1872509960159362552 0.22709163346613545076 0.19521912350597608876 0.21513944223107570042 0.17131474103585656033 0.11155378486055776699 0.19521912350597608876 0.19123505976095617198 0.13147410358565736477 0.1872509960159362552 0.19123505976095617198 0.2509960159362549792 0.13944223107569719833 0.11155378486055776699 0.17928286852589642164 0.19123505976095617198 0.15139442231075697642 0.16733067729083664354 0.24701195219123506241 0.19521912350597608876 0.21513944223107570042 0.19123505976095617198 0.24701195219123506241 0.21513944223107570042 0.17131474103585656033 0.24701195219123506241 0.29482071713147411929 0.36254980079681276006 0.31075697211155378641 0.2509960159362549792 0.36653386454183267684 0.48207171314741037449 0.3944223107569720943 0.31872509960159361997 0.33466135458167328709 0.48207171314741037449 0.5856573705179283218 0.32669322709163345353 0.32270916334661353675 0.49003984063745020805 0.5856573705179283218 0.7490039840637450208 0.52988047808764937585
0.1553784860557768932 0.17131474103585656033 0.19521912350597608876 0.19521912350597608876 0.23505976095617531207 0.19123505976095617198 0.17928286852589642164 0.14741035856573705964 0.28685258964143428573 0.2191235059760956172 0.1553784860557768932 0.24701195219123506241 0.15139442231075697642 0.19521912350597608876 0.23505976095617531207 0.17529880478087650486 0.12350597609561753121 0.23505976095617531207 0.24701195219123506241 0.24701195219123506241 0.1872509960159362552 0.27888446215139439666 0.29482071713147411929 0.31872509960159361997 0.29083665338645420251 0.32669322709163345353 0.19521912350597608876 0.1872509960159362552 0.24701195219123506241 0.32270916334661353675 0.28685258964143428573 0.24701195219123506241 0.31474103585657370319 0.48605577689243029127 0.3944223107569720943 0.49800796812749004161 0.44621513944223106796 0.65338645418326690706 0.56972111553784865468 0.53386454183266929263 0.52191235059760954229 0.50597609561752987517 0.55378486055776887653 0.51792828685258962551 0.52191235059760954229 0.4581673306772908183
0.19521912350597608876 0.2509960159362549792 0.2509960159362549792 0.24302788844621514563 0.31872509960159361997 0.23505976095617531207 0.22709163346613545076 0.24701195219123506241 0.2509960159362549792 0.27888446215139439666 0.13944223107569719833 0.1872509960159362552 0.15139442231075697642 0.21513944223107570042 0.23505976095617531207 0.19123505976095617198 0.13147410358565736477 0.31075697211155378641 0.17131474103585656033 0.15936254980079680998 0.24701195219123506241 0.36254980079681276006 0.31474103585657370319 0.24701195219123506241 0.2191235059760956172 0.32270916334661353675 0.19123505976095617198 0.28685258964143428573 0.53386454183266929263 0.24701195219123506241 0.34661354581673309294 0.29880478087649403607 0.41035856573705181694 0.54581673306772904297 0.32669322709163345353 0.34262948207171312065 0.50996015936254979195 0.53386454183266929263 0.5856573705179283218 0.52988047808764937585 0.64940239043824699028 0.5856573705179283218 0.5856573705179283218 -9999 -9999 0.49402390438247012483
0.24701195219123506241 0.29880478087649403607 0.23505976095617531207 0.27888446215139439666 0.23505976095617531207 0.31075697211155378641 0.27888446215139439666 0.24701195219123506241 0.31075697211155378641 0.24701195219123506241 0.2709163346613545631 0.31872509960159361997 0.22709163346613545076 0.19521912350597608876 0.19123505976095617198 0.2509960159362549792 0.14741035856573705964 0.31872509960159361997 0.19123505976095617198 0.32270916334661353675 0.24701195219123506241 0.31075697211155378641 0.30278884462151395285 0.24701195219123506241 0.11155378486055776699 0.2709163346613545631 0.37051792828685259362 0.4382470119521912344 0.38645418326693226074 0.40637450199203190015 0.19521912350597608876 0.54581673306772904297 0.61752988047808765604 0.48207171314741037449 0.31474103585657370319 0.32270916334661353675 0.5657370517928287379 0.32270916334661353675 0.37848605577689242718 0.31075697211155378641 0.6055776892430279057 0.37848605577689242718 0.31872509960159361997 0.39840637450199201108 -9999 -9999
0.19521912350597608876 0.19123505976095617198 0.49003984063745020805 0.29880478087649403607 0.26693227091633464632 0.32270916334661353675 0.31075697211155378641 0.29482071713147411929 0.24701195219123506241 0.29083665338645420251 0.2709163346613545631 0.29482071713147411929 0.19123505976095617198 0.26693227091633464632 0.22709163346613545076 0.15139442231075697642 0.32669322709163345353 0.24701195219123506241 0.28685258964143428573 0.1872509960159362552 0.24701195219123506241 0.29482071713147411929 0.29482071713147411929 0.24701195219123506241 0.24701195219123506241 0.31075697211155378641 0.34661354581673309294 0.49800796812749004161 0.39043824701195217752 0.33067729083665337031 0.37848605577689242718 0.39043824701195217752 0.32669322709163345353 0.32270916334661353675 0.32270916334661353675 0.59362549800796815536 0.40239043824701192786 0.34661354581673309294 0.41035856573705181694 0.39840637450199201108 0.32270916334661353675 0.32270916334661353675 0.32270916334661353675 -9999 -9999 -9999
0.65737051792828682384 0.38247011952191234396 0.24701195219123506241 0.49003984063745020805 0.33466135458167328709 0.54581673306772904297 0.40637450199203190015 0.26294820717131472954 0.33067729083665337031 0.34661354581673309294 0.31075697211155378641 0.2509960159362549792 0.31075697211155378641 0.23505976095617531207 0.29482071713147411929 0.31075697211155378641 0.37848605577689242718 0.33466135458167328709 0.36254980079681276006 0.44223107569721115118 0.31872509960159361997 0.31872509960159361997 0.32270916334661353675 0.22709163346613545076 0.24701195219123506241 0.36254980079681276006 0.52191235059760954229 0.54980079681274895975 0.43426294820717131762 0.54183266932270912619 0.38247011952191234396 0.46215139442231073508 0.32270916334661353675 0.32270916334661353675 0.63346613545816732316 0.49003984063745020805 0.31872509960159361997 0.41035856573705181694 0.48605577689243029127 0.50996015936254979195 0.48207171314741037449 0.49402390438247012483 -9999 -9999 -9999 -9999
0.66135458167330674062 0.53386454183266929263 0.32669322709163345353 0.36254980079681276006 0.44223107569721115118 0.32270916334661353675 0.50597609561752987517 0.41035856573705181694 0.48207171314741037449 0.31872509960159361997 0.36254980079681276006 0.24701195219123506241 0.31075697211155378641 0.31075697211155378641 0.24701195219123506241 0.24701195219123506241 0.49402390438247012483 0.44621513944223106796 0.27888446215139439666 0.33067729083665337031 0.31872509960159361997 0.23904382470119522885 0.31872509960159361997 0.24701195219123506241 0.32270916334661353675 0.51394422310756970873 0.54183266932270912619 0.42231075697211156728 0.59362549800796815536 0.58167330677290840502 0.59362549800796815536 0.66135458167330674062 0.32270916334661353675 0.49003984063745020805 0.74501992031872510402 0.42629482071713148406 0.55776892430278879331 0.59760956175298807214 0.6653386454183266574 0.56972111553784865468 0.66135458167330674062 -9999 -9999 -9999 -9999 -9999
0.41035856573705181694 0.65338645418326690706 0.6055776892430279057 0.32270916334661353675 0.34661354581673309294 0.59362549800796815536 0.40637450199203190015 0.31872509960159361997 0.6055776892430279057 0.50996015936254979195 0.32669322709163345353 0.49800796812749004161 0.2191235059760956172 0.29482071713147411929 0.31474103585657370319 0.54980079681274895975 0.49003984063745020805 0.29482071713147411929 0.3944223107569720943 0.34661354581673309294 0.37848605577689242718 0.39043824701195217752 0.24701195219123506241 0.32270916334661353675 0.48605577689243029127 0.54183266932270912619 0.3944223107569720943 0.44621513944223106796 0.60159362549800798892 0.4581673306772908183 0.4183266932270916505 0.39043824701195217752 0.2709163346613545631 0.63346613545816732316 0.40239043824701192786 0.4183266932270916505 0.64940239043824699028 0.68127490039840632452 0.49402390438247012483 0.5657370517928287379 -9999 -9999 -9999 -9999 -9999 -9999
