Example/niche_background/models/ENFA/Anolis_coelestinus_0.asc
ncols        743
nrows        319
xllcorner    -74.500956448335
yllcorner    17.448920549066
cellsize     0.008333333333
NODATA_value  -9999
[rows 200 to 219 of 319, columns 270 to 314 of 743]
0.14619883040935671703 0.50877192982456143078 0.48538011695906430054 0.74269005847953217803 0.76023391812865492856 0.94736842105263152636 0.95321637426900585055 0.87134502923976608901 0.88888888888888883955 0.86549707602339176482 0.77192982456140346592 0.72514619883040931647 0.4678362573099414945 0.29824561403508770274 0.30409356725146197142 0.45614035087719295714 0.61988304093567248021 0.80701754385964907801 0.80701754385964907801 0.88888888888888883955 0.80701754385964907801 0.76608187134502925275 0.77777777777777779011 0.45614035087719295714 0.43274853801169588241 0.33918128654970758351 0.29824561403508770274 0.45614035087719295714 0.36257309941520465824 0.25730994152046782197 0.27485380116959062802 0.32163742690058477747 0.33333333333333331483 0.72514619883040931647 0.79532163742690054065 0.73099415204678364066 0.75438596491228071539 0.80701754385964907801 0.81871345029239761537 0.64327485380116955493 0.80116959064327486484 0.91812865497076023846 0.80701754385964907801 0.59649122807017540548 0.19883040935672513516
0.16959064327485379176 0.16374269005847952307 0.18128654970760232912 0.76608187134502925275 0.75438596491228071539 0.75438596491228071539 0.85964912280701755165 0.935672514619882989 0.91228070175438591427 1 0.95321637426900585055 0.76023391812865492856 0.73684210526315785383 0.46198830409356722582 0.36842105263157892692 0.29824561403508770274 0.33333333333333331483 0.59649122807017540548 0.67836257309941516702 0.47368421052631576318 0.76608187134502925275 0.79532163742690054065 0.79532163742690054065 0.66666666666666662966 0.42690058479532161373 0.23976608187134501593 0.21052631578947367252 0.25730994152046782197 0.23976608187134501593 0.23391812865497074725 0.22222222222222220989 0.29824561403508770274 0.3742690058479531956 0.80701754385964907801 0.79532163742690054065 0.59649122807017540548 0.22807017543859647857 0.19883040935672513516 0.70760233918128656594 0.72514619883040931647 0.95906432748538006372 0.80701754385964907801 0.5614035087719297934 0.23976608187134501593 0.16374269005847952307
0.3742690058479531956 0.36842105263157892692 0.76608187134502925275 0.76023391812865492856 0.80701754385964907801 0.72514619883040931647 0.80701754385964907801 0.92397660818713445163 0.935672514619882989 0.98830409356725146264 0.95321637426900585055 0.92982456140350877583 0.76608187134502925275 0.87719298245614030218 0.59649122807017540548 0.43274853801169588241 0.35672514619883038955 0.52631578947368418131 0.46198830409356722582 0.55555555555555558023 0.76023391812865492856 0.79532163742690054065 0.79532163742690054065 0.51461988304093564395 0.46198830409356722582 0.36257309941520465824 0.19883040935672513516 0.16374269005847952307 0.16959064327485379176 0.16959064327485379176 0.22807017543859647857 0.26900584795321635934 0.36257309941520465824 0.76023391812865492856 0.76023391812865492856 0.27485380116959062802 0.23976608187134501593 0.52046783625730996814 0.83040935672514615273 0.84795321637426901429 0.64327485380116955493 0.86549707602339176482 0.73099415204678364066 0.4970760233918128379 0.29239766081871343406
0.76023391812865492856 0.85964912280701755165 0.87719298245614030218 0.76608187134502925275 0.80116959064327486484 0.84795321637426901429 0.85964912280701755165 0.86549707602339176482 0.91228070175438591427 0.92397660818713445163 0.79532163742690054065 0.95906432748538006372 0.935672514619882989 0.86549707602339176482 0.80701754385964907801 0.48538011695906430054 0.38011695906432746428 0.43274853801169588241 0.36842105263157892692 0.67251461988304095385 0.45614035087719295714 0.36842105263157892692 0.75438596491228071539 0.72514619883040931647 0.45029239766081868845 0.26900584795321635934 0.29239766081871343406 0.23976608187134501593 0.16374269005847952307 0.12280701754385964231 0.16374269005847952307 0.34502923976608185219 0.36257309941520465824 0.43274853801169588241 0.19883040935672513516 0.35087719298245612087 0.32163742690058477747 0.29239766081871343406 0.76023391812865492856 0.75438596491228071539 0.30409356725146197142 0.36842105263157892692 0.6257309941520468044 0.42690058479532161373 0.72514619883040931647
0.6549707602339180923 0.80701754385964907801 0.83625730994152047693 0.95321637426900585055 0.98830409356725146264 0.80701754385964907801 0.81871345029239761537 0.72514619883040931647 0.72514619883040931647 0.76023391812865492856 0.85964912280701755165 0.82456140350877193956 0.69005847953216370438 0.76608187134502925275 0.79532163742690054065 0.67836257309941516702 0.32163742690058477747 0.403508771929824539 0.36842105263157892692 0.64327485380116955493 0.46198830409356722582 0.46198830409356722582 0.32163742690058477747 0.48538011695906430054 0.36842105263157892692 0.31578947368421050879 0.22222222222222220989 0.19883040935672513516 0.18128654970760232912 0.15204678362573098571 0.14035087719298244835 0.25730994152046782197 0.19883040935672513516 0.26315789473684209065 0.19883040935672513516 0.16374269005847952307 0.16374269005847952307 0.34502923976608185219 0.19883040935672513516 0.19883040935672513516 0.16374269005847952307 0.20467836257309940384 0.72514619883040931647 0.72514619883040931647 0.45029239766081868845
0.61988304093567248021 0.83040935672514615273 0.86549707602339176482 0.85964912280701755165 0.80701754385964907801 0.80701754385964907801 0.80701754385964907801 0.80701754385964907801 0.67836257309941516702 0.48538011695906430054 0.80701754385964907801 0.89473684210526316374 0.81871345029239761537 0.79532163742690054065 0.76608187134502925275 0.45029239766081868845 0.22807017543859647857 0.26900584795321635934 0.33333333333333331483 0.36257309941520465824 0.36842105263157892692 0.43274853801169588241 0.27485380116959062802 0.29824561403508770274 0.47953216374269003186 0.54970760233918125603 0.43274853801169588241 0.38596491228070173296 0.43274853801169588241 0.35672514619883038955 0.19883040935672513516 0.099415204678362567581 0.12865497076023391099 0.23976608187134501593 0.19883040935672513516 0.14619883040935671703 0.064327485380116955493 0.14619883040935671703 0.25730994152046782197 0.13450292397660817967 0.21052631578947367252 0.3099415204678362401 0.19883040935672513516 0.064327485380116955493 0.16374269005847952307
0.91228070175438591427 0.94152046783625731319 0.76608187134502925275 0.82456140350877193956 0.75438596491228071539 0.80701754385964907801 0.80116959064327486484 0.76023391812865492856 0.75438596491228071539 0.48538011695906430054 0.64327485380116955493 0.84795321637426901429 0.86549707602339176482 0.84795321637426901429 0.77777777777777779011 0.69005847953216370438 0.23391812865497074725 0.16374269005847952307 0.16959064327485379176 0.16374269005847952307 0.43274853801169588241 0.29824561403508770274 0.18128654970760232912 0.16959064327485379176 0.19883040935672513516 0.41520467836257307637 0.18128654970760232912 0.16959064327485379176 0.16374269005847952307 0.23976608187134501593 0.18128654970760232912 0.19883040935672513516 0.16959064327485379176 0.14619883040935671703 0.14619883040935671703 0.14619883040935671703 0.029239766081871343406 0.029239766081871343406 0.099415204678362567581 0.023391812865497074725 0.14035087719298244835 0.14035087719298244835 0.16959064327485379176 0.29239766081871343406 0.36842105263157892692
0.38011695906432746428 0.69005847953216370438 0.80701754385964907801 0.69005847953216370438 0.75438596491228071539 0.76608187134502925275 0.73099415204678364066 0.66666666666666662966 0.48538011695906430054 0.35087719298245612087 0.61988304093567248021 0.7485380116959063912 0.8128654970760234022 0.80701754385964907801 0.8421052631578946901 0.69005847953216370438 0.25730994152046782197 0.16959064327485379176 0.15789473684210525439 0.16374269005847952307 0.26900584795321635934 0.23976608187134501593 0.19298245614035086648 0.18128654970760232912 0.43274853801169588241 0.30409356725146197142 0.19883040935672513516 0.16959064327485379176 0.11695906432748537362 0.14619883040935671703 0.099415204678362567581 0.064327485380116955493 0.023391812865497074725 0.029239766081871343406 0.029239766081871343406 0.029239766081871343406 0.017543859649122806044 0.011695906432748537362 0.017543859649122806044 0.029239766081871343406 0.058479532163742686812 0.035087719298245612087 0.14619883040935671703 0.14035087719298244835 0.16959064327485379176
0.19883040935672513516 0.43274853801169588241 0.25730994152046782197 0.36842105263157892692 0.48538011695906430054 0.72514619883040931647 0.48538011695906430054 0.43274853801169588241 0.23976608187134501593 0.36842105263157892692 0.49122807017543856922 0.80116959064327486484 0.66081871345029241649 0.73684210526315785383 0.64327485380116955493 0.71345029239766077911 0.43274853801169588241 0.19883040935672513516 0.16374269005847952307 0.16959064327485379176 0.16959064327485379176 0.14619883040935671703 0.13450292397660817967 0.18128654970760232912 0.16959064327485379176 0.18128654970760232912 0.10526315789473683626 0.081871345029239761537 0.064327485380116955493 0.029239766081871343406 0.035087719298245612087 0.029239766081871343406 0.011695906432748537362 0.017543859649122806044 0.0058479532163742686812 0.017543859649122806044 0.0058479532163742686812 0.017543859649122806044 0.011695906432748537362 0.023391812865497074725 0.029239766081871343406 0.035087719298245612087 0.04678362573099414945 0.099415204678362567581 0.12865497076023391099
0.12865497076023391099 0.18128654970760232912 0.16374269005847952307 0.18128654970760232912 0.16959064327485379176 0.19883040935672513516 0.18128654970760232912 0.19883040935672513516 0.26900584795321635934 0.39181286549707600164 0.59649122807017540548 0.4678362573099414945 0.43274853801169588241 0.59649122807017540548 0.43859649122807015109 0.76023391812865492856 0.61988304093567248021 0.34502923976608185219 0.23976608187134501593 0.22807017543859647857 0.12280701754385964231 0.15204678362573098571 0.064327485380116955493 0.14035087719298244835 0.14035087719298244835 0.064327485380116955493 0.029239766081871343406 0.0058479532163742686812 0.011695906432748537362 0.0058479532163742686812 0.0058479532163742686812 0.0058479532163742686812 0.0058479532163742686812 0 0.0058479532163742686812 0.0058479532163742686812 0.0058479532163742686812 0.017543859649122806044 0.017543859649122806044 0.029239766081871343406 0.017543859649122806044 0.029239766081871343406 0.035087719298245612087 0.058479532163742686812 0.064327485380116955493
0.023391812865497074725 0.064327485380116955493 0.029239766081871343406 0.064327485380116955493 0.12280701754385964231 0.04678362573099414945 0.029239766081871343406 0.029239766081871343406 0.16374269005847952307 0.26900584795321635934 0.30409356725146197142 0.19883040935672513516 0.21052631578947367252 0.23976608187134501593 0.36257309941520465824 0.61988304093567248021 0.63742690058479534176 0.38596491228070173296 0.30409356725146197142 0.16374269005847952307 0.064327485380116955493 0.064327485380116955493 0.04678362573099414945 0.029239766081871343406 0.029239766081871343406 0.023391812865497074725 0.023391812865497074725 0.017543859649122806044 0.017543859649122806044 0.0058479532163742686812 0.0058479532163742686812 0.0058479532163742686812 0.0058479532163742686812 0.0058479532163742686812 0.0058479532163742686812 0.0058479532163742686812 0.0058479532163742686812 0.017543859649122806044 0.029239766081871343406 0.017543859649122806044 0.029239766081871343406 0.029239766081871343406 0.029239766081871343406 0.029239766081871343406 0.04678362573099414945
0.023391812865497074725 0.023391812865497074725 0.029239766081871343406 0.029239766081871343406 0.029239766081871343406 0.029239766081871343406 0.029239766081871343406 0.029239766081871343406 0.029239766081871343406 0.035087719298245612087 0.029239766081871343406 0.029239766081871343406 0.058479532163742686812 0.14035087719298244835 0.25730994152046782197 0.23976608187134501593 0.36842105263157892692 0.23976608187134501593 0.16959064327485379176 0.064327485380116955493 0.064327485380116955493 0.058479532163742686812 0.035087719298245612087 0.029239766081871343406 0.029239766081871343406 0.023391812865497074725 0.017543859649122806044 0.017543859649122806044 0.017543859649122806044 0.0058479532163742686812 0.011695906432748537362 0.0058479532163742686812 0.017543859649122806044 0.011695906432748537362 0.017543859649122806044 0.017543859649122806044 0.017543859649122806044 0.017543859649122806044 0.029239766081871343406 0.023391812865497074725 0.023391812865497074725 0.029239766081871343406 0.029239766081871343406 0.035087719298245612087 0.099415204678362567581
0.029239766081871343406 0.029239766081871343406 0.029239766081871343406 0.035087719298245612087 0.035087719298245612087 0.035087719298245612087 0.058479532163742686812 0.058479532163742686812 0.035087719298245612087 0.035087719298245612087 0.035087719298245612087 0.04678362573099414945 0.04678362573099414945 0.035087719298245612087 0.029239766081871343406 0.04678362573099414945 0.04678362573099414945 0.035087719298245612087 0.099415204678362567581 0.099415204678362567581 0.12280701754385964231 0.064327485380116955493 0.035087719298245612087 0.029239766081871343406 0.035087719298245612087 0.035087719298245612087 0.029239766081871343406 0.029239766081871343406 0.023391812865497074725 0.017543859649122806044 0.017543859649122806044 0.017543859649122806044 0.017543859649122806044 0.023391812865497074725 0.017543859649122806044 0.029239766081871343406 0.029239766081871343406 0.029239766081871343406 0.023391812865497074725 0.035087719298245612087 0.029239766081871343406 0.029239766081871343406 0.035087719298245612087 0.058479532163742686812 0.12865497076023391099
0.058479532163742686812 0.064327485380116955493 0.058479532163742686812 0.064327485380116955493 0.064327485380116955493 0.064327485380116955493 0.064327485380116955493 0.070175438596491224175 0.064327485380116955493 0.058479532163742686812 0.04678362573099414945 0.076023391812865492856 0.099415204678362567581 0.064327485380116955493 0.070175438596491224175 0.099415204678362567581 0.14035087719298244835 0.11695906432748537362 0.14619883040935671703 0.16959064327485379176 0.16959064327485379176 0.14619883040935671703 0.087719298245614030218 0.04678362573099414945 0.035087719298245612087 0.035087719298245612087 0.058479532163742686812 0.035087719298245612087 0.029239766081871343406 0.029239766081871343406 0.023391812865497074725 0.023391812865497074725 0.023391812865497074725 0.023391812865497074725 0.023391812865497074725 0.029239766081871343406 0.058479532163742686812 0.029239766081871343406 0.029239766081871343406 0.029239766081871343406 0.058479532163742686812 0.040935672514619880769 0.058479532163742686812 0.11695906432748537362 0.14035087719298244835
0.099415204678362567581 0.099415204678362567581 0.099415204678362567581 0.12865497076023391099 0.14619883040935671703 0.16374269005847952307 0.16374269005847952307 0.14619883040935671703 0.12865497076023391099 0.099415204678362567581 0.099415204678362567581 0.14619883040935671703 0.18128654970760232912 0.16374269005847952307 0.16374269005847952307 0.16374269005847952307 0.16959064327485379176 0.19298245614035086648 0.16959064327485379176 0.18128654970760232912 0.19883040935672513516 0.19883040935672513516 0.18128654970760232912 0.16374269005847952307 0.064327485380116955493 0.035087719298245612087 0.070175438596491224175 0.15789473684210525439 0.14035087719298244835 0.070175438596491224175 0.04678362573099414945 0.029239766081871343406 0.029239766081871343406 0.029239766081871343406 0.029239766081871343406 0.035087719298245612087 0.035087719298245612087 0.12280701754385964231 0.058479532163742686812 0.070175438596491224175 0.087719298245614030218 0.12865497076023391099 0.099415204678362567581 0.12280701754385964231 0.099415204678362567581
0.16374269005847952307 0.16374269005847952307 0.16374269005847952307 0.16374269005847952307 0.16959064327485379176 0.18128654970760232912 0.16959064327485379176 0.16959064327485379176 0.18128654970760232912 0.16959064327485379176 0.16959064327485379176 0.16959064327485379176 0.19883040935672513516 0.18128654970760232912 0.18128654970760232912 0.1871345029239765978 0.25730994152046782197 0.23976608187134501593 0.35672514619883038955 0.31578947368421050879 0.36842105263157892692 0.32163742690058477747 0.19883040935672513516 0.18128654970760232912 0.16959064327485379176 0.15789473684210525439 0.13450292397660817967 0.23976608187134501593 0.16959064327485379176 0.16374269005847952307 0.15204678362573098571 0.13450292397660817967 0.0935672514619882989 0.10526315789473683626 0.064327485380116955493 0.058479532163742686812 0.10526315789473683626 0.10526315789473683626 0.14035087719298244835 0.14035087719298244835 0.12865497076023391099 0.16374269005847952307 0.16374269005847952307 0.10526315789473683626 0.16374269005847952307
0.16959064327485379176 0.16959064327485379176 0.16959064327485379176 0.16959064327485379176 0.16959064327485379176 0.16959064327485379176 0.18128654970760232912 0.18128654970760232912 0.18128654970760232912 0.18128654970760232912 0.19883040935672513516 0.19883040935672513516 0.22807017543859647857 0.25730994152046782197 0.35087719298245612087 0.36257309941520465824 0.36257309941520465824 0.46198830409356722582 0.69005847953216370438 0.60233918128654972968 0.67251461988304095385 0.52046783625730996814 0.47368421052631576318 0.3742690058479531956 0.36257309941520465824 0.36842105263157892692 0.19883040935672513516 0.36842105263157892692 0.57309941520467833076 0.22807017543859647857 0.25730994152046782197 0.403508771929824539 0.43274853801169588241 0.27485380116959062802 0.18128654970760232912 0.13450292397660817967 0.16959064327485379176 0.18128654970760232912 0.13450292397660817967 0.15789473684210525439 0.14035087719298244835 0.16959064327485379176 0.12865497076023391099 0.10526315789473683626 0.12865497076023391099
0.16959064327485379176 0.16374269005847952307 0.16959064327485379176 0.16959064327485379176 0.16959064327485379176 0.18128654970760232912 0.22807017543859647857 0.29824561403508770274 0.23976608187134501593 0.36842105263157892692 0.35087719298245612087 0.35087719298245612087 0.43274853801169588241 0.53801169590643271867 0.46198830409356722582 0.59649122807017540548 0.55555555555555558023 0.61988304093567248021 0.76608187134502925275 0.80701754385964907801 0.8421052631578946901 0.79532163742690054065 0.80116959064327486484 0.59649122807017540548 0.7192982456140351033 0.76608187134502925275 0.81871345029239761537 0.86549707602339176482 0.79532163742690054065 0.64327485380116955493 0.52631578947368418131 0.81871345029239761537 0.78947368421052632748 0.46198830409356722582 0.16959064327485379176 0.16959064327485379176 0.16959064327485379176 0.32748538011695904615 0.35672514619883038955 0.36842105263157892692 0.29239766081871343406 0.35672514619883038955 0.36842105263157892692 0.32163742690058477747 0.403508771929824539
0.16959064327485379176 0.16959064327485379176 0.16959064327485379176 0.18128654970760232912 0.19883040935672513516 0.25730994152046782197 0.2807017543859648967 0.35672514619883038955 0.36842105263157892692 0.46198830409356722582 0.69005847953216370438 0.69005847953216370438 0.79532163742690054065 0.80701754385964907801 0.72514619883040931647 0.78947368421052632748 0.79532163742690054065 0.76608187134502925275 0.85964912280701755165 0.8128654970760234022 0.85380116959064322746 0.91228070175438591427 0.88888888888888883955 0.81871345029239761537 0.80701754385964907801 0.76023391812865492856 0.81871345029239761537 0.94152046783625731319 0.85964912280701755165 0.8128654970760234022 0.80701754385964907801 0.80116959064327486484 0.80701754385964907801 0.43274853801169588241 0.42690058479532161373 0.41520467836257307637 0.72514619883040931647 0.88888888888888883955 0.76023391812865492856 0.22807017543859647857 0.36842105263157892692 0.21052631578947367252 0.29824561403508770274 0.18128654970760232912 0.19883040935672513516
0.25730994152046782197 0.22222222222222220989 0.20467836257309940384 0.22807017543859647857 0.33918128654970758351 0.36257309941520465824 0.43274853801169588241 0.403508771929824539 0.49122807017543856922 0.60233918128654972968 0.79532163742690054065 0.80116959064327486484 0.88888888888888883955 0.94736842105263152636 0.85964912280701755165 0.83040935672514615273 0.80701754385964907801 0.84795321637426901429 0.85964912280701755165 0.85964912280701755165 0.95321637426900585055 0.96491228070175438791 0.97076023391812860108 0.95321637426900585055 0.84795321637426901429 0.98245614035087713845 0.87134502923976608901 0.98245614035087713845 0.85964912280701755165 0.86549707602339176482 0.95906432748538006372 0.99415204678362567581 0.80116959064327486484 0.73099415204678364066 0.87134502923976608901 0.80701754385964907801 0.91228070175438591427 0.92397660818713445163 0.85964912280701755165 0.85964912280701755165 0.42105263157894734505 0.3742690058479531956 0.69590643274853802858 0.85380116959064322746 0.79532163742690054065
