Example/niche_background/models/ENFA/Anolis_chlorocyanus_1.asc
ncols        743
nrows        319
xllcorner    -74.500956448335
yllcorner    17.448920549066
cellsize     0.008333333333
NODATA_value  -9999
[rows 168 to 188 of 319, columns 376 to 422 of 743]
0.1488549618320610668 0.041984732824427481446 0.015267175572519083374 0.015267175572519083374 0.011450381679389312964 0.015267175572519083374 0.030534351145038166747 0.030534351145038166747 0.026717557251908396337 0.057251908396946563085 0.20229007633587786641 0.37786259541984734689 0.55725190839694660472 0.42366412213740456405 0.49618320610687022265 0.55725190839694660472 0.42366412213740456405 0.42366412213740456405 0.42366412213740456405 0.43893129770992367344 0.57633587786259543595 0.59541984732824426718 0.51908396946564883123 0.59160305343511454534 0.56106870229007632656 0.58778625954198471248 0.56106870229007632656 0.51145038167938927653 0.54961832061068705002 0.61068702290076337658 0.59160305343511454534 0.61068702290076337658 0.55725190839694660472 0.62977099236641220781 0.62977099236641220781 0.58778625954198471248 0.62977099236641220781 0.56488549618320615942 0.59160305343511454534 0.51908396946564883123 0.46564885496183205937 0.53816793893129766246 0.54198473282442749532 0.55725190839694660472 0.59160305343511454534 0.53435114503816794063 0.51145038167938927653
0.28625954198473280155 0.20229007633587786641 0.083969465648854962891 0.030534351145038166747 0.045801526717557251855 0.030534351145038166747 0.022900763358778625928 0.038167938931297711036 0.038167938931297711036 0.14122137404580153985 0.22900763358778625234 0.41221374045801528752 0.42366412213740456405 0.46564885496183205937 0.44274809160305345079 0.46564885496183205937 0.51908396946564883123 0.51908396946564883123 0.50381679389312972184 0.51908396946564883123 0.57633587786259543595 0.53816793893129766246 0.43893129770992367344 0.44274809160305345079 0.53816793893129766246 0.55725190839694660472 0.51526717557251910939 0.57633587786259543595 0.51908396946564883123 0.53435114503816794063 0.58778625954198471248 0.59541984732824426718 0.62977099236641220781 0.62595419847328248597 0.58778625954198471248 0.62977099236641220781 0.60305343511450382188 0.59160305343511454534 0.59160305343511454534 0.61068702290076337658 0.5 0.52290076335877866409 0.58778625954198471248 0.59160305343511454534 0.59160305343511454534 0.58778625954198471248 0.57633587786259543595
0.23282442748091602969 0.27099236641221374766 0.23282442748091602969 0.24809160305343511133 0.16793893129770992578 0.1488549618320610668 0.068702290076335881253 0.083969465648854962891 0.09923664122137404453 0.22519083969465647499 0.38549618320610684608 0.46946564885496183672 0.4351145038167938961 0.32442748091603051952 0.4198473282442747867 0.52671755725190838593 0.52290076335877866409 0.51526717557251910939 0.49618320610687022265 0.56106870229007632656 0.42366412213740456405 0.44656488549618322814 0.27099236641221374766 0.30916030534351146564 0.36641221374045801484 0.44274809160305345079 0.46946564885496183672 0.51145038167938927653 0.51908396946564883123 0.57633587786259543595 0.56488549618320615942 0.59541984732824426718 0.57633587786259543595 0.62977099236641220781 0.62213740458015265311 0.62977099236641220781 0.62977099236641220781 0.59923664122137410004 0.62977099236641220781 0.58778625954198471248 0.60305343511450382188 0.53816793893129766246 0.57633587786259543595 0.59541984732824426718 0.58778625954198471248 0.58778625954198471248 0.59160305343511454534
0.41221374045801528752 0.22519083969465647499 0.30534351145038168829 0.38549618320610684608 0.32824427480916029687 0.30152671755725191094 0.26717557251908397031 0.38167938931297712424 0.23664122137404580704 0.33969465648854962891 0.33969465648854962891 0.28625954198473280155 0.38167938931297712424 0.38549618320610684608 0.41221374045801528752 0.4198473282442747867 0.40839694656488551017 0.44656488549618322814 0.53435114503816794063 0.53816793893129766246 0.38549618320610684608 0.29389312977099235624 0.30916030534351146564 0.39312977099236640077 0.39312977099236640077 0.5 0.26717557251908397031 0.40839694656488551017 0.40458015267175573282 0.34351145038167940626 0.59160305343511454534 0.41221374045801528752 0.51145038167938927653 0.46564885496183205937 0.59541984732824426718 0.62595419847328248597 0.61832061068702293127 0.61832061068702293127 0.58778625954198471248 0.58778625954198471248 0.61068702290076337658 0.61068702290076337658 0.56488549618320615942 0.59160305343511454534 0.58778625954198471248 0.55725190839694660472 0.56488549618320615942
0.24045801526717558438 0.30916030534351146564 0.42366412213740456405 0.30916030534351146564 0.32442748091603051952 0.41221374045801528752 0.38931297709923662342 0.35877862595419846015 0.3549618320610686828 0.25190839694656486092 0.22519083969465647499 0.28625954198473280155 0.32824427480916029687 0.33969465648854962891 0.29389312977099235624 0.46946564885496183672 0.41221374045801528752 0.55725190839694660472 0.46183206106870228203 0.46183206106870228203 0.28625954198473280155 0.40458015267175573282 0.34732824427480918361 0.28625954198473280155 0.31679389312977096482 0.29007633587786257889 0.53816793893129766246 0.6450381679389313172 0.43893129770992367344 0.51908396946564883123 0.41221374045801528752 0.22519083969465647499 0.27099236641221374766 0.47709923664122139142 0.61068702290076337658 0.62595419847328248597 0.61450381679389309841 0.63740458015267176251 0.59160305343511454534 0.62213740458015265311 0.61068702290076337658 0.57633587786259543595 0.56488549618320615942 0.59160305343511454534 0.61068702290076337658 0.59160305343511454534 0.59160305343511454534
0.34732824427480918361 0.32442748091603051952 0.42366412213740456405 0.45801526717557250468 0.44656488549618322814 0.44656488549618322814 0.30534351145038168829 0.38549618320610684608 0.40839694656488551017 0.37786259541984734689 0.41221374045801528752 0.41221374045801528752 0.24045801526717558438 0.27480916030534352501 0.29389312977099235624 0.40458015267175573282 0.51908396946564883123 0.55343511450381677186 0.43893129770992367344 0.38549618320610684608 0.3549618320610686828 0.39312977099236640077 0.44656488549618322814 0.49618320610687022265 0.43129770992366411875 0.42366412213740456405 0.36641221374045801484 0.29007633587786257889 0.38167938931297712424 0.44656488549618322814 0.27862595419847330236 0.49618320610687022265 0.51908396946564883123 0.32442748091603051952 0.51908396946564883123 0.59160305343511454534 0.59541984732824426718 0.61068702290076337658 0.57633587786259543595 0.62977099236641220781 0.62977099236641220781 0.57633587786259543595 0.57633587786259543595 0.59541984732824426718 0.59923664122137410004 0.59541984732824426718 0.58778625954198471248
0.34732824427480918361 0.38549618320610684608 0.4198473282442747867 0.40458015267175573282 0.43893129770992367344 0.46183206106870228203 0.41221374045801528752 0.5 0.49618320610687022265 0.44274809160305345079 0.38549618320610684608 0.44274809160305345079 0.51526717557251910939 0.43893129770992367344 0.46564885496183205937 0.49618320610687022265 0.51908396946564883123 0.48473282442748089061 0.53435114503816794063 0.43129770992366411875 0.38549618320610684608 0.46564885496183205937 0.46564885496183205937 0.44656488549618322814 0.43129770992366411875 0.43129770992366411875 0.51145038167938927653 0.38167938931297712424 0.41221374045801528752 0.37786259541984734689 0.23282442748091602969 0.36641221374045801484 0.36641221374045801484 0.20992366412213739335 0.29389312977099235624 0.53816793893129766246 0.59160305343511454534 0.59923664122137410004 0.59160305343511454534 0.59160305343511454534 0.60687022900763354372 0.59541984732824426718 0.62595419847328248597 0.61068702290076337658 0.55725190839694660472 0.56106870229007632656 0.58778625954198471248
0.2137404580152671707 0.30152671755725191094 0.23282442748091602969 0.42366412213740456405 0.32442748091603051952 0.37786259541984734689 0.51908396946564883123 0.4198473282442747867 0.46183206106870228203 0.4274809160305343414 0.44274809160305345079 0.41221374045801528752 0.45038167938931294998 0.48091603053435116877 0.42366412213740456405 0.51145038167938927653 0.55725190839694660472 0.39312977099236640077 0.54580152671755721716 0.52671755725190838593 0.51908396946564883123 0.51526717557251910939 0.4274809160305343414 0.46946564885496183672 0.41221374045801528752 0.41221374045801528752 0.20992366412213739335 0.18702290076335878477 0.41221374045801528752 0.22519083969465647499 0.24045801526717558438 0.46183206106870228203 0.42366412213740456405 0.27099236641221374766 0.51526717557251910939 0.59160305343511454534 0.54580152671755721716 0.51526717557251910939 0.61068702290076337658 0.61068702290076337658 0.58778625954198471248 0.59160305343511454534 0.58778625954198471248 0.61068702290076337658 0.57633587786259543595 0.40076335877862595547 0.55725190839694660472
0.14503816793893128945 0.22519083969465647499 0.28625954198473280155 0.26335877862595419296 0.34732824427480918361 0.34732824427480918361 0.42366412213740456405 0.4198473282442747867 0.5 0.42366412213740456405 0.53435114503816794063 0.46946564885496183672 0.51145038167938927653 0.53816793893129766246 0.53435114503816794063 0.48854961832061066795 0.42366412213740456405 0.49618320610687022265 0.41221374045801528752 0.32442748091603051952 0.43129770992366411875 0.37404580152671756954 0.30152671755725191094 0.44274809160305345079 0.30152671755725191094 0.36641221374045801484 0.24045801526717558438 0.39694656488549617812 0.22519083969465647499 0.27099236641221374766 0.22519083969465647499 0.41221374045801528752 0.47709923664122139142 0.43129770992366411875 0.41221374045801528752 0.39694656488549617812 0.5 0.4274809160305343414 0.51908396946564883123 0.57633587786259543595 0.59541984732824426718 0.58778625954198471248 0.61832061068702293127 0.53435114503816794063 0.59541984732824426718 0.54198473282442749532 0.55725190839694660472
0.030534351145038166747 0.049618320610687022265 0.095419847328244281059 0.20229007633587786641 0.33969465648854962891 0.40458015267175573282 0.27099236641221374766 0.44274809160305345079 0.42366412213740456405 0.51908396946564883123 0.51145038167938927653 0.51908396946564883123 0.51908396946564883123 0.51908396946564883123 0.53435114503816794063 0.52671755725190838593 0.37404580152671756954 0.40458015267175573282 0.51526717557251910939 0.43893129770992367344 0.42366412213740456405 0.37404580152671756954 0.22900763358778625234 0.30916030534351146564 0.20229007633587786641 0.36641221374045801484 0.23282442748091602969 0.20229007633587786641 0.28244274809160307971 0.30916030534351146564 0.43129770992366411875 0.23664122137404580704 0.23282442748091602969 0.47328244274809161407 0.35114503816793890545 0.5 0.53816793893129766246 0.51908396946564883123 0.53816793893129766246 0.53053435114503821879 0.59160305343511454534 0.59541984732824426718 0.63740458015267176251 0.62977099236641220781 0.58778625954198471248 0.62977099236641220781 0.42366412213740456405
0.10305343511450382188 0.041984732824427481446 0.019083969465648855518 0.091603053435114503711 0.16793893129770992578 0.23282442748091602969 0.35877862595419846015 0.28625954198473280155 0.24045801526717558438 0.22900763358778625234 0.25190839694656486092 0.40076335877862595547 0.35877862595419846015 0.38549618320610684608 0.36259541984732823749 0.56488549618320615942 0.58778625954198471248 0.51908396946564883123 0.56106870229007632656 0.57633587786259543595 0.5 0.51908396946564883123 0.42366412213740456405 0.22519083969465647499 0.22900763358778625234 0.22900763358778625234 0.41221374045801528752 0.43129770992366411875 0.40458015267175573282 0.44656488549618322814 0.40839694656488551017 0.46564885496183205937 0.46946564885496183672 0.34351145038167940626 0.51526717557251910939 0.4274809160305343414 0.57633587786259543595 0.59541984732824426718 0.51908396946564883123 0.56106870229007632656 0.55725190839694660472 0.57633587786259543595 0.55725190839694660472 0.59160305343511454534 0.4198473282442747867 0.61068702290076337658 0.53435114503816794063
0.057251908396946563085 0.049618320610687022265 0.049618320610687022265 0.015267175572519083374 0.022900763358778625928 0.10687022900763358535 0.20229007633587786641 0.37404580152671756954 0.53816793893129766246 0.48091603053435116877 0.41221374045801528752 0.44656488549618322814 0.57633587786259543595 0.53053435114503821879 0.55725190839694660472 0.61068702290076337658 0.61068702290076337658 0.62977099236641220781 0.66793893129770987027 0.51908396946564883123 0.56870229007633588125 0.42366412213740456405 0.46946564885496183672 0.51908396946564883123 0.47709923664122139142 0.57633587786259543595 0.32824427480916029687 0.49618320610687022265 0.3549618320610686828 0.49618320610687022265 0.4198473282442747867 0.55725190839694660472 0.41221374045801528752 0.4923664122137404453 0.57633587786259543595 0.54580152671755721716 0.52290076335877866409 0.55725190839694660472 0.51526717557251910939 0.56106870229007632656 0.56106870229007632656 0.59160305343511454534 0.58778625954198471248 0.59160305343511454534 0.54961832061068705002 0.57633587786259543595 0.54580152671755721716
0 0 0.019083969465648855518 0.022900763358778625928 0.022900763358778625928 0.022900763358778625928 0.1106870229007633627 0.20229007633587786641 0.32824427480916029687 0.4274809160305343414 0.5 0.51908396946564883123 0.57633587786259543595 0.6450381679389313172 0.55725190839694660472 0.57633587786259543595 0.63740458015267176251 0.6450381679389313172 0.63358778625954192965 0.6450381679389313172 0.62977099236641220781 0.51908396946564883123 0.53435114503816794063 0.4923664122137404453 0.46946564885496183672 0.4274809160305343414 0.51908396946564883123 0.5 0.54198473282442749532 0.46946564885496183672 0.53816793893129766246 0.56488549618320615942 0.44274809160305345079 0.51908396946564883123 0.51908396946564883123 0.50381679389312972184 0.51908396946564883123 0.58778625954198471248 0.57633587786259543595 0.51526717557251910939 0.56106870229007632656 0.54961832061068705002 0.59160305343511454534 0.59160305343511454534 0.57633587786259543595 0.45801526717557250468 0.59541984732824426718
0 0 0 0 0.041984732824427481446 0.095419847328244281059 0.080152671755725185543 0.068702290076335881253 0.20229007633587786641 0.26717557251908397031 0.40839694656488551017 0.41221374045801528752 0.51526717557251910939 0.55725190839694660472 0.62977099236641220781 0.63740458015267176251 0.63740458015267176251 0.6450381679389313172 0.6450381679389313172 0.6603053435114504266 0.6526717557251908719 0.61068702290076337658 0.61068702290076337658 0.57633587786259543595 0.59160305343511454534 0.43893129770992367344 0.46946564885496183672 0.51908396946564883123 0.4274809160305343414 0.51526717557251910939 0.44274809160305345079 0.54580152671755721716 0.58778625954198471248 0.58778625954198471248 0.51908396946564883123 0.54580152671755721716 0.58778625954198471248 0.54580152671755721716 0.4923664122137404453 0.57633587786259543595 0.56488549618320615942 0.51908396946564883123 0.58778625954198471248 0.58778625954198471248 0.58778625954198471248 0.61068702290076337658 0.62977099236641220781
0.015267175572519083374 0 0.011450381679389312964 0.049618320610687022265 0.049618320610687022265 0.072519083969465644723 0.24809160305343511133 0.095419847328244281059 0.091603053435114503711 0.15648854961832062149 0.20992366412213739335 0.20229007633587786641 0.23282442748091602969 0.38549618320610684608 0.46564885496183205937 0.53816793893129766246 0.62595419847328248597 0.6450381679389313172 0.66412213740458014843 0.63740458015267176251 0.51908396946564883123 0.58778625954198471248 0.59541984732824426718 0.57633587786259543595 0.59541984732824426718 0.51908396946564883123 0.4274809160305343414 0.41221374045801528752 0.30152671755725191094 0.41221374045801528752 0.42366412213740456405 0.53435114503816794063 0.48473282442748089061 0.51908396946564883123 0.42366412213740456405 0.53816793893129766246 0.48473282442748089061 0.51908396946564883123 0.51908396946564883123 0.56106870229007632656 0.54580152671755721716 0.4923664122137404453 0.44656488549618322814 0.58778625954198471248 0.51908396946564883123 0.56106870229007632656 0.56488549618320615942
0.072519083969465644723 0.041984732824427481446 0.1106870229007633627 0.13358778625954198516 0.29007633587786257889 0.32442748091603051952 0.30534351145038168829 0.068702290076335881253 0.019083969465648855518 0.049618320610687022265 0.095419847328244281059 0.1106870229007633627 0.17557251908396945272 0.16793893129770992578 0.32442748091603051952 0.46946564885496183672 0.56870229007633588125 0.6526717557251908719 0.6526717557251908719 0.61068702290076337658 0.63740458015267176251 0.62213740458015265311 0.57633587786259543595 0.59541984732824426718 0.59541984732824426718 0.5 0.55725190839694660472 0.42366412213740456405 0.37404580152671756954 0.41221374045801528752 0.41221374045801528752 0.40458015267175573282 0.22519083969465647499 0.27099236641221374766 0.41221374045801528752 0.44274809160305345079 0.41221374045801528752 0.51145038167938927653 0.55725190839694660472 0.51908396946564883123 0.51908396946564883123 0.47709923664122139142 0.41221374045801528752 0.42366412213740456405 0.44656488549618322814 0.46946564885496183672 0.57633587786259543595
0.39694656488549617812 0.42366412213740456405 0.61832061068702293127 0.37404580152671756954 0.57633587786259543595 0.52290076335877866409 0.23282442748091602969 0.049618320610687022265 0.038167938931297711036 0.030534351145038166747 0.049618320610687022265 0.1488549618320610668 0.10305343511450382188 0.095419847328244281059 0.20229007633587786641 0.35877862595419846015 0.49618320610687022265 0.62977099236641220781 0.6450381679389313172 0.61068702290076337658 0.67557251908396942497 0.63740458015267176251 0.57633587786259543595 0.59541984732824426718 0.61068702290076337658 0.4274809160305343414 0.22519083969465647499 0.51145038167938927653 0.20229007633587786641 0.22519083969465647499 0.30152671755725191094 0.35877862595419846015 0.32442748091603051952 0.21755725190839694805 0.26717557251908397031 0.51526717557251910939 0.29389312977099235624 0.40839694656488551017 0.46183206106870228203 0.55725190839694660472 0.58778625954198471248 0.39312977099236640077 0.56488549618320615942 0.40458015267175573282 0.37786259541984734689 0.53435114503816794063 0.48091603053435116877
0.71755725190839692029 0.71374045801526719845 0.74809160305343513908 0.61068702290076337658 0.22900763358778625234 0.095419847328244281059 0.091603053435114503711 0.18702290076335878477 0.095419847328244281059 0.041984732824427481446 0.022900763358778625928 0.041984732824427481446 0.2137404580152671707 0.087786259541984726362 0.22519083969465647499 0.29007633587786257889 0.40839694656488551017 0.56106870229007632656 0.63740458015267176251 0.57633587786259543595 0.7022900763358778109 0.53816793893129766246 0.52290076335877866409 0.55725190839694660472 0.5 0.6450381679389313172 0.54580152671755721716 0.50381679389312972184 0.27099236641221374766 0.1488549618320610668 0.12977099236641220781 0.23282442748091602969 0.27099236641221374766 0.34351145038167940626 0.25954198473282441562 0.22519083969465647499 0.22519083969465647499 0.26717557251908397031 0.29770992366412213359 0.40076335877862595547 0.41221374045801528752 0.46564885496183205937 0.55725190839694660472 0.58778625954198471248 0.51908396946564883123 0.5 0.57633587786259543595
0.71374045801526719845 0.62977099236641220781 0.75190839694656486092 0.44274809160305345079 0.41221374045801528752 0.32061068702290074217 0.28244274809160307971 0.20229007633587786641 0.15648854961832062149 0.095419847328244281059 0.049618320610687022265 0.09923664122137404453 0.23282442748091602969 0.23664122137404580704 0.40076335877862595547 0.4274809160305343414 0.45038167938931294998 0.51908396946564883123 0.44656488549618322814 0.62977099236641220781 0.67557251908396942497 0.62977099236641220781 0.67557251908396942497 0.63740458015267176251 0.61068702290076337658 0.6526717557251908719 0.58778625954198471248 0.56106870229007632656 0.42366412213740456405 0.41221374045801528752 0.27099236641221374766 0.32824427480916029687 0.34732824427480918361 0.41221374045801528752 0.52671755725190838593 0.51526717557251910939 0.42366412213740456405 0.16793893129770992578 0.20229007633587786641 0.37404580152671756954 0.24809160305343511133 0.30534351145038168829 0.4351145038167938961 0.51908396946564883123 0.61068702290076337658 0.38549618320610684608 0.57633587786259543595
0.67557251908396942497 0.68320610687022897967 0.71374045801526719845 0.7022900763358778109 0.71374045801526719845 0.55725190839694660472 0.46564885496183205937 0.44656488549618322814 0.22900763358778625234 0.41221374045801528752 0.16412213740458014843 0.17557251908396945272 0.20992366412213739335 0.44656488549618322814 0.29007633587786257889 0.42366412213740456405 0.6603053435114504266 0.6450381679389313172 0.68320610687022897967 0.6526717557251908719 0.6526717557251908719 0.67557251908396942497 0.62977099236641220781 0.66793893129770987027 0.63740458015267176251 0.63740458015267176251 0.6526717557251908719 0.56106870229007632656 0.69465648854961836722 0.51908396946564883123 0.59160305343511454534 0.61832061068702293127 0.60305343511450382188 0.59160305343511454534 0.54580152671755721716 0.46564885496183205937 0.62977099236641220781 0.54580152671755721716 0.53435114503816794063 0.42366412213740456405 0.4274809160305343414 0.41603053435114506486 0.40458015267175573282 0.49618320610687022265 0.53816793893129766246 0.40076335877862595547 0.53435114503816794063
0.71755725190839692029 0.69465648854961836722 0.71374045801526719845 0.75190839694656486092 0.69847328244274808906 0.74045801526717558438 0.72137404580152675315 0.69465648854961836722 0.54580152671755721716 0.59541984732824426718 0.27480916030534352501 0.42366412213740456405 0.34732824427480918361 0.43129770992366411875 0.51145038167938927653 0.6526717557251908719 0.62977099236641220781 0.66412213740458014843 0.6450381679389313172 0.56106870229007632656 0.6450381679389313172 0.58778625954198471248 0.55725190839694660472 0.56106870229007632656 0.58778625954198471248 0.54580152671755721716 0.61068702290076337658 0.69465648854961836722 0.71374045801526719845 0.67557251908396942497 0.63740458015267176251 0.62977099236641220781 0.67557251908396942497 0.63740458015267176251 0.55725190839694660472 0.58778625954198471248 0.51908396946564883123 0.69847328244274808906 0.62595419847328248597 0.66412213740458014843 0.59541984732824426718 0.63740458015267176251 0.44274809160305345079 0.42366412213740456405 0.51908396946564883123 0.46946564885496183672 0.42366412213740456405
