Example/niche_background/models/ENFA/Anolis_coelestinus_1.asc
ncols        743
nrows        319
xllcorner    -74.500956448335
yllcorner    17.448920549066
cellsize     0.008333333333
NODATA_value  -9999
[rows 140 to 159 of 319, columns 675 to 719 of 743]
0.32163742690058477747 0.56725146198830411759 0.30409356725146197142 0.38011695906432746428 0.2807017543859648967 0.25730994152046782197 0.28654970760233916538 0.43274853801169588241 0.49122807017543856922 0.31578947368421050879 0.35672514619883038955 0.35672514619883038955 0.35087719298245612087 0.35087719298245612087 0.25730994152046782197 0.29239766081871343406 0.26900584795321635934 0.25146198830409355329 0.2807017543859648967 0.19883040935672513516 -9999 -9999 -9999 -9999 -9999 -9999 -9999 -9999 -9999 -9999 -9999 -9999 -9999 -9999 -9999 -9999 -9999 -9999 -9999 -9999 -9999 -9999 -9999 -9999 -9999
0.35087719298245612087 0.51461988304093564395 0.43274853801169588241 0.6257309941520468044 0.32163742690058477747 0.57309941520467833076 0.25730994152046782197 0.44444444444444441977 0.32163742690058477747 0.28654970760233916538 0.35672514619883038955 0.28654970760233916538 0.33918128654970758351 0.28654970760233916538 0.35672514619883038955 0.3099415204678362401 0.20467836257309940384 0.27485380116959062802 0.21637426900584794121 0.20467836257309940384 0.21637426900584794121 -9999 -9999 -9999 -9999 -9999 -9999 -9999 -9999 -9999 -9999 -9999 -9999 -9999 -9999 -9999 -9999 -9999 -9999 -9999 -9999 -9999 -9999 -9999 -9999
0.35672514619883038955 0.34502923976608185219 0.25146198830409355329 0.25146198830409355329 0.25146198830409355329 0.34502923976608185219 0.48538011695906430054 0.49122807017543856922 0.34502923976608185219 0.25146198830409355329 0.35087719298245612087 0.26900584795321635934 0.28654970760233916538 0.42690058479532161373 0.28654970760233916538 0.33918128654970758351 0.25730994152046782197 0.25146198830409355329 0.25146198830409355329 0.25146198830409355329 0.23391812865497074725 0.19883040935672513516 -9999 -9999 -9999 -9999 -9999 -9999 -9999 -9999 -9999 -9999 -9999 -9999 -9999 -9999 -9999 -9999 -9999 -9999 -9999 -9999 -9999 -9999 -9999
0.33918128654970758351 0.33918128654970758351 0.36842105263157892692 0.54970760233918125603 0.35087719298245612087 0.34502923976608185219 0.35087719298245612087 0.41520467836257307637 0.28654970760233916538 0.33918128654970758351 0.33918128654970758351 0.35672514619883038955 0.35672514619883038955 0.43274853801169588241 0.43274853801169588241 0.35087719298245612087 0.27485380116959062802 0.26900584795321635934 0.24561403508771928461 0.22222222222222220989 0.26900584795321635934 0.25146198830409355329 0.22222222222222220989 -9999 -9999 -9999 -9999 -9999 -9999 -9999 -9999 -9999 -9999 -9999 -9999 -9999 -9999 -9999 -9999 -9999 -9999 -9999 -9999 -9999 -9999
0.43274853801169588241 0.26900584795321635934 0.35672514619883038955 0.40935672514619880769 0.39766081871345027032 0.40935672514619880769 0.3099415204678362401 0.54970760233918125603 0.3099415204678362401 0.45029239766081868845 0.38011695906432746428 0.20467836257309940384 0.19883040935672513516 0.25730994152046782197 0.25146198830409355329 0.43274853801169588241 0.25146198830409355329 0.24561403508771928461 0.21637426900584794121 0.23391812865497074725 0.27485380116959062802 0.20467836257309940384 0.23391812865497074725 0.25146198830409355329 -9999 -9999 -9999 -9999 -9999 -9999 -9999 -9999 -9999 -9999 -9999 -9999 -9999 -9999 -9999 -9999 -9999 -9999 -9999 -9999 -9999
0.3742690058479531956 0.33918128654970758351 0.30409356725146197142 0.41520467836257307637 0.60818713450292394285 0.44444444444444441977 0.25146198830409355329 0.38011695906432746428 0.2807017543859648967 0.44444444444444441977 0.25146198830409355329 0.26900584795321635934 0.26900584795321635934 0.28654970760233916538 0.35672514619883038955 0.35087719298245612087 0.27485380116959062802 0.32748538011695904615 0.25146198830409355329 0.20467836257309940384 0.19298245614035086648 0.23391812865497074725 0.23391812865497074725 0.20467836257309940384 0.20467836257309940384 0.20467836257309940384 -9999 -9999 -9999 -9999 -9999 -9999 -9999 -9999 -9999 -9999 -9999 -9999 -9999 -9999 -9999 -9999 -9999 -9999 -9999
0.29824561403508770274 0.35087719298245612087 0.34502923976608185219 0.35672514619883038955 0.4678362573099414945 0.4678362573099414945 0.35672514619883038955 0.3742690058479531956 0.25146198830409355329 0.35087719298245612087 0.32748538011695904615 0.25146198830409355329 0.35672514619883038955 0.22222222222222220989 0.2807017543859648967 0.38011695906432746428 0.32748538011695904615 0.25146198830409355329 0.28654970760233916538 0.28654970760233916538 0.19298245614035086648 0.25146198830409355329 0.21637426900584794121 0.19883040935672513516 0.1871345029239765978 0.20467836257309940384 -9999 -9999 -9999 -9999 -9999 -9999 -9999 -9999 -9999 -9999 -9999 -9999 -9999 -9999 -9999 -9999 -9999 -9999 -9999
0.35087719298245612087 0.35672514619883038955 0.44444444444444441977 0.4678362573099414945 0.43274853801169588241 0.44444444444444441977 0.29824561403508770274 0.25730994152046782197 0.44444444444444441977 0.40935672514619880769 0.27485380116959062802 0.26900584795321635934 0.21637426900584794121 0.30409356725146197142 0.35672514619883038955 0.26900584795321635934 0.1871345029239765978 0.22222222222222220989 0.25146198830409355329 0.25730994152046782197 0.26900584795321635934 0.21637426900584794121 0.25146198830409355329 0.21637426900584794121 0.18128654970760232912 0.19298245614035086648 0.19298245614035086648 -9999 -9999 -9999 -9999 -9999 -9999 -9999 -9999 -9999 -9999 -9999 -9999 -9999 -9999 -9999 -9999 -9999 -9999
0.35672514619883038955 0.33918128654970758351 0.29239766081871343406 0.38011695906432746428 0.39766081871345027032 0.35672514619883038955 0.40935672514619880769 0.25146198830409355329 0.20467836257309940384 0.28654970760233916538 0.27485380116959062802 0.26900584795321635934 0.25146198830409355329 0.21637426900584794121 0.33918128654970758351 0.26900584795321635934 0.23391812865497074725 0.26315789473684209065 0.19883040935672513516 0.25146198830409355329 0.25146198830409355329 0.19883040935672513516 0.18128654970760232912 0.25146198830409355329 0.18128654970760232912 0.19298245614035086648 0.18128654970760232912 0.19298245614035086648 -9999 -9999 -9999 -9999 -9999 -9999 -9999 -9999 -9999 -9999 -9999 -9999 -9999 -9999 -9999 -9999 -9999
0.45614035087719295714 0.27485380116959062802 0.25146198830409355329 0.35672514619883038955 0.33918128654970758351 0.3099415204678362401 0.38011695906432746428 0.29239766081871343406 0.32163742690058477747 0.22222222222222220989 0.25730994152046782197 0.33918128654970758351 0.18128654970760232912 0.29824561403508770274 0.34502923976608185219 0.1871345029239765978 0.18128654970760232912 0.19883040935672513516 0.25146198830409355329 0.26900584795321635934 0.25730994152046782197 0.20467836257309940384 0.19883040935672513516 0.19883040935672513516 0.19883040935672513516 0.19298245614035086648 0.1871345029239765978 0.19298245614035086648 0.18128654970760232912 -9999 -9999 -9999 -9999 -9999 -9999 -9999 -9999 -9999 -9999 -9999 -9999 -9999 -9999 -9999 -9999
0.34502923976608185219 0.2807017543859648967 0.30409356725146197142 0.33918128654970758351 0.30409356725146197142 0.39766081871345027032 0.33918128654970758351 0.45614035087719295714 0.30409356725146197142 0.34502923976608185219 0.25146198830409355329 0.27485380116959062802 0.34502923976608185219 0.19298245614035086648 0.23391812865497074725 0.23976608187134501593 0.25730994152046782197 0.19298245614035086648 0.25146198830409355329 0.29824561403508770274 0.25146198830409355329 0.25146198830409355329 0.25146198830409355329 0.24561403508771928461 0.20467836257309940384 0.19883040935672513516 0.1871345029239765978 0.18128654970760232912 0.19298245614035086648 0.18128654970760232912 -9999 -9999 -9999 -9999 -9999 -9999 -9999 -9999 -9999 -9999 -9999 -9999 -9999 -9999 -9999
0.25146198830409355329 0.30409356725146197142 0.57309941520467833076 0.3099415204678362401 0.33918128654970758351 0.49122807017543856922 0.36257309941520465824 0.35672514619883038955 0.36842105263157892692 0.34502923976608185219 0.43274853801169588241 0.25146198830409355329 0.35087719298245612087 0.23391812865497074725 0.25730994152046782197 0.25730994152046782197 0.2807017543859648967 0.18128654970760232912 0.25146198830409355329 0.21637426900584794121 0.25146198830409355329 0.32748538011695904615 0.25146198830409355329 0.21637426900584794121 0.22222222222222220989 0.20467836257309940384 0.18128654970760232912 0.19883040935672513516 0.19883040935672513516 0.18128654970760232912 -9999 -9999 -9999 -9999 -9999 -9999 -9999 -9999 -9999 -9999 -9999 -9999 -9999 -9999 -9999
0.25146198830409355329 0.26900584795321635934 0.42105263157894734505 0.34502923976608185219 0.2807017543859648967 0.35087719298245612087 0.35672514619883038955 0.38011695906432746428 0.35087719298245612087 0.54970760233918125603 0.43274853801169588241 0.403508771929824539 0.2807017543859648967 0.19298245614035086648 0.30409356725146197142 0.38011695906432746428 0.2807017543859648967 0.20467836257309940384 0.23391812865497074725 0.25146198830409355329 0.23391812865497074725 0.25146198830409355329 0.19298245614035086648 0.19883040935672513516 0.18128654970760232912 0.19883040935672513516 0.19298245614035086648 0.18128654970760232912 0.18128654970760232912 0.18128654970760232912 0.18128654970760232912 0.18128654970760232912 -9999 -9999 -9999 -9999 -9999 -9999 -9999 -9999 -9999 -9999 -9999 -9999 -9999
0.32748538011695904615 0.29824561403508770274 0.20467836257309940384 0.26900584795321635934 0.38011695906432746428 0.29239766081871343406 0.25146198830409355329 0.35672514619883038955 0.403508771929824539 0.34502923976608185219 0.45029239766081868845 0.25730994152046782197 0.19883040935672513516 0.23391812865497074725 0.30409356725146197142 0.29239766081871343406 0.19883040935672513516 0.19883040935672513516 0.19883040935672513516 0.25146198830409355329 0.25146198830409355329 0.19883040935672513516 0.19883040935672513516 0.19883040935672513516 0.19298245614035086648 0.19298245614035086648 0.17543859649122806044 0.18128654970760232912 0.19298245614035086648 0.1871345029239765978 0.18128654970760232912 0.18128654970760232912 0.15789473684210525439 -9999 -9999 -9999 -9999 -9999 -9999 -9999 -9999 -9999 -9999 -9999 -9999
0.33918128654970758351 0.22222222222222220989 0.29239766081871343406 0.27485380116959062802 0.43859649122807015109 0.28654970760233916538 0.26315789473684209065 0.32748538011695904615 0.24561403508771928461 0.21052631578947367252 0.21637426900584794121 0.25730994152046782197 0.32163742690058477747 0.26900584795321635934 0.22222222222222220989 0.35087719298245612087 0.26900584795321635934 0.29824561403508770274 0.25730994152046782197 0.23391812865497074725 0.19298245614035086648 0.1871345029239765978 0.18128654970760232912 0.19883040935672513516 0.18128654970760232912 0.18128654970760232912 0.18128654970760232912 0.18128654970760232912 0.18128654970760232912 0.18128654970760232912 0.18128654970760232912 0.16959064327485379176 0.15789473684210525439 0.16959064327485379176 -9999 -9999 -9999 -9999 -9999 -9999 -9999 -9999 -9999 -9999 -9999
0.29824561403508770274 0.4678362573099414945 0.24561403508771928461 0.23976608187134501593 0.25146198830409355329 0.25730994152046782197 0.35672514619883038955 0.38011695906432746428 0.35087719298245612087 0.403508771929824539 0.19883040935672513516 0.35087719298245612087 0.22222222222222220989 0.29239766081871343406 0.2807017543859648967 0.2807017543859648967 0.30409356725146197142 0.21637426900584794121 0.21637426900584794121 0.19298245614035086648 0.25146198830409355329 0.19298245614035086648 0.15789473684210525439 0.15789473684210525439 0.23391812865497074725 0.19298245614035086648 0.15789473684210525439 0.18128654970760232912 0.18128654970760232912 0.18128654970760232912 0.18128654970760232912 0.16959064327485379176 0.15789473684210525439 0.18128654970760232912 0.15204678362573098571 0.14035087719298244835 -9999 -9999 -9999 -9999 -9999 -9999 -9999 -9999 -9999
0.19298245614035086648 0.4678362573099414945 0.30409356725146197142 0.19298245614035086648 0.29239766081871343406 0.35087719298245612087 0.25146198830409355329 0.45614035087719295714 0.33918128654970758351 0.30409356725146197142 0.30409356725146197142 0.28654970760233916538 0.26900584795321635934 0.21637426900584794121 0.21637426900584794121 0.33918128654970758351 0.25146198830409355329 0.21637426900584794121 0.19883040935672513516 0.21052631578947367252 0.25146198830409355329 0.18128654970760232912 0.20467836257309940384 0.19298245614035086648 0.16959064327485379176 0.19298245614035086648 0.1871345029239765978 0.16374269005847952307 0.14619883040935671703 0.15789473684210525439 0.18128654970760232912 0.16959064327485379176 0.18128654970760232912 0.18128654970760232912 0.16374269005847952307 0.15789473684210525439 0.14619883040935671703 -9999 -9999 -9999 -9999 -9999 -9999 -9999 -9999
0.4678362573099414945 0.18128654970760232912 0.25146198830409355329 0.23391812865497074725 0.29824561403508770274 0.38011695906432746428 0.26900584795321635934 0.35672514619883038955 0.40935672514619880769 0.32748538011695904615 0.42105263157894734505 0.3099415204678362401 0.26900584795321635934 0.19883040935672513516 0.25146198830409355329 0.36842105263157892692 0.35087719298245612087 0.25730994152046782197 0.25146198830409355329 0.18128654970760232912 0.23976608187134501593 0.21637426900584794121 0.18128654970760232912 0.20467836257309940384 0.19298245614035086648 0.18128654970760232912 0.17543859649122806044 0.14035087719298244835 0.15789473684210525439 0.15789473684210525439 0.15789473684210525439 0.16959064327485379176 0.15789473684210525439 0.18128654970760232912 0.15789473684210525439 0.15789473684210525439 0.15789473684210525439 -9999 -9999 -9999 -9999 -9999 -9999 -9999 -9999
0.16959064327485379176 0.3099415204678362401 0.34502923976608185219 0.26900584795321635934 0.27485380116959062802 0.36257309941520465824 0.4678362573099414945 0.43274853801169588241 0.35087719298245612087 0.38011695906432746428 0.26900584795321635934 0.3099415204678362401 0.35087719298245612087 0.19298245614035086648 0.28654970760233916538 0.35087719298245612087 0.3099415204678362401 0.19883040935672513516 0.24561403508771928461 0.18128654970760232912 0.19883040935672513516 0.25146198830409355329 0.19883040935672513516 0.20467836257309940384 0.21637426900584794121 0.18128654970760232912 0.19298245614035086648 0.14619883040935671703 0.18128654970760232912 0.19298245614035086648 0.15789473684210525439 0.14035087719298244835 0.15789473684210525439 0.16959064327485379176 0.15789473684210525439 0.15789473684210525439 0.15204678362573098571 0.14035087719298244835 -9999 -9999 -9999 -9999 -9999 -9999 -9999
0.48538011695906430054 0.28654970760233916538 0.39766081871345027032 0.3099415204678362401 0.35087719298245612087 0.35672514619883038955 0.38011695906432746428 0.35672514619883038955 0.35087719298245612087 0.403508771929824539 0.35672514619883038955 0.1871345029239765978 0.25146198830409355329 0.26900584795321635934 0.33918128654970758351 0.2807017543859648967 0.19298245614035086648 0.23391812865497074725 0.25146198830409355329 0.20467836257309940384 0.25146198830409355329 0.17543859649122806044 0.16959064327485379176 0.19298245614035086648 0.19298245614035086648 0.19298245614035086648 0.15789473684210525439 0.18128654970760232912 0.14035087719298244835 0.18128654970760232912 0.15789473684210525439 0.14035087719298244835 0.14035087719298244835 0.15789473684210525439 0.15789473684210525439 0.15789473684210525439 0.14619883040935671703 0.15204678362573098571 0.15204678362573098571 0.15789473684210525439 -9999 -9999 -9999 -9999 -9999
