Example/niche_background/models/ENFA/Anolis_coelestinus_1.asc
ncols        743
nrows        319
xllcorner    -74.500956448335
yllcorner    17.448920549066
cellsize     0.008333333333
NODATA_value  -9999
[rows 40 to 59 of 319, columns 270 to 314 of 743]
0.017543859649122806044 0.023391812865497074725 0.076023391812865492856 0.064327485380116955493 0.023391812865497074725 0.023391812865497074725 0.023391812865497074725 -9999 -9999 -9999 -9999 -9999 -9999 -9999 -9999 -9999 -9999 -9999 -9999 -9999 -9999 -9999 -9999 -9999 -9999 -9999 -9999 -9999 -9999 -9999 -9999 -9999 -9999 -9999 -9999 -9999 -9999 -9999 -9999 -9999 -9999 -9999 -9999 -9999 -9999
0.058479532163742686812 0.064327485380116955493 0.13450292397660817967 0.13450292397660817967 0.023391812865497074725 0.017543859649122806044 0.017543859649122806044 -9999 -9999 -9999 -9999 -9999 -9999 -9999 -9999 -9999 -9999 -9999 -9999 -9999 -9999 -9999 -9999 -9999 -9999 -9999 -9999 -9999 -9999 -9999 -9999 -9999 -9999 -9999 -9999 -9999 -9999 -9999 -9999 -9999 -9999 -9999 -9999 -9999 -9999
0.14035087719298244835 0.14035087719298244835 0.14035087719298244835 0.052631578947368418131 0.023391812865497074725 0.011695906432748537362 -9999 -9999 -9999 -9999 -9999 -9999 -9999 -9999 -9999 -9999 -9999 -9999 -9999 -9999 -9999 -9999 -9999 -9999 -9999 -9999 -9999 -9999 -9999 -9999 -9999 -9999 -9999 -9999 -9999 -9999 -9999 -9999 -9999 -9999 -9999 -9999 -9999 -9999 -9999
0.14035087719298244835 0.14035087719298244835 0.12865497076023391099 0.017543859649122806044 0.017543859649122806044 0.017543859649122806044 -9999 -9999 -9999 0.0058479532163742686812 0.0058479532163742686812 -9999 -9999 0.0058479532163742686812 0.0058479532163742686812 -9999 -9999 -9999 -9999 -9999 -9999 -9999 -9999 -9999 -9999 -9999 -9999 -9999 -9999 -9999 -9999 -9999 -9999 -9999 -9999 -9999 -9999 -9999 -9999 -9999 -9999 -9999 -9999 -9999 -9999
0.15204678362573098571 0.0935672514619882989 0.04678362573099414945 0.017543859649122806044 0.017543859649122806044 0.017543859649122806044 0.017543859649122806044 0.0058479532163742686812 0.0058479532163742686812 0.0058479532163742686812 0.017543859649122806044 0.0058479532163742686812 0.0058479532163742686812 0.0058479532163742686812 0.0058479532163742686812 -9999 -9999 -9999 -9999 -9999 -9999 -9999 -9999 -9999 -9999 -9999 -9999 -9999 -9999 -9999 -9999 -9999 -9999 -9999 -9999 -9999 -9999 -9999 -9999 -9999 -9999 -9999 -9999 -9999 -9999
0.023391812865497074725 0.023391812865497074725 0.017543859649122806044 0.017543859649122806044 0.017543859649122806044 0.017543859649122806044 0.017543859649122806044 0.011695906432748537362 0.017543859649122806044 0.0058479532163742686812 0.0058479532163742686812 0.0058479532163742686812 0.011695906432748537362 0.0058479532163742686812 0.0058479532163742686812 0.0058479532163742686812 0.0058479532163742686812 -9999 -9999 -9999 0.0058479532163742686812 0.0058479532163742686812 0.0058479532163742686812 0.0058479532163742686812 0.0058479532163742686812 0.0058479532163742686812 -9999 -9999 -9999 -9999 -9999 -9999 0.0058479532163742686812 0.0058479532163742686812 0.0058479532163742686812 0.0058479532163742686812 -9999 0.0058479532163742686812 -9999 -9999 -9999 -9999 -9999 -9999 -9999
0.017543859649122806044 0.017543859649122806044 0.017543859649122806044 0.017543859649122806044 0.017543859649122806044 0.017543859649122806044 0.017543859649122806044 0.011695906432748537362 0.0058479532163742686812 0.0058479532163742686812 0.017543859649122806044 0.017543859649122806044 0.0058479532163742686812 0.0058479532163742686812 0.0058479532163742686812 0.0058479532163742686812 0.0058479532163742686812 0.0058479532163742686812 0.0058479532163742686812 0.0058479532163742686812 0.0058479532163742686812 0.0058479532163742686812 -9999 0.0058479532163742686812 0.0058479532163742686812 -9999 -9999 -9999 -9999 -9999 -9999 0.0058479532163742686812 0.0058479532163742686812 0.0058479532163742686812 0.0058479532163742686812 0.0058479532163742686812 0.0058479532163742686812 0.0058479532163742686812 0.0058479532163742686812 0.0058479532163742686812 0.0058479532163742686812 0.0058479532163742686812 0 0 0
0.017543859649122806044 0.017543859649122806044 0.017543859649122806044 0.017543859649122806044 0.017543859649122806044 0.017543859649122806044 0.017543859649122806044 0.011695906432748537362 0.0058479532163742686812 0.0058479532163742686812 0.017543859649122806044 0.017543859649122806044 0.0058479532163742686812 0.0058479532163742686812 0.0058479532163742686812 0.0058479532163742686812 0.0058479532163742686812 0.0058479532163742686812 0.0058479532163742686812 0.0058479532163742686812 0.0058479532163742686812 -9999 0.0058479532163742686812 0.0058479532163742686812 0.0058479532163742686812 0.0058479532163742686812 -9999 -9999 -9999 -9999 -9999 -9999 0.0058479532163742686812 0.0058479532163742686812 0.0058479532163742686812 0.0058479532163742686812 0.0058479532163742686812 0.0058479532163742686812 0.0058479532163742686812 0.0058479532163742686812 0 0.0058479532163742686812 0.0058479532163742686812 0.0058479532163742686812 0.0058479532163742686812
0.017543859649122806044 0.017543859649122806044 0.017543859649122806044 0.017543859649122806044 0.017543859649122806044 0.017543859649122806044 0.017543859649122806044 0.011695906432748537362 0.017543859649122806044 0.017543859649122806044 0.017543859649122806044 0.017543859649122806044 0.011695906432748537362 0.0058479532163742686812 0.0058479532163742686812 0.0058479532163742686812 0.011695906432748537362 0.0058479532163742686812 0.0058479532163742686812 0.0058479532163742686812 0.0058479532163742686812 -9999 0.0058479532163742686812 -9999 0.0058479532163742686812 -9999 -9999 -9999 -9999 -9999 -9999 0.0058479532163742686812 0.0058479532163742686812 0.0058479532163742686812 0.0058479532163742686812 0.0058479532163742686812 0.0058479532163742686812 0.0058479532163742686812 0.0058479532163742686812 0.0058479532163742686812 0.0058479532163742686812 0.0058479532163742686812 0.0058479532163742686812 0.0058479532163742686812 0.0058479532163742686812
0.017543859649122806044 0.017543859649122806044 0.017543859649122806044 0.017543859649122806044 0.017543859649122806044 0.017543859649122806044 0.017543859649122806044 0.017543859649122806044 0.017543859649122806044 0.017543859649122806044 0.017543859649122806044 0.017543859649122806044 0.017543859649122806044 0.011695906432748537362 0.017543859649122806044 0.0058479532163742686812 0.0058479532163742686812 0.0058479532163742686812 0.0058479532163742686812 0.0058479532163742686812 0.0058479532163742686812 0.0058479532163742686812 0.0058479532163742686812 -9999 -9999 0.0058479532163742686812 0.0058479532163742686812 0.0058479532163742686812 0.0058479532163742686812 0.0058479532163742686812 0.0058479532163742686812 0.0058479532163742686812 0.0058479532163742686812 0.0058479532163742686812 0.0058479532163742686812 0.0058479532163742686812 0.0058479532163742686812 0.0058479532163742686812 0.0058479532163742686812 0.0058479532163742686812 0.0058479532163742686812 0.0058479532163742686812 0.0058479532163742686812 0.0058479532163742686812 0.0058479532163742686812
0.017543859649122806044 0.017543859649122806044 0.017543859649122806044 0.017543859649122806044 0.017543859649122806044 0.017543859649122806044 0.017543859649122806044 0.017543859649122806044 0.017543859649122806044 0.0058479532163742686812 0.017543859649122806044 0.017543859649122806044 0.017543859649122806044 0.017543859649122806044 0.017543859649122806044 0.0058479532163742686812 0.0058479532163742686812 0.0058479532163742686812 0.0058479532163742686812 0.0058479532163742686812 0.0058479532163742686812 0.0058479532163742686812 0.0058479532163742686812 0.0058479532163742686812 0.0058479532163742686812 0.0058479532163742686812 0.0058479532163742686812 0.0058479532163742686812 0.0058479532163742686812 0.0058479532163742686812 0.0058479532163742686812 0.0058479532163742686812 0.0058479532163742686812 0.0058479532163742686812 0.0058479532163742686812 0.0058479532163742686812 0.0058479532163742686812 0.0058479532163742686812 0.0058479532163742686812 0.0058479532163742686812 0.0058479532163742686812 0.0058479532163742686812 0.0058479532163742686812 0.0058479532163742686812 0.0058479532163742686812
0.023391812865497074725 0.023391812865497074725 0.017543859649122806044 0.017543859649122806044 0.017543859649122806044 0.017543859649122806044 0.023391812865497074725 0.017543859649122806044 0.017543859649122806044 0.017543859649122806044 0.017543859649122806044 0.017543859649122806044 0.017543859649122806044 0.017543859649122806044 0.017543859649122806044 0.017543859649122806044 0.0058479532163742686812 0.0058479532163742686812 0.0058479532163742686812 0.0058479532163742686812 0.0058479532163742686812 0.0058479532163742686812 0.0058479532163742686812 0.011695906432748537362 0.0058479532163742686812 0.0058479532163742686812 0.0058479532163742686812 0.0058479532163742686812 0.0058479532163742686812 0.0058479532163742686812 0.0058479532163742686812 0.0058479532163742686812 0.0058479532163742686812 0.0058479532163742686812 0.0058479532163742686812 0.0058479532163742686812 0.0058479532163742686812 0.0058479532163742686812 0.0058479532163742686812 0.0058479532163742686812 0.0058479532163742686812 0.0058479532163742686812 0.0058479532163742686812 0.0058479532163742686812 -9999
0.023391812865497074725 0.023391812865497074725 0.023391812865497074725 0.017543859649122806044 0.017543859649122806044 0.017543859649122806044 0.017543859649122806044 0.017543859649122806044 0.023391812865497074725 0.017543859649122806044 0.017543859649122806044 0.017543859649122806044 0.017543859649122806044 0.017543859649122806044 0.017543859649122806044 0.017543859649122806044 0.017543859649122806044 0.011695906432748537362 0.011695906432748537362 0.0058479532163742686812 0.0058479532163742686812 0.0058479532163742686812 0.017543859649122806044 0.017543859649122806044 0.017543859649122806044 0.0058479532163742686812 0.0058479532163742686812 0.0058479532163742686812 0.0058479532163742686812 0.017543859649122806044 0.0058479532163742686812 0.0058479532163742686812 0.0058479532163742686812 0.0058479532163742686812 0.0058479532163742686812 0.0058479532163742686812 0.017543859649122806044 0.0058479532163742686812 0.0058479532163742686812 0.0058479532163742686812 0.0058479532163742686812 0.0058479532163742686812 0.0058479532163742686812 0.0058479532163742686812 -9999
0.023391812865497074725 0.023391812865497074725 0.023391812865497074725 0.017543859649122806044 0.017543859649122806044 0.017543859649122806044 0.023391812865497074725 0.023391812865497074725 0.017543859649122806044 0.017543859649122806044 0.017543859649122806044 0.017543859649122806044 0.017543859649122806044 0.017543859649122806044 0.017543859649122806044 0.017543859649122806044 0.017543859649122806044 0.023391812865497074725 0.017543859649122806044 0.017543859649122806044 0.017543859649122806044 0.0058479532163742686812 0.017543859649122806044 0.0058479532163742686812 0.017543859649122806044 0.0058479532163742686812 0.0058479532163742686812 0.0058479532163742686812 0.017543859649122806044 0.011695906432748537362 0.0058479532163742686812 0.0058479532163742686812 0.0058479532163742686812 0.0058479532163742686812 0.0058479532163742686812 0.017543859649122806044 0.017543859649122806044 0.017543859649122806044 0.0058479532163742686812 0.0058479532163742686812 0.0058479532163742686812 0.0058479532163742686812 0.0058479532163742686812 0.0058479532163742686812 0.0058479532163742686812
0.023391812865497074725 0.017543859649122806044 0.023391812865497074725 0.023391812865497074725 0.017543859649122806044 0.017543859649122806044 0.017543859649122806044 0.023391812865497074725 0.023391812865497074725 0.017543859649122806044 0.017543859649122806044 0.017543859649122806044 0.023391812865497074725 0.017543859649122806044 0.017543859649122806044 0.017543859649122806044 0.023391812865497074725 0.017543859649122806044 0.017543859649122806044 0.017543859649122806044 0.017543859649122806044 0.017543859649122806044 0.017543859649122806044 0.0058479532163742686812 0.017543859649122806044 0.0058479532163742686812 0.0058479532163742686812 0.017543859649122806044 0.017543859649122806044 0.017543859649122806044 0.0058479532163742686812 0.017543859649122806044 0.011695906432748537362 0.017543859649122806044 0.011695906432748537362 0.017543859649122806044 0.017543859649122806044 0.011695906432748537362 0.0058479532163742686812 0.0058479532163742686812 0.0058479532163742686812 0.017543859649122806044 0.011695906432748537362 0.0058479532163742686812 0.0058479532163742686812
0.023391812865497074725 0.023391812865497074725 0.023391812865497074725 0.023391812865497074725 0.023391812865497074725 0.017543859649122806044 0.017543859649122806044 0.017543859649122806044 0.017543859649122806044 0.023391812865497074725 0.017543859649122806044 0.017543859649122806044 0.017543859649122806044 0.017543859649122806044 0.052631578947368418131 0.035087719298245612087 0.04678362573099414945 0.023391812865497074725 0.04678362573099414945 0.017543859649122806044 0.017543859649122806044 0.017543859649122806044 0.017543859649122806044 0.0058479532163742686812 0.017543859649122806044 0.017543859649122806044 0.023391812865497074725 0.017543859649122806044 0.017543859649122806044 0.017543859649122806044 0.023391812865497074725 0.017543859649122806044 0.017543859649122806044 0.017543859649122806044 0.017543859649122806044 0.017543859649122806044 0.017543859649122806044 0.0058479532163742686812 0.0058479532163742686812 0.017543859649122806044 0.017543859649122806044 0.017543859649122806044 0.0058479532163742686812 0.017543859649122806044 0.0058479532163742686812
0.023391812865497074725 0.023391812865497074725 0.023391812865497074725 0.023391812865497074725 0.023391812865497074725 0.023391812865497074725 0.023391812865497074725 0.023391812865497074725 0.023391812865497074725 0.017543859649122806044 0.023391812865497074725 0.023391812865497074725 0.023391812865497074725 0.017543859649122806044 0.023391812865497074725 0.14619883040935671703 0.070175438596491224175 0.13450292397660817967 0.052631578947368418131 0.035087719298245612087 0.017543859649122806044 0.023391812865497074725 0.023391812865497074725 0.023391812865497074725 0.017543859649122806044 0.017543859649122806044 0.023391812865497074725 0.023391812865497074725 0.023391812865497074725 0.023391812865497074725 0.023391812865497074725 0.023391812865497074725 0.023391812865497074725 0.023391812865497074725 0.023391812865497074725 0.017543859649122806044 0.017543859649122806044 0.017543859649122806044 0.017543859649122806044 0.023391812865497074725 0.017543859649122806044 0.023391812865497074725 0.017543859649122806044 0.023391812865497074725 0.017543859649122806044
0.023391812865497074725 0.023391812865497074725 0.023391812865497074725 0.064327485380116955493 0.023391812865497074725 0.023391812865497074725 0.023391812865497074725 0.017543859649122806044 0.023391812865497074725 0.017543859649122806044 0.023391812865497074725 0.023391812865497074725 0.023391812865497074725 0.023391812865497074725 0.058479532163742686812 0.16374269005847952307 0.19298245614035086648 0.19883040935672513516 0.18128654970760232912 0.04678362573099414945 0.023391812865497074725 0.023391812865497074725 0.023391812865497074725 0.023391812865497074725 0.029239766081871343406 0.023391812865497074725 0.023391812865497074725 0.023391812865497074725 0.023391812865497074725 0.023391812865497074725 0.040935672514619880769 0.035087719298245612087 0.035087719298245612087 0.023391812865497074725 0.023391812865497074725 0.023391812865497074725 0.017543859649122806044 0.023391812865497074725 0.023391812865497074725 0.023391812865497074725 0.023391812865497074725 0.023391812865497074725 0.023391812865497074725 0.023391812865497074725 0.023391812865497074725
0.035087719298245612087 0.023391812865497074725 0.058479532163742686812 0.0935672514619882989 0.023391812865497074725 0.023391812865497074725 0.023391812865497074725 0.023391812865497074725 0.023391812865497074725 0.023391812865497074725 0.023391812865497074725 0.023391812865497074725 0.023391812865497074725 0.023391812865497074725 0.023391812865497074725 0.04678362573099414945 0.035087719298245612087 0.14035087719298244835 0.26315789473684209065 0.14035087719298244835 0.058479532163742686812 0.023391812865497074725 0.023391812865497074725 0.035087719298245612087 0.023391812865497074725 0.023391812865497074725 0.023391812865497074725 0.023391812865497074725 0.023391812865497074725 0.023391812865497074725 0.040935672514619880769 0.0935672514619882989 0.023391812865497074725 0.023391812865497074725 0.023391812865497074725 0.023391812865497074725 0.023391812865497074725 0.017543859649122806044 0.023391812865497074725 0.023391812865497074725 0.04678362573099414945 0.058479532163742686812 0.11111111111111110494 0.035087719298245612087 0.023391812865497074725
0.0935672514619882989 0.19298245614035086648 0.19883040935672513516 0.14035087719298244835 0.052631578947368418131 0.04678362573099414945 0.04678362573099414945 0.058479532163742686812 0.14035087719298244835 0.023391812865497074725 0.064327485380116955493 0.058479532163742686812 0.023391812865497074725 0.052631578947368418131 0.052631578947368418131 0.076023391812865492856 0.14619883040935671703 0.2807017543859648967 0.24561403508771928461 0.25730994152046782197 0.0935672514619882989 0.064327485380116955493 0.052631578947368418131 0.035087719298245612087 0.052631578947368418131 0.023391812865497074725 0.035087719298245612087 0.023391812865497074725 0.035087719298245612087 0.040935672514619880769 0.058479532163742686812 0.14035087719298244835 0.0935672514619882989 0.023391812865497074725 0.023391812865497074725 0.035087719298245612087 0.023391812865497074725 0.040935672514619880769 0.029239766081871343406 0.058479532163742686812 0.12280701754385964231 0.1871345029239765978 0.28654970760233916538 0.081871345029239761537 0.035087719298245612087
