Example/niche_background/models/ENFA/Anolis_chlorocyanus_0.asc
ncols        743
nrows        319
xllcorner    -74.500956448335
yllcorner    17.448920549066
cellsize     0.008333333333
NODATA_value  -9999
[rows 63 to 83 of 319, columns 322 to 367 of 743]
0.79087452471482888594 0.77946768060836502112 0.74524714828897342667 0.72623574144486691129 0.69201520912547531683 0.6539923954372623971 0.74524714828897342667 0.67680608365019012673 0.71863117870722437175 0.67680608365019012673 0.638783269961977207 0.6539923954372623971 0.66920152091254747617 0.65019011406844107182 0.53612167300380231261 0.53612167300380231261 0.65019011406844107182 0.71102661596958172119 0.62737642585551334218 0.53612167300380231261 0.60456273764258550152 0.45627376425855514785 0.63117870722433455644 0.4638783269961977429 0.53612167300380231261 0.6539923954372623971 0.65779467680608361135 0.42965779467680609294 0.46768060836501901267 0.46007604562737641762 0.65019011406844107182 0.45627376425855514785 0.58174904942965777188 0.53231939163498098733 0.46768060836501901267 0.51330798479087447195 0.37262357414448671333 0.51711026615969579723 0.36501901140684411828 0.4638783269961977429 0.6235741444866920169 0.53612167300380231261 0.32319391634980987327 0.3916349809885931732 0.361216730038022793 0.34980988593155892818
0.77946768060836502112 0.73003802281368823657 0.6539923954372623971 0.74524714828897342667 0.80988593155893540132 0.71102661596958172119 0.72243346007604558601 0.69961977186311785637 0.60456273764258550152 0.63117870722433455644 0.6235741444866920169 0.7832699619771863464 0.56653992395437258178 0.40684410646387830779 0.49049429657794674231 0.40684410646387830779 0.72623574144486691129 0.73384030418250945083 0.59695817490494296198 0.53612167300380231261 0.72623574144486691129 0.71863117870722437175 0.65779467680608361135 0.58174904942965777188 0.40304182509505703802 0.63117870722433455644 0.59695817490494296198 0.53612167300380231261 0.40684410646387830779 0.68441064638783266627 0.58174904942965777188 0.58174904942965777188 0.53612167300380231261 0.53612167300380231261 0.50950570342205325769 0.20912547528517111406 0.58935361216730042244 0.63117870722433455644 0.63117870722433455644 0.47908745247148287749 0.63117870722433455644 0.53612167300380231261 0.42965779467680609294 0.41825095057034222812 0.32319391634980987327 0.47908745247148287749
0.74524714828897342667 0.79087452471482888594 0.73384030418250945083 0.71102661596958172119 0.79087452471482888594 0.71102661596958172119 0.74524714828897342667 0.65019011406844107182 0.65019011406844107182 0.67680608365019012673 0.6235741444866920169 0.74524714828897342667 0.67300380228136880145 0.56653992395437258178 0.47908745247148287749 0.46768060836501901267 0.53612167300380231261 0.53612167300380231261 0.58174904942965777188 0.47908745247148287749 0.5931558935361216367 0.51330798479087447195 0.69201520912547531683 0.57034220532319390706 0.58174904942965777188 0.59695817490494296198 0.60456273764258550152 0.61596958174904947736 0.61977186311787069162 0.6539923954372623971 0.45627376425855514785 0.40304182509505703802 0.56273764258555136752 0.47528517110266160772 0.57414448669201523234 0.56653992395437258178 0.43346007604562736271 0.34980988593155892818 0.66159695817490493663 0.74524714828897342667 0.70342205323193918165 0.53612167300380231261 0.47908745247148287749 0.45247148288973382257 0.60456273764258550152 0.3041825095057034134
0.81749049429657794086 0.83650190114068445624 0.7832699619771863464 0.7528517110266159662 0.65779467680608361135 0.7832699619771863464 0.7680608365019011563 0.68060836501901145201 0.66920152091254747617 0.6539923954372623971 0.69201520912547531683 0.67680608365019012673 0.6235741444866920169 0.61977186311787069162 0.63117870722433455644 0.58174904942965777188 0.46007604562737641762 0.38022813688212925287 0.53612167300380231261 0.61977186311787069162 0.72623574144486691129 0.58174904942965777188 0.55133079847908750271 0.33460076045627373809 0.5931558935361216367 0.6539923954372623971 0.46768060836501901267 0.65019011406844107182 0.68821292775665399155 0.60456273764258550152 0.47908745247148287749 0.41444866920152090284 0.30798479087452473868 0.65019011406844107182 0.6539923954372623971 0.49049429657794674231 0.5931558935361216367 0.44106463878326995776 0.65019011406844107182 0.63498098859315588172 0.58174904942965777188 0.45627376425855514785 0.51330798479087447195 0.40304182509505703802 0.46007604562737641762 0.3764258555133079831
0.81749049429657794086 0.81749049429657794086 0.73384030418250945083 0.82889733840304180568 0.81368821292775661558 0.80988593155893540132 0.7832699619771863464 0.81749049429657794086 0.77186311787072248158 0.68821292775665399155 0.72623574144486691129 0.6235741444866920169 0.6539923954372623971 0.58935361216730042244 0.51330798479087447195 0.55133079847908750271 0.38403041825095057815 0.53612167300380231261 0.51711026615969579723 0.65779467680608361135 0.5931558935361216367 0.73764258555133077611 0.61977186311787069162 0.65019011406844107182 0.65019011406844107182 0.55133079847908750271 0.47528517110266160772 0.53612167300380231261 0.63117870722433455644 0.5931558935361216367 0.33460076045627373809 0.47908745247148287749 0.37262357414448671333 0.68821292775665399155 0.65779467680608361135 0.35361216730038025347 0.42205323193916349789 0.43346007604562736271 0.58174904942965777188 0.53992395437262352687 0.58555133079847909716 0.68441064638783266627 0.47908745247148287749 0.32699619771863119855 0.53612167300380231261 0.45247148288973382257
0.88593155893536124079 0.84790874524714832106 0.85551330798479086059 0.82889733840304180568 0.82889733840304180568 0.74524714828897342667 0.79087452471482888594 0.63117870722433455644 0.73764258555133077611 0.71102661596958172119 0.7984790874524715365 0.67300380228136880145 0.65019011406844107182 0.5931558935361216367 0.53612167300380231261 0.63117870722433455644 0.47148288973384028244 0.54752851711026617743 0.55133079847908750271 0.42965779467680609294 0.35361216730038025347 0.79087452471482888594 0.58174904942965777188 0.7832699619771863464 0.62737642585551334218 0.52851711026615966205 0.47528517110266160772 0.45627376425855514785 0.46007604562737641762 0.56273764258555136752 0.60456273764258550152 0.46768060836501901267 0.65779467680608361135 0.46768060836501901267 0.49049429657794674231 0.3193916349809886035 0.45627376425855514785 0.34220532319391633314 0.39543726235741444297 0.67300380228136880145 0.53612167300380231261 0.52851711026615966205 0.53612167300380231261 0.51711026615969579723 0.361216730038022793 0.53612167300380231261
0.88212927756653991551 0.82889733840304180568 0.7680608365019011563 0.77566539923954369584 0.68441064638783266627 0.80228136882129275076 0.85551330798479086059 0.68821292775665399155 0.71102661596958172119 0.73764258555133077611 0.69581749049429653109 0.63498098859315588172 0.49049429657794674231 0.53612167300380231261 0.5931558935361216367 0.6539923954372623971 0.53612167300380231261 0.45247148288973382257 0.53612167300380231261 0.68441064638783266627 0.4638783269961977429 0.7832699619771863464 0.76425855513307983102 0.74524714828897342667 0.71102661596958172119 0.63117870722433455644 0.59695817490494296198 0.61596958174904947736 0.59695817490494296198 0.49429657794676806759 0.61596958174904947736 0.59695817490494296198 0.47908745247148287749 0.50950570342205325769 0.4638783269961977429 0.58174904942965777188 0.53612167300380231261 0.46007604562737641762 0.55513307984790871696 0.45247148288973382257 0.45627376425855514785 0.48288973384030420277 0.53612167300380231261 0.31558935361216727822 0.24334600760456273627 0.33840304182509506337
0.88212927756653991551 0.86692015209125472541 0.69201520912547531683 0.74524714828897342667 0.85931558935361218587 0.74524714828897342667 0.74524714828897342667 0.6539923954372623971 0.73764258555133077611 0.68821292775665399155 0.65779467680608361135 0.6235741444866920169 0.65019011406844107182 0.69961977186311785637 0.55133079847908750271 0.5931558935361216367 0.56273764258555136752 0.53612167300380231261 0.65779467680608361135 0.47908745247148287749 0.5779467680608364466 0.5931558935361216367 0.71863117870722437175 0.41444866920152090284 0.57414448669201523234 0.68821292775665399155 0.60456273764258550152 0.46768060836501901267 0.53612167300380231261 0.46768060836501901267 0.53612167300380231261 0.6235741444866920169 0.64638783269961974653 0.5931558935361216367 0.6235741444866920169 0.45627376425855514785 0.62737642585551334218 0.34980988593155892818 0.41444866920152090284 0.52851711026615966205 0.3916349809885931732 0.53612167300380231261 0.45247148288973382257 0.22813688212927757393 0.2243346007604562764 0.23574144486692014122
0.96577946768060840554 0.94296577946768056488 0.89733840304182510561 0.82889733840304180568 0.82889733840304180568 0.7680608365019011563 0.71102661596958172119 0.66920152091254747617 0.80988593155893540132 0.85171102661596953531 0.71102661596958172119 0.57034220532319390706 0.5931558935361216367 0.5931558935361216367 0.60456273764258550152 0.60456273764258550152 0.53612167300380231261 0.62737642585551334218 0.46007604562737641762 0.74524714828897342667 0.55133079847908750271 0.60456273764258550152 0.56273764258555136752 0.67300380228136880145 0.73384030418250945083 0.68060836501901145201 0.6539923954372623971 0.58174904942965777188 0.47908745247148287749 0.53612167300380231261 0.73384030418250945083 0.57414448669201523234 0.56653992395437258178 0.4638783269961977429 0.38403041825095057815 0.41444866920152090284 0.55133079847908750271 0.54752851711026617743 0.38403041825095057815 0.40304182509505703802 0.32699619771863119855 0.30798479087452473868 0.40304182509505703802 0.33460076045627373809 0.25475285171102662884 0.18631178707224335667
0.82889733840304180568 0.87072243346007605069 0.83269961977186313096 0.72623574144486691129 0.65019011406844107182 0.71102661596958172119 0.81749049429657794086 0.74524714828897342667 0.79087452471482888594 0.85171102661596953531 0.71102661596958172119 0.68821292775665399155 0.5931558935361216367 0.67680608365019012673 0.63117870722433455644 0.47908745247148287749 0.61977186311787069162 0.65779467680608361135 0.69201520912547531683 0.74524714828897342667 0.66920152091254747617 0.58935361216730042244 0.74144486692015210139 0.82889733840304180568 0.68821292775665399155 0.81749049429657794086 0.63117870722433455644 0.58935361216730042244 0.53612167300380231261 0.68821292775665399155 0.59695817490494296198 0.69201520912547531683 0.638783269961977207 0.33460076045627373809 0.60456273764258550152 0.46768060836501901267 0.54372623574144485215 0.47528517110266160772 0.41444866920152090284 0.36501901140684411828 0.30038022813688214363 0.45247148288973382257 0.18631178707224335667 0.45247148288973382257 0.21292775665399238383 0.23954372623574143875
0.81749049429657794086 0.81368821292775661558 0.87832699619771859023 0.80608365019011407604 0.84790874524714832106 0.71102661596958172119 0.82889733840304180568 0.87072243346007605069 0.55133079847908750271 0.56653992395437258178 0.62737642585551334218 0.61596958174904947736 0.72243346007604558601 0.49049429657794674231 0.58174904942965777188 0.48288973384030420277 0.62737642585551334218 0.65019011406844107182 0.40684410646387830779 0.43346007604562736271 0.58174904942965777188 0.61596958174904947736 0.81749049429657794086 0.74524714828897342667 0.71102661596958172119 0.63117870722433455644 0.72243346007604558601 0.76425855513307983102 0.38022813688212925287 0.51711026615969579723 0.53992395437262352687 0.72623574144486691129 0.53992395437262352687 0.3916349809885931732 0.67300380228136880145 0.67680608365019012673 0.38783269961977184792 0.42205323193916349789 0.24334600760456273627 0.3041825095057034134 0.23574144486692014122 0.3193916349809886035 0.29657794676806081835 0.24334600760456273627 0.21673003802281368135 0.2243346007604562764
0.80988593155893540132 0.86692015209125472541 0.82889733840304180568 0.81749049429657794086 0.7680608365019011563 0.73384030418250945083 0.77186311787072248158 0.59695817490494296198 0.76425855513307983102 0.80228136882129275076 0.81749049429657794086 0.63498098859315588172 0.53612167300380231261 0.46007604562737641762 0.46007604562737641762 0.38022813688212925287 0.53612167300380231261 0.53992395437262352687 0.55513307984790871696 0.53612167300380231261 0.5931558935361216367 0.66920152091254747617 0.71102661596958172119 0.76425855513307983102 0.65019011406844107182 0.61216730038022815208 0.68821292775665399155 0.6539923954372623971 0.71102661596958172119 0.65779467680608361135 0.5779467680608364466 0.47908745247148287749 0.63117870722433455644 0.58174904942965777188 0.56653992395437258178 0.5931558935361216367 0.49429657794676806759 0.23574144486692014122 0.46768060836501901267 0.33460076045627373809 0.24334600760456273627 0.45247148288973382257 0.36501901140684411828 0.35361216730038025347 0.35361216730038025347 0.27376425855513308871
0.72623574144486691129 0.66539923954372626191 0.66539923954372626191 0.65019011406844107182 0.71102661596958172119 0.7832699619771863464 0.65019011406844107182 0.74524714828897342667 0.66920152091254747617 0.65019011406844107182 0.63117870722433455644 0.6235741444866920169 0.71102661596958172119 0.41444866920152090284 0.42965779467680609294 0.66920152091254747617 0.5931558935361216367 0.61596958174904947736 0.51330798479087447195 0.63117870722433455644 0.65779467680608361135 0.58555133079847909716 0.49809885931558933736 0.6235741444866920169 0.61977186311787069162 0.76045627376425850574 0.7832699619771863464 0.80228136882129275076 0.7984790874524715365 0.53612167300380231261 0.46768060836501901267 0.55133079847908750271 0.65019011406844107182 0.46768060836501901267 0.33460076045627373809 0.46007604562737641762 0.30038022813688214363 0.42205323193916349789 0.35741444866920152323 0.41444866920152090284 0.53612167300380231261 0.2471482889733840338 0.38403041825095057815 0.25475285171102662884 0.2471482889733840338 0.41444866920152090284
0.67680608365019012673 0.92015209125475283525 0.81749049429657794086 0.41064638783269963307 0.61596958174904947736 0.65019011406844107182 0.80228136882129275076 0.71102661596958172119 0.67680608365019012673 0.57414448669201523234 0.72243346007604558601 0.58174904942965777188 0.61977186311787069162 0.73764258555133077611 0.63117870722433455644 0.65019011406844107182 0.45627376425855514785 0.33460076045627373809 0.49049429657794674231 0.65019011406844107182 0.61977186311787069162 0.46007604562737641762 0.58174904942965777188 0.63498098859315588172 0.69581749049429653109 0.71102661596958172119 0.82889733840304180568 0.82129277566539926614 0.65779467680608361135 0.77946768060836502112 0.77946768060836502112 0.50950570342205325769 0.54372623574144485215 0.49049429657794674231 0.29657794676806081835 0.361216730038022793 0.49809885931558933736 0.32319391634980987327 0.33460076045627373809 0.33840304182509506337 0.48669201520912547254 0.40304182509505703802 0.42205323193916349789 0.38403041825095057815 0.53612167300380231261 0.58555133079847909716
0.77186311787072248158 0.68441064638783266627 0.74524714828897342667 0.65779467680608361135 0.61977186311787069162 0.47908745247148287749 0.51330798479087447195 0.71482889733840304647 0.6539923954372623971 0.53612167300380231261 0.53612167300380231261 0.4638783269961977429 0.61216730038022815208 0.68441064638783266627 0.56653992395437258178 0.51330798479087447195 0.47908745247148287749 0.62737642585551334218 0.67680608365019012673 0.47528517110266160772 0.55133079847908750271 0.3764258555133079831 0.47908745247148287749 0.47908745247148287749 0.81368821292775661558 0.72623574144486691129 0.7984790874524715365 0.7984790874524715365 0.81368821292775661558 0.79467680608365021122 0.7832699619771863464 0.7680608365019011563 0.72623574144486691129 0.3041825095057034134 0.6235741444866920169 0.61596958174904947736 0.68441064638783266627 0.68821292775665399155 0.58174904942965777188 0.25855513307984789861 0.40304182509505703802 0.53612167300380231261 0.22813688212927757393 0.45247148288973382257 0.43346007604562736271 0.47908745247148287749
0.82889733840304180568 0.69201520912547531683 0.60076045627376428726 0.61977186311787069162 0.59695817490494296198 0.65779467680608361135 0.65019011406844107182 0.47908745247148287749 0.6235741444866920169 0.7528517110266159662 0.70722433460076050693 0.63498098859315588172 0.44106463878326995776 0.63117870722433455644 0.4638783269961977429 0.46007604562737641762 0.54752851711026617743 0.70342205323193918165 0.49049429657794674231 0.47908745247148287749 0.45247148288973382257 0.61596958174904947736 0.54372623574144485215 0.74524714828897342667 0.67680608365019012673 0.7984790874524715365 0.7984790874524715365 0.80608365019011407604 0.81368821292775661558 0.7832699619771863464 0.72243346007604558601 0.77946768060836502112 0.53612167300380231261 0.70722433460076050693 0.58555133079847909716 0.67680608365019012673 0.72243346007604558601 0.53612167300380231261 0.3041825095057034134 0.5931558935361216367 0.36501901140684411828 0.30798479087452473868 0.39923954372623576825 0.25475285171102662884 0.49049429657794674231 0.21673003802281368135
0.59695817490494296198 0.53612167300380231261 0.53612167300380231261 0.4638783269961977429 0.45627376425855514785 0.53612167300380231261 0.55133079847908750271 0.53612167300380231261 0.53612167300380231261 0.45627376425855514785 0.71102661596958172119 0.55133079847908750271 0.55513307984790871696 0.37262357414448671333 0.46768060836501901267 0.42965779467680609294 0.71102661596958172119 0.46768060836501901267 0.53612167300380231261 0.55133079847908750271 0.55133079847908750271 0.58174904942965777188 0.47908745247148287749 0.53612167300380231261 0.58174904942965777188 0.65019011406844107182 0.87832699619771859023 0.80988593155893540132 0.81749049429657794086 0.68821292775665399155 0.77946768060836502112 0.68821292775665399155 0.60456273764258550152 0.79087452471482888594 0.6235741444866920169 0.40304182509505703802 0.58555133079847909716 0.59695817490494296198 0.24334600760456273627 0.20912547528517111406 0.22053231939163497888 0.32319391634980987327 0.53612167300380231261 0.20912547528517111406 0.14448669201520911165 0.22813688212927757393
0.24334600760456273627 0.25095057034220530356 0.40684410646387830779 0.53612167300380231261 0.62737642585551334218 0.40304182509505703802 0.51330798479087447195 0.53612167300380231261 0.61596958174904947736 0.47908745247148287749 0.37262357414448671333 0.49429657794676806759 0.58555133079847909716 0.6539923954372623971 0.50190114068441060713 0.60456273764258550152 0.61596958174904947736 0.45247148288973382257 0.24334600760456273627 0.30798479087452473868 0.6539923954372623971 0.63117870722433455644 0.32319391634980987327 0.61596958174904947736 0.40684410646387830779 0.43346007604562736271 0.46768060836501901267 0.68821292775665399155 0.77186311787072248158 0.7680608365019011563 0.70342205323193918165 0.80228136882129275076 0.69201520912547531683 0.68441064638783266627 0.83269961977186313096 0.61977186311787069162 0.59695817490494296198 0.43346007604562736271 0.23954372623574143875 0.32699619771863119855 0.20532319391634981653 0.19391634980988592396 0.3764258555133079831 0.33460076045627373809 0.23193916349809887145 0.33460076045627373809
0.61596958174904947736 0.29657794676806081835 0.34980988593155892818 0.27376425855513308871 0.33460076045627373809 0.52091254752851712251 0.34980988593155892818 0.52851711026615966205 0.49049429657794674231 0.55133079847908750271 0.57414448669201523234 0.47908745247148287749 0.46768060836501901267 0.57034220532319390706 0.38783269961977184792 0.61596958174904947736 0.3916349809885931732 0.45627376425855514785 0.47908745247148287749 0.68060836501901145201 0.46768060836501901267 0.41444866920152090284 0.47148288973384028244 0.53612167300380231261 0.47908745247148287749 0.65019011406844107182 0.58174904942965777188 0.71102661596958172119 0.6235741444866920169 0.61596958174904947736 0.59695817490494296198 0.82889733840304180568 0.82889733840304180568 0.87072243346007605069 0.59695817490494296198 0.59695817490494296198 0.65779467680608361135 0.62737642585551334218 0.40304182509505703802 0.46768060836501901267 0.34220532319391633314 0.23954372623574143875 0.3041825095057034134 0.23954372623574143875 0.20912547528517111406 0.19391634980988592396
0.63117870722433455644 0.61977186311787069162 0.34980988593155892818 0.38403041825095057815 0.47908745247148287749 0.22813688212927757393 0.45247148288973382257 0.33460076045627373809 0.34980988593155892818 0.32699619771863119855 0.33079847908745246832 0.60456273764258550152 0.34220532319391633314 0.44106463878326995776 0.2243346007604562764 0.40304182509505703802 0.47908745247148287749 0.43346007604562736271 0.47908745247148287749 0.46007604562737641762 0.34980988593155892818 0.38403041825095057815 0.50190114068441060713 0.53612167300380231261 0.53612167300380231261 0.47148288973384028244 0.4638783269961977429 0.65779467680608361135 0.61216730038022815208 0.65779467680608361135 0.65779467680608361135 0.71102661596958172119 0.82889733840304180568 0.86692015209125472541 0.80988593155893540132 0.74524714828897342667 0.90874524714828897043 0.53612167300380231261 0.70722433460076050693 0.47908745247148287749 0.48288973384030420277 0.46007604562737641762 0.45627376425855514785 0.56653992395437258178 0.33460076045627373809 0.47908745247148287749
0.59695817490494296198 0.6235741444866920169 0.638783269961977207 0.62737642585551334218 0.64638783269961974653 0.52091254752851712251 0.38403041825095057815 0.40304182509505703802 0.42965779467680609294 0.64638783269961974653 0.3764258555133079831 0.34980988593155892818 0.23193916349809887145 0.34980988593155892818 0.53612167300380231261 0.61596958174904947736 0.38022813688212925287 0.21292775665399238383 0.3041825095057034134 0.35741444866920152323 0.45627376425855514785 0.48288973384030420277 0.56653992395437258178 0.53612167300380231261 0.53612167300380231261 0.47908745247148287749 0.34220532319391633314 0.56653992395437258178 0.65019011406844107182 0.66920152091254747617 0.71102661596958172119 0.80228136882129275076 0.6235741444866920169 0.71863117870722437175 0.69961977186311785637 0.81749049429657794086 0.66539923954372626191 0.68821292775665399155 0.52851711026615966205 0.5931558935361216367 0.56653992395437258178 0.3041825095057034134 0.47908745247148287749 0.50950570342205325769 0.47148288973384028244 0.33840304182509506337
