Example/niche_background/models/ENFA/Anolis_chlorocyanus_1.asc
ncols        743
nrows        319
xllcorner    -74.500956448335
yllcorner    17.448920549066
cellsize     0.008333333333
NODATA_value  -9999
[rows 168 to 188 of 319, columns 611 to 657 of 743]
0.9923664122137404453 0.9923664122137404453 0.9923664122137404453 0.9923664122137404453 1 0.9923664122137404453 0.9923664122137404453 1 0.99618320610687027816 0.99618320610687027816 0.98091603053435116877 0.9923664122137404453 1 0.99618320610687027816 0.99618320610687027816 0.9923664122137404453 0.9923664122137404453 0.98473282442748089061 0.9923664122137404453 0.9923664122137404453 0.9923664122137404453 0.93129770992366411875 0.95419847328244278284 0.9923664122137404453 0.9923664122137404453 0.91221374045801528752 0.92366412213740456405 0.96564885496183205937 0.9923664122137404453 0.9923664122137404453 0.98473282442748089061 0.9923664122137404453 0.96564885496183205937 0.9923664122137404453 0.93129770992366411875 0.9923664122137404453 0.9923664122137404453 0.92748091603053439691 0.95419847328244278284 0.98473282442748089061 0.9923664122137404453 0.9923664122137404453 0.9923664122137404453 0.98091603053435116877 0.99618320610687027816 1 0.9923664122137404453
0.9923664122137404453 0.9923664122137404453 0.9923664122137404453 0.9923664122137404453 0.99618320610687027816 0.9923664122137404453 0.9923664122137404453 0.99618320610687027816 0.9923664122137404453 1 1 0.9923664122137404453 0.9923664122137404453 0.99618320610687027816 1 0.9923664122137404453 0.98854961832061072347 0.97709923664122133591 0.9923664122137404453 0.9923664122137404453 0.9923664122137404453 0.9923664122137404453 0.9923664122137404453 0.95419847328244278284 0.94656488549618322814 0.98091603053435116877 0.9923664122137404453 0.93511450381679384058 0.87786259541984734689 0.9923664122137404453 0.92748091603053439691 0.9923664122137404453 0.9923664122137404453 0.9923664122137404453 0.9923664122137404453 0.98854961832061072347 0.95419847328244278284 0.97709923664122133591 0.9923664122137404453 0.92748091603053439691 0.9923664122137404453 0.99618320610687027816 0.93893129770992367344 0.89694656488549617812 0.92748091603053439691 1 0.9923664122137404453
0.9923664122137404453 0.9923664122137404453 0.9923664122137404453 0.9923664122137404453 0.9923664122137404453 0.9923664122137404453 0.9923664122137404453 1 1 1 1 1 0.9923664122137404453 0.9923664122137404453 0.9923664122137404453 1 0.9923664122137404453 0.9923664122137404453 0.9923664122137404453 0.99618320610687027816 0.9923664122137404453 0.9923664122137404453 0.99618320610687027816 0.9923664122137404453 0.9923664122137404453 0.86259541984732823749 0.93129770992366411875 0.98473282442748089061 0.92366412213740456405 0.96564885496183205937 0.9923664122137404453 0.9923664122137404453 0.98091603053435116877 0.91603053435114500935 0.9923664122137404453 0.9923664122137404453 0.89694656488549617812 0.95419847328244278284 0.9923664122137404453 0.9923664122137404453 0.9923664122137404453 0.9923664122137404453 0.9923664122137404453 1 0.99618320610687027816 1 0.9923664122137404453
0.9923664122137404453 0.9923664122137404453 0.9923664122137404453 0.9923664122137404453 1 0.9923664122137404453 0.98854961832061072347 0.9923664122137404453 1 1 0.9923664122137404453 1 0.99618320610687027816 0.9923664122137404453 0.9923664122137404453 1 0.9923664122137404453 1 0.9923664122137404453 0.9923664122137404453 0.9923664122137404453 0.9923664122137404453 0.9923664122137404453 0.9923664122137404453 0.86259541984732823749 0.93893129770992367344 0.93129770992366411875 0.98854961832061072347 0.9923664122137404453 0.96564885496183205937 0.9923664122137404453 0.92748091603053439691 0.98091603053435116877 0.93129770992366411875 0.88167938931297706873 0.9923664122137404453 0.9923664122137404453 0.95419847328244278284 0.95419847328244278284 0.98091603053435116877 0.9923664122137404453 0.9923664122137404453 0.95038167938931294998 0.9923664122137404453 0.92748091603053439691 1 0.98091603053435116877
0.96946564885496178121 0.9923664122137404453 0.9923664122137404453 0.9923664122137404453 0.9923664122137404453 0.92748091603053439691 0.92748091603053439691 0.9923664122137404453 1 0.9923664122137404453 1 1 0.99618320610687027816 0.9923664122137404453 1 0.9923664122137404453 0.9923664122137404453 0.9923664122137404453 0.9923664122137404453 0.9923664122137404453 0.99618320610687027816 0.9923664122137404453 0.97328244274809161407 0.98854961832061072347 0.95419847328244278284 0.88549618320610690159 0.9923664122137404453 0.9923664122137404453 0.87786259541984734689 0.98473282442748089061 0.98091603053435116877 0.90839694656488545466 0.97709923664122133591 0.88931297709923662342 0.93129770992366411875 0.9923664122137404453 0.92366412213740456405 0.91603053435114500935 0.88931297709923662342 0.93893129770992367344 0.96946564885496178121 0.98473282442748089061 0.9923664122137404453 0.9923664122137404453 0.98854961832061072347 0.9923664122137404453 0.9923664122137404453
0.9923664122137404453 0.9923664122137404453 0.98091603053435116877 0.9923664122137404453 0.99618320610687027816 0.98091603053435116877 0.9923664122137404453 1 0.9923664122137404453 0.9923664122137404453 1 0.9923664122137404453 0.96564885496183205937 0.9923664122137404453 1 1 0.99618320610687027816 1 0.9923664122137404453 0.9923664122137404453 0.99618320610687027816 0.9923664122137404453 0.9923664122137404453 0.93129770992366411875 0.87404580152671751403 0.90458015267175573282 0.98091603053435116877 0.98091603053435116877 0.95038167938931294998 0.96564885496183205937 0.94274809160305339528 0.9923664122137404453 0.9923664122137404453 0.98091603053435116877 0.96564885496183205937 0.9923664122137404453 0.98473282442748089061 0.98473282442748089061 0.9923664122137404453 0.9923664122137404453 0.93129770992366411875 0.88931297709923662342 0.98473282442748089061 0.92748091603053439691 0.8549618320610686828 0.8549618320610686828 0.86259541984732823749
0.98091603053435116877 0.98473282442748089061 0.9923664122137404453 0.9923664122137404453 0.99618320610687027816 0.9923664122137404453 0.93129770992366411875 0.9923664122137404453 0.93893129770992367344 0.9923664122137404453 0.9923664122137404453 0.98091603053435116877 0.98091603053435116877 0.95419847328244278284 0.9923664122137404453 1 0.9923664122137404453 1 1 0.9923664122137404453 0.9923664122137404453 0.92748091603053439691 0.9923664122137404453 0.97709923664122133591 0.9923664122137404453 0.92748091603053439691 0.85877862595419851566 0.9923664122137404453 0.98091603053435116877 0.98854961832061072347 0.9923664122137404453 0.9923664122137404453 0.92748091603053439691 0.9923664122137404453 0.9923664122137404453 0.96564885496183205937 0.9923664122137404453 0.95419847328244278284 0.92748091603053439691 0.9923664122137404453 0.92748091603053439691 1 0.9923664122137404453 0.9923664122137404453 0.9923664122137404453 0.98091603053435116877 0.92366412213740456405
0.93893129770992367344 0.9923664122137404453 0.9923664122137404453 1 0.9923664122137404453 0.9923664122137404453 0.92748091603053439691 0.9923664122137404453 0.98854961832061072347 0.98854961832061072347 0.89694656488549617812 0.95419847328244278284 0.93893129770992367344 0.9923664122137404453 1 1 0.99618320610687027816 1 1 0.9923664122137404453 0.9923664122137404453 0.95419847328244278284 0.95419847328244278284 0.98473282442748089061 0.9923664122137404453 0.8549618320610686828 0.96564885496183205937 0.86641221374045807035 0.96564885496183205937 0.91603053435114500935 0.92366412213740456405 0.96946564885496178121 0.91221374045801528752 0.95419847328244278284 0.91603053435114500935 0.95419847328244278284 0.87404580152671751403 0.94274809160305339528 0.96564885496183205937 0.98091603053435116877 0.93893129770992367344 0.95419847328244278284 0.93893129770992367344 0.93129770992366411875 0.95419847328244278284 0.92748091603053439691 0.91221374045801528752
0.9923664122137404453 0.9923664122137404453 0.9923664122137404453 1 1 0.9923664122137404453 0.89694656488549617812 0.95038167938931294998 0.9923664122137404453 0.9923664122137404453 0.91221374045801528752 0.95419847328244278284 0.88931297709923662342 0.96946564885496178121 0.9923664122137404453 0.9923664122137404453 0.99618320610687027816 1 0.9923664122137404453 0.99618320610687027816 0.9923664122137404453 0.9923664122137404453 0.97709923664122133591 0.93129770992366411875 0.92366412213740456405 0.93893129770992367344 0.9923664122137404453 0.92366412213740456405 0.93511450381679384058 0.92748091603053439691 0.88931297709923662342 0.92366412213740456405 0.8549618320610686828 0.86259541984732823749 0.92748091603053439691 0.91603053435114500935 0.95419847328244278284 0.89694656488549617812 0.86641221374045807035 0.89694656488549617812 0.77480916030534352501 0.92366412213740456405 0.92748091603053439691 0.92748091603053439691 0.96564885496183205937 0.98091603053435116877 0.92366412213740456405
0.9923664122137404453 0.9923664122137404453 0.98473282442748089061 0.99618320610687027816 0.9923664122137404453 0.9923664122137404453 0.86259541984732823749 0.85877862595419851566 0.9923664122137404453 0.93511450381679384058 0.96564885496183205937 0.96564885496183205937 0.91984732824427484221 0.93129770992366411875 0.93129770992366411875 0.9923664122137404453 0.9923664122137404453 0.9923664122137404453 1 0.9923664122137404453 0.9923664122137404453 0.98091603053435116877 0.98473282442748089061 0.91984732824427484221 0.95419847328244278284 0.98473282442748089061 0.96564885496183205937 0.95419847328244278284 0.92366412213740456405 0.9923664122137404453 0.95419847328244278284 0.92748091603053439691 0.9923664122137404453 0.8549618320610686828 0.7977099236641221891 0.86259541984732823749 0.89694656488549617812 0.77099236641221369215 0.92366412213740456405 0.86259541984732823749 0.93893129770992367344 0.96564885496183205937 0.8473282442748091281 0.8396946564885495734 0.85877862595419851566 0.8549618320610686828 0.90076335877862589996
0.98473282442748089061 0.9923664122137404453 0.9923664122137404453 0.9923664122137404453 0.96564885496183205937 0.93129770992366411875 0.92748091603053439691 0.86641221374045807035 0.98473282442748089061 0.98091603053435116877 0.9923664122137404453 0.8396946564885495734 0.98091603053435116877 0.98091603053435116877 0.9923664122137404453 0.9923664122137404453 1 0.9923664122137404453 0.9923664122137404453 0.9923664122137404453 0.9923664122137404453 0.9923664122137404453 0.95419847328244278284 0.92748091603053439691 0.92748091603053439691 0.94656488549618322814 0.92748091603053439691 0.9923664122137404453 0.9923664122137404453 0.95419847328244278284 0.90076335877862589996 0.8473282442748091281 0.85877862595419851566 0.86641221374045807035 0.88931297709923662342 0.87786259541984734689 0.78625954198473280155 0.86259541984732823749 0.92366412213740456405 0.8396946564885495734 0.88167938931297706873 0.9923664122137404453 0.8396946564885495734 0.8396946564885495734 0.78625954198473280155 0.98091603053435116877 0.92748091603053439691
0.92748091603053439691 0.93511450381679384058 0.9923664122137404453 0.9923664122137404453 0.93893129770992367344 0.92748091603053439691 0.97328244274809161407 0.91603053435114500935 0.92748091603053439691 0.95419847328244278284 0.94274809160305339528 0.94656488549618322814 0.9923664122137404453 0.92366412213740456405 0.9923664122137404453 1 1 1 1 0.9923664122137404453 0.98473282442748089061 0.92748091603053439691 0.98091603053435116877 0.95419847328244278284 0.93129770992366411875 0.88549618320610690159 0.87404580152671751403 0.92366412213740456405 0.95419847328244278284 0.92748091603053439691 0.86259541984732823749 0.85877862595419851566 0.86259541984732823749 0.84351145038167940626 0.8473282442748091281 0.78625954198473280155 0.78625954198473280155 0.8396946564885495734 0.86641221374045807035 0.89694656488549617812 0.91984732824427484221 0.8473282442748091281 0.8396946564885495734 0.8473282442748091281 0.8396946564885495734 0.9923664122137404453 0.92748091603053439691
0.92748091603053439691 0.92748091603053439691 0.88167938931297706873 0.86641221374045807035 0.9923664122137404453 0.9923664122137404453 0.92748091603053439691 0.98854961832061072347 0.9923664122137404453 0.9923664122137404453 0.93511450381679384058 0.8473282442748091281 0.92366412213740456405 0.98091603053435116877 0.9923664122137404453 0.9923664122137404453 0.99618320610687027816 0.9923664122137404453 0.9923664122137404453 0.9923664122137404453 0.93129770992366411875 0.92748091603053439691 0.87404580152671751403 0.8549618320610686828 0.95419847328244278284 0.92366412213740456405 0.88931297709923662342 0.88549618320610690159 0.91221374045801528752 0.8549618320610686828 0.8473282442748091281 0.86259541984732823749 0.88167938931297706873 0.7977099236641221891 0.75572519083969469378 0.84351145038167940626 0.8549618320610686828 0.86259541984732823749 0.84351145038167940626 0.73282442748091602969 0.8396946564885495734 0.87404580152671751403 0.8396946564885495734 0.8396946564885495734 0.85114503816793896096 0.95419847328244278284 0.88549618320610690159
0.9923664122137404453 0.93129770992366411875 0.9923664122137404453 0.92748091603053439691 0.89694656488549617812 0.8549618320610686828 0.8549618320610686828 0.9923664122137404453 0.95419847328244278284 0.94656488549618322814 0.97709923664122133591 0.9923664122137404453 0.92748091603053439691 0.98091603053435116877 0.9923664122137404453 0.9923664122137404453 0.9923664122137404453 0.9923664122137404453 0.9923664122137404453 0.98473282442748089061 0.93893129770992367344 0.96564885496183205937 0.96564885496183205937 0.92748091603053439691 0.91984732824427484221 0.92748091603053439691 0.86259541984732823749 0.86259541984732823749 0.8396946564885495734 0.86641221374045807035 0.92748091603053439691 0.88931297709923662342 0.8549618320610686828 0.87404580152671751403 0.80916030534351146564 0.88549618320610690159 0.88931297709923662342 0.8549618320610686828 0.8549618320610686828 0.80152671755725191094 0.92748091603053439691 0.7900763358778626344 0.8549618320610686828 0.86641221374045807035 0.8549618320610686828 0.85877862595419851566 0.88931297709923662342
0.9923664122137404453 0.98473282442748089061 0.92748091603053439691 0.88931297709923662342 0.86259541984732823749 0.98091603053435116877 0.9923664122137404453 0.9923664122137404453 0.9923664122137404453 0.99618320610687027816 0.9923664122137404453 0.93893129770992367344 0.95801526717557250468 0.98473282442748089061 0.9923664122137404453 0.9923664122137404453 0.97328244274809161407 0.94656488549618322814 0.93511450381679384058 0.88931297709923662342 0.95419847328244278284 0.86641221374045807035 0.87786259541984734689 0.88931297709923662342 0.91603053435114500935 0.87404580152671751403 0.88931297709923662342 0.86641221374045807035 0.94274809160305339528 0.94274809160305339528 0.93129770992366411875 0.79389312977099235624 0.86259541984732823749 0.88931297709923662342 0.78625954198473280155 0.87404580152671751403 0.8549618320610686828 0.92748091603053439691 0.88549618320610690159 0.87786259541984734689 0.86259541984732823749 0.86259541984732823749 0.8473282442748091281 0.87786259541984734689 0.86259541984732823749 0.8473282442748091281 0.8549618320610686828
0.9923664122137404453 0.98854961832061072347 0.96564885496183205937 0.92748091603053439691 0.98854961832061072347 0.9923664122137404453 0.9923664122137404453 0.9923664122137404453 0.9923664122137404453 0.9923664122137404453 0.9923664122137404453 0.9923664122137404453 0.9923664122137404453 0.96564885496183205937 0.9923664122137404453 0.9923664122137404453 0.95419847328244278284 0.93893129770992367344 0.92748091603053439691 0.87404580152671751403 0.86259541984732823749 0.8396946564885495734 0.81297709923664118747 0.7900763358778626344 0.87404580152671751403 0.81297709923664118747 0.85114503816793896096 0.83206106870229012973 0.91984732824427484221 0.88931297709923662342 0.81297709923664118747 0.86259541984732823749 0.7900763358778626344 0.83206106870229012973 0.7900763358778626344 0.8396946564885495734 0.8396946564885495734 0.83587786259541985157 0.78625954198473280155 0.8473282442748091281 0.78625954198473280155 0.8396946564885495734 0.85877862595419851566 0.7900763358778626344 0.81297709923664118747 0.75572519083969469378 0.77099236641221369215
0.9923664122137404453 0.9923664122137404453 0.9923664122137404453 0.98091603053435116877 0.94274809160305339528 0.9923664122137404453 0.9923664122137404453 0.93129770992366411875 0.9923664122137404453 0.98473282442748089061 0.9923664122137404453 0.9923664122137404453 0.98473282442748089061 0.96564885496183205937 0.93129770992366411875 0.9923664122137404453 0.95419847328244278284 0.95419847328244278284 0.95419847328244278284 0.91984732824427484221 0.92748091603053439691 0.81297709923664118747 0.8396946564885495734 0.80152671755725191094 0.84351145038167940626 0.77099236641221369215 0.92748091603053439691 0.95419847328244278284 0.8473282442748091281 0.88167938931297706873 0.78625954198473280155 0.79389312977099235624 0.8473282442748091281 0.86641221374045807035 0.7900763358778626344 0.8396946564885495734 0.84351145038167940626 0.78244274809160307971 0.67557251908396942497 0.77480916030534352501 0.76717557251908397031 0.77099236641221369215 0.81297709923664118747 0.75190839694656486092 0.71755725190839692029 0.86641221374045807035 0.84351145038167940626
0.9923664122137404453 0.9923664122137404453 0.9923664122137404453 0.98091603053435116877 0.95419847328244278284 0.98473282442748089061 0.96564885496183205937 0.9923664122137404453 0.9923664122137404453 0.9923664122137404453 0.9923664122137404453 0.9923664122137404453 0.93893129770992367344 0.92748091603053439691 0.92748091603053439691 0.95419847328244278284 0.92748091603053439691 0.93129770992366411875 0.8549618320610686828 0.8549618320610686828 0.86259541984732823749 0.92366412213740456405 0.87404580152671751403 0.91603053435114500935 0.81297709923664118747 0.8396946564885495734 0.88931297709923662342 0.92748091603053439691 0.7900763358778626344 0.81297709923664118747 0.81297709923664118747 0.82061068702290074217 0.81297709923664118747 0.75190839694656486092 0.75954198473282441562 0.78244274809160307971 0.7022900763358778109 0.86641221374045807035 0.78625954198473280155 0.78625954198473280155 0.78244274809160307971 0.77099236641221369215 0.78625954198473280155 0.75190839694656486092 0.8396946564885495734 0.84351145038167940626 0.8396946564885495734
0.9923664122137404453 0.9923664122137404453 0.9923664122137404453 0.9923664122137404453 0.92366412213740456405 0.9923664122137404453 0.9923664122137404453 0.98473282442748089061 0.9923664122137404453 0.9923664122137404453 0.9923664122137404453 0.9923664122137404453 0.9923664122137404453 0.92366412213740456405 0.89694656488549617812 0.92748091603053439691 0.88167938931297706873 0.8396946564885495734 0.8396946564885495734 0.83206106870229012973 0.8396946564885495734 0.92366412213740456405 0.8549618320610686828 0.8396946564885495734 0.90076335877862589996 0.87786259541984734689 0.88549618320610690159 0.7900763358778626344 0.7977099236641221891 0.77862595419847324685 0.66793893129770987027 0.75190839694656486092 0.71374045801526719845 0.78625954198473280155 0.72519083969465647499 0.66793893129770987027 0.74045801526717558438 0.8396946564885495734 0.77099236641221369215 0.77862595419847324685 0.78244274809160307971 0.73282442748091602969 0.78625954198473280155 0.8473282442748091281 0.8396946564885495734 0.8549618320610686828 0.87786259541984734689
0.9923664122137404453 0.9923664122137404453 0.9923664122137404453 0.9923664122137404453 0.9923664122137404453 0.9923664122137404453 0.9923664122137404453 0.9923664122137404453 0.96564885496183205937 0.9923664122137404453 0.98854961832061072347 0.98854961832061072347 0.95419847328244278284 0.94274809160305339528 0.92748091603053439691 0.90076335877862589996 0.88167938931297706873 0.8396946564885495734 0.8473282442748091281 0.8473282442748091281 0.85877862595419851566 0.86641221374045807035 0.86641221374045807035 0.85877862595419851566 0.81679389312977102033 0.86259541984732823749 0.83206106870229012973 0.8396946564885495734 0.83206106870229012973 0.8473282442748091281 0.78625954198473280155 0.78625954198473280155 0.75190839694656486092 0.71755725190839692029 0.77862595419847324685 0.75190839694656486092 0.7099236641221373656 0.8549618320610686828 0.8396946564885495734 0.83587786259541985157 0.78625954198473280155 0.81297709923664118747 0.8396946564885495734 0.8549618320610686828 0.86259541984732823749 0.87786259541984734689 0.78625954198473280155
0.9923664122137404453 0.9923664122137404453 0.9923664122137404453 0.9923664122137404453 0.98473282442748089061 0.9923664122137404453 0.9923664122137404453 0.9923664122137404453 0.9923664122137404453 0.9923664122137404453 0.9923664122137404453 0.95419847328244278284 0.93129770992366411875 0.92748091603053439691 0.93893129770992367344 0.88167938931297706873 0.8396946564885495734 0.86641221374045807035 0.8396946564885495734 0.8549618320610686828 0.8473282442748091281 0.8549618320610686828 0.73282442748091602969 0.75190839694656486092 0.78625954198473280155 0.73664122137404575152 0.7977099236641221891 0.85877862595419851566 0.77480916030534352501 0.78625954198473280155 0.78625954198473280155 0.75190839694656486092 0.72137404580152675315 0.69847328244274808906 0.68320610687022897967 0.77099236641221369215 0.75190839694656486092 0.84351145038167940626 0.81297709923664118747 0.78625954198473280155 0.77099236641221369215 0.8396946564885495734 0.79389312977099235624 0.8549618320610686828 0.78625954198473280155 0.78625954198473280155 0.78625954198473280155
