Example/niche_background/models/ENFA/Anolis_chlorocyanus_1.asc
ncols        743
nrows        319
xllcorner    -74.500956448335
yllcorner    17.448920549066
cellsize     0.008333333333
NODATA_value  -9999
[rows 189 to 209 of 319, columns 658 to 704 of 743]
0.78625954198473280155 0.77480916030534352501 0.73282442748091602969 0.85877862595419851566 0.88167938931297706873 0.93511450381679384058 0.93129770992366411875 0.98091603053435116877 0.93511450381679384058 0.96183206106870233754 0.95038167938931294998 0.9923664122137404453 0.92366412213740456405 0.9923664122137404453 0.9923664122137404453 0.9923664122137404453 0.9923664122137404453 0.9923664122137404453 0.9923664122137404453 0.98854961832061072347 0.92366412213740456405 0.9923664122137404453 0.9923664122137404453 0.9923664122137404453 0.9923664122137404453 0.9923664122137404453 0.98854961832061072347 0.98473282442748089061 0.96946564885496178121 0.95419847328244278284 0.94274809160305339528 0.93893129770992367344 0.93129770992366411875 0.93511450381679384058 0.92748091603053439691 0.88931297709923662342 0.88167938931297706873 0.92366412213740456405 0.88931297709923662342 0.86641221374045807035 0.8396946564885495734 0.8549618320610686828 0.85114503816793896096 0.8396946564885495734 0.86641221374045807035 0.8396946564885495734 0.82061068702290074217
0.78625954198473280155 0.78625954198473280155 0.83206106870229012973 0.8396946564885495734 0.92366412213740456405 0.86641221374045807035 0.8549618320610686828 0.92366412213740456405 0.88931297709923662342 0.92748091603053439691 0.92748091603053439691 0.98091603053435116877 0.97709923664122133591 0.98854961832061072347 0.98091603053435116877 0.98854961832061072347 0.9923664122137404453 0.9923664122137404453 0.9923664122137404453 0.9923664122137404453 0.93129770992366411875 0.98854961832061072347 0.9923664122137404453 0.98473282442748089061 0.9923664122137404453 0.98091603053435116877 0.97328244274809161407 0.98091603053435116877 0.96564885496183205937 0.96564885496183205937 0.93893129770992367344 0.92366412213740456405 0.93511450381679384058 0.93511450381679384058 0.89312977099236645628 0.86641221374045807035 0.87786259541984734689 0.88931297709923662342 0.88931297709923662342 0.90839694656488545466 0.87786259541984734689 0.8473282442748091281 0.81297709923664118747 0.78625954198473280155 0.7900763358778626344 0.8396946564885495734 0.78625954198473280155
0.8396946564885495734 0.8396946564885495734 0.83206106870229012973 0.9923664122137404453 0.87786259541984734689 0.8473282442748091281 0.85877862595419851566 0.88167938931297706873 0.87786259541984734689 0.88931297709923662342 0.95419847328244278284 0.98854961832061072347 0.92366412213740456405 0.9923664122137404453 0.98854961832061072347 0.98473282442748089061 0.9923664122137404453 0.9923664122137404453 0.9923664122137404453 0.98854961832061072347 0.93129770992366411875 0.98473282442748089061 0.98854961832061072347 0.98473282442748089061 0.9923664122137404453 0.98473282442748089061 0.98091603053435116877 0.97328244274809161407 0.96564885496183205937 0.93893129770992367344 0.94274809160305339528 0.93893129770992367344 0.93893129770992367344 0.92748091603053439691 0.92366412213740456405 0.88931297709923662342 0.8549618320610686828 0.8549618320610686828 0.8549618320610686828 0.85877862595419851566 0.8549618320610686828 0.8396946564885495734 0.8473282442748091281 0.80152671755725191094 0.80534351145038163278 0.77480916030534352501 0.8396946564885495734
0.86259541984732823749 0.8549618320610686828 0.86641221374045807035 0.92366412213740456405 0.93511450381679384058 0.8396946564885495734 0.92366412213740456405 0.85877862595419851566 0.88167938931297706873 0.88931297709923662342 0.91603053435114500935 0.92366412213740456405 0.93893129770992367344 0.9923664122137404453 0.93511450381679384058 0.9923664122137404453 0.9923664122137404453 0.9923664122137404453 0.96564885496183205937 0.93511450381679384058 0.98473282442748089061 0.98854961832061072347 0.98091603053435116877 0.98854961832061072347 0.98473282442748089061 0.98091603053435116877 0.97328244274809161407 0.96183206106870233754 0.95038167938931294998 0.92748091603053439691 0.92748091603053439691 0.93511450381679384058 0.93893129770992367344 0.93129770992366411875 0.89312977099236645628 0.85877862595419851566 0.84351145038167940626 0.8549618320610686828 0.8549618320610686828 0.84351145038167940626 0.85114503816793896096 0.84351145038167940626 0.82824427480916029687 0.86641221374045807035 0.8549618320610686828 0.78625954198473280155 0.78625954198473280155
0.86641221374045807035 0.90839694656488545466 0.86641221374045807035 0.7900763358778626344 0.85877862595419851566 0.8473282442748091281 0.8549618320610686828 0.87404580152671751403 0.90839694656488545466 0.96183206106870233754 0.93511450381679384058 0.93893129770992367344 0.9923664122137404453 0.9923664122137404453 0.95038167938931294998 0.9923664122137404453 0.9923664122137404453 0.97709923664122133591 0.93893129770992367344 0.93511450381679384058 0.96183206106870233754 0.98854961832061072347 0.98854961832061072347 0.98473282442748089061 0.98473282442748089061 0.97709923664122133591 0.96183206106870233754 0.95419847328244278284 0.95038167938931294998 0.91221374045801528752 0.92366412213740456405 0.93893129770992367344 0.93511450381679384058 0.93129770992366411875 0.88931297709923662342 0.87404580152671751403 0.92366412213740456405 0.8549618320610686828 0.87786259541984734689 0.8396946564885495734 0.78625954198473280155 0.78625954198473280155 0.77480916030534352501 0.80152671755725191094 0.7900763358778626344 0.77480916030534352501 0.83587786259541985157
0.80916030534351146564 0.8473282442748091281 0.8549618320610686828 0.80916030534351146564 0.80916030534351146564 0.84351145038167940626 0.84351145038167940626 0.87786259541984734689 0.91984732824427484221 0.9923664122137404453 0.95038167938931294998 0.93893129770992367344 0.98473282442748089061 0.9923664122137404453 0.9923664122137404453 0.9923664122137404453 0.9923664122137404453 0.9923664122137404453 0.91221374045801528752 0.98091603053435116877 0.98091603053435116877 0.95419847328244278284 0.98091603053435116877 0.96564885496183205937 0.96946564885496178121 0.95038167938931294998 0.96183206106870233754 0.94656488549618322814 0.94274809160305339528 0.87404580152671751403 0.89312977099236645628 0.92748091603053439691 0.92748091603053439691 0.88931297709923662342 0.82442748091603057503 0.92366412213740456405 0.92366412213740456405 0.87404580152671751403 0.82442748091603057503 0.85114503816793896096 0.83206106870229012973 0.78625954198473280155 0.8396946564885495734 0.78625954198473280155 0.78244274809160307971 0.78625954198473280155 0.74427480916030530622
0.8396946564885495734 0.78625954198473280155 0.78625954198473280155 0.92366412213740456405 0.8473282442748091281 0.95038167938931294998 0.98091603053435116877 0.98473282442748089061 0.9923664122137404453 0.98854961832061072347 0.9923664122137404453 0.9923664122137404453 0.98854961832061072347 0.9923664122137404453 0.96946564885496178121 0.96946564885496178121 0.98091603053435116877 0.88931297709923662342 0.95038167938931294998 0.97328244274809161407 0.98854961832061072347 0.96564885496183205937 0.95801526717557250468 0.96564885496183205937 0.95419847328244278284 0.92748091603053439691 0.92366412213740456405 0.95038167938931294998 0.90076335877862589996 0.92366412213740456405 0.93511450381679384058 0.92748091603053439691 0.86641221374045807035 0.8549618320610686828 0.88549618320610690159 0.92366412213740456405 0.85114503816793896096 0.86641221374045807035 0.8549618320610686828 0.86641221374045807035 0.78625954198473280155 0.8396946564885495734 0.7900763358778626344 0.81297709923664118747 0.78625954198473280155 0.78625954198473280155 0.74427480916030530622
0.8396946564885495734 0.95419847328244278284 0.88167938931297706873 0.86641221374045807035 0.86641221374045807035 0.92366412213740456405 0.9923664122137404453 0.98854961832061072347 0.9923664122137404453 0.9923664122137404453 0.9923664122137404453 0.9923664122137404453 0.9923664122137404453 0.98854961832061072347 0.9923664122137404453 0.98473282442748089061 0.91603053435114500935 0.85877862595419851566 0.94656488549618322814 0.95419847328244278284 0.96564885496183205937 0.97709923664122133591 0.96564885496183205937 0.96564885496183205937 0.95419847328244278284 0.93893129770992367344 0.91984732824427484221 0.93511450381679384058 0.92748091603053439691 0.90839694656488545466 0.91603053435114500935 0.86641221374045807035 0.88931297709923662342 0.90839694656488545466 0.93893129770992367344 0.90839694656488545466 0.86641221374045807035 0.8473282442748091281 0.87786259541984734689 0.87404580152671751403 0.8549618320610686828 0.8396946564885495734 0.81297709923664118747 0.82442748091603057503 0.81297709923664118747 0.7900763358778626344 0.73664122137404575152
0.80152671755725191094 0.96564885496183205937 0.92366412213740456405 0.8396946564885495734 0.93129770992366411875 0.88931297709923662342 0.98473282442748089061 0.98854961832061072347 0.9923664122137404453 0.9923664122137404453 0.9923664122137404453 0.98854961832061072347 0.98854961832061072347 0.98854961832061072347 0.98473282442748089061 0.98091603053435116877 0.92366412213740456405 0.92366412213740456405 0.93893129770992367344 0.93893129770992367344 0.92748091603053439691 0.93893129770992367344 0.95419847328244278284 0.95801526717557250468 0.93893129770992367344 0.93893129770992367344 0.94656488549618322814 0.93893129770992367344 0.93893129770992367344 0.92748091603053439691 0.92366412213740456405 0.92366412213740456405 0.92366412213740456405 0.92366412213740456405 0.95419847328244278284 0.86641221374045807035 0.86641221374045807035 0.85877862595419851566 0.8396946564885495734 0.85877862595419851566 0.8549618320610686828 0.8549618320610686828 0.87404580152671751403 0.78625954198473280155 0.80152671755725191094 0.7977099236641221891 0.8396946564885495734
0.95038167938931294998 0.93893129770992367344 0.98854961832061072347 0.93511450381679384058 0.92748091603053439691 0.93893129770992367344 0.98091603053435116877 0.98854961832061072347 0.98473282442748089061 0.9923664122137404453 0.9923664122137404453 0.98854961832061072347 0.98854961832061072347 0.98091603053435116877 0.95419847328244278284 0.92366412213740456405 0.8473282442748091281 0.87786259541984734689 0.93511450381679384058 0.93129770992366411875 0.92366412213740456405 0.92366412213740456405 0.92366412213740456405 0.92366412213740456405 0.91221374045801528752 0.93893129770992367344 0.92366412213740456405 0.93511450381679384058 0.93511450381679384058 0.92366412213740456405 0.92366412213740456405 0.87404580152671751403 0.88931297709923662342 0.92748091603053439691 0.93893129770992367344 0.95419847328244278284 0.88931297709923662342 0.86641221374045807035 0.80534351145038163278 0.7900763358778626344 0.81297709923664118747 0.86641221374045807035 0.8473282442748091281 0.8396946564885495734 0.78244274809160307971 0.79389312977099235624 0.8473282442748091281
0.92366412213740456405 0.98473282442748089061 0.98091603053435116877 0.95419847328244278284 0.96183206106870233754 0.96564885496183205937 0.95419847328244278284 0.96564885496183205937 0.90839694656488545466 0.98854961832061072347 0.98473282442748089061 0.94274809160305339528 0.92748091603053439691 0.93893129770992367344 0.93893129770992367344 0.83587786259541985157 0.86641221374045807035 0.92366412213740456405 0.90839694656488545466 0.88931297709923662342 0.90839694656488545466 0.92366412213740456405 0.92366412213740456405 0.91221374045801528752 0.86641221374045807035 0.88931297709923662342 0.88931297709923662342 0.88931297709923662342 0.92366412213740456405 0.89312977099236645628 0.92366412213740456405 0.92366412213740456405 0.88931297709923662342 0.92366412213740456405 0.88931297709923662342 0.88931297709923662342 0.8473282442748091281 0.92366412213740456405 0.84351145038167940626 0.7977099236641221891 0.8396946564885495734 0.8396946564885495734 0.80916030534351146564 0.8549618320610686828 0.85114503816793896096 0.79389312977099235624 0.78244274809160307971
0.94274809160305339528 0.90839694656488545466 0.89694656488549617812 0.95419847328244278284 0.93893129770992367344 0.93893129770992367344 0.93893129770992367344 0.96183206106870233754 0.96564885496183205937 0.93129770992366411875 0.92366412213740456405 0.93511450381679384058 0.93511450381679384058 0.91984732824427484221 0.92366412213740456405 0.8549618320610686828 0.88931297709923662342 0.8549618320610686828 0.8549618320610686828 0.8396946564885495734 0.89312977099236645628 0.89694656488549617812 0.88931297709923662342 0.86641221374045807035 0.85877862595419851566 0.85877862595419851566 0.85877862595419851566 0.88167938931297706873 0.88931297709923662342 0.90076335877862589996 0.88931297709923662342 0.88931297709923662342 0.87404580152671751403 0.92366412213740456405 0.92366412213740456405 0.92366412213740456405 0.86641221374045807035 0.92366412213740456405 0.92366412213740456405 0.86641221374045807035 0.8396946564885495734 0.78625954198473280155 0.8396946564885495734 0.8396946564885495734 0.8473282442748091281 0.82442748091603057503 0.74809160305343513908
0.92366412213740456405 0.92366412213740456405 0.88931297709923662342 0.88931297709923662342 0.87022900763358779219 0.91603053435114500935 0.8549618320610686828 0.87786259541984734689 0.8473282442748091281 0.92748091603053439691 0.92366412213740456405 0.92366412213740456405 0.89312977099236645628 0.90839694656488545466 0.90839694656488545466 0.82442748091603057503 0.88931297709923662342 0.8396946564885495734 0.8396946564885495734 0.8396946564885495734 0.8549618320610686828 0.88931297709923662342 0.88167938931297706873 0.87404580152671751403 0.8473282442748091281 0.8549618320610686828 0.8549618320610686828 0.8549618320610686828 0.85114503816793896096 0.90839694656488545466 0.87786259541984734689 0.87022900763358779219 0.85877862595419851566 0.92366412213740456405 0.85114503816793896096 0.92366412213740456405 0.86641221374045807035 0.87022900763358779219 0.92748091603053439691 0.8549618320610686828 0.90839694656488545466 0.8396946564885495734 0.78625954198473280155 0.78625954198473280155 0.79389312977099235624 0.8549618320610686828 0.83587786259541985157
0.91221374045801528752 0.92366412213740456405 0.91603053435114500935 0.87786259541984734689 0.86259541984732823749 0.86641221374045807035 0.85114503816793896096 0.78625954198473280155 0.82442748091603057503 0.83206106870229012973 0.86641221374045807035 0.86641221374045807035 0.87404580152671751403 0.88931297709923662342 0.88167938931297706873 0.80916030534351146564 0.8396946564885495734 0.8549618320610686828 0.8396946564885495734 0.81297709923664118747 0.8473282442748091281 0.87786259541984734689 0.8549618320610686828 0.8549618320610686828 0.8473282442748091281 0.79389312977099235624 0.80916030534351146564 0.85114503816793896096 0.85114503816793896096 0.86641221374045807035 0.85114503816793896096 0.86641221374045807035 0.88931297709923662342 0.8473282442748091281 0.8473282442748091281 0.90839694656488545466 0.90839694656488545466 0.90839694656488545466 0.92366412213740456405 0.92366412213740456405 0.8549618320610686828 0.7977099236641221891 0.8396946564885495734 0.78625954198473280155 0.72900763358778630785 0.79389312977099235624 0.86641221374045807035
0.87786259541984734689 0.86641221374045807035 0.8549618320610686828 0.85114503816793896096 0.84351145038167940626 0.82442748091603057503 -9999 -9999 0.74045801526717558438 0.78244274809160307971 0.71755725190839692029 0.71374045801526719845 0.74045801526717558438 0.77480916030534352501 0.76717557251908397031 0.78625954198473280155 0.81297709923664118747 0.85114503816793896096 0.8549618320610686828 0.8549618320610686828 0.85877862595419851566 0.86641221374045807035 0.8473282442748091281 0.8473282442748091281 0.8396946564885495734 0.81297709923664118747 0.78625954198473280155 0.7977099236641221891 0.8396946564885495734 0.8396946564885495734 0.8549618320610686828 0.8396946564885495734 0.8549618320610686828 0.8549618320610686828 0.8549618320610686828 0.86641221374045807035 0.86641221374045807035 0.85877862595419851566 0.92748091603053439691 0.88931297709923662342 0.85114503816793896096 0.85877862595419851566 0.82442748091603057503 0.72137404580152675315 0.74809160305343513908 0.80534351145038163278 0.77480916030534352501
0.8549618320610686828 0.84351145038167940626 0.84351145038167940626 0.8396946564885495734 0.80534351145038163278 -9999 -9999 -9999 -9999 -9999 -9999 -9999 0.57633587786259543595 0.61068702290076337658 0.59541984732824426718 0.71374045801526719845 0.8396946564885495734 0.82442748091603057503 0.81297709923664118747 0.85114503816793896096 0.8473282442748091281 0.82061068702290074217 0.8396946564885495734 0.80916030534351146564 0.83206106870229012973 0.8396946564885495734 0.77099236641221369215 0.8396946564885495734 0.82824427480916029687 0.8473282442748091281 0.7900763358778626344 0.84351145038167940626 0.8396946564885495734 0.8549618320610686828 0.87786259541984734689 0.91603053435114500935 0.90839694656488545466 0.7977099236641221891 0.8396946564885495734 0.8396946564885495734 0.8473282442748091281 0.8396946564885495734 0.78625954198473280155 0.78625954198473280155 0.7022900763358778109 0.78625954198473280155 0.80534351145038163278
-9999 -9999 -9999 -9999 -9999 -9999 -9999 -9999 -9999 -9999 -9999 -9999 -9999 -9999 -9999 0.6526717557251908719 0.69847328244274808906 0.74809160305343513908 0.78625954198473280155 0.78625954198473280155 0.77099236641221369215 0.78625954198473280155 0.8396946564885495734 0.8396946564885495734 0.81297709923664118747 0.81297709923664118747 0.7900763358778626344 0.81297709923664118747 0.80152671755725191094 0.73282442748091602969 0.7900763358778626344 0.78625954198473280155 0.7977099236641221891 0.8396946564885495734 0.8396946564885495734 0.85877862595419851566 0.86641221374045807035 0.8549618320610686828 0.7977099236641221891 0.8549618320610686828 0.87404580152671751403 0.8549618320610686828 0.77480916030534352501 0.69847328244274808906 0.66412213740458014843 0.71755725190839692029 0.74809160305343513908
-9999 -9999 -9999 -9999 -9999 -9999 -9999 -9999 -9999 -9999 -9999 -9999 -9999 -9999 -9999 -9999 -9999 0.55725190839694660472 0.71374045801526719845 0.74427480916030530622 0.77480916030534352501 0.80534351145038163278 0.80152671755725191094 0.79389312977099235624 0.78244274809160307971 0.78625954198473280155 0.71374045801526719845 0.78244274809160307971 0.72137404580152675315 0.78625954198473280155 0.78625954198473280155 0.8396946564885495734 0.78625954198473280155 0.7900763358778626344 0.8396946564885495734 0.85877862595419851566 0.86641221374045807035 0.86641221374045807035 0.8473282442748091281 0.7900763358778626344 0.8473282442748091281 0.71755725190839692029 0.77099236641221369215 0.78625954198473280155 0.78244274809160307971 0.71374045801526719845 0.80916030534351146564
-9999 -9999 -9999 -9999 -9999 -9999 -9999 -9999 -9999 -9999 -9999 -9999 -9999 -9999 -9999 -9999 -9999 -9999 -9999 -9999 0.59160305343511454534 0.71374045801526719845 0.66793893129770987027 0.71374045801526719845 0.78625954198473280155 0.69847328244274808906 0.78244274809160307971 0.78625954198473280155 0.78244274809160307971 0.74427480916030530622 0.78625954198473280155 0.77480916030534352501 0.76335877862595424848 0.78244274809160307971 0.80534351145038163278 0.82824427480916029687 0.8549618320610686828 0.85877862595419851566 0.82442748091603057503 0.7900763358778626344 0.7900763358778626344 0.8473282442748091281 0.81297709923664118747 0.8396946564885495734 0.81297709923664118747 0.8473282442748091281 0.74427480916030530622
0.80534351145038163278 0.7900763358778626344 -9999 -9999 -9999 -9999 -9999 -9999 -9999 -9999 -9999 -9999 -9999 -9999 -9999 -9999 -9999 -9999 -9999 -9999 -9999 0.67557251908396942497 0.68320610687022897967 0.77480916030534352501 0.83206106870229012973 0.85114503816793896096 0.79389312977099235624 0.78625954198473280155 0.76717557251908397031 0.78625954198473280155 0.68320610687022897967 0.64122137404580148434 0.8396946564885495734 0.78244274809160307971 0.78625954198473280155 0.78625954198473280155 0.85877862595419851566 0.86641221374045807035 0.82442748091603057503 0.74045801526717558438 0.76335877862595424848 0.80916030534351146564 0.7900763358778626344 0.7900763358778626344 0.80534351145038163278 0.71755725190839692029 0.71374045801526719845
0.80152671755725191094 0.78625954198473280155 -9999 -9999 -9999 -9999 -9999 -9999 -9999 -9999 -9999 -9999 -9999 -9999 -9999 -9999 -9999 -9999 -9999 -9999 -9999 0.62595419847328248597 0.63740458015267176251 0.73282442748091602969 0.71755725190839692029 0.82442748091603057503 0.81297709923664118747 0.76335877862595424848 0.71374045801526719845 0.71374045801526719845 0.7900763358778626344 0.67557251908396942497 0.69847328244274808906 0.78244274809160307971 0.80916030534351146564 0.83206106870229012973 0.78625954198473280155 0.76335877862595424848 0.74427480916030530622 0.82061068702290074217 0.81297709923664118747 0.74045801526717558438 0.80152671755725191094 0.7900763358778626344 0.7977099236641221891 0.74045801526717558438 0.78625954198473280155
