Example/niche_background/models/ENFA/Anolis_chlorocyanus_0.asc
ncols        743
nrows        319
xllcorner    -74.500956448335
yllcorner    17.448920549066
cellsize     0.008333333333
NODATA_value  -9999
[rows 126 to 146 of 319, columns 506 to 551 of 743]
0.49429657794676806759 0.28136882129277568376 0.48288973384030420277 0.46007604562737641762 0.42965779467680609294 0.42585551330798476766 0.53612167300380231261 0.58935361216730042244 0.53992395437262352687 0.4638783269961977429 0.55133079847908750271 0.66539923954372626191 0.66159695817490493663 0.55893536121673004224 0.73764258555133077611 0.62737642585551334218 0.71863117870722437175 0.71863117870722437175 0.61596958174904947736 0.638783269961977207 0.72623574144486691129 0.73764258555133077611 0.69201520912547531683 0.72623574144486691129 0.74524714828897342667 0.67680608365019012673 0.62737642585551334218 0.71863117870722437175 0.7832699619771863464 0.82889733840304180568 0.68441064638783266627 0.7984790874524715365 0.68821292775665399155 0.67300380228136880145 0.66539923954372626191 0.66159695817490493663 0.66539923954372626191 0.69201520912547531683 0.7832699619771863464 0.74524714828897342667 0.7680608365019011563 0.89733840304182510561 0.88593155893536124079 0.88593155893536124079 0.53612167300380231261 0.53231939163498098733
0.40684410646387830779 0.44106463878326995776 0.34980988593155892818 0.44106463878326995776 0.33460076045627373809 0.42965779467680609294 0.58555133079847909716 0.68060836501901145201 0.62737642585551334218 0.65019011406844107182 0.6083650190114068268 0.53612167300380231261 0.74524714828897342667 0.69201520912547531683 0.63498098859315588172 0.74524714828897342667 0.53231939163498098733 0.7832699619771863464 0.73764258555133077611 0.77566539923954369584 0.70342205323193918165 0.68441064638783266627 0.74144486692015210139 0.73764258555133077611 0.72243346007604558601 0.67680608365019012673 0.67680608365019012673 0.73764258555133077611 0.79467680608365021122 0.79467680608365021122 0.8250950570342204804 0.76425855513307983102 0.74524714828897342667 0.69201520912547531683 0.82889733840304180568 0.74524714828897342667 0.63498098859315588172 0.6083650190114068268 0.63117870722433455644 0.80988593155893540132 0.86692015209125472541 0.87452471482889737597 0.88212927756653991551 0.82889733840304180568 0.54752851711026617743 0.53612167300380231261
0.49429657794676806759 0.53612167300380231261 0.44106463878326995776 0.61596958174904947736 0.51330798479087447195 0.53231939163498098733 0.50950570342205325769 0.51330798479087447195 0.66539923954372626191 0.62737642585551334218 0.65019011406844107182 0.54372623574144485215 0.76045627376425850574 0.64638783269961974653 0.71102661596958172119 0.69201520912547531683 0.74524714828897342667 0.73003802281368823657 0.68441064638783266627 0.66920152091254747617 0.76045627376425850574 0.76045627376425850574 0.76425855513307983102 0.74524714828897342667 0.69201520912547531683 0.67680608365019012673 0.66159695817490493663 0.76045627376425850574 0.79087452471482888594 0.80988593155893540132 0.79087452471482888594 0.74524714828897342667 0.71863117870722437175 0.69581749049429653109 0.71863117870722437175 0.7832699619771863464 0.71482889733840304647 0.61596958174904947736 0.7832699619771863464 0.69581749049429653109 0.80988593155893540132 0.82889733840304180568 0.80988593155893540132 0.58555133079847909716 0.53612167300380231261 0.53612167300380231261
0.68441064638783266627 0.66920152091254747617 0.50570342205323193241 0.53992395437262352687 0.46007604562737641762 0.49429657794676806759 0.56273764258555136752 0.45627376425855514785 0.66539923954372626191 0.53612167300380231261 0.53612167300380231261 0.64258555133079853228 0.80988593155893540132 0.73003802281368823657 0.54752851711026617743 0.53612167300380231261 0.68441064638783266627 0.80228136882129275076 0.68441064638783266627 0.68441064638783266627 0.74524714828897342667 0.74524714828897342667 0.62737642585551334218 0.74524714828897342667 0.66539923954372626191 0.74144486692015210139 0.6083650190114068268 0.66539923954372626191 0.69581749049429653109 0.70342205323193918165 0.71863117870722437175 0.77566539923954369584 0.67680608365019012673 0.71482889733840304647 0.74524714828897342667 0.76045627376425850574 0.70342205323193918165 0.69201520912547531683 0.80228136882129275076 0.79467680608365021122 0.77566539923954369584 0.80988593155893540132 0.63498098859315588172 0.53612167300380231261 0.53992395437262352687 0.67680608365019012673
0.80988593155893540132 0.77566539923954369584 0.79467680608365021122 0.5779467680608364466 0.50190114068441060713 0.48669201520912547254 0.54752851711026617743 0.52851711026615966205 0.46768060836501901267 0.58935361216730042244 0.58935361216730042244 0.60076045627376428726 0.66539923954372626191 0.73764258555133077611 0.79087452471482888594 0.68060836501901145201 0.6083650190114068268 0.66539923954372626191 0.68441064638783266627 0.6083650190114068268 0.74524714828897342667 0.69201520912547531683 0.69201520912547531683 0.69201520912547531683 0.74524714828897342667 0.62737642585551334218 0.7680608365019011563 0.66539923954372626191 0.67680608365019012673 0.71102661596958172119 0.71863117870722437175 0.80988593155893540132 0.78707224334600756066 0.73764258555133077611 0.71863117870722437175 0.71482889733840304647 0.70342205323193918165 0.74144486692015210139 0.80988593155893540132 0.81749049429657794086 0.79467680608365021122 0.8250950570342204804 0.53612167300380231261 0.53612167300380231261 0.53992395437262352687 0.67680608365019012673
0.47908745247148287749 0.75665399239543729148 0.6235741444866920169 0.63498098859315588172 0.57414448669201523234 0.39923954372623576825 0.46768060836501901267 0.58935361216730042244 0.53231939163498098733 0.45627376425855514785 0.56273764258555136752 0.50190114068441060713 0.63498098859315588172 0.82129277566539926614 0.65779467680608361135 0.71482889733840304647 0.60076045627376428726 0.73764258555133077611 0.77186311787072248158 0.62737642585551334218 0.63117870722433455644 0.66539923954372626191 0.66539923954372626191 0.67300380228136880145 0.66539923954372626191 0.66539923954372626191 0.67680608365019012673 0.5931558935361216367 0.58935361216730042244 0.66539923954372626191 0.79467680608365021122 0.71863117870722437175 0.74524714828897342667 0.82129277566539926614 0.66159695817490493663 0.67680608365019012673 0.58555133079847909716 0.72623574144486691129 0.74144486692015210139 0.74524714828897342667 0.70342205323193918165 0.73003802281368823657 0.52851711026615966205 0.53612167300380231261 0.53612167300380231261 0.54752851711026617743
0.75665399239543729148 0.62737642585551334218 0.64638783269961974653 0.52851711026615966205 0.50950570342205325769 0.43346007604562736271 0.65019011406844107182 0.43346007604562736271 0.54752851711026617743 0.48669201520912547254 0.55893536121673004224 0.64638783269961974653 0.54372623574144485215 0.68060836501901145201 0.56273764258555136752 0.65019011406844107182 0.74524714828897342667 0.68821292775665399155 0.71863117870722437175 0.60076045627376428726 0.66539923954372626191 0.61596958174904947736 0.68060836501901145201 0.72243346007604558601 0.68441064638783266627 0.6235741444866920169 0.68441064638783266627 0.69201520912547531683 0.67680608365019012673 0.66539923954372626191 0.66539923954372626191 0.80988593155893540132 0.74524714828897342667 0.70342205323193918165 0.71482889733840304647 0.71863117870722437175 0.69201520912547531683 0.72243346007604558601 0.67680608365019012673 0.74524714828897342667 0.71863117870722437175 0.48288973384030420277 0.49809885931558933736 0.50190114068441060713 0.58555133079847909716 0.54752851711026617743
0.52851711026615966205 0.58555133079847909716 0.41064638783269963307 0.44106463878326995776 0.57414448669201523234 0.39923954372623576825 0.48669201520912547254 0.51330798479087447195 0.55893536121673004224 0.53612167300380231261 0.49809885931558933736 0.6083650190114068268 0.64638783269961974653 0.68060836501901145201 0.58555133079847909716 0.66539923954372626191 0.66539923954372626191 0.60076045627376428726 0.70342205323193918165 0.67680608365019012673 0.62737642585551334218 0.66539923954372626191 0.72623574144486691129 0.67680608365019012673 0.72243346007604558601 0.62737642585551334218 0.58935361216730042244 0.60076045627376428726 0.49429657794676806759 0.69201520912547531683 0.73764258555133077611 0.89733840304182510561 0.87452471482889737597 0.7832699619771863464 0.51711026615969579723 0.71102661596958172119 0.61216730038022815208 0.58935361216730042244 0.72243346007604558601 0.62737642585551334218 0.53992395437262352687 0.50190114068441060713 0.48669201520912547254 0.4638783269961977429 0.53612167300380231261 0.67680608365019012673
0.45627376425855514785 0.6083650190114068268 0.43346007604562736271 0.55893536121673004224 0.49809885931558933736 0.49429657794676806759 0.44106463878326995776 0.53612167300380231261 0.58935361216730042244 0.58935361216730042244 0.72623574144486691129 0.61596958174904947736 0.638783269961977207 0.50570342205323193241 0.60076045627376428726 0.67680608365019012673 0.66539923954372626191 0.66539923954372626191 0.71863117870722437175 0.68441064638783266627 0.66539923954372626191 0.73003802281368823657 0.72243346007604558601 0.73003802281368823657 0.53231939163498098733 0.49429657794676806759 0.6083650190114068268 0.66539923954372626191 0.64258555133079853228 0.58935361216730042244 0.70342205323193918165 0.93155893536121670007 0.88212927756653991551 0.82889733840304180568 0.64638783269961974653 0.53612167300380231261 0.71102661596958172119 0.61596958174904947736 0.66539923954372626191 0.6235741444866920169 0.58555133079847909716 0.58555133079847909716 0.48288973384030420277 0.46007604562737641762 0.52471482889733844779 0.62737642585551334218
0.31558935361216727822 0.30038022813688214363 0.4638783269961977429 0.32319391634980987327 0.43346007604562736271 0.35361216730038025347 0.42585551330798476766 0.47528517110266160772 0.62737642585551334218 0.63498098859315588172 0.7680608365019011563 0.68441064638783266627 0.63117870722433455644 0.66159695817490493663 0.70342205323193918165 0.53612167300380231261 0.66539923954372626191 0.60076045627376428726 0.63117870722433455644 0.57034220532319390706 0.53612167300380231261 0.68441064638783266627 0.79467680608365021122 0.69581749049429653109 0.50570342205323193241 0.65779467680608361135 0.61596958174904947736 0.69201520912547531683 0.55513307984790871696 0.55513307984790871696 0.73003802281368823657 0.89733840304182510561 0.92015209125475283525 0.76425855513307983102 0.61596958174904947736 0.54372623574144485215 0.58935361216730042244 0.63498098859315588172 0.46768060836501901267 0.53992395437262352687 0.55133079847908750271 0.66539923954372626191 0.48288973384030420277 0.49809885931558933736 0.65779467680608361135 0.69201520912547531683
0.3916349809885931732 0.44106463878326995776 0.46007604562737641762 0.39923954372623576825 0.42205323193916349789 0.41064638783269963307 0.58555133079847909716 0.58174904942965777188 0.7832699619771863464 0.80988593155893540132 0.82889733840304180568 0.80988593155893540132 0.76045627376425850574 0.65019011406844107182 0.48669201520912547254 0.55513307984790871696 0.62737642585551334218 0.66920152091254747617 0.63117870722433455644 0.53992395437262352687 0.55133079847908750271 0.5779467680608364466 0.67300380228136880145 0.58174904942965777188 0.47908745247148287749 0.54372623574144485215 0.80988593155893540132 0.8250950570342204804 0.7832699619771863464 0.45247148288973382257 0.82889733840304180568 0.82889733840304180568 0.87452471482889737597 0.70342205323193918165 0.53612167300380231261 0.58935361216730042244 0.80988593155893540132 0.74524714828897342667 0.58935361216730042244 0.66539923954372626191 0.48669201520912547254 0.54752851711026617743 0.42965779467680609294 0.34600760456273765842 0.44866920152091255281 0.49429657794676806759
0.5779467680608364466 0.36882129277566538805 0.38403041825095057815 0.34220532319391633314 0.42965779467680609294 0.30038022813688214363 0.638783269961977207 0.77566539923954369584 0.82889733840304180568 0.8250950570342204804 0.7984790874524715365 0.82889733840304180568 0.8250950570342204804 0.76425855513307983102 0.53612167300380231261 0.47528517110266160772 0.65019011406844107182 0.62737642585551334218 0.57414448669201523234 0.51711026615969579723 0.53612167300380231261 0.5779467680608364466 0.54752851711026617743 0.61216730038022815208 0.47528517110266160772 0.53612167300380231261 0.53992395437262352687 0.79087452471482888594 0.8250950570342204804 0.67300380228136880145 0.87832699619771859023 0.7680608365019011563 0.87452471482889737597 0.82129277566539926614 0.66539923954372626191 0.47528517110266160772 0.62737642585551334218 0.69201520912547531683 0.6235741444866920169 0.65779467680608361135 0.44106463878326995776 0.4638783269961977429 0.39543726235741444297 0.35361216730038025347 0.42965779467680609294 0.42965779467680609294
0.53612167300380231261 0.35361216730038025347 0.40684410646387830779 0.33079847908745246832 0.32319391634980987327 0.30798479087452473868 0.58935361216730042244 0.6235741444866920169 0.74524714828897342667 0.78707224334600756066 0.80228136882129275076 0.82889733840304180568 0.79467680608365021122 0.79467680608365021122 0.58935361216730042244 0.6083650190114068268 0.6235741444866920169 0.61596958174904947736 0.47528517110266160772 0.47528517110266160772 0.49809885931558933736 0.50190114068441060713 0.5779467680608364466 0.65019011406844107182 0.48288973384030420277 0.48669201520912547254 0.61596958174904947736 0.638783269961977207 0.61596958174904947736 0.82889733840304180568 0.8250950570342204804 0.89733840304182510561 0.82889733840304180568 0.87452471482889737597 0.69201520912547531683 0.62737642585551334218 0.57414448669201523234 0.638783269961977207 0.67680608365019012673 0.53612167300380231261 0.49809885931558933736 0.35361216730038025347 0.34600760456273765842 0.36882129277566538805 0.33460076045627373809 0.45247148288973382257
0.23193916349809887145 0.46007604562737641762 0.46007604562737641762 0.34220532319391633314 0.33079847908745246832 0.42205323193916349789 0.39923954372623576825 0.34600760456273765842 0.3193916349809886035 0.53992395437262352687 0.53992395437262352687 0.7680608365019011563 0.80988593155893540132 0.81749049429657794086 0.82889733840304180568 0.61216730038022815208 0.48669201520912547254 0.45247148288973382257 0.58935361216730042244 0.42965779467680609294 0.42205323193916349789 0.5779467680608364466 0.42205323193916349789 0.51330798479087447195 0.54372623574144485215 0.42205323193916349789 0.49809885931558933736 0.49429657794676806759 0.79467680608365021122 0.8250950570342204804 0.69201520912547531683 0.82889733840304180568 0.91254752851711029571 0.89733840304182510561 0.88593155893536124079 0.61596958174904947736 0.66920152091254747617 0.55133079847908750271 0.61216730038022815208 0.5779467680608364466 0.53612167300380231261 0.41064638783269963307 0.34600760456273765842 0.41064638783269963307 0.42585551330798476766 0.42205323193916349789
0.34600760456273765842 0.31178707224334600845 0.33079847908745246832 0.39923954372623576825 0.34600760456273765842 0.39923954372623576825 0.45627376425855514785 0.49429657794676806759 0.46768060836501901267 0.48669201520912547254 0.46007604562737641762 0.53612167300380231261 0.60076045627376428726 0.60076045627376428726 0.69581749049429653109 0.48669201520912547254 0.4638783269961977429 0.40684410646387830779 0.46007604562737641762 0.48669201520912547254 0.49429657794676806759 0.55893536121673004224 0.46007604562737641762 0.46007604562737641762 0.61596958174904947736 0.43346007604562736271 0.48669201520912547254 0.46768060836501901267 0.48669201520912547254 0.82129277566539926614 0.88973384030418245505 0.74524714828897342667 0.86692015209125472541 0.80988593155893540132 0.80228136882129275076 0.74904942965779464092 0.74524714828897342667 0.42585551330798476766 0.53231939163498098733 0.49429657794676806759 0.30798479087452473868 0.26615969581749049366 0.40304182509505703802 0.33079847908745246832 0.65019011406844107182 0.41064638783269963307
0.44106463878326995776 0.35361216730038025347 0.33460076045627373809 0.33079847908745246832 0.31178707224334600845 0.42965779467680609294 0.47528517110266160772 0.73764258555133077611 0.6235741444866920169 0.61596958174904947736 0.54372623574144485215 0.66539923954372626191 0.6083650190114068268 0.53992395437262352687 0.5931558935361216367 0.63498098859315588172 0.55133079847908750271 0.47908745247148287749 0.34600760456273765842 0.44106463878326995776 0.48669201520912547254 0.44106463878326995776 0.51330798479087447195 0.42965779467680609294 0.47908745247148287749 0.31558935361216727822 0.30038022813688214363 0.53612167300380231261 0.40304182509505703802 0.57414448669201523234 0.73764258555133077611 0.87452471482889737597 0.85171102661596953531 0.79467680608365021122 0.67680608365019012673 0.53992395437262352687 0.48669201520912547254 0.29277566539923954858 0.23954372623574143875 0.30038022813688214363 0.25855513307984789861 0.32699619771863119855 0.53992395437262352687 0.74524714828897342667 0.62737642585551334218 0.66539923954372626191
0.42205323193916349789 0.37262357414448671333 0.33079847908745246832 0.36501901140684411828 0.4638783269961977429 0.39923954372623576825 0.42205323193916349789 0.66159695817490493663 0.69201520912547531683 0.69581749049429653109 0.53612167300380231261 0.49049429657794674231 0.58935361216730042244 0.41064638783269963307 0.42965779467680609294 0.41064638783269963307 0.34220532319391633314 0.40684410646387830779 0.42965779467680609294 0.41064638783269963307 0.54752851711026617743 0.53231939163498098733 0.47148288973384028244 0.36882129277566538805 0.33079847908745246832 0.33460076045627373809 0.42205323193916349789 0.40684410646387830779 0.47528517110266160772 0.4638783269961977429 0.65019011406844107182 0.8250950570342204804 0.85551330798479086059 0.44106463878326995776 0.45247148288973382257 0.41064638783269963307 0.2243346007604562764 0.21673003802281368135 0.18631178707224335667 0.25855513307984789861 0.2243346007604562764 0.2471482889733840338 0.44106463878326995776 0.77566539923954369584 0.80988593155893540132 0.80228136882129275076
0.2471482889733840338 0.43346007604562736271 0.3193916349809886035 0.23954372623574143875 0.34600760456273765842 0.30038022813688214363 0.35361216730038025347 0.44106463878326995776 0.48288973384030420277 0.49809885931558933736 0.36882129277566538805 0.42965779467680609294 0.50190114068441060713 0.34600760456273765842 0.44106463878326995776 0.39923954372623576825 0.40684410646387830779 0.40684410646387830779 0.4638783269961977429 0.37262357414448671333 0.53992395437262352687 0.58935361216730042244 0.33079847908745246832 0.5779467680608364466 0.45247148288973382257 0.42205323193916349789 0.34600760456273765842 0.33079847908745246832 0.3193916349809886035 0.39923954372623576825 0.43346007604562736271 0.77566539923954369584 0.79467680608365021122 0.60076045627376428726 0.35361216730038025347 0.25855513307984789861 0.20152091254752851901 0.18250950570342205914 0.26615969581749049366 0.19771863117870722149 0.21673003802281368135 0.19011406844106462644 0.21292775665399238383 0.66539923954372626191 0.66920152091254747617 0.53612167300380231261
0.33079847908745246832 0.3193916349809886035 0.38022813688212925287 0.30798479087452473868 0.38022813688212925287 0.3041825095057034134 0.40684410646387830779 0.33079847908745246832 0.34600760456273765842 0.42205323193916349789 0.45247148288973382257 0.45247148288973382257 0.53231939163498098733 0.55893536121673004224 0.40684410646387830779 0.34600760456273765842 0.34980988593155892818 0.47528517110266160772 0.36882129277566538805 0.47528517110266160772 0.46768060836501901267 0.40304182509505703802 0.44106463878326995776 0.42965779467680609294 0.33460076045627373809 0.42585551330798476766 0.42965779467680609294 0.25095057034220530356 0.26615969581749049366 0.30798479087452473868 0.3764258555133079831 0.42205323193916349789 0.32319391634980987327 0.55133079847908750271 0.29277566539923954858 0.22813688212927757393 0.28517110266159695353 0.23954372623574143875 0.20532319391634981653 0.15589353612167300422 0.22053231939163497888 0.27376425855513308871 0.47908745247148287749 0.88212927756653991551 0.7832699619771863464 0.79467680608365021122
0.42585551330798476766 0.33079847908745246832 0.33079847908745246832 0.361216730038022793 0.31558935361216727822 0.34600760456273765842 0.42965779467680609294 0.31178707224334600845 0.48669201520912547254 0.51330798479087447195 0.53612167300380231261 0.48669201520912547254 0.63498098859315588172 0.46007604562737641762 0.62737642585551334218 0.39543726235741444297 0.26996197718631176343 0.30038022813688214363 0.42965779467680609294 0.49429657794676806759 0.51330798479087447195 0.58935361216730042244 0.39923954372623576825 0.33079847908745246832 0.39923954372623576825 0.49809885931558933736 0.30798479087452473868 0.34600760456273765842 0.53992395437262352687 0.55513307984790871696 0.33460076045627373809 0.34600760456273765842 0.22813688212927757393 0.58555133079847909716 0.48288973384030420277 0.26615969581749049366 0.19391634980988592396 0.20912547528517111406 0.17110266159695816657 0.21292775665399238383 0.19391634980988592396 0.20532319391634981653 0.42585551330798476766 0.70342205323193918165 0.49809885931558933736 0.46007604562737641762
0.33079847908745246832 0.42965779467680609294 0.46007604562737641762 0.33460076045627373809 0.42965779467680609294 0.30798479087452473868 0.30038022813688214363 0.38403041825095057815 0.47908745247148287749 0.74524714828897342667 0.83269961977186313096 0.76045627376425850574 0.73764258555133077611 0.43726235741444868799 0.70722433460076050693 0.60076045627376428726 0.42205323193916349789 0.37262357414448671333 0.39923954372623576825 0.39543726235741444297 0.72243346007604558601 0.66539923954372626191 0.46768060836501901267 0.57414448669201523234 0.50570342205323193241 0.48288973384030420277 0.33079847908745246832 0.38403041825095057815 0.33460076045627373809 0.46007604562737641762 0.55133079847908750271 0.18250950570342205914 0.18631178707224335667 0.1520912547528517067 0.23954372623574143875 0.21292775665399238383 0.21673003802281368135 0.19391634980988592396 0.20152091254752851901 0.19011406844106462644 0.19771863117870722149 0.22813688212927757393 0.67680608365019012673 0.67680608365019012673 0.66539923954372626191 0.25095057034220530356
