Example/niche_background/models/ENFA/Anolis_chlorocyanus.asc
ncols        743
nrows        319
xllcorner    -74.500956448335
yllcorner    17.448920549066
cellsize     0.008333333333
NODATA_value  -9999
[rows 200 to 219 of 319, columns 414 to 459 of 743]
0.75697211155378485437 0.78087649402390435505 0.75697211155378485437 0.75697211155378485437 0.76095617529880477115 0.73306772908366535368 0.7490039840637450208 0.62151394422310757282 0.73306772908366535368 0.76494023904382468793 0.6852589641434262413 0.71713147410358568656 0.59362549800796815536 0.69322709163346618588 0.59362549800796815536 0.6055776892430279057 0.66135458167330674062 0.59362549800796815536 0.63745019920318723994 0.60159362549800798892 0.65338645418326690706 0.59362549800796815536 0.57768924302788848824 0.59362549800796815536 0.59362549800796815536 0.6055776892430279057 0.66135458167330674062 0.59362549800796815536 0.61354581673306773926 0.66135458167330674062 0.59362549800796815536 0.66135458167330674062 0.65338645418326690706 0.59362549800796815536 0.61354581673306773926 0.58964143426294823858 0.56175298804780871009 0.66135458167330674062 0.58964143426294823858 0.5856573705179283218 0.67330677290836649096 0.65338645418326690706 0.66135458167330674062 0.65338645418326690706 0.67330677290836649096 0.709163346613545853
0.77290836653386452149 0.64940239043824699028 0.75697211155378485437 0.709163346613545853 0.6852589641434262413 0.75697211155378485437 0.77689243027888443827 0.69721115537848610266 0.69721115537848610266 0.66135458167330674062 0.76892430278884460471 0.68127490039840632452 0.53386454183266929263 0.73306772908366535368 0.67330677290836649096 0.66135458167330674062 0.6892430278884462691 0.59362549800796815536 0.61354581673306773926 0.5657370517928287379 0.59362549800796815536 0.61752988047808765604 0.55776892430278879331 0.59362549800796815536 0.6055776892430279057 0.59362549800796815536 0.58964143426294823858 0.59362549800796815536 0.56972111553784865468 0.5856573705179283218 0.65737051792828682384 0.57370517928286857146 0.6055776892430279057 0.61752988047808765604 0.66135458167330674062 0.64940239043824699028 0.52191235059760954229 0.5657370517928287379 0.5856573705179283218 0.58167330677290840502 0.61752988047808765604 0.6892430278884462691 0.65338645418326690706 -9999 -9999 -9999
0.6055776892430279057 0.62151394422310757282 0.7490039840637450208 0.68127490039840632452 0.74501992031872510402 0.76095617529880477115 0.709163346613545853 0.72111553784860560334 0.77290836653386452149 0.76494023904382468793 0.76494023904382468793 0.75298804780876493759 0.66135458167330674062 0.61752988047808765604 0.74501992031872510402 0.73705179282868527046 0.64940239043824699028 0.5856573705179283218 0.66135458167330674062 0.53784860557768920941 0.58167330677290840502 0.63745019920318723994 0.59362549800796815536 0.59362549800796815536 0.61752988047808765604 0.59362549800796815536 0.53784860557768920941 0.49003984063745020805 0.50199203187250995839 0.65338645418326690706 0.58964143426294823858 0.6055776892430279057 0.61354581673306773926 0.5856573705179283218 0.59362549800796815536 0.59362549800796815536 0.59362549800796815536 0.68127490039840632452 0.6852589641434262413 0.59760956175298807214 0.63346613545816732316 0.65737051792828682384 0.65338645418326690706 -9999 -9999 -9999
0.23505976095617531207 0.24701195219123506241 0.37848605577689242718 0.61354581673306773926 0.64940239043824699028 0.64940239043824699028 0.67330677290836649096 0.65338645418326690706 0.6852589641434262413 0.709163346613545853 0.76494023904382468793 0.5856573705179283218 0.61752988047808765604 0.64940239043824699028 0.74103585657370518724 0.57370517928286857146 0.58167330677290840502 0.54980079681274895975 0.61752988047808765604 0.5856573705179283218 0.65338645418326690706 0.59362549800796815536 0.63745019920318723994 0.66135458167330674062 0.49800796812749004161 0.63346613545816732316 0.59362549800796815536 0.61354581673306773926 0.65338645418326690706 0.62151394422310757282 0.59362549800796815536 0.6055776892430279057 0.61752988047808765604 0.59362549800796815536 0.64940239043824699028 0.58964143426294823858 0.65737051792828682384 0.62948207171314740638 0.65338645418326690706 0.61354581673306773926 0.61752988047808765604 -9999 -9999 -9999 -9999 -9999
0.38247011952191234396 0.36254980079681276006 0.39043824701195217752 0.52191235059760954229 0.61354581673306773926 0.53386454183266929263 0.59362549800796815536 0.58964143426294823858 0.64940239043824699028 0.7490039840637450208 0.52988047808764937585 0.76095617529880477115 0.59362549800796815536 0.71713147410358568656 0.73306772908366535368 0.58964143426294823858 0.58167330677290840502 0.52191235059760954229 0.67330677290836649096 0.59362549800796815536 0.5856573705179283218 0.5856573705179283218 0.59362549800796815536 0.49003984063745020805 0.59362549800796815536 0.49003984063745020805 0.54980079681274895975 0.52988047808764937585 0.42629482071713148406 0.58964143426294823858 0.5856573705179283218 0.57370517928286857146 0.5856573705179283218 0.58964143426294823858 0.57370517928286857146 0.54581673306772904297 0.50996015936254979195 0.55776892430278879331 0.55776892430278879331 0.6454183266932270735 0.61354581673306773926 -9999 -9999 -9999 -9999 -9999
0.19123505976095617198 0.1553784860557768932 0.19123505976095617198 0.23505976095617531207 0.23505976095617531207 0.26693227091633464632 0.27888446215139439666 0.23505976095617531207 0.54980079681274895975 0.5856573705179283218 0.59362549800796815536 0.74501992031872510402 0.6653386454183266574 0.65338645418326690706 0.6892430278884462691 0.58964143426294823858 0.53784860557768920941 0.50996015936254979195 0.59362549800796815536 0.66135458167330674062 0.65338645418326690706 0.62948207171314740638 0.57768924302788848824 0.52191235059760954229 0.59362549800796815536 0.54980079681274895975 0.34661354581673309294 0.42231075697211156728 0.58964143426294823858 0.47410358565737054093 0.52191235059760954229 0.48605577689243029127 0.48207171314741037449 0.4581673306772908183 0.49003984063745020805 0.5856573705179283218 0.52988047808764937585 0.54183266932270912619 0.54980079681274895975 0.63745019920318723994 0.65737051792828682384 -9999 -9999 -9999 -9999 -9999
0.075697211155378488212 0.051792828685258966714 0.051792828685258966714 0.063745019920318723994 0.095617529880478085991 0.11155378486055776699 0.31075697211155378641 0.1553784860557768932 0.19123505976095617198 0.20717131474103586686 0.56175298804780871009 0.66135458167330674062 0.6852589641434262413 0.6653386454183266574 0.52988047808764937585 0.66135458167330674062 0.65338645418326690706 0.58964143426294823858 0.5856573705179283218 0.59362549800796815536 0.54980079681274895975 0.36653386454183267684 0.50996015936254979195 0.54581673306772904297 0.5856573705179283218 0.33466135458167328709 0.49003984063745020805 0.53386454183266929263 0.3944223107569720943 0.47410358565737054093 0.49402390438247012483 0.47410358565737054093 0.40637450199203190015 0.50199203187250995839 0.54581673306772904297 0.50996015936254979195 0.59362549800796815536 0.54581673306772904297 0.65737051792828682384 0.53784860557768920941 0.6852589641434262413 0.65338645418326690706 -9999 -9999 -9999 -9999
0.039840637450199202496 0.023904382470119521498 0.023904382470119521498 0.015936254980079680998 0.039840637450199202496 0.08764940239043825243 0.095617529880478085991 0.08764940239043825243 0.075697211155378488212 0.095617529880478085991 0.19123505976095617198 0.50199203187250995839 0.32669322709163345353 0.53784860557768920941 0.67330677290836649096 0.54581673306772904297 0.49003984063745020805 0.66135458167330674062 0.57370517928286857146 0.68127490039840632452 0.61752988047808765604 0.48207171314741037449 0.59362549800796815536 0.48605577689243029127 0.52191235059760954229 0.49800796812749004161 0.54980079681274895975 0.55776892430278879331 0.43426294820717131762 0.52191235059760954229 0.49003984063745020805 0.54980079681274895975 0.54980079681274895975 0.56972111553784865468 0.59362549800796815536 0.59362549800796815536 0.6055776892430279057 0.56972111553784865468 0.53386454183266929263 0.5856573705179283218 0.5856573705179283218 -9999 -9999 -9999 -9999 -9999
0.075697211155378488212 0.055776892430278883495 0.08764940239043825243 0.059760956175298807214 0.055776892430278883495 0.027888446215139441747 0.055776892430278883495 0.055776892430278883495 0.075697211155378488212 0.059760956175298807214 0.067729083665338640774 0.15139442231075697642 0.40637450199203190015 0.63346613545816732316 0.77689243027888443827 0.74501992031872510402 0.6852589641434262413 0.49003984063745020805 0.64940239043824699028 0.61752988047808765604 0.33466135458167328709 0.42231075697211156728 0.54980079681274895975 0.58167330677290840502 0.54183266932270912619 0.54183266932270912619 0.55378486055776887653 0.5856573705179283218 0.53386454183266929263 0.54980079681274895975 0.54581673306772904297 0.59362549800796815536 0.61354581673306773926 0.59362549800796815536 0.63346613545816732316 0.63346613545816732316 0.61354581673306773926 0.67330677290836649096 0.66135458167330674062 0.48207171314741037449 0.54581673306772904297 -9999 -9999 -9999 -9999 -9999
0.22709163346613545076 0.12749003984063744799 0.1872509960159362552 0.15139442231075697642 0.075697211155378488212 0.075697211155378488212 0.059760956175298807214 0.051792828685258966714 0.039840637450199202496 0.055776892430278883495 0.063745019920318723994 0.30278884462151395285 0.53386454183266929263 0.64940239043824699028 0.72509960159362552012 0.75697211155378485437 0.54980079681274895975 0.6653386454183266574 0.66135458167330674062 0.65338645418326690706 0.58964143426294823858 0.55776892430278879331 0.53784860557768920941 0.5856573705179283218 0.59362549800796815536 0.59362549800796815536 0.3944223107569720943 0.61354581673306773926 0.54980079681274895975 0.50996015936254979195 0.41434262948207173372 0.49003984063745020805 0.5657370517928287379 0.56972111553784865468 0.61354581673306773926 0.67729083665338640774 0.6653386454183266574 0.6852589641434262413 0.7490039840637450208 0.54183266932270912619 -9999 -9999 -9999 -9999 -9999 -9999
0.66135458167330674062 0.59362549800796815536 0.54980079681274895975 0.24701195219123506241 0.11155378486055776699 0.11952191235059761443 0.12350597609561753121 0.059760956175298807214 0.08764940239043825243 0.039840637450199202496 0.095617529880478085991 0.1872509960159362552 0.54581673306772904297 0.56972111553784865468 0.66135458167330674062 0.65737051792828682384 0.56175298804780871009 0.65338645418326690706 0.7490039840637450208 0.56972111553784865468 0.54581673306772904297 0.60159362549800798892 0.54183266932270912619 0.47808764940239045771 0.52988047808764937585 0.45019920318725098474 0.37848605577689242718 0.56972111553784865468 0.59362549800796815536 -9999 0.37848605577689242718 0.38247011952191234396 0.57370517928286857146 0.48605577689243029127 0.59362549800796815536 0.57370517928286857146 0.56972111553784865468 0.59362549800796815536 -9999 -9999 -9999 -9999 -9999 -9999 -9999 -9999
0.81673306772908371709 0.80079681274900393895 0.82470119521912355065 0.59362549800796815536 0.62948207171314740638 0.24701195219123506241 0.32669322709163345353 0.19123505976095617198 0.19123505976095617198 0.059760956175298807214 0.043824701195219126215 0.2191235059760956172 0.37848605577689242718 0.65338645418326690706 0.66135458167330674062 0.5856573705179283218 0.66135458167330674062 0.59362549800796815536 0.58964143426294823858 0.59362549800796815536 0.65737051792828682384 0.61752988047808765604 0.52191235059760954229 0.33067729083665337031 0.52191235059760954229 -9999 0.5856573705179283218 0.61354581673306773926 0.58167330677290840502 -9999 -9999 -9999 -9999 -9999 -9999 -9999 -9999 -9999 -9999 -9999 -9999 -9999 -9999 -9999 -9999 -9999
0.6653386454183266574 0.76095617529880477115 0.7490039840637450208 0.7290836653386454369 0.80079681274900393895 0.65737051792828682384 0.49800796812749004161 0.51792828685258962551 0.34661354581673309294 0.1553784860557768932 0.095617529880478085991 0.29083665338645420251 0.53386454183266929263 0.67330677290836649096 0.65338645418326690706 0.6055776892430279057 0.65338645418326690706 0.55776892430278879331 0.61354581673306773926 0.52191235059760954229 0.56972111553784865468 0.36254980079681276006 0.37848605577689242718 -9999 -9999 -9999 0.53386454183266929263 0.56175298804780871009 -9999 -9999 -9999 -9999 -9999 -9999 -9999 -9999 -9999 -9999 -9999 -9999 -9999 -9999 -9999 -9999 -9999 -9999
0.56972111553784865468 0.80079681274900393895 0.31872509960159361997 0.76892430278884460471 0.75697211155378485437 0.82071713147410363387 0.54581673306772904297 0.76095617529880477115 0.32270916334661353675 0.2509960159362549792 0.22709163346613545076 0.13147410358565736477 0.31474103585657370319 0.61752988047808765604 0.56972111553784865468 0.61354581673306773926 0.63346613545816732316 0.65338645418326690706 0.6055776892430279057 0.6055776892430279057 0.55776892430278879331 0.49003984063745020805 0.24701195219123506241 -9999 -9999 -9999 -9999 -9999 -9999 -9999 -9999 -9999 -9999 -9999 -9999 -9999 -9999 -9999 -9999 -9999 -9999 -9999 -9999 -9999 -9999 -9999
0.59362549800796815536 0.3944223107569720943 0.3944223107569720943 0.65737051792828682384 0.71713147410358568656 0.66932270916334657418 0.59362549800796815536 0.66135458167330674062 0.62151394422310757282 0.37848605577689242718 0.36254980079681276006 0.24701195219123506241 0.28685258964143428573 0.48207171314741037449 0.58167330677290840502 0.67729083665338640774 0.58167330677290840502 0.41035856573705181694 0.63745019920318723994 0.47011952191235062415 0.52191235059760954229 0.49003984063745020805 -9999 -9999 -9999 -9999 -9999 -9999 -9999 -9999 -9999 -9999 -9999 -9999 -9999 -9999 -9999 -9999 -9999 -9999 -9999 -9999 -9999 -9999 -9999 -9999
-9999 -9999 0.62151394422310757282 0.5856573705179283218 0.49003984063745020805 0.74501992031872510402 0.5856573705179283218 0.83665338645418330099 0.59362549800796815536 0.53386454183266929263 0.61354581673306773926 0.26693227091633464632 0.23904382470119522885 0.59362549800796815536 0.54581673306772904297 0.59362549800796815536 0.6852589641434262413 0.5657370517928287379 0.50199203187250995839 0.54581673306772904297 0.54183266932270912619 0.39840637450199201108 -9999 -9999 -9999 -9999 -9999 -9999 -9999 -9999 -9999 -9999 -9999 -9999 -9999 -9999 -9999 -9999 -9999 -9999 -9999 -9999 -9999 -9999 -9999 -9999
-9999 -9999 -9999 -9999 -9999 0.51394422310756970873 0.54183266932270912619 0.7490039840637450208 0.77290836653386452149 0.76095617529880477115 0.67729083665338640774 0.44621513944223106796 0.1872509960159362552 0.42231075697211156728 0.48605577689243029127 0.65338645418326690706 0.6852589641434262413 0.48605577689243029127 0.32270916334661353675 0.33067729083665337031 0.4382470119521912344 -9999 -9999 -9999 -9999 -9999 -9999 -9999 -9999 -9999 -9999 -9999 -9999 -9999 -9999 -9999 -9999 -9999 -9999 -9999 -9999 -9999 -9999 -9999 -9999 -9999
-9999 -9999 -9999 -9999 -9999 -9999 -9999 0.63745019920318723994 0.6653386454183266574 0.61752988047808765604 0.61752988047808765604 0.40239043824701192786 0.32270916334661353675 0.31872509960159361997 0.34661354581673309294 0.56972111553784865468 0.59362549800796815536 0.63745019920318723994 0.4382470119521912344 0.28685258964143428573 0.26693227091633464632 -9999 -9999 -9999 -9999 -9999 -9999 -9999 -9999 -9999 -9999 -9999 -9999 -9999 -9999 -9999 -9999 -9999 -9999 -9999 -9999 -9999 -9999 -9999 -9999 -9999
-9999 -9999 -9999 -9999 -9999 -9999 -9999 -9999 0.82071713147410363387 0.76892430278884460471 0.77689243027888443827 0.48605577689243029127 0.44223107569721115118 0.54183266932270912619 0.50199203187250995839 0.60956175298804782248 0.6653386454183266574 0.73306772908366535368 0.6852589641434262413 0.32669322709163345353 -9999 -9999 -9999 -9999 -9999 -9999 -9999 -9999 -9999 -9999 -9999 -9999 -9999 -9999 -9999 -9999 -9999 -9999 -9999 -9999 -9999 -9999 -9999 -9999 -9999 -9999
-9999 -9999 -9999 -9999 -9999 -9999 -9999 -9999 -9999 0.67330677290836649096 0.73306772908366535368 0.50597609561752987517 0.65338645418326690706 0.6852589641434262413 0.49800796812749004161 0.37848605577689242718 0.76494023904382468793 0.81673306772908371709 -9999 -9999 -9999 -9999 -9999 -9999 -9999 -9999 -9999 -9999 -9999 -9999 -9999 -9999 -9999 -9999 -9999 -9999 -9999 -9999 -9999 -9999 -9999 -9999 -9999 -9999 -9999 -9999
