Example/niche_background/models/ENFA/Anolis_chlorocyanus.asc
ncols        743
nrows        319
xllcorner    -74.500956448335
yllcorner    17.448920549066
cellsize     0.008333333333
NODATA_value  -9999
[rows 160 to 179 of 319, columns 368 to 413 of 743]
0.043824701195219126215 0.055776892430278883495 0.059760956175298807214 0.035856573705179285716 0.031872509960159361997 0.063745019920318723994 0.063745019920318723994 0.063745019920318723994 0.083665338645418321772 0.11553784860557768377 0.19123505976095617198 0.23505976095617531207 0.27490039840637447988 0.30278884462151395285 0.32270916334661353675 0.36254980079681276006 0.31075697211155378641 0.31075697211155378641 0.4183266932270916505 0.39840637450199201108 0.39840637450199201108 0.53386454183266929263 0.39840637450199201108 0.33466135458167328709 0.37051792828685259362 0.37848605577689242718 0.3944223107569720943 0.36254980079681276006 0.31872509960159361997 0.33466135458167328709 0.40239043824701192786 0.51792828685258962551 0.52988047808764937585 0.41434262948207173372 0.39043824701195217752 0.3944223107569720943 0.33864541832669320387 0.32270916334661353675 0.3944223107569720943 0.48605577689243029127 0.32669322709163345353 0.32669322709163345353 0.34661354581673309294 0.38645418326693226074 0.50199203187250995839 0.49003984063745020805
0.015936254980079680998 0.015936254980079680998 0.023904382470119521498 0.015936254980079680998 0.015936254980079680998 0.015936254980079680998 0.023904382470119521498 0.039840637450199202496 0.075697211155378488212 0.051792828685258966714 0.059760956175298807214 0.12749003984063744799 0.15139442231075697642 0.25896414342629481276 0.31075697211155378641 0.36254980079681276006 0.24701195219123506241 0.31075697211155378641 0.32669322709163345353 0.36254980079681276006 0.36254980079681276006 0.19521912350597608876 0.44621513944223106796 0.31075697211155378641 0.22709163346613545076 0.37051792828685259362 0.38247011952191234396 0.37848605577689242718 0.37848605577689242718 0.49402390438247012483 0.52191235059760954229 0.39840637450199201108 0.32270916334661353675 0.31872509960159361997 0.48207171314741037449 0.39840637450199201108 0.49003984063745020805 0.37848605577689242718 0.4581673306772908183 0.49003984063745020805 0.44621513944223106796 0.38247011952191234396 0.31872509960159361997 0.39840637450199201108 0.44621513944223106796 0.52191235059760954229
0.0039840637450199202496 0.0039840637450199202496 0.011952191235059760749 0.011952191235059760749 0.011952191235059760749 0.011952191235059760749 0.011952191235059760749 0.011952191235059760749 0.023904382470119521498 0.059760956175298807214 0.039840637450199202496 0.13147410358565736477 0.15139442231075697642 0.19521912350597608876 0.2191235059760956172 0.2509960159362549792 0.38247011952191234396 0.34661354581673309294 0.32270916334661353675 0.31872509960159361997 0.32669322709163345353 0.32669322709163345353 0.41035856573705181694 0.36254980079681276006 0.33067729083665337031 0.32270916334661353675 0.47808764940239045771 0.37848605577689242718 0.54183266932270912619 0.48605577689243029127 0.54183266932270912619 0.54581673306772904297 0.37848605577689242718 0.36254980079681276006 0.36254980079681276006 0.40239043824701192786 0.48207171314741037449 0.39840637450199201108 0.39043824701195217752 0.48605577689243029127 0.39840637450199201108 0.38247011952191234396 0.41035856573705181694 0.33466135458167328709 0.36653386454183267684 0.48605577689243029127
0.0079681274900398404992 0.011952191235059760749 0.011952191235059760749 0.011952191235059760749 0.0079681274900398404992 0.0079681274900398404992 0.0079681274900398404992 0.011952191235059760749 0.011952191235059760749 0.023904382470119521498 0.035856573705179285716 0.039840637450199202496 0.059760956175298807214 0.08764940239043825243 0.095617529880478085991 0.19123505976095617198 0.22709163346613545076 0.34262948207171312065 0.25498007968127489598 0.29482071713147411929 0.3944223107569720943 0.33466135458167328709 0.22709163346613545076 0.36254980079681276006 0.36254980079681276006 0.44223107569721115118 0.51792828685258962551 0.49402390438247012483 0.38247011952191234396 0.49003984063745020805 0.41434262948207173372 0.49402390438247012483 0.45019920318725098474 0.42231075697211156728 0.48605577689243029127 0.48207171314741037449 0.51792828685258962551 0.54183266932270912619 0.53386454183266929263 0.48605577689243029127 0.53386454183266929263 0.44223107569721115118 0.48207171314741037449 0.31872509960159361997 0.36254980079681276006 0.50597609561752987517
0.011952191235059760749 0.011952191235059760749 0.035856573705179285716 0.015936254980079680998 0.0079681274900398404992 0.0079681274900398404992 0.0079681274900398404992 0.0079681274900398404992 0.0079681274900398404992 0.011952191235059760749 0.023904382470119521498 0.035856573705179285716 0.023904382470119521498 0.011952191235059760749 0.011952191235059760749 0.035856573705179285716 0.1872509960159362552 0.17928286852589642164 0.31474103585657370319 0.24701195219123506241 0.36254980079681276006 0.41035856573705181694 0.32669322709163345353 0.38247011952191234396 0.45019920318725098474 0.38247011952191234396 0.31474103585657370319 0.40637450199203190015 0.49800796812749004161 0.57370517928286857146 0.48605577689243029127 0.53386454183266929263 0.53386454183266929263 0.56972111553784865468 0.57370517928286857146 0.56972111553784865468 0.56175298804780871009 0.53386454183266929263 0.52988047808764937585 0.55776892430278879331 0.51792828685258962551 0.54183266932270912619 0.47011952191235062415 0.53386454183266929263 0.37848605577689242718 0.52191235059760954229
0.039840637450199202496 0.043824701195219126215 0.059760956175298807214 0.047808764940239042995 0.023904382470119521498 0.011952191235059760749 0.015936254980079680998 0.011952191235059760749 0.0079681274900398404992 0.0079681274900398404992 0.011952191235059760749 0.015936254980079680998 0.055776892430278883495 0.055776892430278883495 0.055776892430278883495 0.10358565737051793343 0.1553784860557768932 0.24701195219123506241 0.31872509960159361997 0.29482071713147411929 0.39840637450199201108 0.4183266932270916505 0.41035856573705181694 0.3745019920318725104 0.28685258964143428573 0.3944223107569720943 0.50996015936254979195 0.54581673306772904297 0.53784860557768920941 0.40637450199203190015 0.51792828685258962551 0.51394422310756970873 0.4382470119521912344 0.49402390438247012483 0.44223107569721115118 0.50597609561752987517 0.54581673306772904297 0.52191235059760954229 0.55776892430278879331 0.53386454183266929263 0.4581673306772908183 0.56175298804780871009 0.52988047808764937585 0.49402390438247012483 0.37848605577689242718 0.29482071713147411929
0.10756972111553785021 0.095617529880478085991 0.075697211155378488212 0.071713147410358571432 0.047808764940239042995 0.043824701195219126215 0.051792828685258966714 0.039840637450199202496 0.011952191235059760749 0.0079681274900398404992 0.011952191235059760749 0.015936254980079680998 0.039840637450199202496 0.071713147410358571432 0.075697211155378488212 0.11553784860557768377 0.12749003984063744799 0.1872509960159362552 0.1872509960159362552 0.29482071713147411929 0.31075697211155378641 0.24701195219123506241 0.39840637450199201108 0.36254980079681276006 0.48207171314741037449 0.31872509960159361997 0.32270916334661353675 0.39043824701195217752 0.40637450199203190015 0.31872509960159361997 0.54183266932270912619 0.41434262948207173372 0.53784860557768920941 0.53784860557768920941 0.52191235059760954229 0.4581673306772908183 0.6055776892430279057 0.5856573705179283218 0.48605577689243029127 0.53784860557768920941 0.53386454183266929263 0.5657370517928287379 0.59362549800796815536 0.58167330677290840502 0.48207171314741037449 0.36254980079681276006
0.063745019920318723994 0.11155378486055776699 0.095617529880478085991 0.12350597609561753121 0.14741035856573705964 0.10756972111553785021 0.075697211155378488212 0.035856573705179285716 0.035856573705179285716 0.015936254980079680998 0.011952191235059760749 0.023904382470119521498 0.015936254980079680998 0.039840637450199202496 0.055776892430278883495 0.055776892430278883495 0.08764940239043825243 0.08764940239043825243 0.11553784860557768377 0.1872509960159362552 0.23505976095617531207 0.31872509960159361997 0.23505976095617531207 0.33067729083665337031 0.44621513944223106796 0.54581673306772904297 0.37848605577689242718 0.5657370517928287379 0.49800796812749004161 0.49003984063745020805 0.49800796812749004161 0.49003984063745020805 0.52191235059760954229 0.56972111553784865468 0.44223107569721115118 0.53784860557768920941 0.55776892430278879331 0.53386454183266929263 0.65737051792828682384 0.59362549800796815536 0.56175298804780871009 0.52191235059760954229 0.64143426294820715672 0.61752988047808765604 0.59362549800796815536 0.54980079681274895975
0.11155378486055776699 0.15139442231075697642 0.1872509960159362552 0.12350597609561753121 0.11952191235059761443 0.15139442231075697642 0.15139442231075697642 0.091633466135458169211 0.08764940239043825243 0.039840637450199202496 0.015936254980079680998 0.015936254980079680998 0.015936254980079680998 0.023904382470119521498 0.039840637450199202496 0.047808764940239042995 0.039840637450199202496 0.055776892430278883495 0.14741035856573705964 0.25498007968127489598 0.40239043824701192786 0.31075697211155378641 0.36254980079681276006 0.38247011952191234396 0.31872509960159361997 0.32669322709163345353 0.33466135458167328709 0.38247011952191234396 0.53784860557768920941 0.52191235059760954229 0.4183266932270916505 0.55776892430278879331 0.49402390438247012483 0.54183266932270912619 0.50996015936254979195 0.40239043824701192786 0.54980079681274895975 0.5856573705179283218 0.56972111553784865468 0.5856573705179283218 0.53386454183266929263 0.6055776892430279057 0.61354581673306773926 0.54581673306772904297 0.59362549800796815536 0.5856573705179283218
0.075697211155378488212 0.075697211155378488212 0.15139442231075697642 0.11952191235059761443 0.08764940239043825243 0.10756972111553785021 0.11952191235059761443 0.1872509960159362552 0.19521912350597608876 0.15139442231075697642 0.075697211155378488212 0.031872509960159361997 0.043824701195219126215 0.035856573705179285716 0.031872509960159361997 0.043824701195219126215 0.043824701195219126215 0.095617529880478085991 0.16334661354581672676 0.31474103585657370319 0.30278884462151395285 0.32669322709163345353 0.32270916334661353675 0.32669322709163345353 0.38247011952191234396 0.39840637450199201108 0.36254980079681276006 0.36653386454183267684 0.51792828685258962551 0.48605577689243029127 0.33864541832669320387 0.36254980079681276006 0.48605577689243029127 0.48605577689243029127 0.41035856573705181694 0.53784860557768920941 0.44621513944223106796 0.47410358565737054093 0.54980079681274895975 0.55776892430278879331 0.63745019920318723994 0.61354581673306773926 0.63745019920318723994 0.65338645418326690706 0.58964143426294823858 0.59362549800796815536
0.075697211155378488212 0.15139442231075697642 0.1872509960159362552 0.051792828685258966714 0.10756972111553785021 0.23505976095617531207 0.23505976095617531207 0.1553784860557768932 0.14741035856573705964 0.16733067729083664354 0.14741035856573705964 0.1872509960159362552 0.11952191235059761443 0.095617529880478085991 0.059760956175298807214 0.075697211155378488212 0.091633466135458169211 0.1553784860557768932 0.29083665338645420251 0.39840637450199201108 0.34661354581673309294 0.2191235059760956172 0.31872509960159361997 0.36653386454183267684 0.4581673306772908183 0.40637450199203190015 0.36254980079681276006 0.49003984063745020805 0.37848605577689242718 0.35059760956175300972 0.24701195219123506241 0.31474103585657370319 0.31872509960159361997 0.45019920318725098474 0.36653386454183267684 0.4581673306772908183 0.44223107569721115118 0.54980079681274895975 0.52191235059760954229 0.55776892430278879331 0.54980079681274895975 0.63745019920318723994 0.66135458167330674062 0.6653386454183266574 0.66135458167330674062 0.65338645418326690706
0.1553784860557768932 0.063745019920318723994 0.043824701195219126215 0.043824701195219126215 0.063745019920318723994 0.12749003984063744799 0.19123505976095617198 0.17529880478087650486 0.2509960159362549792 0.17131474103585656033 0.23904382470119522885 0.24701195219123506241 0.20318725099601595008 0.23505976095617531207 0.17529880478087650486 0.28685258964143428573 0.17529880478087650486 0.24701195219123506241 0.27888446215139439666 0.24701195219123506241 0.2509960159362549792 0.24701195219123506241 0.31075697211155378641 0.36254980079681276006 0.32270916334661353675 0.33466135458167328709 0.51394422310756970873 0.48605577689243029127 0.26693227091633464632 0.24701195219123506241 0.28685258964143428573 0.29482071713147411929 0.31075697211155378641 0.37848605577689242718 0.22709163346613545076 0.31075697211155378641 0.40637450199203190015 0.31075697211155378641 0.54581673306772904297 0.40239043824701192786 0.48605577689243029127 0.50597609561752987517 0.62948207171314740638 0.66135458167330674062 0.65338645418326690706 0.66135458167330674062
0.08764940239043825243 0.095617529880478085991 0.11155378486055776699 0.075697211155378488212 0.055776892430278883495 0.055776892430278883495 0.091633466135458169211 0.1553784860557768932 0.16334661354581672676 0.19521912350597608876 0.29482071713147411929 0.19521912350597608876 0.22709163346613545076 0.29482071713147411929 0.29083665338645420251 0.24701195219123506241 0.23505976095617531207 0.24701195219123506241 0.19521912350597608876 0.19521912350597608876 0.2709163346613545631 0.25498007968127489598 0.24701195219123506241 0.34661354581673309294 0.32270916334661353675 0.55776892430278879331 0.47410358565737054093 0.40239043824701192786 0.24701195219123506241 0.32270916334661353675 0.32669322709163345353 0.23505976095617531207 0.24701195219123506241 0.28685258964143428573 0.3944223107569720943 0.55776892430278879331 0.39043824701195217752 0.44223107569721115118 0.3944223107569720943 0.23505976095617531207 0.29083665338645420251 0.55776892430278879331 0.66135458167330674062 0.65338645418326690706 0.66135458167330674062 0.66135458167330674062
0.075697211155378488212 0.059760956175298807214 0.043824701195219126215 0.031872509960159361997 0.043824701195219126215 0.075697211155378488212 0.13944223107569719833 0.17131474103585656033 0.24701195219123506241 0.24701195219123506241 0.31872509960159361997 0.36254980079681276006 0.32270916334661353675 0.31872509960159361997 0.1872509960159362552 0.24701195219123506241 0.29482071713147411929 0.24701195219123506241 0.32669322709163345353 0.28685258964143428573 0.19123505976095617198 0.2191235059760956172 0.24701195219123506241 0.31075697211155378641 0.4581673306772908183 0.48207171314741037449 0.4183266932270916505 0.24701195219123506241 0.29880478087649403607 0.31872509960159361997 0.35059760956175300972 0.36653386454183267684 0.32270916334661353675 0.37051792828685259362 0.32669322709163345353 0.2709163346613545631 0.29482071713147411929 0.36653386454183267684 0.29083665338645420251 0.51394422310756970873 0.51394422310756970873 0.36254980079681276006 0.48605577689243029127 0.62948207171314740638 0.66932270916334657418 0.6653386454183266574
0.071713147410358571432 0.075697211155378488212 0.039840637450199202496 0.011952191235059760749 0.011952191235059760749 0.055776892430278883495 0.11952191235059761443 0.13944223107569719833 0.28685258964143428573 0.24701195219123506241 0.29880478087649403607 0.32270916334661353675 0.31075697211155378641 0.33466135458167328709 0.31872509960159361997 0.32270916334661353675 0.31872509960159361997 0.32270916334661353675 0.24701195219123506241 0.36254980079681276006 0.40637450199203190015 0.32270916334661353675 0.36254980079681276006 0.33466135458167328709 0.49800796812749004161 0.33466135458167328709 0.48207171314741037449 0.31872509960159361997 0.2709163346613545631 0.38247011952191234396 0.3944223107569720943 0.36653386454183267684 0.37848605577689242718 0.38247011952191234396 0.3944223107569720943 0.33466135458167328709 0.42629482071713148406 0.32270916334661353675 0.24701195219123506241 0.32669322709163345353 0.38247011952191234396 0.24701195219123506241 0.29482071713147411929 0.54183266932270912619 0.64940239043824699028 0.65338645418326690706
0.011952191235059760749 0.023904382470119521498 0.023904382470119521498 0.015936254980079680998 0.075697211155378488212 0.08764940239043825243 0.12749003984063744799 0.075697211155378488212 0.16334661354581672676 0.21513944223107570042 0.15139442231075697642 0.31872509960159361997 0.23505976095617531207 0.24701195219123506241 0.36254980079681276006 0.29880478087649403607 0.36254980079681276006 0.32270916334661353675 0.32669322709163345353 0.31075697211155378641 0.38645418326693226074 0.37848605577689242718 0.36254980079681276006 0.37848605577689242718 0.49800796812749004161 0.36254980079681276006 0.47410358565737054093 0.42629482071713148406 0.41434262948207173372 0.53386454183266929263 0.33466135458167328709 0.40637450199203190015 0.35059760956175300972 0.34661354581673309294 0.20318725099601595008 0.17928286852589642164 0.37848605577689242718 0.24701195219123506241 0.24701195219123506241 0.3745019920318725104 0.36653386454183267684 0.29482071713147411929 0.44223107569721115118 0.61354581673306773926 0.58964143426294823858 0.59362549800796815536
0.0079681274900398404992 0.015936254980079680998 0.055776892430278883495 0.039840637450199202496 0.059760956175298807214 0.095617529880478085991 0.13944223107569719833 0.055776892430278883495 0.11553784860557768377 0.1553784860557768932 0.1872509960159362552 0.19123505976095617198 0.19920318725099600554 0.24701195219123506241 0.31075697211155378641 0.31075697211155378641 0.47410358565737054093 0.31872509960159361997 0.41035856573705181694 0.42629482071713148406 0.34661354581673309294 0.42231075697211156728 0.50597609561752987517 0.49402390438247012483 0.4581673306772908183 0.41434262948207173372 0.31872509960159361997 0.24701195219123506241 0.36254980079681276006 0.32669322709163345353 0.30677290836653386963 0.34661354581673309294 0.27888446215139439666 0.31872509960159361997 0.24701195219123506241 0.32270916334661353675 0.24701195219123506241 0.29482071713147411929 0.19521912350597608876 0.37848605577689242718 0.42231075697211156728 0.41035856573705181694 0.45019920318725098474 0.3944223107569720943 0.54183266932270912619 0.53386454183266929263
0.0039840637450199202496 0.015936254980079680998 0.015936254980079680998 0.023904382470119521498 0.059760956175298807214 0.095617529880478085991 0.1553784860557768932 0.12749003984063744799 0.039840637450199202496 0.039840637450199202496 0.075697211155378488212 0.1553784860557768932 0.24701195219123506241 0.26294820717131472954 0.22709163346613545076 0.36653386454183267684 0.31474103585657370319 0.33067729083665337031 0.42231075697211156728 0.40637450199203190015 0.37848605577689242718 0.54581673306772904297 0.42629482071713148406 0.3944223107569720943 0.27888446215139439666 0.2509960159362549792 0.40637450199203190015 0.39043824701195217752 0.33466135458167328709 0.32270916334661353675 0.24701195219123506241 0.29083665338645420251 0.19521912350597608876 0.30278884462151395285 0.24701195219123506241 0.19521912350597608876 0.24701195219123506241 0.32669322709163345353 0.41035856573705181694 0.27888446215139439666 0.30278884462151395285 0.48605577689243029127 0.38645418326693226074 0.56175298804780871009 0.62151394422310757282 0.6055776892430279057
0 0.0039840637450199202496 0.0039840637450199202496 0 0.0079681274900398404992 0.023904382470119521498 0.055776892430278883495 0.11155378486055776699 0.083665338645418321772 0.039840637450199202496 0.023904382470119521498 0.063745019920318723994 0.11952191235059761443 0.16733067729083664354 0.2509960159362549792 0.21513944223107570042 0.19123505976095617198 0.1872509960159362552 0.19123505976095617198 0.31075697211155378641 0.32270916334661353675 0.27888446215139439666 0.33067729083665337031 0.48207171314741037449 0.54581673306772904297 0.32669322709163345353 0.53386454183266929263 0.58167330677290840502 0.36653386454183267684 0.49800796812749004161 0.33466135458167328709 0.22709163346613545076 0.2191235059760956172 0.24701195219123506241 0.33067729083665337031 0.41434262948207173372 0.32669322709163345353 0.38247011952191234396 0.4183266932270916505 0.40637450199203190015 0.39840637450199201108 0.41035856573705181694 0.54980079681274895975 0.52988047808764937585 0.6055776892430279057 0.66135458167330674062
0.0039840637450199202496 0 0 0.0079681274900398404992 0.0039840637450199202496 0.0039840637450199202496 0.0079681274900398404992 0.023904382470119521498 0.055776892430278883495 0.055776892430278883495 0.051792828685258966714 0.015936254980079680998 0.031872509960159361997 0.08764940239043825243 0.1553784860557768932 0.24701195219123506241 0.46215139442231073508 0.37848605577689242718 0.37848605577689242718 0.37848605577689242718 0.42629482071713148406 0.49003984063745020805 0.59362549800796815536 0.55378486055776887653 0.55776892430278879331 0.61354581673306773926 0.62948207171314740638 0.47410358565737054093 0.53386454183266929263 0.32669322709163345353 0.37848605577689242718 0.44223107569721115118 0.3944223107569720943 0.43426294820717131762 0.31872509960159361997 0.54980079681274895975 0.32270916334661353675 0.53386454183266929263 0.39840637450199201108 0.56972111553784865468 0.42231075697211156728 0.50996015936254979195 0.61354581673306773926 0.5856573705179283218 0.54581673306772904297 0.67330677290836649096
