Example/niche_background/models/ENFA/Anolis_coelestinus_1.asc
ncols        743
nrows        319
xllcorner    -74.500956448335
yllcorner    17.448920549066
cellsize     0.008333333333
NODATA_value  -9999
[rows 220 to 239 of 319, columns 360 to 404 of 743]
0.95906432748538006372 0.92397660818713445163 0.91812865497076023846 0.86549707602339176482 0.88888888888888883955 0.95906432748538006372 0.92397660818713445163 0.9064327485380117011 0.90058479532163737691 0.92397660818713445163 0.35672514619883038955 0.0935672514619882989 0.0935672514619882989 0.099415204678362567581 0.12280701754385964231 0.21637426900584794121 0.19298245614035086648 0.14035087719298244835 0.14035087719298244835 0.18128654970760232912 0.16959064327485379176 0.15204678362573098571 0.15789473684210525439 0.16959064327485379176 0.16959064327485379176 0.18128654970760232912 0.18128654970760232912 0.18128654970760232912 0.19883040935672513516 0.21637426900584794121 0.25146198830409355329 0.25146198830409355329 0.26900584795321635934 0.29239766081871343406 0.30409356725146197142 0.35672514619883038955 0.36257309941520465824 0.38011695906432746428 0.45614035087719295714 0.46198830409356722582 0.51461988304093564395 0.59064327485380119231 0.5614035087719297934 0.60818713450292394285 0.59064327485380119231
0.88888888888888883955 0.95321637426900585055 0.90058479532163737691 0.88888888888888883955 0.88888888888888883955 0.88888888888888883955 0.76608187134502925275 0.6257309941520468044 0.8421052631578946901 0.76023391812865492856 0.19298245614035086648 0.12280701754385964231 0.11695906432748537362 0.12280701754385964231 0.11695906432748537362 0.14035087719298244835 0.15204678362573098571 0.18128654970760232912 0.25146198830409355329 0.25146198830409355329 0.23391812865497074725 0.38596491228070173296 0.16959064327485379176 0.18128654970760232912 0.16959064327485379176 0.18128654970760232912 0.18128654970760232912 0.19883040935672513516 0.21637426900584794121 0.25146198830409355329 0.25146198830409355329 0.26900584795321635934 0.29239766081871343406 0.33918128654970758351 0.35672514619883038955 0.39766081871345027032 0.42690058479532161373 0.41520467836257307637 0.51461988304093564395 0.47368421052631576318 0.59649122807017540548 0.60818713450292394285 0.59649122807017540548 0.61403508771929826704 0.60818713450292394285
0.86549707602339176482 0.88888888888888883955 0.88888888888888883955 0.87134502923976608901 0.88888888888888883955 0.90058479532163737691 0.91228070175438591427 0.85964912280701755165 0.44444444444444441977 0.14035087719298244835 0.14035087719298244835 0.13450292397660817967 0.12865497076023391099 0.13450292397660817967 0.13450292397660817967 0.14035087719298244835 0.14035087719298244835 0.1871345029239765978 0.19298245614035086648 0.1871345029239765978 0.18128654970760232912 0.21637426900584794121 0.51461988304093564395 0.33918128654970758351 0.18128654970760232912 0.19883040935672513516 0.24561403508771928461 0.22222222222222220989 0.25146198830409355329 0.25146198830409355329 0.28654970760233916538 0.30409356725146197142 0.33333333333333331483 0.35672514619883038955 0.40935672514619880769 0.43274853801169588241 0.49122807017543856922 0.4678362573099414945 0.49122807017543856922 0.5614035087719297934 0.60818713450292394285 0.59649122807017540548 0.61988304093567248021 0.60818713450292394285 0.57309941520467833076
0.44444444444444441977 0.74269005847953217803 0.86549707602339176482 0.80116959064327486484 0.85964912280701755165 0.86549707602339176482 0.88888888888888883955 0.86549707602339176482 0.88888888888888883955 0.88888888888888883955 0.92397660818713445163 0.12280701754385964231 0.14035087719298244835 0.14035087719298244835 0.14035087719298244835 0.14035087719298244835 0.15789473684210525439 0.18128654970760232912 0.18128654970760232912 0.19298245614035086648 0.19883040935672513516 0.20467836257309940384 0.25146198830409355329 0.36257309941520465824 0.3099415204678362401 0.25730994152046782197 0.25730994152046782197 0.26900584795321635934 0.26900584795321635934 0.30409356725146197142 0.34502923976608185219 0.35087719298245612087 0.35087719298245612087 0.45029239766081868845 0.4678362573099414945 0.47368421052631576318 0.57309941520467833076 0.51461988304093564395 0.57309941520467833076 0.60818713450292394285 0.60818713450292394285 0.56725146198830411759 0.64912280701754387913 0.55555555555555558023 0.61988304093567248021
0.25730994152046782197 0.45614035087719295714 0.43274853801169588241 0.73099415204678364066 0.66666666666666662966 0.6549707602339180923 0.76023391812865492856 0.77192982456140346592 0.75438596491228071539 0.80116959064327486484 0.8421052631578946901 0.45614035087719295714 0.16959064327485379176 0.14619883040935671703 0.16374269005847952307 0.18128654970760232912 0.18128654970760232912 0.19298245614035086648 0.20467836257309940384 0.23391812865497074725 0.21637426900584794121 0.24561403508771928461 0.25146198830409355329 0.33333333333333331483 0.2807017543859648967 0.33918128654970758351 0.33918128654970758351 0.3099415204678362401 0.32163742690058477747 0.35087719298245612087 0.44444444444444441977 0.45614035087719295714 0.47368421052631576318 0.50292397660818710659 0.52046783625730996814 0.58479532163742686812 0.51461988304093564395 0.60818713450292394285 0.60818713450292394285 0.64327485380116955493 0.56725146198830411759 0.6257309941520468044 0.64327485380116955493 0.69005847953216370438 0.63742690058479534176
0.19883040935672513516 0.26900584795321635934 0.36257309941520465824 0.35672514619883038955 0.60818713450292394285 0.71345029239766077911 0.73099415204678364066 0.70760233918128656594 0.7485380116959063912 0.7485380116959063912 0.84795321637426901429 0.86549707602339176482 0.68421052631578949121 0.19298245614035086648 0.18128654970760232912 0.19298245614035086648 0.20467836257309940384 0.21637426900584794121 0.23976608187134501593 0.25146198830409355329 0.25146198830409355329 0.25730994152046782197 0.29824561403508770274 0.56725146198830411759 0.56725146198830411759 0.403508771929824539 0.40935672514619880769 0.39766081871345027032 0.43274853801169588241 0.44444444444444441977 0.51461988304093564395 0.51461988304093564395 0.51461988304093564395 0.57309941520467833076 0.60818713450292394285 0.52046783625730996814 0.60818713450292394285 0.60818713450292394285 0.63157894736842101757 0.60818713450292394285 0.64327485380116955493 0.69005847953216370438 0.64327485380116955493 0.6549707602339180923 0.68421052631578949121
0.12280701754385964231 0.18128654970760232912 0.19883040935672513516 0.403508771929824539 0.44444444444444441977 0.60818713450292394285 0.70760233918128656594 0.77192982456140346592 0.77192982456140346592 0.86549707602339176482 0.88888888888888883955 0.92982456140350877583 0.67836257309941516702 0.25730994152046782197 0.20467836257309940384 0.21637426900584794121 0.25146198830409355329 0.26900584795321635934 0.2807017543859648967 0.30409356725146197142 0.3099415204678362401 0.38011695906432746428 0.57309941520467833076 0.68421052631578949121 0.7192982456140351033 0.66666666666666662966 0.59649122807017540548 0.56725146198830411759 0.49122807017543856922 0.54970760233918125603 0.54970760233918125603 0.51461988304093564395 0.56725146198830411759 0.64912280701754387913 0.57309941520467833076 0.6257309941520468044 0.64327485380116955493 0.60818713450292394285 0.61988304093567248021 0.60818713450292394285 0.63742690058479534176 0.66081871345029241649 0.67251461988304095385 0.69590643274853802858 0.64912280701754387913
0.076023391812865492856 0.11695906432748537362 0.15789473684210525439 0.19883040935672513516 0.35087719298245612087 0.57309941520467833076 0.6549707602339180923 0.7485380116959063912 0.76023391812865492856 0.80701754385964907801 0.86549707602339176482 0.84795321637426901429 0.90058479532163737691 0.5321637426900585055 0.26900584795321635934 0.26900584795321635934 0.28654970760233916538 0.35672514619883038955 0.35672514619883038955 0.40935672514619880769 0.4678362573099414945 0.57309941520467833076 0.7485380116959063912 0.86549707602339176482 0.88888888888888883955 0.92397660818713445163 0.76023391812865492856 0.68421052631578949121 0.66666666666666662966 0.6257309941520468044 0.57309941520467833076 0.70760233918128656594 0.7485380116959063912 0.73684210526315785383 0.59649122807017540548 0.73099415204678364066 0.74269005847953217803 0.64327485380116955493 0.67251461988304095385 0.68421052631578949121 0.68421052631578949121 0.73099415204678364066 0.69005847953216370438 0.7192982456140351033 0.67251461988304095385
0.058479532163742686812 0.076023391812865492856 0.076023391812865492856 0.12280701754385964231 0.15204678362573098571 0.32748538011695904615 0.63157894736842101757 0.7485380116959063912 0.68421052631578949121 0.60818713450292394285 0.6257309941520468044 0.84795321637426901429 0.90058479532163737691 0.63157894736842101757 0.66666666666666662966 0.35672514619883038955 0.35087719298245612087 0.46198830409356722582 0.5321637426900585055 0.63742690058479534176 0.66666666666666662966 0.7192982456140351033 0.76023391812865492856 0.88888888888888883955 0.92397660818713445163 0.88888888888888883955 0.88888888888888883955 0.76023391812865492856 0.77192982456140346592 0.70760233918128656594 0.64912280701754387913 0.7192982456140351033 0.77192982456140346592 0.81871345029239761537 0.86549707602339176482 0.86549707602339176482 0.86549707602339176482 0.86549707602339176482 0.84795321637426901429 0.75438596491228071539 0.66666666666666662966 0.68421052631578949121 0.69005847953216370438 0.7192982456140351033 0.73684210526315785383
0.064327485380116955493 0.058479532163742686812 0.058479532163742686812 0.0935672514619882989 0.12280701754385964231 0.19883040935672513516 0.42105263157894734505 0.6257309941520468044 0.74269005847953217803 0.60818713450292394285 0.82456140350877193956 0.81871345029239761537 0.86549707602339176482 0.95906432748538006372 0.86549707602339176482 0.33918128654970758351 0.47368421052631576318 0.67251461988304095385 0.64327485380116955493 0.76023391812865492856 0.8128654970760234022 0.86549707602339176482 0.91812865497076023846 0.86549707602339176482 0.88888888888888883955 0.74269005847953217803 0.8128654970760234022 0.90058479532163737691 0.86549707602339176482 0.74269005847953217803 0.70760233918128656594 0.7485380116959063912 0.75438596491228071539 0.86549707602339176482 0.84795321637426901429 0.88888888888888883955 0.84795321637426901429 0.82456140350877193956 0.77192982456140346592 0.67251461988304095385 0.7485380116959063912 0.74269005847953217803 0.70760233918128656594 0.74269005847953217803 0.68421052631578949121
0.070175438596491224175 0.052631578947368418131 0.058479532163742686812 0.058479532163742686812 0.099415204678362567581 0.12865497076023391099 0.19883040935672513516 0.35672514619883038955 0.5321637426900585055 0.59649122807017540548 0.51461988304093564395 0.68421052631578949121 0.86549707602339176482 0.91812865497076023846 0.88888888888888883955 0.8128654970760234022 0.86549707602339176482 0.77192982456140346592 0.64912280701754387913 0.88888888888888883955 0.87719298245614030218 0.88888888888888883955 0.86549707602339176482 0.88888888888888883955 0.67251461988304095385 0.59649122807017540548 0.61403508771929826704 0.80701754385964907801 0.86549707602339176482 0.85964912280701755165 0.86549707602339176482 0.86549707602339176482 0.85964912280701755165 0.76023391812865492856 0.86549707602339176482 0.88888888888888883955 0.86549707602339176482 0.86549707602339176482 0.80701754385964907801 0.76023391812865492856 0.76023391812865492856 0.74269005847953217803 0.70760233918128656594 0.74269005847953217803 0.76023391812865492856
0.058479532163742686812 0.052631578947368418131 0.052631578947368418131 0.052631578947368418131 0.058479532163742686812 0.099415204678362567581 0.15789473684210525439 0.20467836257309940384 0.29239766081871343406 0.26900584795321635934 0.60818713450292394285 0.41520467836257307637 0.60818713450292394285 0.47368421052631576318 0.76023391812865492856 0.95906432748538006372 0.86549707602339176482 0.86549707602339176482 0.78362573099415200328 0.8421052631578946901 0.89473684210526316374 0.77192982456140346592 0.8128654970760234022 0.48538011695906430054 0.34502923976608185219 0.30409356725146197142 0.2807017543859648967 0.68421052631578949121 0.74269005847953217803 0.88888888888888883955 0.92397660818713445163 0.84795321637426901429 0.84795321637426901429 0.88304093567251462638 0.88888888888888883955 0.71345029239766077911 0.85380116959064322746 0.80701754385964907801 0.8421052631578946901 0.7485380116959063912 0.80701754385964907801 0.77192982456140346592 0.77192982456140346592 0.76023391812865492856 0.76023391812865492856
0.0935672514619882989 0.0935672514619882989 0.052631578947368418131 0.04678362573099414945 0.058479532163742686812 0.076023391812865492856 0.12280701754385964231 0.14619883040935671703 0.18128654970760232912 0.21637426900584794121 0.54970760233918125603 0.73684210526315785383 0.7485380116959063912 0.74269005847953217803 0.64912280701754387913 0.91228070175438591427 0.91812865497076023846 0.91812865497076023846 0.88888888888888883955 0.91812865497076023846 0.80701754385964907801 0.74269005847953217803 0.76023391812865492856 0.60818713450292394285 0.35087719298245612087 0.15789473684210525439 0.12280701754385964231 0.59064327485380119231 0.74269005847953217803 0.86549707602339176482 0.7485380116959063912 0.8128654970760234022 0.76023391812865492856 0.51461988304093564395 0.80701754385964907801 0.87134502923976608901 0.77777777777777779011 0.90058479532163737691 0.87134502923976608901 0.88888888888888883955 0.7485380116959063912 0.83625730994152047693 0.77192982456140346592 0.86549707602339176482 0.8128654970760234022
0.19883040935672513516 0.19298245614035086648 0.15204678362573098571 0.0935672514619882989 0.058479532163742686812 0.058479532163742686812 0.076023391812865492856 0.13450292397660817967 0.15789473684210525439 0.16959064327485379176 0.33333333333333331483 0.66666666666666662966 0.82456140350877193956 0.6257309941520468044 0.7485380116959063912 0.76023391812865492856 0.70760233918128656594 0.82456140350877193956 0.86549707602339176482 0.77192982456140346592 0.74269005847953217803 0.76023391812865492856 0.7485380116959063912 0.56725146198830411759 0.32163742690058477747 0.14035087719298244835 0.10526315789473683626 0.30409356725146197142 0.76023391812865492856 0.79532163742690054065 0.70175438596491224175 0.84795321637426901429 0.45614035087719295714 0.80701754385964907801 0.76023391812865492856 0.82456140350877193956 0.86549707602339176482 0.88888888888888883955 0.84795321637426901429 0.71345029239766077911 0.88888888888888883955 0.88888888888888883955 0.88888888888888883955 0.86549707602339176482 0.83625730994152047693
0.49122807017543856922 0.4970760233918128379 0.42690058479532161373 0.25146198830409355329 0.14035087719298244835 0.0935672514619882989 0.064327485380116955493 0.10526315789473683626 0.18128654970760232912 0.15789473684210525439 0.32748538011695904615 0.74269005847953217803 0.86549707602339176482 0.74269005847953217803 0.73099415204678364066 0.80701754385964907801 0.67251461988304095385 0.74269005847953217803 0.86549707602339176482 0.86549707602339176482 0.60818713450292394285 0.76023391812865492856 0.69005847953216370438 0.64327485380116955493 0.28654970760233916538 0.14619883040935671703 0.13450292397660817967 0.18128654970760232912 0.74269005847953217803 0.60818713450292394285 0.66666666666666662966 0.63742690058479534176 0.71345029239766077911 0.5614035087719297934 0.63157894736842101757 0.61403508771929826704 0.7485380116959063912 0.60818713450292394285 0.86549707602339176482 0.76023391812865492856 0.73684210526315785383 0.86549707602339176482 0.86549707602339176482 0.80701754385964907801 0.82456140350877193956
0.60818713450292394285 0.66666666666666662966 0.67251461988304095385 0.66666666666666662966 0.60818713450292394285 0.26900584795321635934 0.14035087719298244835 0.12865497076023391099 0.14035087719298244835 0.15789473684210525439 0.4678362573099414945 0.7485380116959063912 0.7485380116959063912 0.77192982456140346592 0.86549707602339176482 0.88304093567251462638 0.91812865497076023846 0.76023391812865492856 0.95321637426900585055 0.84795321637426901429 0.67836257309941516702 0.74269005847953217803 0.60818713450292394285 0.74269005847953217803 0.38011695906432746428 0.22222222222222220989 0.18128654970760232912 0.18128654970760232912 0.70760233918128656594 0.60233918128654972968 0.67251461988304095385 0.76023391812865492856 0.60818713450292394285 0.32163742690058477747 0.29239766081871343406 0.49122807017543856922 0.59649122807017540548 0.64327485380116955493 0.76023391812865492856 0.68421052631578949121 0.60818713450292394285 0.51461988304093564395 0.54385964912280704286 0.77192982456140346592 0.7485380116959063912
0.60818713450292394285 0.66666666666666662966 0.77192982456140346592 0.77192982456140346592 0.74269005847953217803 0.76023391812865492856 0.33918128654970758351 0.21637426900584794121 0.14619883040935671703 0.18128654970760232912 0.3099415204678362401 0.67836257309941516702 0.7485380116959063912 0.77777777777777779011 0.80701754385964907801 0.86549707602339176482 0.7485380116959063912 0.77192982456140346592 0.80701754385964907801 0.87719298245614030218 0.67836257309941516702 0.74269005847953217803 0.66666666666666662966 0.63157894736842101757 0.30409356725146197142 0.25730994152046782197 0.36842105263157892692 0.45614035087719295714 0.77192982456140346592 0.6257309941520468044 0.33918128654970758351 0.66666666666666662966 0.35087719298245612087 0.35672514619883038955 0.21637426900584794121 0.33333333333333331483 0.25146198830409355329 0.64912280701754387913 0.61403508771929826704 0.32163742690058477747 0.26900584795321635934 0.25146198830409355329 0.40935672514619880769 0.5321637426900585055 0.7485380116959063912
0.88888888888888883955 0.76023391812865492856 0.86549707602339176482 0.86549707602339176482 0.7485380116959063912 0.83625730994152047693 0.7485380116959063912 0.6549707602339180923 0.34502923976608185219 0.25146198830409355329 0.21637426900584794121 0.41520467836257307637 0.60818713450292394285 0.7485380116959063912 0.78362573099415200328 0.77192982456140346592 0.86549707602339176482 0.4970760233918128379 0.67251461988304095385 0.8421052631578946901 0.69590643274853802858 0.83040935672514615273 0.63742690058479534176 0.51461988304093564395 0.51461988304093564395 0.35087719298245612087 0.33918128654970758351 0.6257309941520468044 0.4678362573099414945 0.45029239766081868845 0.23976608187134501593 0.18128654970760232912 0.29824561403508770274 0.23976608187134501593 0.19298245614035086648 0.21637426900584794121 0.28654970760233916538 0.403508771929824539 0.3099415204678362401 0.28654970760233916538 0.18128654970760232912 0.25146198830409355329 0.4678362573099414945 0.35087719298245612087 0.63157894736842101757
0.97660818713450292528 0.87134502923976608901 0.88888888888888883955 0.80701754385964907801 0.78362573099415200328 0.8421052631578946901 0.84795321637426901429 0.84795321637426901429 0.76023391812865492856 0.7485380116959063912 0.64912280701754387913 0.74269005847953217803 0.73099415204678364066 0.50292397660818710659 0.45029239766081868845 0.77192982456140346592 0.57309941520467833076 0.57309941520467833076 0.6257309941520468044 0.3099415204678362401 0.6549707602339180923 0.64327485380116955493 0.61988304093567248021 0.26900584795321635934 0.39766081871345027032 0.70760233918128656594 0.7485380116959063912 0.7192982456140351033 0.57309941520467833076 0.29239766081871343406 0.39181286549707600164 0.19298245614035086648 0.21637426900584794121 0.18128654970760232912 0.22807017543859647857 0.14035087719298244835 0.11695906432748537362 0.14035087719298244835 0.24561403508771928461 0.34502923976608185219 0.30409356725146197142 0.4678362573099414945 0.77192982456140346592 0.76023391812865492856 0.70760233918128656594
0.88888888888888883955 0.87134502923976608901 0.95906432748538006372 0.86549707602339176482 0.82456140350877193956 0.80701754385964907801 0.76023391812865492856 0.74269005847953217803 0.66666666666666662966 0.64912280701754387913 0.7485380116959063912 0.81871345029239761537 0.74269005847953217803 0.8128654970760234022 0.69005847953216370438 0.60818713450292394285 0.4678362573099414945 0.51461988304093564395 0.60818713450292394285 0.4678362573099414945 0.36257309941520465824 0.26900584795321635934 0.32748538011695904615 0.22222222222222220989 0.50877192982456143078 0.64912280701754387913 0.66666666666666662966 0.7192982456140351033 0.64912280701754387913 0.6549707602339180923 0.56725146198830411759 0.29824561403508770274 0.25146198830409355329 0.19883040935672513516 0.58479532163742686812 0.25146198830409355329 0.4970760233918128379 0.4678362573099414945 0.64327485380116955493 0.66666666666666662966 0.76023391812865492856 0.66666666666666662966 0.31578947368421050879 0.70760233918128656594 0.70760233918128656594
