Example/niche_background/models/ENFA/Anolis_coelestinus_0.asc
ncols        743
nrows        319
xllcorner    -74.500956448335
yllcorner    17.448920549066
cellsize     0.008333333333
NODATA_value  -9999
[rows 180 to 199 of 319, columns 630 to 674 of 743]
0.76608187134502925275 0.69005847953216370438 0.69005847953216370438 0.64327485380116955493 0.57309941520467833076 0.67836257309941516702 0.59649122807017540548 0.72514619883040931647 0.69005847953216370438 0.69005847953216370438 0.43859649122807015109 0.43274853801169588241 0.52046783625730996814 0.69005847953216370438 0.47368421052631576318 0.36842105263157892692 0.59649122807017540548 0.6549707602339180923 0.6549707602339180923 0.54385964912280704286 0.36257309941520465824 0.47953216374269003186 0.64327485380116955493 0.46198830409356722582 0.43274853801169588241 0.46198830409356722582 0.67836257309941516702 0.4678362573099414945 0.59649122807017540548 0.43274853801169588241 0.36257309941520465824 0.33918128654970758351 0.4678362573099414945 0.36842105263157892692 0.36842105263157892692 0.46198830409356722582 0.403508771929824539 0.43274853801169588241 0.34502923976608185219 0.35672514619883038955 0.35672514619883038955 0.35672514619883038955 0.27485380116959062802 0.26315789473684209065 0.25730994152046782197
0.76023391812865492856 0.72514619883040931647 0.76023391812865492856 0.77192982456140346592 0.7485380116959063912 0.75438596491228071539 0.76608187134502925275 0.64327485380116955493 0.59649122807017540548 0.46198830409356722582 0.5321637426900585055 0.46198830409356722582 0.72514619883040931647 0.6549707602339180923 0.69590643274853802858 0.51461988304093564395 0.73099415204678364066 0.73099415204678364066 0.6549707602339180923 0.6257309941520468044 0.45029239766081868845 0.74269005847953217803 0.41520467836257307637 0.53801169590643271867 0.57309941520467833076 0.4678362573099414945 0.45029239766081868845 0.50877192982456143078 0.35087719298245612087 0.36257309941520465824 0.3099415204678362401 0.33333333333333331483 0.35087719298245612087 0.38011695906432746428 0.29824561403508770274 0.36257309941520465824 0.403508771929824539 0.43274853801169588241 0.32163742690058477747 0.33918128654970758351 0.40935672514619880769 0.35672514619883038955 0.36257309941520465824 0.30409356725146197142 0.26900584795321635934
0.6257309941520468044 0.76023391812865492856 0.64327485380116955493 0.69005847953216370438 0.72514619883040931647 0.74269005847953217803 0.73099415204678364066 0.75438596491228071539 0.7192982456140351033 0.76023391812865492856 0.55555555555555558023 0.5321637426900585055 0.45029239766081868845 0.72514619883040931647 0.76608187134502925275 0.48538011695906430054 0.75438596491228071539 0.69005847953216370438 0.77192982456140346592 0.73099415204678364066 0.70760233918128656594 0.64327485380116955493 0.60233918128654972968 0.51461988304093564395 0.60233918128654972968 0.48538011695906430054 0.43274853801169588241 0.43274853801169588241 0.3099415204678362401 0.41520467836257307637 0.33918128654970758351 0.45029239766081868845 0.46198830409356722582 0.36842105263157892692 0.43274853801169588241 0.36842105263157892692 0.35672514619883038955 0.25730994152046782197 0.30409356725146197142 0.32163742690058477747 0.34502923976608185219 0.33333333333333331483 0.29239766081871343406 0.29824561403508770274 0.25730994152046782197
0.61988304093567248021 0.64327485380116955493 0.52046783625730996814 0.48538011695906430054 0.47953216374269003186 0.73099415204678364066 0.57309941520467833076 0.64327485380116955493 0.52046783625730996814 0.47368421052631576318 0.67836257309941516702 0.56725146198830411759 0.73684210526315785383 0.55555555555555558023 0.63742690058479534176 0.54385964912280704286 0.64327485380116955493 0.64327485380116955493 0.56725146198830411759 0.45029239766081868845 0.59649122807017540548 0.3742690058479531956 0.49122807017543856922 0.59649122807017540548 0.38011695906432746428 0.41520467836257307637 0.3099415204678362401 0.32163742690058477747 0.43274853801169588241 0.36842105263157892692 0.45029239766081868845 0.46198830409356722582 0.36842105263157892692 0.3099415204678362401 0.36842105263157892692 0.42690058479532161373 0.36257309941520465824 0.36842105263157892692 0.25730994152046782197 0.43274853801169588241 0.36842105263157892692 0.35087719298245612087 0.26900584795321635934 0.31578947368421050879 0.29239766081871343406
0.76023391812865492856 0.76608187134502925275 0.52046783625730996814 0.59649122807017540548 0.57309941520467833076 0.66666666666666662966 0.43274853801169588241 0.64327485380116955493 0.79532163742690054065 0.5321637426900585055 0.66666666666666662966 0.49122807017543856922 0.61988304093567248021 0.72514619883040931647 0.76608187134502925275 0.55555555555555558023 0.67836257309941516702 0.69005847953216370438 0.45029239766081868845 0.32163742690058477747 0.38011695906432746428 0.36842105263157892692 0.38011695906432746428 0.46198830409356722582 0.35087719298245612087 0.30409356725146197142 0.51461988304093564395 0.43274853801169588241 0.36842105263157892692 0.64327485380116955493 0.36842105263157892692 0.43274853801169588241 0.3742690058479531956 0.36842105263157892692 0.36842105263157892692 0.36842105263157892692 0.38011695906432746428 0.41520467836257307637 0.36842105263157892692 0.3099415204678362401 0.36257309941520465824 0.36842105263157892692 0.29824561403508770274 0.23976608187134501593 0.25730994152046782197
0.66666666666666662966 0.72514619883040931647 0.79532163742690054065 0.76608187134502925275 0.69005847953216370438 0.61988304093567248021 0.67251461988304095385 0.76023391812865492856 0.76608187134502925275 0.43274853801169588241 0.46198830409356722582 0.64327485380116955493 0.68421052631578949121 0.67251461988304095385 0.45029239766081868845 0.45029239766081868845 0.48538011695906430054 0.36842105263157892692 0.52631578947368418131 0.46198830409356722582 0.43274853801169588241 0.43274853801169588241 0.38011695906432746428 0.39181286549707600164 0.36257309941520465824 0.46198830409356722582 0.46198830409356722582 0.43274853801169588241 0.54970760233918125603 0.48538011695906430054 0.43274853801169588241 0.403508771929824539 0.35087719298245612087 0.31578947368421050879 0.36842105263157892692 0.34502923976608185219 0.36842105263157892692 0.25730994152046782197 0.36842105263157892692 0.36842105263157892692 0.36842105263157892692 0.26900584795321635934 0.22807017543859647857 0.29824561403508770274 0.29824561403508770274
0.61988304093567248021 0.69005847953216370438 0.79532163742690054065 0.76023391812865492856 0.70175438596491224175 0.78947368421052632748 0.76608187134502925275 0.76023391812865492856 0.45614035087719295714 0.45029239766081868845 0.38596491228070173296 0.36842105263157892692 0.4678362573099414945 0.43274853801169588241 0.55555555555555558023 0.43274853801169588241 0.36257309941520465824 0.43274853801169588241 0.43274853801169588241 0.43274853801169588241 0.43274853801169588241 0.43274853801169588241 0.36842105263157892692 0.43274853801169588241 0.47953216374269003186 0.48538011695906430054 0.50877192982456143078 0.60233918128654972968 0.40935672514619880769 0.43274853801169588241 0.39181286549707600164 0.36257309941520465824 0.35672514619883038955 0.30409356725146197142 0.3742690058479531956 0.36842105263157892692 0.33333333333333331483 0.35087719298245612087 0.33333333333333331483 0.36842105263157892692 0.33333333333333331483 0.29239766081871343406 0.22222222222222220989 0.29824561403508770274 0.26900584795321635934
0.72514619883040931647 0.76023391812865492856 0.76608187134502925275 0.76608187134502925275 0.76608187134502925275 0.69005847953216370438 0.76023391812865492856 0.61988304093567248021 0.59649122807017540548 0.55555555555555558023 0.73099415204678364066 0.57309941520467833076 0.61988304093567248021 0.49122807017543856922 0.42690058479532161373 0.53801169590643271867 0.4678362573099414945 0.403508771929824539 0.4678362573099414945 0.43274853801169588241 0.64327485380116955493 0.46198830409356722582 0.51461988304093564395 0.53801169590643271867 0.6257309941520468044 0.64327485380116955493 0.64912280701754387913 0.36842105263157892692 0.43274853801169588241 0.39181286549707600164 0.3099415204678362401 0.36842105263157892692 0.36842105263157892692 0.33918128654970758351 0.36842105263157892692 0.36257309941520465824 0.40935672514619880769 0.36842105263157892692 0.35672514619883038955 0.35672514619883038955 0.36842105263157892692 0.31578947368421050879 0.30409356725146197142 0.25730994152046782197 0.25730994152046782197
0.76023391812865492856 0.75438596491228071539 0.76608187134502925275 0.46198830409356722582 0.48538011695906430054 0.59649122807017540548 0.48538011695906430054 0.64327485380116955493 0.69005847953216370438 0.55555555555555558023 0.67251461988304095385 0.64327485380116955493 0.5321637426900585055 0.46198830409356722582 0.40935672514619880769 0.38011695906432746428 0.52046783625730996814 0.4678362573099414945 0.46198830409356722582 0.6257309941520468044 0.5321637426900585055 0.43274853801169588241 0.61988304093567248021 0.45614035087719295714 0.6257309941520468044 0.36842105263157892692 0.3742690058479531956 0.36257309941520465824 0.42105263157894734505 0.33333333333333331483 0.36257309941520465824 0.36257309941520465824 0.36257309941520465824 0.42690058479532161373 0.39181286549707600164 0.43274853801169588241 0.43274853801169588241 0.36842105263157892692 0.36842105263157892692 0.36842105263157892692 0.33333333333333331483 0.26900584795321635934 0.2807017543859648967 0.23976608187134501593 0.35672514619883038955
0.70760233918128656594 0.75438596491228071539 0.64327485380116955493 0.73099415204678364066 0.60818713450292394285 0.4678362573099414945 0.53801169590643271867 0.4678362573099414945 0.43274853801169588241 0.47953216374269003186 0.5321637426900585055 0.59649122807017540548 0.48538011695906430054 0.45029239766081868845 0.46198830409356722582 0.47368421052631576318 0.48538011695906430054 0.59649122807017540548 0.63742690058479534176 0.48538011695906430054 0.43274853801169588241 0.53801169590643271867 0.61988304093567248021 0.64327485380116955493 0.69005847953216370438 0.46198830409356722582 0.36842105263157892692 0.41520467836257307637 0.35087719298245612087 0.31578947368421050879 0.25730994152046782197 0.43274853801169588241 0.43274853801169588241 0.48538011695906430054 0.43859649122807015109 0.46198830409356722582 0.36842105263157892692 0.36842105263157892692 0.34502923976608185219 0.36257309941520465824 0.25730994152046782197 0.35087719298245612087 0.29824561403508770274 0.30409356725146197142 0.32163742690058477747
0.79532163742690054065 0.57309941520467833076 0.75438596491228071539 0.59649122807017540548 0.46198830409356722582 0.57309941520467833076 0.48538011695906430054 0.60233918128654972968 0.67836257309941516702 0.43274853801169588241 0.36842105263157892692 0.42690058479532161373 0.38596491228070173296 0.38011695906432746428 0.46198830409356722582 0.42690058479532161373 0.36842105263157892692 0.36842105263157892692 0.4678362573099414945 0.43274853801169588241 0.39181286549707600164 0.35672514619883038955 0.43859649122807015109 0.48538011695906430054 0.43274853801169588241 0.403508771929824539 0.35672514619883038955 0.26900584795321635934 0.36257309941520465824 0.34502923976608185219 0.36842105263157892692 0.36842105263157892692 0.48538011695906430054 0.3742690058479531956 0.33333333333333331483 0.36842105263157892692 0.33333333333333331483 0.33333333333333331483 0.3099415204678362401 0.33918128654970758351 0.2807017543859648967 0.3099415204678362401 0.26900584795321635934 0.25730994152046782197 0.25730994152046782197
0.59649122807017540548 0.69005847953216370438 0.70760233918128656594 0.6549707602339180923 0.76023391812865492856 0.64327485380116955493 0.60233918128654972968 0.72514619883040931647 0.58479532163742686812 0.48538011695906430054 0.43274853801169588241 0.35087719298245612087 0.36842105263157892692 0.33918128654970758351 0.33333333333333331483 0.32163742690058477747 0.36842105263157892692 0.43274853801169588241 0.33918128654970758351 0.32163742690058477747 0.35087719298245612087 0.33333333333333331483 0.33333333333333331483 0.41520467836257307637 0.36842105263157892692 0.33333333333333331483 0.36842105263157892692 0.35087719298245612087 0.42105263157894734505 0.38011695906432746428 0.36842105263157892692 0.45614035087719295714 0.43274853801169588241 0.33333333333333331483 0.33918128654970758351 0.32163742690058477747 0.29824561403508770274 0.26900584795321635934 0.32163742690058477747 0.33333333333333331483 0.22807017543859647857 0.30409356725146197142 0.25730994152046782197 0.23976608187134501593 0.26900584795321635934
0.57309941520467833076 0.67836257309941516702 0.72514619883040931647 0.7192982456140351033 0.76608187134502925275 0.76608187134502925275 0.60233918128654972968 0.4678362573099414945 0.59649122807017540548 0.403508771929824539 0.61988304093567248021 0.51461988304093564395 0.35087719298245612087 0.47953216374269003186 0.40935672514619880769 0.33918128654970758351 0.33918128654970758351 0.36842105263157892692 0.35087719298245612087 0.36257309941520465824 0.43274853801169588241 0.45614035087719295714 0.36257309941520465824 0.35672514619883038955 0.34502923976608185219 0.36842105263157892692 0.36842105263157892692 0.46198830409356722582 0.4678362573099414945 0.43274853801169588241 0.43274853801169588241 0.47953216374269003186 0.49122807017543856922 0.33333333333333331483 0.36842105263157892692 0.26900584795321635934 0.26900584795321635934 0.25730994152046782197 0.25146198830409355329 0.25146198830409355329 0.23976608187134501593 0.26900584795321635934 0.20467836257309940384 0.26900584795321635934 0.26900584795321635934
0.403508771929824539 0.41520467836257307637 0.53801169590643271867 0.57309941520467833076 0.64327485380116955493 0.69005847953216370438 0.75438596491228071539 0.73099415204678364066 0.76023391812865492856 0.35087719298245612087 0.33333333333333331483 0.6257309941520468044 0.36842105263157892692 0.36842105263157892692 0.43274853801169588241 0.46198830409356722582 0.36842105263157892692 0.4970760233918128379 0.42105263157894734505 0.33333333333333331483 0.36257309941520465824 0.34502923976608185219 0.36842105263157892692 0.40935672514619880769 0.36257309941520465824 0.53801169590643271867 0.5321637426900585055 0.36842105263157892692 0.46198830409356722582 0.51461988304093564395 0.42105263157894734505 0.26900584795321635934 0.35672514619883038955 0.29824561403508770274 0.27485380116959062802 0.27485380116959062802 0.29239766081871343406 0.32163742690058477747 0.25730994152046782197 0.25146198830409355329 0.27485380116959062802 0.30409356725146197142 0.21052631578947367252 0.25730994152046782197 0.25730994152046782197
0.6257309941520468044 0.50877192982456143078 0.61988304093567248021 0.5321637426900585055 0.36842105263157892692 0.48538011695906430054 0.48538011695906430054 0.45029239766081868845 0.49122807017543856922 0.30409356725146197142 0.64327485380116955493 0.43274853801169588241 0.51461988304093564395 0.48538011695906430054 0.40935672514619880769 0.38596491228070173296 0.43274853801169588241 0.36842105263157892692 0.4678362573099414945 0.50292397660818710659 0.3742690058479531956 0.36257309941520465824 0.50877192982456143078 0.49122807017543856922 0.36842105263157892692 0.36842105263157892692 0.35087719298245612087 0.43274853801169588241 0.34502923976608185219 0.36257309941520465824 0.36842105263157892692 0.25730994152046782197 0.25730994152046782197 0.25730994152046782197 0.23976608187134501593 0.25730994152046782197 0.25730994152046782197 0.35087719298245612087 0.25730994152046782197 0.23976608187134501593 0.25730994152046782197 0.29824561403508770274 0.27485380116959062802 0.25730994152046782197 0.23976608187134501593
0.75438596491228071539 0.72514619883040931647 0.64327485380116955493 0.69590643274853802858 0.58479532163742686812 0.39181286549707600164 0.33333333333333331483 0.46198830409356722582 0.35672514619883038955 0.36842105263157892692 0.49122807017543856922 0.43859649122807015109 0.4678362573099414945 0.43274853801169588241 0.43274853801169588241 0.403508771929824539 0.43274853801169588241 0.4678362573099414945 0.53801169590643271867 0.5321637426900585055 0.49122807017543856922 0.38011695906432746428 0.36842105263157892692 0.5321637426900585055 0.4678362573099414945 0.31578947368421050879 0.43274853801169588241 0.36842105263157892692 0.35087719298245612087 0.24561403508771928461 0.25146198830409355329 0.25730994152046782197 0.26900584795321635934 0.25730994152046782197 0.25730994152046782197 0.25146198830409355329 0.33333333333333331483 0.30409356725146197142 0.26900584795321635934 0.25730994152046782197 0.23976608187134501593 0.25730994152046782197 0.19883040935672513516 0.25730994152046782197 0.22807017543859647857
0.69005847953216370438 0.42690058479532161373 0.43274853801169588241 0.6257309941520468044 0.48538011695906430054 0.54970760233918125603 0.53801169590643271867 0.59649122807017540548 0.33333333333333331483 0.3099415204678362401 0.49122807017543856922 0.43274853801169588241 0.36842105263157892692 0.4678362573099414945 0.35087719298245612087 0.42690058479532161373 0.36842105263157892692 0.58479532163742686812 0.5321637426900585055 0.43274853801169588241 0.50877192982456143078 0.46198830409356722582 0.3742690058479531956 0.36257309941520465824 0.36257309941520465824 0.35087719298245612087 0.24561403508771928461 0.33333333333333331483 0.33333333333333331483 0.32163742690058477747 0.35087719298245612087 0.3099415204678362401 0.26900584795321635934 0.23976608187134501593 0.26900584795321635934 0.23976608187134501593 0.23976608187134501593 0.2807017543859648967 0.31578947368421050879 0.25730994152046782197 0.25730994152046782197 0.22222222222222220989 0.23976608187134501593 0.20467836257309940384 0.16959064327485379176
0.48538011695906430054 0.46198830409356722582 0.64327485380116955493 0.45614035087719295714 0.43274853801169588241 0.46198830409356722582 0.47953216374269003186 0.52631578947368418131 0.69005847953216370438 0.36257309941520465824 0.32163742690058477747 0.36257309941520465824 0.59649122807017540548 0.33333333333333331483 0.36842105263157892692 0.36842105263157892692 0.36842105263157892692 0.64327485380116955493 0.46198830409356722582 0.403508771929824539 0.43274853801169588241 0.36842105263157892692 0.36842105263157892692 0.36257309941520465824 0.26900584795321635934 0.30409356725146197142 0.25146198830409355329 0.29824561403508770274 0.25730994152046782197 0.29824561403508770274 0.35087719298245612087 0.25146198830409355329 0.32163742690058477747 0.25730994152046782197 0.3099415204678362401 0.30409356725146197142 0.29239766081871343406 0.25730994152046782197 0.26900584795321635934 0.23976608187134501593 0.22807017543859647857 0.22222222222222220989 0.22807017543859647857 0.22807017543859647857 0.16959064327485379176
0.61988304093567248021 0.59649122807017540548 0.51461988304093564395 0.46198830409356722582 0.67836257309941516702 0.45614035087719295714 0.48538011695906430054 0.36842105263157892692 0.43274853801169588241 0.47368421052631576318 0.36842105263157892692 0.38596491228070173296 0.3742690058479531956 0.43274853801169588241 0.36842105263157892692 0.45029239766081868845 0.32748538011695904615 0.27485380116959062802 0.32748538011695904615 0.30409356725146197142 0.43274853801169588241 0.36257309941520465824 0.35672514619883038955 0.31578947368421050879 0.33918128654970758351 0.27485380116959062802 0.26900584795321635934 0.26900584795321635934 0.25730994152046782197 0.25730994152046782197 0.26315789473684209065 0.31578947368421050879 0.26900584795321635934 0.26315789473684209065 0.26900584795321635934 0.25730994152046782197 0.23976608187134501593 0.27485380116959062802 0.25730994152046782197 0.22807017543859647857 0.22807017543859647857 0.22807017543859647857 0.19883040935672513516 0.16959064327485379176 0.11695906432748537362
0.55555555555555558023 0.46198830409356722582 0.52046783625730996814 -9999 -9999 -9999 -9999 0.46198830409356722582 0.48538011695906430054 0.48538011695906430054 0.43274853801169588241 0.43274853801169588241 0.46198830409356722582 0.43274853801169588241 0.36842105263157892692 0.33333333333333331483 0.33333333333333331483 0.32163742690058477747 0.43274853801169588241 0.40935672514619880769 0.34502923976608185219 0.33918128654970758351 0.43274853801169588241 0.43274853801169588241 0.26900584795321635934 0.19883040935672513516 0.33918128654970758351 0.36257309941520465824 0.25730994152046782197 0.25730994152046782197 0.35087719298245612087 0.29239766081871343406 0.26900584795321635934 0.25730994152046782197 0.23976608187134501593 0.25730994152046782197 0.16959064327485379176 0.25730994152046782197 0.25730994152046782197 0.18128654970760232912 0.20467836257309940384 0.16959064327485379176 0.19883040935672513516 0.13450292397660817967 0.14619883040935671703
