Example/niche_background/models/ENFA/Anolis_chlorocyanus_0.asc
ncols        743
nrows        319
xllcorner    -74.500956448335
yllcorner    17.448920549066
cellsize     0.008333333333
NODATA_value  -9999
[rows 189 to 209 of 319, columns 414 to 459 of 743]
0.53612167300380231261 0.4638783269961977429 0.46768060836501901267 0.61977186311787069162 0.61977186311787069162 0.6235741444866920169 0.53612167300380231261 0.53612167300380231261 0.46768060836501901267 0.55133079847908750271 0.54372623574144485215 0.56653992395437258178 0.53612167300380231261 0.57414448669201523234 0.53612167300380231261 0.53612167300380231261 0.56273764258555136752 0.49049429657794674231 0.49049429657794674231 0.53612167300380231261 0.52851711026615966205 0.49049429657794674231 0.47908745247148287749 0.53612167300380231261 0.55133079847908750271 0.4638783269961977429 0.5779467680608364466 0.57414448669201523234 0.59695817490494296198 0.58174904942965777188 0.53612167300380231261 0.56653992395437258178 0.53612167300380231261 0.38022813688212925287 0.57414448669201523234 0.53612167300380231261 0.50190114068441060713 0.51330798479087447195 0.29657794676806081835 0.361216730038022793 0.13688212927756654436 0.12547528517110265178 0.66920152091254747617 0.20532319391634981653 0.21292775665399238383 0.41064638783269963307
0.46768060836501901267 0.41444866920152090284 0.47148288973384028244 0.46768060836501901267 0.53612167300380231261 0.48288973384030420277 0.47908745247148287749 0.47908745247148287749 0.51711026615969579723 0.53612167300380231261 0.57034220532319390706 0.54372623574144485215 0.53992395437262352687 0.47908745247148287749 0.53612167300380231261 0.48288973384030420277 0.53612167300380231261 0.46007604562737641762 0.52851711026615966205 0.52851711026615966205 0.47908745247148287749 0.50190114068441060713 0.53612167300380231261 0.55133079847908750271 0.56273764258555136752 0.47908745247148287749 0.58174904942965777188 0.53612167300380231261 0.49049429657794674231 0.56653992395437258178 0.47528517110266160772 0.53612167300380231261 0.58174904942965777188 0.5931558935361216367 0.53612167300380231261 0.4638783269961977429 0.58174904942965777188 0.46768060836501901267 0.56653992395437258178 0.47908745247148287749 0.48669201520912547254 0.47908745247148287749 0.35361216730038025347 0.11787072243346007061 0.14448669201520911165 0.3041825095057034134
0.52851711026615966205 0.45627376425855514785 0.49809885931558933736 0.47908745247148287749 0.53612167300380231261 0.47908745247148287749 0.49049429657794674231 0.50950570342205325769 0.53612167300380231261 0.53612167300380231261 0.42965779467680609294 0.56653992395437258178 0.54372623574144485215 0.44866920152091255281 0.53612167300380231261 0.47148288973384028244 0.46768060836501901267 0.52091254752851712251 0.45627376425855514785 0.47148288973384028244 0.45247148288973382257 0.49049429657794674231 0.53612167300380231261 0.56653992395437258178 0.48288973384030420277 0.53231939163498098733 0.49049429657794674231 0.47908745247148287749 0.46768060836501901267 0.47908745247148287749 0.46768060836501901267 0.53612167300380231261 0.49429657794676806759 0.53612167300380231261 0.53612167300380231261 0.61977186311787069162 0.46768060836501901267 0.5931558935361216367 0.53612167300380231261 0.32319391634980987327 0.26996197718631176343 0.59695817490494296198 0.40304182509505703802 0.18631178707224335667 0.19011406844106462644 0.13688212927756654436
0.48288973384030420277 0.46768060836501901267 0.53612167300380231261 0.46007604562737641762 0.47528517110266160772 0.47908745247148287749 0.49049429657794674231 0.53612167300380231261 0.47908745247148287749 0.58174904942965777188 0.58174904942965777188 0.53612167300380231261 0.53612167300380231261 0.49429657794676806759 0.53612167300380231261 0.47908745247148287749 0.49049429657794674231 0.51330798479087447195 0.4638783269961977429 0.46007604562737641762 0.47908745247148287749 0.53612167300380231261 0.42205323193916349789 0.47908745247148287749 0.49049429657794674231 0.55133079847908750271 0.48288973384030420277 0.49049429657794674231 0.47908745247148287749 0.45627376425855514785 0.47148288973384028244 0.47148288973384028244 0.47908745247148287749 0.46768060836501901267 0.52851711026615966205 0.53612167300380231261 0.60456273764258550152 0.49429657794676806759 0.61596958174904947736 0.51330798479087447195 0.55133079847908750271 0.47908745247148287749 0.64638783269961974653 0.55513307984790871696 0.3041825095057034134 0.20532319391634981653
0.47908745247148287749 0.42205323193916349789 0.42585551330798476766 0.40304182509505703802 0.49809885931558933736 0.45627376425855514785 0.52851711026615966205 0.56653992395437258178 0.58174904942965777188 0.61216730038022815208 0.51711026615969579723 0.53612167300380231261 0.56273764258555136752 0.47908745247148287749 0.47148288973384028244 0.36501901140684411828 0.42965779467680609294 0.42205323193916349789 0.40684410646387830779 0.53612167300380231261 0.47148288973384028244 0.47908745247148287749 0.53612167300380231261 0.46768060836501901267 0.50950570342205325769 0.47908745247148287749 0.46768060836501901267 0.47908745247148287749 0.47908745247148287749 0.49049429657794674231 0.46768060836501901267 0.47148288973384028244 0.50950570342205325769 0.40304182509505703802 0.46768060836501901267 0.51330798479087447195 0.53612167300380231261 0.53992395437262352687 0.61596958174904947736 0.56653992395437258178 0.62737642585551334218 0.66159695817490493663 0.46768060836501901267 0.49049429657794674231 0.6235741444866920169 0.45247148288973382257
0.32319391634980987327 0.49049429657794674231 0.52091254752851712251 0.49049429657794674231 0.55133079847908750271 0.53992395437262352687 0.53612167300380231261 0.5931558935361216367 0.58174904942965777188 0.53612167300380231261 0.60456273764258550152 0.56653992395437258178 0.55133079847908750271 0.55133079847908750271 0.53612167300380231261 0.45247148288973382257 0.48288973384030420277 0.47908745247148287749 0.46768060836501901267 0.4638783269961977429 0.53612167300380231261 0.47908745247148287749 0.48288973384030420277 0.47908745247148287749 0.51330798479087447195 0.51711026615969579723 0.45247148288973382257 0.4638783269961977429 0.45627376425855514785 0.47908745247148287749 0.33460076045627373809 0.46768060836501901267 0.43346007604562736271 0.46768060836501901267 0.52091254752851712251 0.53231939163498098733 0.53612167300380231261 0.53612167300380231261 0.60456273764258550152 0.64638783269961974653 0.58174904942965777188 0.50190114068441060713 0.60456273764258550152 0.66159695817490493663 0.53612167300380231261 0.61977186311787069162
0.45627376425855514785 0.53231939163498098733 0.33840304182509506337 0.52091254752851712251 0.52851711026615966205 0.56273764258555136752 0.49049429657794674231 0.53612167300380231261 0.53612167300380231261 0.56653992395437258178 0.53612167300380231261 0.53612167300380231261 0.50570342205323193241 0.53612167300380231261 0.49429657794676806759 0.43346007604562736271 0.46768060836501901267 0.4638783269961977429 0.46768060836501901267 0.3764258555133079831 0.46768060836501901267 0.38783269961977184792 0.41064638783269963307 0.40304182509505703802 0.53612167300380231261 0.46007604562737641762 0.38403041825095057815 0.45627376425855514785 0.46768060836501901267 0.46007604562737641762 0.42205323193916349789 0.38783269961977184792 0.45247148288973382257 0.361216730038022793 0.47528517110266160772 0.42205323193916349789 0.53612167300380231261 0.54752851711026617743 0.51330798479087447195 0.58174904942965777188 0.56273764258555136752 0.57034220532319390706 0.25475285171102662884 0.58174904942965777188 0.53612167300380231261 0.52851711026615966205
0.4638783269961977429 0.361216730038022793 0.49429657794676806759 0.36882129277566538805 0.50950570342205325769 0.42205323193916349789 0.47908745247148287749 0.4638783269961977429 0.52091254752851712251 0.52091254752851712251 0.47148288973384028244 0.49809885931558933736 0.46768060836501901267 0.51330798479087447195 0.3764258555133079831 0.3916349809885931732 0.46768060836501901267 0.43346007604562736271 0.34220532319391633314 0.44106463878326995776 0.45247148288973382257 0.38403041825095057815 0.45627376425855514785 0.45627376425855514785 0.45247148288973382257 0.45247148288973382257 0.4638783269961977429 0.42965779467680609294 0.45247148288973382257 0.46768060836501901267 0.45627376425855514785 0.33460076045627373809 0.43346007604562736271 0.3764258555133079831 0.44106463878326995776 0.45627376425855514785 0.47908745247148287749 0.4638783269961977429 0.52091254752851712251 0.57414448669201523234 0.53612167300380231261 0.49049429657794674231 0.51330798479087447195 0.46768060836501901267 0.57414448669201523234 0.47148288973384028244
0.54372623574144485215 0.40304182509505703802 0.53992395437262352687 0.53612167300380231261 0.59695817490494296198 0.46768060836501901267 0.52091254752851712251 0.52091254752851712251 0.47528517110266160772 0.49049429657794674231 0.53612167300380231261 0.40304182509505703802 0.3764258555133079831 0.42965779467680609294 0.47908745247148287749 0.42205323193916349789 0.40684410646387830779 0.46768060836501901267 0.33460076045627373809 0.32319391634980987327 0.40304182509505703802 0.45627376425855514785 0.41825095057034222812 0.40684410646387830779 0.41825095057034222812 0.38403041825095057815 0.43346007604562736271 0.42585551330798476766 0.38783269961977184792 0.44486692015209122752 0.3916349809885931732 0.39923954372623576825 0.3041825095057034134 0.3193916349809886035 0.3916349809885931732 0.3764258555133079831 0.43346007604562736271 0.45247148288973382257 0.49809885931558933736 0.36882129277566538805 0.47908745247148287749 0.55133079847908750271 0.65779467680608361135 0.49049429657794674231 0.52851711026615966205 0.55133079847908750271
0.59695817490494296198 0.51711026615969579723 0.42965779467680609294 0.61977186311787069162 0.57034220532319390706 0.53612167300380231261 0.45627376425855514785 0.52851711026615966205 0.51711026615969579723 0.50950570342205325769 0.40304182509505703802 0.49049429657794674231 0.45627376425855514785 0.47908745247148287749 0.47908745247148287749 0.42205323193916349789 0.44106463878326995776 0.45627376425855514785 0.33460076045627373809 0.38783269961977184792 0.43346007604562736271 0.32319391634980987327 0.36501901140684411828 0.361216730038022793 0.34980988593155892818 0.33460076045627373809 0.34980988593155892818 0.32319391634980987327 0.2471482889733840338 0.40304182509505703802 0.23193916349809887145 0.33460076045627373809 0.23954372623574143875 0.33460076045627373809 0.3764258555133079831 0.3764258555133079831 0.45247148288973382257 0.3764258555133079831 0.40684410646387830779 0.42205323193916349789 0.47908745247148287749 0.49429657794676806759 0.42585551330798476766 0.42585551330798476766 0.39923954372623576825 0.4638783269961977429
0.41444866920152090284 0.49049429657794674231 0.38022813688212925287 0.43346007604562736271 0.56653992395437258178 0.47908745247148287749 0.4638783269961977429 0.46768060836501901267 0.53612167300380231261 0.361216730038022793 0.47528517110266160772 0.45247148288973382257 0.45247148288973382257 0.41064638783269963307 0.4638783269961977429 0.38022813688212925287 0.43346007604562736271 0.39543726235741444297 0.45627376425855514785 0.3916349809885931732 0.40304182509505703802 0.38783269961977184792 0.3916349809885931732 0.38022813688212925287 0.40304182509505703802 0.3764258555133079831 0.33460076045627373809 0.361216730038022793 0.40304182509505703802 0.38403041825095057815 0.33460076045627373809 0.3764258555133079831 0.33840304182509506337 0.45247148288973382257 0.35741444866920152323 0.42205323193916349789 0.45247148288973382257 0.30798479087452473868 0.42965779467680609294 0.45247148288973382257 0.45247148288973382257 0.3916349809885931732 0.38783269961977184792 0.46007604562737641762 0.47908745247148287749 0.47908745247148287749
0.55133079847908750271 0.61977186311787069162 0.55133079847908750271 0.56653992395437258178 0.58174904942965777188 0.53612167300380231261 0.53612167300380231261 0.40304182509505703802 0.52851711026615966205 0.5779467680608364466 0.47908745247148287749 0.49049429657794674231 0.34220532319391633314 0.49049429657794674231 0.34980988593155892818 0.3764258555133079831 0.4638783269961977429 0.36501901140684411828 0.40684410646387830779 0.37262357414448671333 0.42205323193916349789 0.34980988593155892818 0.33460076045627373809 0.361216730038022793 0.34220532319391633314 0.36882129277566538805 0.42965779467680609294 0.33840304182509506337 0.3764258555133079831 0.43346007604562736271 0.34220532319391633314 0.42205323193916349789 0.40304182509505703802 0.34220532319391633314 0.36501901140684411828 0.33460076045627373809 0.3193916349809886035 0.42965779467680609294 0.33840304182509506337 0.33460076045627373809 0.45627376425855514785 0.42965779467680609294 0.45627376425855514785 0.45247148288973382257 0.46768060836501901267 0.49049429657794674231
0.61596958174904947736 0.42585551330798476766 0.56653992395437258178 0.50950570342205325769 0.49049429657794674231 0.57034220532319390706 0.6235741444866920169 0.49049429657794674231 0.48669201520912547254 0.45247148288973382257 0.58174904942965777188 0.47148288973384028244 0.28136882129277568376 0.52851711026615966205 0.46768060836501901267 0.45627376425855514785 0.49049429657794674231 0.36501901140684411828 0.38403041825095057815 0.32319391634980987327 0.361216730038022793 0.3916349809885931732 0.31558935361216727822 0.34980988593155892818 0.37262357414448671333 0.34220532319391633314 0.33460076045627373809 0.33840304182509506337 0.32319391634980987327 0.33460076045627373809 0.41444866920152090284 0.33460076045627373809 0.361216730038022793 0.38403041825095057815 0.42585551330798476766 0.40684410646387830779 0.27376425855513308871 0.32319391634980987327 0.33460076045627373809 0.33460076045627373809 0.40304182509505703802 0.46768060836501901267 0.44106463878326995776 -9999 -9999 -9999
0.41444866920152090284 0.4638783269961977429 0.61216730038022815208 0.53612167300380231261 0.58174904942965777188 0.61596958174904947736 0.53231939163498098733 0.53612167300380231261 0.59695817490494296198 0.5931558935361216367 0.58174904942965777188 0.54372623574144485215 0.46007604562737641762 0.38783269961977184792 0.53612167300380231261 0.53231939163498098733 0.41825095057034222812 0.33460076045627373809 0.46007604562737641762 0.29657794676806081835 0.33460076045627373809 0.40684410646387830779 0.34220532319391633314 0.34980988593155892818 0.38403041825095057815 0.34220532319391633314 0.29657794676806081835 0.23574144486692014122 0.24334600760456273627 0.42205323193916349789 0.34220532319391633314 0.36501901140684411828 0.3764258555133079831 0.33840304182509506337 0.34980988593155892818 0.361216730038022793 0.361216730038022793 0.46007604562737641762 0.4638783269961977429 0.3764258555133079831 0.40684410646387830779 0.43346007604562736271 0.42965779467680609294 -9999 -9999 -9999
0.28136882129277568376 0.21673003802281368135 0.361216730038022793 0.55133079847908750271 0.45247148288973382257 0.46007604562737641762 0.52851711026615966205 0.45247148288973382257 0.53612167300380231261 0.53612167300380231261 0.58174904942965777188 0.34220532319391633314 0.39923954372623576825 0.42585551330798476766 0.53612167300380231261 0.33460076045627373809 0.33460076045627373809 0.3041825095057034134 0.38403041825095057815 0.33460076045627373809 0.43346007604562736271 0.34220532319391633314 0.40684410646387830779 0.44866920152091255281 0.2471482889733840338 0.40304182509505703802 0.34220532319391633314 0.38022813688212925287 0.41825095057034222812 0.3916349809885931732 0.34980988593155892818 0.3764258555133079831 0.38403041825095057815 0.34980988593155892818 0.40304182509505703802 0.34220532319391633314 0.42965779467680609294 0.40304182509505703802 0.42585551330798476766 0.38403041825095057815 0.40304182509505703802 -9999 -9999 -9999 -9999 -9999
0.4638783269961977429 0.34980988593155892818 0.40684410646387830779 0.51711026615969579723 0.53612167300380231261 0.34980988593155892818 0.41064638783269963307 0.3764258555133079831 0.45627376425855514785 0.59695817490494296198 0.28136882129277568376 0.58174904942965777188 0.34980988593155892818 0.51711026615969579723 0.52091254752851712251 0.34220532319391633314 0.33460076045627373809 0.26996197718631176343 0.46768060836501901267 0.34980988593155892818 0.33460076045627373809 0.33840304182509506337 0.361216730038022793 0.24334600760456273627 0.34980988593155892818 0.24334600760456273627 0.31558935361216727822 0.29657794676806081835 0.22053231939163497888 0.34220532319391633314 0.33840304182509506337 0.33460076045627373809 0.34220532319391633314 0.34220532319391633314 0.33460076045627373809 0.3193916349809886035 0.29657794676806081835 0.32699619771863119855 0.30798479087452473868 0.41825095057034222812 0.3916349809885931732 -9999 -9999 -9999 -9999 -9999
0.21673003802281368135 0.17110266159695816657 0.20912547528517111406 0.26615969581749049366 0.20912547528517111406 0.20532319391634981653 0.24334600760456273627 0.21673003802281368135 0.46007604562737641762 0.361216730038022793 0.3764258555133079831 0.53612167300380231261 0.46768060836501901267 0.43346007604562736271 0.48288973384030420277 0.34220532319391633314 0.3041825095057034134 0.28136882129277568376 0.361216730038022793 0.45627376425855514785 0.43346007604562736271 0.40684410646387830779 0.33460076045627373809 0.29657794676806081835 0.361216730038022793 0.32319391634980987327 0.19011406844106462644 0.2243346007604562764 0.34980988593155892818 0.23574144486692014122 0.30038022813688214363 0.24334600760456273627 0.23954372623574143875 0.23193916349809887145 0.2471482889733840338 0.34220532319391633314 0.30038022813688214363 0.3041825095057034134 0.3041825095057034134 0.40684410646387830779 0.44106463878326995776 -9999 -9999 -9999 -9999 -9999
0.087452471482889732046 0.07604562737642585335 0.07604562737642585335 0.087452471482889732046 0.11787072243346007061 0.12547528517110265178 0.39923954372623576825 0.16730038022813686904 0.19011406844106462644 0.1520912547528517067 0.4638783269961977429 0.49429657794676806759 0.49049429657794674231 0.46768060836501901267 0.28136882129277568376 0.45247148288973382257 0.44866920152091255281 0.34980988593155892818 0.34220532319391633314 0.361216730038022793 0.30798479087452473868 0.20532319391634981653 0.28136882129277568376 0.3193916349809886035 0.34220532319391633314 0.19011406844106462644 0.25475285171102662884 0.3041825095057034134 0.21673003802281368135 0.23954372623574143875 0.26615969581749049366 0.23954372623574143875 0.21673003802281368135 0.28136882129277568376 0.32319391634980987327 0.29657794676806081835 0.36501901140684411828 0.3041825095057034134 0.42965779467680609294 0.29657794676806081835 0.47148288973384028244 0.44106463878326995776 -9999 -9999 -9999 -9999
0.049429657794676805371 0.019011406844106463337 0.019011406844106463337 0.019011406844106463337 0.053231939163498095957 0.11026615969581748944 0.12167300380228136814 0.098859315589353610743 0.091254752851711029571 0.098859315589353610743 0.22813688212927757393 0.47908745247148287749 0.18250950570342205914 0.34220532319391633314 0.53612167300380231261 0.3041825095057034134 0.23574144486692014122 0.45247148288973382257 0.33460076045627373809 0.47908745247148287749 0.3916349809885931732 0.24334600760456273627 0.36501901140684411828 0.2471482889733840338 0.3041825095057034134 0.28136882129277568376 0.32319391634980987327 0.33460076045627373809 0.23193916349809887145 0.3041825095057034134 0.26615969581749049366 0.32319391634980987327 0.32319391634980987327 0.33460076045627373809 0.361216730038022793 0.36501901140684411828 0.38403041825095057815 0.32319391634980987327 0.29657794676806081835 0.33460076045627373809 0.33840304182509506337 -9999 -9999 -9999 -9999 -9999
0.098859315589353610743 0.07604562737642585335 0.12547528517110265178 0.079847908745247150875 0.07604562737642585335 0.019011406844106463337 0.057034220532319393482 0.07604562737642585335 0.098859315589353610743 0.07604562737642585335 0.079847908745247150875 0.17490494296577946409 0.33079847908745246832 0.4638783269961977429 0.65019011406844107182 0.53612167300380231261 0.49049429657794674231 0.25475285171102662884 0.42965779467680609294 0.40304182509505703802 0.19391634980988592396 0.23193916349809887145 0.33460076045627373809 0.34980988593155892818 0.32319391634980987327 0.32319391634980987327 0.33460076045627373809 0.361216730038022793 0.30798479087452473868 0.32699619771863119855 0.32699619771863119855 0.38403041825095057815 0.40304182509505703802 0.36501901140684411828 0.42205323193916349789 0.42205323193916349789 0.39923954372623576825 0.4638783269961977429 0.45627376425855514785 0.23193916349809887145 0.32699619771863119855 -9999 -9999 -9999 -9999 -9999
0.3041825095057034134 0.14828897338403040917 0.1520912547528517067 0.18631178707224335667 0.098859315589353610743 0.098859315589353610743 0.079847908745247150875 0.068441064638783272178 0.053231939163498095957 0.068441064638783272178 0.079847908745247150875 0.25095057034220530356 0.53612167300380231261 0.49049429657794674231 0.55133079847908750271 0.58174904942965777188 0.32319391634980987327 0.46768060836501901267 0.46007604562737641762 0.44106463878326995776 0.35361216730038025347 0.33460076045627373809 0.32319391634980987327 0.361216730038022793 0.38403041825095057815 0.3764258555133079831 0.2243346007604562764 0.40304182509505703802 0.33460076045627373809 0.3041825095057034134 0.23574144486692014122 0.28136882129277568376 0.33840304182509506337 0.34220532319391633314 0.40304182509505703802 0.46768060836501901267 0.45627376425855514785 0.47908745247148287749 0.53612167300380231261 0.32319391634980987327 -9999 -9999 -9999 -9999 -9999 -9999
