ExampleFiles/niche_background/models/RF/normalized_grids/Anolis_coelestinus_0.asc
ncols        743
nrows        319
xllcorner    -74.500956448335
yllcorner    17.448920549066
cellsize     0.008333333333
NODATA_value  -9999
[rows 92 to 114 of 318, columns 450 to 499 of 743]
6.80530685722e-06 7.80608690896e-06 8.00624339652e-06 8.00624339652e-06 8.20639928757e-06 5.80452620896e-06 4.20327758931e-06 6.00468269652e-06 5.40421442687e-06 5.00390204826e-06 5.40421442687e-06 5.80452620896e-06 8.00624339652e-06 8.40655517861e-06 8.00624339652e-06 5.00390204826e-06 8.00624339652e-06 8.20639928757e-06 8.40655517861e-06 6.20483858756e-06 9.00702344826e-06 5.20405793931e-06 5.20405793931e-06 8.00624339652e-06 6.40499447861e-06 4.60358996791e-06 4.80374585896e-06 5.80452620896e-06 6.40499447861e-06 5.00390204826e-06 5.60437031791e-06 5.80452620896e-06 6.20483858756e-06 6.60515096617e-06 6.60515096617e-06 6.20483858756e-06 7.00546274826e-06 6.80530685722e-06 7.20561923582e-06 6.80530685722e-06 7.20561923582e-06 6.60515096617e-06 6.60515096617e-06 7.00546274826e-06 6.80530685722e-06 7.20561923582e-06 7.40577512687e-06 6.00468269652e-06 6.80530685722e-06 7.40577512687e-06
8.00624339652e-06 8.00624339652e-06 7.00546274826e-06 8.20639928757e-06 8.00624339652e-06 8.00624339652e-06 4.20327758931e-06 7.00546274826e-06 6.80530685722e-06 5.60437031791e-06 4.60358996791e-06 5.80452620896e-06 6.40499447861e-06 8.00624339652e-06 8.00624339652e-06 8.00624339652e-06 7.80608690896e-06 5.40421442687e-06 6.00468269652e-06 9.00702344826e-06 5.40421442687e-06 5.60437031791e-06 5.00390204826e-06 5.00390204826e-06 9.00702344826e-06 5.60437031791e-06 5.00390204826e-06 6.00468269652e-06 6.20483858756e-06 6.80530685722e-06 6.20483858756e-06 6.40499447861e-06 6.60515096617e-06 6.40499447861e-06 6.80530685722e-06 7.20561923582e-06 6.80530685722e-06 6.60515096617e-06 6.80530685722e-06 7.20561923582e-06 7.20561923582e-06 6.60515096617e-06 6.80530685722e-06 7.00546274826e-06 6.80530685722e-06 6.60515096617e-06 7.00546274826e-06 7.20561923582e-06 7.60593101791e-06 8.20639928757e-06
8.00624339652e-06 7.60593101791e-06 8.40655517861e-06 8.20639928757e-06 7.60593101791e-06 8.20639928757e-06 7.80608690896e-06 4.80374585896e-06 5.60437031791e-06 6.00468269652e-06 7.80608690896e-06 4.20327758931e-06 6.40499447861e-06 6.00468269652e-06 4.80374585896e-06 6.00468269652e-06 4.80374585896e-06 4.80374585896e-06 8.20639928757e-06 8.40655517861e-06 5.80452620896e-06 6.00468269652e-06 5.40421442687e-06 4.40343377861e-06 5.80452620896e-06 5.20405793931e-06 5.40421442687e-06 4.80374585896e-06 5.00390204826e-06 5.60437031791e-06 6.80530685722e-06 7.00546274826e-06 6.60515096617e-06 7.20561923582e-06 6.80530685722e-06 6.80530685722e-06 6.60515096617e-06 6.20483858756e-06 7.20561923582e-06 7.00546274826e-06 6.80530685722e-06 6.80530685722e-06 6.80530685722e-06 7.20561923582e-06 7.00546274826e-06 7.20561923582e-06 7.00546274826e-06 7.20561923582e-06 7.60593101791e-06 8.20639928757e-06
7.20561923582e-06 4.80374585896e-06 7.60593101791e-06 4.60358996791e-06 8.00624339652e-06 5.40421442687e-06 5.80452620896e-06 5.60437031791e-06 6.20483858756e-06 7.80608690896e-06 4.60358996791e-06 4.00312169826e-06 3.80296550896e-06 4.40343377861e-06 6.60515096617e-06 5.00390204826e-06 5.60437031791e-06 4.80374585896e-06 5.60437031791e-06 8.40655517861e-06 5.60437031791e-06 8.40655517861e-06 5.20405793931e-06 5.40421442687e-06 5.60437031791e-06 4.80374585896e-06 5.40421442687e-06 5.60437031791e-06 5.80452620896e-06 6.00468269652e-06 6.00468269652e-06 6.60515096617e-06 6.40499447861e-06 8.00624339652e-06 6.80530685722e-06 6.60515096617e-06 6.80530685722e-06 6.80530685722e-06 6.80530685722e-06 6.40499447861e-06 7.60593101791e-06 6.20483858756e-06 7.00546274826e-06 7.20561923582e-06 7.20561923582e-06 7.00546274826e-06 6.40499447861e-06 7.40577512687e-06 8.00624339652e-06 7.60593101791e-06
4.40343377861e-06 4.60358996791e-06 4.80374585896e-06 8.20639928757e-06 7.60593101791e-06 5.40421442687e-06 4.60358996791e-06 3.60280961791e-06 4.80374585896e-06 7.40577512687e-06 7.80608690896e-06 4.40343377861e-06 4.60358996791e-06 6.20483858756e-06 6.00468269652e-06 5.60437031791e-06 5.20405793931e-06 6.40499447861e-06 5.80452620896e-06 5.20405793931e-06 6.20483858756e-06 6.60515096617e-06 5.60437031791e-06 5.00390204826e-06 5.60437031791e-06 8.60671166617e-06 6.40499447861e-06 5.40421442687e-06 5.60437031791e-06 7.20561923582e-06 6.00468269652e-06 6.40499447861e-06 7.20561923582e-06 7.40577512687e-06 6.60515096617e-06 6.60515096617e-06 7.20561923582e-06 6.60515096617e-06 6.40499447861e-06 6.60515096617e-06 6.80530685722e-06 6.80530685722e-06 6.80530685722e-06 6.20483858756e-06 6.80530685722e-06 7.80608690896e-06 7.00546274826e-06 8.00624339652e-06 8.80686755722e-06 7.60593101791e-06
5.00390204826e-06 3.40265342861e-06 3.80296550896e-06 8.00624339652e-06 7.00546274826e-06 3.80296550896e-06 5.60437031791e-06 5.80452620896e-06 4.20327758931e-06 6.20483858756e-06 6.60515096617e-06 3.80296550896e-06 5.80452620896e-06 7.80608690896e-06 4.60358996791e-06 5.40421442687e-06 5.60437031791e-06 6.40499447861e-06 8.60671166617e-06 8.60671166617e-06 5.40421442687e-06 6.40499447861e-06 6.20483858756e-06 5.80452620896e-06 5.00390204826e-06 5.80452620896e-06 8.60671166617e-06 5.80452620896e-06 5.80452620896e-06 6.00468269652e-06 6.60515096617e-06 7.80608690896e-06 6.80530685722e-06 6.60515096617e-06 6.60515096617e-06 6.40499447861e-06 6.40499447861e-06 6.20483858756e-06 7.00546274826e-06 6.80530685722e-06 6.60515096617e-06 6.20483858756e-06 7.20561923582e-06 7.20561923582e-06 7.60593101791e-06 7.00546274826e-06 8.00624339652e-06 8.00624339652e-06 7.40577512687e-06 7.20561923582e-06
5.20405793931e-06 3.40265342861e-06 7.40577512687e-06 8.20639928757e-06 7.00546274826e-06 4.80374585896e-06 6.80530685722e-06 7.60593101791e-06 7.00546274826e-06 6.60515096617e-06 6.00468269652e-06 7.00546274826e-06 4.60358996791e-06 5.00390204826e-06 4.00312169826e-06 5.60437031791e-06 6.40499447861e-06 5.60437031791e-06 6.60515096617e-06 6.40499447861e-06 6.40499447861e-06 5.80452620896e-06 6.40499447861e-06 6.40499447861e-06 6.00468269652e-06 5.80452620896e-06 6.20483858756e-06 6.00468269652e-06 6.40499447861e-06 6.40499447861e-06 6.60515096617e-06 6.20483858756e-06 6.60515096617e-06 6.60515096617e-06 6.80530685722e-06 6.60515096617e-06 6.40499447861e-06 6.80530685722e-06 7.20561923582e-06 6.80530685722e-06 7.00546274826e-06 7.00546274826e-06 7.40577512687e-06 7.40577512687e-06 7.00546274826e-06 8.80686755722e-06 7.60593101791e-06 7.40577512687e-06 7.20561923582e-06 7.20561923582e-06
7.00546274826e-06 5.00390204826e-06 4.40343377861e-06 7.60593101791e-06 3.20249723931e-06 3.60280961791e-06 4.40343377861e-06 5.20405793931e-06 5.20405793931e-06 7.20561923582e-06 7.00546274826e-06 5.60437031791e-06 5.00390204826e-06 5.40421442687e-06 6.00468269652e-06 6.80530685722e-06 6.80530685722e-06 6.00468269652e-06 6.80530685722e-06 5.80452620896e-06 5.60437031791e-06 5.60437031791e-06 5.40421442687e-06 5.60437031791e-06 5.80452620896e-06 5.00390204826e-06 6.20483858756e-06 7.00546274826e-06 7.20561923582e-06 6.00468269652e-06 6.40499447861e-06 6.60515096617e-06 7.20561923582e-06 6.40499447861e-06 6.00468269652e-06 7.00546274826e-06 6.60515096617e-06 6.20483858756e-06 7.00546274826e-06 6.60515096617e-06 6.60515096617e-06 6.60515096617e-06 7.60593101791e-06 6.80530685722e-06 6.80530685722e-06 7.80608690896e-06 7.40577512687e-06 7.40577512687e-06 7.20561923582e-06 7.80608690896e-06
6.00468269652e-06 4.60358996791e-06 4.60358996791e-06 7.00546274826e-06 3.20249723931e-06 5.00390204826e-06 4.00312169826e-06 4.00312169826e-06 3.80296550896e-06 7.20561923582e-06 7.60593101791e-06 7.80608690896e-06 5.40421442687e-06 5.40421442687e-06 6.60515096617e-06 6.20483858756e-06 6.40499447861e-06 5.60437031791e-06 6.00468269652e-06 6.20483858756e-06 5.60437031791e-06 5.00390204826e-06 5.40421442687e-06 8.80686755722e-06 5.40421442687e-06 6.00468269652e-06 6.20483858756e-06 7.20561923582e-06 7.20561923582e-06 7.60593101791e-06 7.40577512687e-06 6.00468269652e-06 6.60515096617e-06 6.60515096617e-06 6.40499447861e-06 6.40499447861e-06 6.00468269652e-06 6.60515096617e-06 7.00546274826e-06 7.00546274826e-06 7.40577512687e-06 6.80530685722e-06 7.60593101791e-06 7.00546274826e-06 7.40577512687e-06 8.40655517861e-06 7.20561923582e-06 7.80608690896e-06 8.40655517861e-06 9.60749171792e-06
7.80608690896e-06 4.60358996791e-06 6.60515096617e-06 6.80530685722e-06 5.60437031791e-06 4.00312169826e-06 3.80296550896e-06 4.20327758931e-06 5.20405793931e-06 3.60280961791e-06 7.60593101791e-06 7.00546274826e-06 7.00546274826e-06 7.40577512687e-06 6.20483858756e-06 6.80530685722e-06 6.80530685722e-06 7.00546274826e-06 6.40499447861e-06 5.60437031791e-06 5.80452620896e-06 8.00624339652e-06 4.80374585896e-06 5.40421442687e-06 6.40499447861e-06 4.80374585896e-06 6.60515096617e-06 7.40577512687e-06 9.80764820547e-06 7.60593101791e-06 7.80608690896e-06 7.60593101791e-06 6.20483858756e-06 6.40499447861e-06 7.20561923582e-06 6.80530685722e-06 6.40499447861e-06 6.60515096617e-06 7.00546274826e-06 7.00546274826e-06 7.20561923582e-06 7.40577512687e-06 7.20561923582e-06 7.20561923582e-06 7.40577512687e-06 7.20561923582e-06 7.40577512687e-06 7.80608690896e-06 8.20639928757e-06 7.80608690896e-06
6.40499447861e-06 7.20561923582e-06 6.40499447861e-06 6.20483858756e-06 7.00546274826e-06 7.20561923582e-06 5.80452620896e-06 4.40343377861e-06 5.40421442687e-06 7.00546274826e-06 7.40577512687e-06 6.00468269652e-06 7.20561923582e-06 6.00468269652e-06 5.80452620896e-06 5.40421442687e-06 6.00468269652e-06 9.00702344826e-06 7.20561923582e-06 5.60437031791e-06 9.20717993582e-06 5.80452620896e-06 5.60437031791e-06 6.20483858756e-06 5.40421442687e-06 5.40421442687e-06 6.80530685722e-06 7.60593101791e-06 7.40577512687e-06 7.20561923582e-06 7.60593101791e-06 6.00468269652e-06 7.00546274826e-06 7.00546274826e-06 7.00546274826e-06 6.60515096617e-06 6.60515096617e-06 7.00546274826e-06 7.00546274826e-06 7.20561923582e-06 7.20561923582e-06 7.20561923582e-06 8.00624339652e-06 7.40577512687e-06 6.80530685722e-06 7.00546274826e-06 7.40577512687e-06 9.00702344826e-06 8.80686755722e-06 9.00702344826e-06
6.60515096617e-06 6.80530685722e-06 6.80530685722e-06 7.00546274826e-06 7.00546274826e-06 6.60515096617e-06 6.20483858756e-06 7.40577512687e-06 3.80296550896e-06 4.40343377861e-06 8.20639928757e-06 7.20561923582e-06 7.80608690896e-06 7.60593101791e-06 7.20561923582e-06 5.40421442687e-06 6.40499447861e-06 8.40655517861e-06 6.00468269652e-06 5.80452620896e-06 6.20483858756e-06 5.40421442687e-06 5.80452620896e-06 6.20483858756e-06 6.40499447861e-06 7.00546274826e-06 6.80530685722e-06 7.80608690896e-06 7.60593101791e-06 7.20561923582e-06 7.80608690896e-06 7.40577512687e-06 6.40499447861e-06 8.00624339652e-06 6.80530685722e-06 6.20483858756e-06 6.60515096617e-06 7.40577512687e-06 7.00546274826e-06 7.00546274826e-06 7.80608690896e-06 8.00624339652e-06 7.60593101791e-06 7.80608690896e-06 7.20561923582e-06 7.20561923582e-06 7.80608690896e-06 8.00624339652e-06 8.20639928757e-06 8.60671166617e-06
6.40499447861e-06 7.20561923582e-06 6.80530685722e-06 7.20561923582e-06 6.80530685722e-06 6.60515096617e-06 5.80452620896e-06 7.60593101791e-06 7.20561923582e-06 6.40499447861e-06 7.20561923582e-06 6.80530685722e-06 6.00468269652e-06 4.00312169826e-06 5.80452620896e-06 7.60593101791e-06 7.40577512687e-06 5.00390204826e-06 6.40499447861e-06 7.20561923582e-06 8.40655517861e-06 9.00702344826e-06 6.60515096617e-06 6.80530685722e-06 6.20483858756e-06 6.20483858756e-06 9.80764820547e-06 7.80608690896e-06 6.60515096617e-06 6.40499447861e-06 7.60593101791e-06 7.00546274826e-06 7.20561923582e-06 9.00702344826e-06 7.00546274826e-06 6.80530685722e-06 6.80530685722e-06 7.20561923582e-06 7.00546274826e-06 8.00624339652e-06 6.60515096617e-06 7.80608690896e-06 7.20561923582e-06 7.20561923582e-06 7.20561923582e-06 7.40577512687e-06 7.80608690896e-06 8.00624339652e-06 7.60593101791e-06 7.60593101791e-06
7.20561923582e-06 7.00546274826e-06 7.40577512687e-06 6.80530685722e-06 7.20561923582e-06 4.40343377861e-06 7.20561923582e-06 6.60515096617e-06 6.40499447861e-06 6.80530685722e-06 7.20561923582e-06 6.00468269652e-06 6.60515096617e-06 4.60358996791e-06 4.20327758931e-06 7.40577512687e-06 7.00546274826e-06 6.80530685722e-06 6.00468269652e-06 8.40655517861e-06 6.60515096617e-06 5.80452620896e-06 9.40733582687e-06 5.60437031791e-06 1.02079599876e-05 9.60749171792e-06 7.80608690896e-06 7.40577512687e-06 6.40499447861e-06 7.20561923582e-06 7.40577512687e-06 6.40499447861e-06 6.80530685722e-06 8.00624339652e-06 1.00078040965e-05 1.00078040965e-05 8.60671166617e-06 7.60593101791e-06 7.40577512687e-06 6.80530685722e-06 6.80530685722e-06 7.60593101791e-06 1.04081158786e-05 8.80686755722e-06 9.00702344826e-06 8.40655517861e-06 7.60593101791e-06 8.60671166617e-06 7.60593101791e-06 7.80608690896e-06
7.00546274826e-06 6.60515096617e-06 5.60437031791e-06 6.60515096617e-06 6.60515096617e-06 5.40421442687e-06 6.60515096617e-06 7.60593101791e-06 6.60515096617e-06 6.60515096617e-06 4.60358996791e-06 5.80452620896e-06 3.80296550896e-06 6.60515096617e-06 6.20483858756e-06 7.00546274826e-06 7.20561923582e-06 7.40577512687e-06 6.60515096617e-06 6.60515096617e-06 6.00468269652e-06 5.80452620896e-06 6.40499447861e-06 6.20483858756e-06 6.80530685722e-06 1.04081158786e-05 9.80764820547e-06 7.60593101791e-06 6.80530685722e-06 7.40577512687e-06 6.40499447861e-06 6.40499447861e-06 6.40499447861e-06 7.00546274826e-06 8.20639928757e-06 1.10085847448e-05 8.60671166617e-06 9.00702344826e-06 7.00546274826e-06 8.00624339652e-06 7.60593101791e-06 7.20561923582e-06 7.80608690896e-06 8.60671166617e-06 9.20717993582e-06 9.40733582687e-06 8.60671166617e-06 8.60671166617e-06 9.00702344826e-06 9.00702344826e-06
6.40499447861e-06 5.40421442687e-06 7.00546274826e-06 6.80530685722e-06 8.20639928757e-06 5.00390204826e-06 6.80530685722e-06 7.00546274826e-06 7.40577512687e-06 7.80608690896e-06 7.40577512687e-06 5.00390204826e-06 5.80452620896e-06 4.40343377861e-06 7.00546274826e-06 4.60358996791e-06 7.40577512687e-06 7.00546274826e-06 5.60437031791e-06 6.80530685722e-06 7.40577512687e-06 5.40421442687e-06 6.40499447861e-06 6.20483858756e-06 7.00546274826e-06 7.60593101791e-06 7.80608690896e-06 7.80608690896e-06 6.80530685722e-06 6.40499447861e-06 7.00546274826e-06 7.20561923582e-06 6.40499447861e-06 6.60515096617e-06 7.20561923582e-06 7.60593101791e-06 7.60593101791e-06 7.80608690896e-06 8.40655517861e-06 7.80608690896e-06 8.00624339652e-06 8.20639928757e-06 7.20561923582e-06 9.00702344826e-06 9.60749171792e-06 8.60671166617e-06 9.00702344826e-06 8.80686755722e-06 8.20639928757e-06 8.60671166617e-06
7.60593101791e-06 8.20639928757e-06 6.20483858756e-06 6.60515096617e-06 7.00546274826e-06 4.60358996791e-06 4.40343377861e-06 4.40343377861e-06 5.60437031791e-06 3.80296550896e-06 4.80374585896e-06 4.00312169826e-06 6.80530685722e-06 4.80374585896e-06 4.00312169826e-06 6.60515096617e-06 6.20483858756e-06 5.80452620896e-06 6.80530685722e-06 6.00468269652e-06 6.80530685722e-06 7.60593101791e-06 6.40499447861e-06 6.60515096617e-06 5.60437031791e-06 7.20561923582e-06 7.60593101791e-06 9.80764820547e-06 8.20639928757e-06 7.40577512687e-06 1.02079599876e-05 7.20561923582e-06 7.20561923582e-06 7.80608690896e-06 7.80608690896e-06 7.40577512687e-06 7.20561923582e-06 8.00624339652e-06 7.60593101791e-06 8.00624339652e-06 9.00702344826e-06 7.40577512687e-06 7.80608690896e-06 7.60593101791e-06 7.40577512687e-06 7.60593101791e-06 7.80608690896e-06 9.00702344826e-06 8.80686755722e-06 8.60671166617e-06
5.80452620896e-06 8.00624339652e-06 6.80530685722e-06 7.20561923582e-06 5.40421442687e-06 6.20483858756e-06 4.40343377861e-06 7.20561923582e-06 6.20483858756e-06 8.00624339652e-06 5.40421442687e-06 7.00546274826e-06 7.20561923582e-06 6.80530685722e-06 7.20561923582e-06 8.00624339652e-06 7.40577512687e-06 4.60358996791e-06 6.80530685722e-06 6.40499447861e-06 7.20561923582e-06 7.40577512687e-06 6.20483858756e-06 6.80530685722e-06 6.80530685722e-06 8.80686755722e-06 1.00078040965e-05 1.08084288537e-05 6.80530685722e-06 7.20561923582e-06 6.40499447861e-06 8.00624339652e-06 8.40655517861e-06 7.20561923582e-06 8.00624339652e-06 7.40577512687e-06 8.20639928757e-06 8.20639928757e-06 8.60671166617e-06 7.00546274826e-06 8.20639928757e-06 7.80608690896e-06 8.00624339652e-06 7.40577512687e-06 7.40577512687e-06 7.80608690896e-06 7.80608690896e-06 7.60593101791e-06 9.00702344826e-06 9.00702344826e-06
5.80452620896e-06 8.40655517861e-06 7.00546274826e-06 4.60358996791e-06 4.80374585896e-06 6.80530685722e-06 6.60515096617e-06 7.00546274826e-06 7.40577512687e-06 6.20483858756e-06 7.00546274826e-06 4.20327758931e-06 3.80296550896e-06 5.00390204826e-06 6.60515096617e-06 7.00546274826e-06 6.60515096617e-06 3.80296550896e-06 6.80530685722e-06 5.80452620896e-06 6.60515096617e-06 7.20561923582e-06 6.00468269652e-06 5.60437031791e-06 7.80608690896e-06 6.60515096617e-06 1.00078040965e-05 9.00702344826e-06 8.20639928757e-06 6.60515096617e-06 1.02079599876e-05 1.04081158786e-05 1.04081158786e-05 1.00078040965e-05 9.00702344826e-06 8.60671166617e-06 9.00702344826e-06 8.20639928757e-06 8.00624339652e-06 8.00624339652e-06 9.20717993582e-06 8.80686755722e-06 8.40655517861e-06 7.60593101791e-06 9.00702344826e-06 8.60671166617e-06 8.40655517861e-06 8.80686755722e-06 8.40655517861e-06 7.80608690896e-06
8.60671166617e-06 7.00546274826e-06 7.20561923582e-06 6.80530685722e-06 7.60593101791e-06 5.00390204826e-06 6.00468269652e-06 6.80530685722e-06 7.40577512687e-06 7.80608690896e-06 5.80452620896e-06 6.80530685722e-06 5.60437031791e-06 4.00312169826e-06 7.20561923582e-06 6.40499447861e-06 5.60437031791e-06 6.80530685722e-06 5.60437031791e-06 5.80452620896e-06 6.40499447861e-06 6.60515096617e-06 7.00546274826e-06 8.00624339652e-06 7.40577512687e-06 7.80608690896e-06 7.60593101791e-06 7.60593101791e-06 6.60515096617e-06 8.20639928757e-06 7.00546274826e-06 1.10085847448e-05 1.02079599876e-05 1.06082717697e-05 1.02079599876e-05 1.08084288537e-05 1.04081158786e-05 8.20639928757e-06 7.80608690896e-06 9.00702344826e-06 8.80686755722e-06 8.80686755722e-06 8.40655517861e-06 8.80686755722e-06 8.80686755722e-06 9.00702344826e-06 9.00702344826e-06 8.20639928757e-06 9.20717993582e-06 9.00702344826e-06
5.40421442687e-06 7.80608690896e-06 8.80686755722e-06 6.00468269652e-06 4.60358996791e-06 6.20483858756e-06 8.80686755722e-06 4.80374585896e-06 6.40499447861e-06 6.20483858756e-06 7.00546274826e-06 7.60593101791e-06 6.20483858756e-06 6.20483858756e-06 6.60515096617e-06 6.40499447861e-06 5.80452620896e-06 4.00312169826e-06 5.00390204826e-06 4.60358996791e-06 5.80452620896e-06 6.60515096617e-06 6.40499447861e-06 7.00546274826e-06 6.60515096617e-06 8.00624339652e-06 6.60515096617e-06 6.60515096617e-06 8.20639928757e-06 8.20639928757e-06 7.00546274826e-06 7.00546274826e-06 7.60593101791e-06 6.60515096617e-06 1.12087406358e-05 7.80608690896e-06 9.40733582687e-06 9.00702344826e-06 8.80686755722e-06 9.40733582687e-06 8.80686755722e-06 8.60671166617e-06 1.12087406358e-05 1.04081158786e-05 8.60671166617e-06 9.00702344826e-06 9.00702344826e-06 9.20717993582e-06 1.06082717697e-05 1.08084288537e-05
7.40577512687e-06 7.80608690896e-06 4.40343377861e-06 6.20483858756e-06 8.20639928757e-06 6.60515096617e-06 6.80530685722e-06 4.80374585896e-06 6.00468269652e-06 5.80452620896e-06 7.80608690896e-06 7.00546274826e-06 7.40577512687e-06 7.60593101791e-06 6.60515096617e-06 7.20561923582e-06 7.00546274826e-06 4.00312169826e-06 6.80530685722e-06 6.00468269652e-06 6.40499447861e-06 7.40577512687e-06 8.00624339652e-06 7.40577512687e-06 6.80530685722e-06 6.40499447861e-06 5.80452620896e-06 6.80530685722e-06 6.80530685722e-06 7.80608690896e-06 7.60593101791e-06 1.02079599876e-05 8.80686755722e-06 7.20561923582e-06 7.60593101791e-06 7.20561923582e-06 8.20639928757e-06 9.20717993582e-06 1.10085847448e-05 8.80686755722e-06 8.60671166617e-06 9.20717993582e-06 9.00702344826e-06 9.00702344826e-06 9.20717993582e-06 8.60671166617e-06 9.20717993582e-06 9.40733582687e-06 9.40733582687e-06 9.20717993582e-06
8.80686755722e-06 9.20717993582e-06 8.60671166617e-06 7.60593101791e-06 6.80530685722e-06 6.80530685722e-06 5.00390204826e-06 8.00624339652e-06 3.80296550896e-06 6.60515096617e-06 6.60515096617e-06 7.40577512687e-06 7.40577512687e-06 6.40499447861e-06 6.40499447861e-06 6.40499447861e-06 4.00312169826e-06 6.60515096617e-06 6.20483858756e-06 4.80374585896e-06 6.80530685722e-06 6.60515096617e-06 6.60515096617e-06 8.00624339652e-06 6.20483858756e-06 7.20561923582e-06 4.00312169826e-06 7.60593101791e-06 7.60593101791e-06 8.00624339652e-06 8.20639928757e-06 8.00624339652e-06 1.04081158786e-05 9.20717993582e-06 8.20639928757e-06 7.60593101791e-06 8.80686755722e-06 1.12087406358e-05 1.12087406358e-05 8.80686755722e-06 8.40655517861e-06 7.60593101791e-06 7.80608690896e-06 7.80608690896e-06 9.40733582687e-06 9.20717993582e-06 9.20717993582e-06 8.00624339652e-06 8.00624339652e-06 7.80608690896e-06
