ExampleFiles/niche_background/models/RF/normalized_grids/Anolis_coelestinus_0.asc
ncols        743
nrows        319
xllcorner    -74.500956448335
yllcorner    17.448920549066
cellsize     0.008333333333
NODATA_value  -9999
[rows 161 to 183 of 318, columns 400 to 449 of 743]
8.80686755722e-06 8.80686755722e-06 1.04081158786e-05 1.00078040965e-05 1.06082717697e-05 9.00702344826e-06 9.20717993582e-06 8.60671166617e-06 8.60671166617e-06 8.40655517861e-06 7.60593101791e-06 9.60749171792e-06 7.80608690896e-06 9.60749171792e-06 1.06082717697e-05 7.00546274826e-06 8.40655517861e-06 8.80686755722e-06 7.60593101791e-06 6.00468269652e-06 7.40577512687e-06 7.80608690896e-06 6.40499447861e-06 7.00546274826e-06 6.40499447861e-06 8.20639928757e-06 9.20717993582e-06 1.00078040965e-05 1.24096771751e-05 1.30101448483e-05 9.60749171792e-06 1.06082717697e-05 1.24096771751e-05 1.1809208309e-05 1.12087406358e-05 1.1809208309e-05 1.10085847448e-05 1.00078040965e-05 1.10085847448e-05 1.14088965269e-05 6.40499447861e-06 6.60515096617e-06 1.12087406358e-05 6.60515096617e-06 6.20483858756e-06 6.40499447861e-06 6.20483858756e-06 6.60515096617e-06 6.80530685722e-06 7.00546274826e-06
9.40733582687e-06 8.40655517861e-06 8.60671166617e-06 1.00078040965e-05 1.06082717697e-05 9.40733582687e-06 9.40733582687e-06 1.02079599876e-05 9.80764820547e-06 6.80530685722e-06 9.20717993582e-06 1.12087406358e-05 7.20561923582e-06 8.60671166617e-06 7.00546274826e-06 7.60593101791e-06 1.08084288537e-05 7.60593101791e-06 1.14088965269e-05 8.60671166617e-06 8.00624339652e-06 7.20561923582e-06 7.80608690896e-06 1.1809208309e-05 1.02079599876e-05 1.00078040965e-05 1.06082717697e-05 1.06082717697e-05 1.06082717697e-05 8.20639928757e-06 1.12087406358e-05 1.06082717697e-05 1.10085847448e-05 8.40655517861e-06 7.00546274826e-06 9.20717993582e-06 1.14088965269e-05 1.24096771751e-05 1.16090524179e-05 1.08084288537e-05 1.1809208309e-05 1.1809208309e-05 1.14088965269e-05 1.2009365393e-05 6.60515096617e-06 7.00546274826e-06 7.00546274826e-06 6.40499447861e-06 6.80530685722e-06 7.60593101791e-06
1.00078040965e-05 1.00078040965e-05 1.06082717697e-05 1.06082717697e-05 9.00702344826e-06 9.60749171792e-06 9.80764820547e-06 1.00078040965e-05 1.06082717697e-05 9.00702344826e-06 9.00702344826e-06 7.80608690896e-06 7.20561923582e-06 9.80764820547e-06 1.14088965269e-05 1.04081158786e-05 9.60749171792e-06 6.80530685722e-06 7.20561923582e-06 1.16090524179e-05 1.28099889572e-05 8.80686755722e-06 8.40655517861e-06 6.80530685722e-06 9.60749171792e-06 8.80686755722e-06 1.56121738179e-05 9.00702344826e-06 1.22095212841e-05 7.00546274826e-06 1.34104578234e-05 1.14088965269e-05 1.1809208309e-05 1.00078040965e-05 1.12087406358e-05 6.00468269652e-06 6.20483858756e-06 1.08084288537e-05 1.10085847448e-05 1.00078040965e-05 1.12087406358e-05 1.10085847448e-05 1.10085847448e-05 6.80530685722e-06 7.00546274826e-06 6.40499447861e-06 6.20483858756e-06 6.60515096617e-06 6.60515096617e-06 7.40577512687e-06
9.40733582687e-06 9.40733582687e-06 9.00702344826e-06 9.00702344826e-06 9.40733582687e-06 9.20717993582e-06 8.80686755722e-06 9.40733582687e-06 1.04081158786e-05 1.06082717697e-05 9.60749171792e-06 1.04081158786e-05 7.20561923582e-06 1.12087406358e-05 1.2009365393e-05 1.12087406358e-05 1.08084288537e-05 1.16090524179e-05 1.34104578234e-05 1.14088965269e-05 1.32103019323e-05 9.00702344826e-06 1.08084288537e-05 1.38107696055e-05 9.40733582687e-06 9.80764820547e-06 9.60749171792e-06 1.04081158786e-05 8.00624339652e-06 9.40733582687e-06 9.80764820547e-06 1.24096771751e-05 9.20717993582e-06 6.60515096617e-06 7.00546274826e-06 6.40499447861e-06 7.20561923582e-06 6.20483858756e-06 6.40499447861e-06 6.20483858756e-06 7.00546274826e-06 1.10085847448e-05 9.40733582687e-06 6.20483858756e-06 6.60515096617e-06 6.80530685722e-06 6.80530685722e-06 6.60515096617e-06 6.80530685722e-06 8.20639928757e-06
1.04081158786e-05 1.06082717697e-05 1.04081158786e-05 9.60749171792e-06 1.04081158786e-05 9.20717993582e-06 9.00702344826e-06 9.20717993582e-06 1.06082717697e-05 1.04081158786e-05 1.02079599876e-05 9.80764820547e-06 6.80530685722e-06 1.06082717697e-05 1.00078040965e-05 1.02079599876e-05 7.60593101791e-06 8.40655517861e-06 9.60749171792e-06 8.80686755722e-06 8.00624339652e-06 1.26098330662e-05 1.04081158786e-05 1.54120179269e-05 1.02079599876e-05 1.50117061448e-05 1.36106137144e-05 9.60749171792e-06 1.30101448483e-05 1.44112384716e-05 1.1809208309e-05 1.16090524179e-05 1.1809208309e-05 1.10085847448e-05 6.60515096617e-06 5.80452620896e-06 7.00546274826e-06 6.60515096617e-06 6.80530685722e-06 6.40499447861e-06 7.00546274826e-06 6.40499447861e-06 8.80686755722e-06 9.60749171792e-06 6.60515096617e-06 6.80530685722e-06 7.20561923582e-06 7.00546274826e-06 7.40577512687e-06 7.00546274826e-06
9.80764820547e-06 9.80764820547e-06 9.60749171792e-06 9.40733582687e-06 1.2009365393e-05 9.60749171792e-06 1.04081158786e-05 9.80764820547e-06 1.00078040965e-05 9.20717993582e-06 1.10085847448e-05 1.14088965269e-05 9.40733582687e-06 7.40577512687e-06 1.40109254965e-05 1.10085847448e-05 1.28099889572e-05 9.80764820547e-06 1.00078040965e-05 1.10085847448e-05 1.54120179269e-05 1.26098330662e-05 1.50117061448e-05 1.22095212841e-05 1.42110813876e-05 1.36106137144e-05 1.04081158786e-05 1.34104578234e-05 1.62126426841e-05 1.36106137144e-05 1.14088965269e-05 8.80686755722e-06 1.24096771751e-05 7.20561923582e-06 6.40499447861e-06 6.00468269652e-06 5.40421442687e-06 7.40577512687e-06 6.60515096617e-06 6.00468269652e-06 5.80452620896e-06 6.20483858756e-06 6.80530685722e-06 8.80686755722e-06 6.60515096617e-06 7.40577512687e-06 7.40577512687e-06 7.40577512687e-06 7.40577512687e-06 7.00546274826e-06
1.04081158786e-05 9.80764820547e-06 1.06082717697e-05 9.60749171792e-06 1.00078040965e-05 9.40733582687e-06 1.16090524179e-05 1.00078040965e-05 9.60749171792e-06 8.80686755722e-06 1.16090524179e-05 1.30101448483e-05 1.30101448483e-05 1.06082717697e-05 7.80608690896e-06 1.02079599876e-05 9.20717993582e-06 1.12087406358e-05 1.16090524179e-05 1.34104578234e-05 1.40109254965e-05 1.10085847448e-05 1.1809208309e-05 1.32103019323e-05 1.74135792234e-05 1.46113943627e-05 1.08084288537e-05 1.56121738179e-05 1.56121738179e-05 1.50117061448e-05 1.26098330662e-05 1.14088965269e-05 1.16090524179e-05 7.00546274826e-06 1.24096771751e-05 6.40499447861e-06 7.00546274826e-06 7.00546274826e-06 6.80530685722e-06 7.40577512687e-06 6.40499447861e-06 7.00546274826e-06 1.10085847448e-05 7.60593101791e-06 6.20483858756e-06 7.00546274826e-06 5.80452620896e-06 7.40577512687e-06 7.60593101791e-06 6.80530685722e-06
9.20717993582e-06 9.40733582687e-06 7.80608690896e-06 1.02079599876e-05 1.10085847448e-05 1.10085847448e-05 1.12087406358e-05 1.08084288537e-05 9.20717993582e-06 1.02079599876e-05 1.06082717697e-05 1.02079599876e-05 1.10085847448e-05 1.10085847448e-05 1.02079599876e-05 1.30101448483e-05 9.40733582687e-06 1.32103019323e-05 1.06082717697e-05 1.16090524179e-05 1.36106137144e-05 1.40109254965e-05 8.80686755722e-06 1.36106137144e-05 1.76137351144e-05 1.40109254965e-05 1.52118620358e-05 1.08084288537e-05 1.6012486793e-05 1.26098330662e-05 1.2009365393e-05 1.26098330662e-05 1.22095212841e-05 7.20561923582e-06 6.20483858756e-06 6.60515096617e-06 6.40499447861e-06 6.40499447861e-06 7.80608690896e-06 7.40577512687e-06 7.40577512687e-06 6.60515096617e-06 6.00468269652e-06 1.2009365393e-05 1.12087406358e-05 8.40655517861e-06 7.00546274826e-06 6.60515096617e-06 5.80452620896e-06 7.00546274826e-06
8.80686755722e-06 8.40655517861e-06 1.02079599876e-05 1.00078040965e-05 8.60671166617e-06 9.40733582687e-06 1.04081158786e-05 9.80764820547e-06 1.06082717697e-05 1.08084288537e-05 1.22095212841e-05 1.16090524179e-05 1.1809208309e-05 1.26098330662e-05 1.16090524179e-05 1.26098330662e-05 1.02079599876e-05 1.30101448483e-05 1.28099889572e-05 1.22095212841e-05 1.40109254965e-05 1.28099889572e-05 1.46113943627e-05 1.26098330662e-05 1.50117061448e-05 1.76137351144e-05 1.12087406358e-05 1.12087406358e-05 1.34104578234e-05 1.46113943627e-05 1.36106137144e-05 1.22095212841e-05 1.24096771751e-05 1.22095212841e-05 1.04081158786e-05 6.20483858756e-06 6.60515096617e-06 6.80530685722e-06 7.20561923582e-06 7.40577512687e-06 7.00546274826e-06 5.80452620896e-06 6.60515096617e-06 6.60515096617e-06 6.80530685722e-06 6.60515096617e-06 9.20717993582e-06 6.80530685722e-06 6.20483858756e-06 6.20483858756e-06
9.80764820547e-06 1.00078040965e-05 9.20717993582e-06 9.00702344826e-06 9.00702344826e-06 1.08084288537e-05 1.02079599876e-05 1.00078040965e-05 1.12087406358e-05 1.16090524179e-05 1.36106137144e-05 1.24096771751e-05 1.26098330662e-05 1.26098330662e-05 1.26098330662e-05 1.12087406358e-05 1.2009365393e-05 1.36106137144e-05 1.46113943627e-05 1.2009365393e-05 1.62126426841e-05 1.64127985751e-05 1.44112384716e-05 1.12087406358e-05 1.38107696055e-05 1.48115502537e-05 1.30101448483e-05 1.10085847448e-05 1.42110813876e-05 1.62126426841e-05 1.48115502537e-05 1.2009365393e-05 1.04081158786e-05 1.2009365393e-05 7.00546274826e-06 7.00546274826e-06 6.60515096617e-06 7.40577512687e-06 7.40577512687e-06 7.20561923582e-06 6.20483858756e-06 6.20483858756e-06 6.40499447861e-06 6.80530685722e-06 6.20483858756e-06 6.60515096617e-06 7.20561923582e-06 6.80530685722e-06 6.60515096617e-06 6.60515096617e-06
8.40655517861e-06 8.60671166617e-06 9.20717993582e-06 1.00078040965e-05 1.28099889572e-05 1.00078040965e-05 9.60749171792e-06 1.16090524179e-05 8.80686755722e-06 1.24096771751e-05 1.2009365393e-05 1.2009365393e-05 1.30101448483e-05 1.32103019323e-05 1.14088965269e-05 1.78138910055e-05 1.42110813876e-05 1.2009365393e-05 1.2009365393e-05 1.30101448483e-05 1.26098330662e-05 1.16090524179e-05 1.30101448483e-05 1.36106137144e-05 1.40109254965e-05 1.12087406358e-05 1.44112384716e-05 1.56121738179e-05 1.70132674413e-05 1.54120179269e-05 1.34104578234e-05 1.22095212841e-05 7.00546274826e-06 1.1809208309e-05 1.2009365393e-05 1.14088965269e-05 6.60515096617e-06 6.60515096617e-06 7.20561923582e-06 7.20561923582e-06 7.40577512687e-06 7.20561923582e-06 6.60515096617e-06 6.40499447861e-06 5.80452620896e-06 6.60515096617e-06 6.00468269652e-06 6.40499447861e-06 6.40499447861e-06 6.60515096617e-06
8.00624339652e-06 1.04081158786e-05 8.60671166617e-06 1.12087406358e-05 1.12087406358e-05 8.60671166617e-06 1.22095212841e-05 1.2009365393e-05 1.24096771751e-05 1.40109254965e-05 1.40109254965e-05 1.22095212841e-05 1.32103019323e-05 1.1809208309e-05 1.12087406358e-05 1.32103019323e-05 1.42110813876e-05 1.36106137144e-05 1.30101448483e-05 1.26098330662e-05 1.28099889572e-05 1.38107696055e-05 1.16090524179e-05 1.40109254965e-05 1.1809208309e-05 1.02079599876e-05 1.08084288537e-05 1.82142039806e-05 1.68131103572e-05 1.46113943627e-05 1.1809208309e-05 1.24096771751e-05 1.16090524179e-05 6.60515096617e-06 9.80764820547e-06 7.00546274826e-06 6.80530685722e-06 6.80530685722e-06 6.40499447861e-06 7.80608690896e-06 7.20561923582e-06 7.40577512687e-06 6.40499447861e-06 6.20483858756e-06 7.40577512687e-06 6.80530685722e-06 6.20483858756e-06 6.40499447861e-06 6.60515096617e-06 5.80452620896e-06
9.20717993582e-06 1.06082717697e-05 9.40733582687e-06 9.20717993582e-06 9.40733582687e-06 9.80764820547e-06 1.44112384716e-05 1.28099889572e-05 1.14088965269e-05 1.5812330902e-05 9.00702344826e-06 1.22095212841e-05 1.50117061448e-05 1.40109254965e-05 1.36106137144e-05 1.28099889572e-05 1.12087406358e-05 1.30101448483e-05 1.48115502537e-05 1.38107696055e-05 1.26098330662e-05 1.28099889572e-05 1.34104578234e-05 1.56121738179e-05 1.34104578234e-05 1.76137351144e-05 1.80140468965e-05 1.48115502537e-05 1.36106137144e-05 1.6012486793e-05 1.62126426841e-05 1.70132674413e-05 1.40109254965e-05 9.20717993582e-06 6.40499447861e-06 6.40499447861e-06 6.20483858756e-06 7.00546274826e-06 6.80530685722e-06 6.80530685722e-06 6.60515096617e-06 7.20561923582e-06 6.80530685722e-06 6.40499447861e-06 6.20483858756e-06 7.20561923582e-06 5.80452620896e-06 7.20561923582e-06 6.80530685722e-06 6.40499447861e-06
9.60749171792e-06 9.60749171792e-06 1.02079599876e-05 1.12087406358e-05 1.26098330662e-05 1.08084288537e-05 1.36106137144e-05 1.06082717697e-05 1.54120179269e-05 1.44112384716e-05 1.16090524179e-05 1.08084288537e-05 1.26098330662e-05 1.22095212841e-05 1.28099889572e-05 1.08084288537e-05 1.26098330662e-05 1.1809208309e-05 1.46113943627e-05 1.30101448483e-05 1.28099889572e-05 1.34104578234e-05 1.38107696055e-05 1.36106137144e-05 1.62126426841e-05 1.46113943627e-05 1.70132674413e-05 1.76137351144e-05 1.68131103572e-05 1.62126426841e-05 1.70132674413e-05 1.76137351144e-05 1.10085847448e-05 1.64127985751e-05 1.48115502537e-05 1.24096771751e-05 9.60749171792e-06 9.00702344826e-06 7.00546274826e-06 7.60593101791e-06 6.40499447861e-06 6.20483858756e-06 6.60515096617e-06 6.60515096617e-06 6.60515096617e-06 7.00546274826e-06 6.80530685722e-06 6.80530685722e-06 5.40421442687e-06 7.40577512687e-06
1.04081158786e-05 9.40733582687e-06 1.04081158786e-05 1.12087406358e-05 1.08084288537e-05 1.42110813876e-05 1.38107696055e-05 9.60749171792e-06 1.1809208309e-05 1.48115502537e-05 1.02079599876e-05 1.24096771751e-05 1.30101448483e-05 1.40109254965e-05 1.42110813876e-05 1.42110813876e-05 1.76137351144e-05 1.42110813876e-05 1.76137351144e-05 1.1809208309e-05 1.42110813876e-05 1.52118620358e-05 1.52118620358e-05 1.76137351144e-05 1.46113943627e-05 1.50117061448e-05 1.46113943627e-05 1.1809208309e-05 1.86145157627e-05 1.68131103572e-05 1.5812330902e-05 1.44112384716e-05 1.66129544662e-05 1.68131103572e-05 1.5812330902e-05 1.48115502537e-05 1.34104578234e-05 6.80530685722e-06 7.00546274826e-06 7.20561923582e-06 7.20561923582e-06 5.80452620896e-06 6.60515096617e-06 6.00468269652e-06 7.20561923582e-06 6.00468269652e-06 7.00546274826e-06 6.60515096617e-06 6.80530685722e-06 6.80530685722e-06
8.80686755722e-06 9.80764820547e-06 1.22095212841e-05 1.06082717697e-05 1.06082717697e-05 1.32103019323e-05 8.60671166617e-06 1.26098330662e-05 1.24096771751e-05 1.1809208309e-05 1.28099889572e-05 1.28099889572e-05 1.34104578234e-05 1.5812330902e-05 1.44112384716e-05 1.72134233323e-05 1.40109254965e-05 1.76137351144e-05 1.40109254965e-05 1.82142039806e-05 1.24096771751e-05 1.64127985751e-05 1.48115502537e-05 1.34104578234e-05 1.6012486793e-05 1.76137351144e-05 1.76137351144e-05 1.86145157627e-05 1.76137351144e-05 1.78138910055e-05 1.84143598716e-05 1.46113943627e-05 1.44112384716e-05 1.70132674413e-05 1.70132674413e-05 1.66129544662e-05 1.44112384716e-05 7.20561923582e-06 6.40499447861e-06 7.00546274826e-06 7.20561923582e-06 6.60515096617e-06 7.20561923582e-06 6.40499447861e-06 6.00468269652e-06 6.00468269652e-06 7.20561923582e-06 6.00468269652e-06 6.40499447861e-06 6.60515096617e-06
1.30101448483e-05 9.00702344826e-06 1.1809208309e-05 1.30101448483e-05 8.40655517861e-06 1.48115502537e-05 1.1809208309e-05 1.40109254965e-05 1.44112384716e-05 1.24096771751e-05 1.5812330902e-05 1.38107696055e-05 1.64127985751e-05 1.72134233323e-05 1.44112384716e-05 1.84143598716e-05 1.76137351144e-05 1.42110813876e-05 1.26098330662e-05 1.28099889572e-05 1.54120179269e-05 1.32103019323e-05 1.72134233323e-05 1.64127985751e-05 1.6012486793e-05 1.80140468965e-05 1.84143598716e-05 1.84143598716e-05 1.78138910055e-05 1.78138910055e-05 1.34104578234e-05 1.88146716537e-05 1.62126426841e-05 1.56121738179e-05 1.5812330902e-05 1.76137351144e-05 1.32103019323e-05 9.40733582687e-06 1.2009365393e-05 6.40499447861e-06 6.00468269652e-06 6.40499447861e-06 5.80452620896e-06 6.20483858756e-06 7.20561923582e-06 6.40499447861e-06 6.40499447861e-06 6.60515096617e-06 6.80530685722e-06 6.80530685722e-06
1.02079599876e-05 1.28099889572e-05 1.12087406358e-05 1.40109254965e-05 1.1809208309e-05 1.00078040965e-05 1.62126426841e-05 1.08084288537e-05 9.80764820547e-06 1.54120179269e-05 1.34104578234e-05 1.50117061448e-05 1.32103019323e-05 1.50117061448e-05 1.70132674413e-05 1.76137351144e-05 1.76137351144e-05 1.70132674413e-05 1.66129544662e-05 1.74135792234e-05 1.38107696055e-05 1.42110813876e-05 1.72134233323e-05 1.5812330902e-05 1.5812330902e-05 1.74135792234e-05 1.44112384716e-05 1.86145157627e-05 1.34104578234e-05 1.84143598716e-05 1.76137351144e-05 1.76137351144e-05 1.54120179269e-05 1.70132674413e-05 1.56121738179e-05 1.50117061448e-05 8.40655517861e-06 1.22095212841e-05 7.00546274826e-06 7.60593101791e-06 6.20483858756e-06 7.00546274826e-06 7.20561923582e-06 1.06082717697e-05 6.40499447861e-06 6.40499447861e-06 9.60749171792e-06 6.60515096617e-06 6.60515096617e-06 6.40499447861e-06
8.80686755722e-06 9.40733582687e-06 1.02079599876e-05 1.5812330902e-05 9.20717993582e-06 1.24096771751e-05 1.08084288537e-05 1.28099889572e-05 1.26098330662e-05 1.26098330662e-05 1.32103019323e-05 1.38107696055e-05 1.10085847448e-05 1.62126426841e-05 1.30101448483e-05 1.76137351144e-05 1.74135792234e-05 1.76137351144e-05 1.72134233323e-05 1.48115502537e-05 1.72134233323e-05 1.74135792234e-05 1.78138910055e-05 1.74135792234e-05 1.38107696055e-05 1.70132674413e-05 1.72134233323e-05 1.76137351144e-05 1.82142039806e-05 1.80140468965e-05 1.82142039806e-05 1.90148275448e-05 1.68131103572e-05 1.54120179269e-05 1.06082717697e-05 1.44112384716e-05 1.32103019323e-05 1.24096771751e-05 6.80530685722e-06 6.40499447861e-06 6.40499447861e-06 6.60515096617e-06 6.20483858756e-06 1.24096771751e-05 6.80530685722e-06 7.40577512687e-06 7.00546274826e-06 6.20483858756e-06 7.20561923582e-06 7.00546274826e-06
8.60671166617e-06 1.00078040965e-05 1.30101448483e-05 1.08084288537e-05 9.20717993582e-06 1.24096771751e-05 1.26098330662e-05 1.24096771751e-05 1.04081158786e-05 1.32103019323e-05 1.40109254965e-05 1.6012486793e-05 1.80140468965e-05 1.78138910055e-05 1.76137351144e-05 1.76137351144e-05 1.76137351144e-05 1.78138910055e-05 1.34104578234e-05 1.44112384716e-05 1.36106137144e-05 1.80140468965e-05 1.74135792234e-05 1.74135792234e-05 1.72134233323e-05 1.76137351144e-05 1.72134233323e-05 1.78138910055e-05 1.78138910055e-05 1.70132674413e-05 1.72134233323e-05 1.80140468965e-05 1.80140468965e-05 1.74135792234e-05 1.64127985751e-05 1.76137351144e-05 1.64127985751e-05 1.10085847448e-05 1.04081158786e-05 6.20483858756e-06 6.60515096617e-06 6.80530685722e-06 6.60515096617e-06 1.50117061448e-05 1.42110813876e-05 6.40499447861e-06 6.00468269652e-06 6.40499447861e-06 1.2009365393e-05 6.80530685722e-06
1.12087406358e-05 9.40733582687e-06 1.56121738179e-05 1.10085847448e-05 1.22095212841e-05 1.28099889572e-05 1.48115502537e-05 1.40109254965e-05 1.30101448483e-05 1.66129544662e-05 1.68131103572e-05 1.76137351144e-05 1.76137351144e-05 1.74135792234e-05 1.38107696055e-05 1.76137351144e-05 1.62126426841e-05 1.76137351144e-05 1.74135792234e-05 1.70132674413e-05 1.74135792234e-05 1.70132674413e-05 1.38107696055e-05 1.68131103572e-05 1.78138910055e-05 1.76137351144e-05 1.80140468965e-05 1.70132674413e-05 1.74135792234e-05 1.82142039806e-05 1.72134233323e-05 1.76137351144e-05 1.82142039806e-05 1.86145157627e-05 1.82142039806e-05 1.64127985751e-05 1.74135792234e-05 1.54120179269e-05 1.2009365393e-05 6.40499447861e-06 6.20483858756e-06 6.60515096617e-06 6.80530685722e-06 7.00546274826e-06 1.44112384716e-05 1.48115502537e-05 1.36106137144e-05 1.28099889572e-05 1.1809208309e-05 6.00468269652e-06
1.10085847448e-05 1.6012486793e-05 1.5812330902e-05 1.24096771751e-05 1.22095212841e-05 1.06082717697e-05 1.12087406358e-05 1.14088965269e-05 1.16090524179e-05 1.40109254965e-05 1.64127985751e-05 1.5812330902e-05 1.66129544662e-05 1.68131103572e-05 1.66129544662e-05 1.80140468965e-05 1.70132674413e-05 1.76137351144e-05 1.74135792234e-05 1.70132674413e-05 1.66129544662e-05 1.64127985751e-05 1.70132674413e-05 1.70132674413e-05 1.42110813876e-05 1.70132674413e-05 1.84143598716e-05 1.86145157627e-05 1.74135792234e-05 1.72134233323e-05 1.70132674413e-05 1.76137351144e-05 1.86145157627e-05 1.74135792234e-05 1.76137351144e-05 1.5812330902e-05 1.56121738179e-05 1.48115502537e-05 1.48115502537e-05 1.02079599876e-05 9.40733582687e-06 1.1809208309e-05 9.60749171792e-06 6.80530685722e-06 1.46113943627e-05 1.10085847448e-05 1.70132674413e-05 1.66129544662e-05 1.42110813876e-05 1.1809208309e-05
1.62126426841e-05 1.16090524179e-05 1.04081158786e-05 9.40733582687e-06 1.08084288537e-05 1.52118620358e-05 1.16090524179e-05 1.48115502537e-05 1.44112384716e-05 1.5812330902e-05 1.46113943627e-05 1.48115502537e-05 1.66129544662e-05 1.64127985751e-05 1.74135792234e-05 1.80140468965e-05 1.72134233323e-05 1.64127985751e-05 1.68131103572e-05 1.72134233323e-05 1.72134233323e-05 1.76137351144e-05 1.68131103572e-05 1.70132674413e-05 1.68131103572e-05 1.76137351144e-05 1.76137351144e-05 1.36106137144e-05 1.54120179269e-05 1.80140468965e-05 1.72134233323e-05 1.80140468965e-05 1.78138910055e-05 1.74135792234e-05 1.74135792234e-05 1.74135792234e-05 1.74135792234e-05 1.62126426841e-05 1.6012486793e-05 1.52118620358e-05 1.38107696055e-05 1.14088965269e-05 1.34104578234e-05 1.50117061448e-05 7.00546274826e-06 7.60593101791e-06 6.80530685722e-06 7.40577512687e-06 1.46113943627e-05 1.32103019323e-05
