ExampleFiles/niche_background/models/RF/normalized_grids/Anolis_chlorocyanus_1.asc
ncols        743
nrows        319
xllcorner    -74.500956448335
yllcorner    17.448920549066
cellsize     0.008333333333
NODATA_value  -9999
[rows 184 to 206 of 318, columns 50 to 99 of 743]
1.13105868769e-05 1.14634324978e-05 1.22276615132e-05 1.03935122406e-05 1.26861983758e-05 1.02406666198e-05 6.72521369559e-06 6.57236807472e-06 1.34504273912e-05 1.08520491033e-05 1.31447361494e-05 1.40618107857e-05 1.06992034824e-05 1.08520491033e-05 1.25333527549e-05 1.08520491033e-05 1.06992034824e-05 1.43675020274e-05 4.58537318132e-06 3.20976099917e-06 4.27968148406e-06 4.27968148406e-06 -9999 -9999 -9999 -9999 -9999 -9999 -9999 -9999 -9999 -9999 -9999 -9999 -9999 -9999 -9999 -9999 -9999 -9999 -9999 -9999 -9999 -9999 6.11383075659e-06 5.19675612032e-06 5.19675612032e-06 5.3496017412e-06 5.04391049945e-06 4.89106442306e-06
1.19219693604e-05 1.13105868769e-05 1.14634324978e-05 1.1157741256e-05 1.05463578615e-05 1.16162781187e-05 1.19219693604e-05 1.16162781187e-05 2.90406952966e-06 1.37561186329e-05 1.34504273912e-05 1.34504273912e-05 1.36032730121e-05 1.42146564066e-05 1.40618107857e-05 1.32975817703e-05 1.36032730121e-05 1.28390439967e-05 1.37561186329e-05 1.16162781187e-05 3.51545269643e-06 5.80813905933e-06 1.16162781187e-05 1.37561186329e-05 1.42146564066e-05 1.39089651648e-05 1.2380507134e-05 1.42146564066e-05 1.42146564066e-05 1.17691237395e-05 3.3626068478e-06 -9999 -9999 -9999 -9999 -9999 -9999 -9999 -9999 -9999 -9999 -9999 -9999 5.04391049945e-06 5.19675612032e-06 8.40651734725e-06 5.19675612032e-06 5.80813905933e-06 -9999 -9999
1.13105868769e-05 1.10048956352e-05 1.05463578615e-05 1.13105868769e-05 1.20748158923e-05 1.2380507134e-05 1.34504273912e-05 6.41952199833e-06 9.32359198351e-06 1.36032730121e-05 1.32975817703e-05 1.17691237395e-05 1.02406666198e-05 1.03935122406e-05 1.19219693604e-05 1.17691237395e-05 1.19219693604e-05 1.17691237395e-05 1.39089651648e-05 1.37561186329e-05 1.45203476483e-05 1.37561186329e-05 1.46731932692e-05 1.31447361494e-05 1.08520491033e-05 1.03935122406e-05 1.43675020274e-05 9.32359198351e-06 1.46731932692e-05 1.37561186329e-05 1.42146564066e-05 1.1157741256e-05 9.62928322526e-06 -9999 -9999 -9999 -9999 -9999 -9999 -9999 -9999 -9999 -9999 -9999 5.19675612032e-06 5.04391049945e-06 5.50244781758e-06 5.04391049945e-06 -9999 -9999
1.05463578615e-05 1.14634324978e-05 1.17691237395e-05 1.1157741256e-05 9.47643760438e-06 1.14634324978e-05 1.16162781187e-05 1.32975817703e-05 1.36032730121e-05 1.37561186329e-05 1.42146564066e-05 1.45203476483e-05 1.34504273912e-05 9.78212884613e-06 9.78212884613e-06 1.05463578615e-05 9.62928322526e-06 1.34504273912e-05 1.45203476483e-05 1.40618107857e-05 1.43675020274e-05 9.62928322526e-06 1.26861983758e-05 9.78212884613e-06 9.934974467e-06 9.17074636264e-06 9.934974467e-06 9.47643760438e-06 9.47643760438e-06 1.05463578615e-05 1.45203476483e-05 1.40618107857e-05 1.45203476483e-05 1.02406666198e-05 8.71220858899e-06 -9999 -9999 -9999 -9999 -9999 3.20976099917e-06 1.1157741256e-05 6.41952199833e-06 -9999 -9999 -9999 -9999 -9999 -9999 -9999
1.13105868769e-05 1.16162781187e-05 9.01789983074e-06 9.62928322526e-06 1.17691237395e-05 1.1157741256e-05 1.02406666198e-05 1.16162781187e-05 1.39089651648e-05 1.39089651648e-05 1.39089651648e-05 1.40618107857e-05 1.40618107857e-05 1.42146564066e-05 1.45203476483e-05 1.45203476483e-05 1.45203476483e-05 1.40618107857e-05 1.43675020274e-05 1.43675020274e-05 1.42146564066e-05 1.48260398011e-05 1.20748158923e-05 9.62928322526e-06 9.62928322526e-06 9.934974467e-06 9.78212884613e-06 9.32359198351e-06 9.01789983074e-06 9.62928322526e-06 1.02406666198e-05 9.78212884613e-06 1.06992034824e-05 1.20748158923e-05 1.31447361494e-05 8.71220858899e-06 4.73821880219e-06 1.02406666198e-05 1.22276615132e-05 1.16162781187e-05 1.1157741256e-05 1.14634324978e-05 1.31447361494e-05 1.26861983758e-05 1.06992034824e-05 1.22276615132e-05 1.25333527549e-05 1.13105868769e-05 1.05463578615e-05 8.40651734725e-06
1.19219693604e-05 1.06992034824e-05 1.14634324978e-05 1.1157741256e-05 1.25333527549e-05 1.40618107857e-05 8.40651734725e-06 1.17691237395e-05 1.19219693604e-05 1.37561186329e-05 1.40618107857e-05 1.37561186329e-05 1.39089651648e-05 1.39089651648e-05 1.40618107857e-05 1.39089651648e-05 1.46731932692e-05 1.37561186329e-05 1.36032730121e-05 1.43675020274e-05 1.46731932692e-05 1.42146564066e-05 1.46731932692e-05 8.71220858899e-06 9.32359198351e-06 9.17074636264e-06 9.01789983074e-06 9.62928322526e-06 9.17074636264e-06 9.32359198351e-06 9.01789983074e-06 9.32359198351e-06 8.71220858899e-06 9.17074636264e-06 9.47643760438e-06 9.78212884613e-06 1.34504273912e-05 1.36032730121e-05 1.20748158923e-05 1.06992034824e-05 9.62928322526e-06 1.02406666198e-05 1.00878209989e-05 9.17074636264e-06 9.62928322526e-06 1.03935122406e-05 1.14634324978e-05 1.05463578615e-05 1.13105868769e-05 1.06992034824e-05
1.17691237395e-05 9.934974467e-06 1.05463578615e-05 1.00878209989e-05 9.78212884613e-06 1.08520491033e-05 1.06992034824e-05 1.26861983758e-05 1.05463578615e-05 1.22276615132e-05 1.14634324978e-05 9.934974467e-06 1.2380507134e-05 1.31447361494e-05 1.43675020274e-05 1.40618107857e-05 1.45203476483e-05 1.40618107857e-05 1.46731932692e-05 1.39089651648e-05 1.46731932692e-05 1.46731932692e-05 1.14634324978e-05 9.32359198351e-06 9.01789983074e-06 9.17074636264e-06 9.01789983074e-06 9.62928322526e-06 8.86505420986e-06 9.01789983074e-06 1.00878209989e-05 7.9479795736e-06 8.86505420986e-06 8.86505420986e-06 9.17074636264e-06 8.86505420986e-06 9.01789983074e-06 9.934974467e-06 9.78212884613e-06 9.47643760438e-06 8.10082519447e-06 7.79513395273e-06 8.10082519447e-06 7.48944271098e-06 1.1157741256e-05 8.71220858899e-06 1.00878209989e-05 8.25367172638e-06 1.03935122406e-05 7.9479795736e-06
1.25333527549e-05 1.02406666198e-05 1.02406666198e-05 9.78212884613e-06 1.05463578615e-05 1.40618107857e-05 1.06992034824e-05 7.9479795736e-06 7.3365966346e-06 7.79513395273e-06 8.10082519447e-06 1.06992034824e-05 1.02406666198e-05 1.1157741256e-05 1.2380507134e-05 1.31447361494e-05 1.25333527549e-05 1.42146564066e-05 1.42146564066e-05 1.37561186329e-05 1.46731932692e-05 1.46731932692e-05 1.46731932692e-05 9.78212884613e-06 8.86505420986e-06 8.40651734725e-06 9.01789983074e-06 8.86505420986e-06 8.55936296812e-06 7.64228833186e-06 7.79513395273e-06 8.10082519447e-06 9.01789983074e-06 8.10082519447e-06 9.17074636264e-06 8.40651734725e-06 9.17074636264e-06 8.40651734725e-06 8.71220858899e-06 8.10082519447e-06 9.32359198351e-06 1.02406666198e-05 1.16162781187e-05 1.02406666198e-05 1.06992034824e-05 7.18375101372e-06 8.10082519447e-06 9.47643760438e-06 1.02406666198e-05 -9999
9.32359198351e-06 6.87805931646e-06 9.17074636264e-06 7.64228833186e-06 1.03935122406e-05 1.34504273912e-05 1.08520491033e-05 1.08520491033e-05 8.25367172638e-06 7.79513395273e-06 8.55936296812e-06 8.86505420986e-06 1.08520491033e-05 1.13105868769e-05 1.17691237395e-05 8.71220858899e-06 9.47643760438e-06 9.17074636264e-06 1.31447361494e-05 1.42146564066e-05 1.48260398011e-05 1.43675020274e-05 1.43675020274e-05 1.48260398011e-05 1.48260398011e-05 1.05463578615e-05 1.16162781187e-05 9.934974467e-06 1.03935122406e-05 1.43675020274e-05 8.71220858899e-06 9.01789983074e-06 8.25367172638e-06 8.71220858899e-06 7.79513395273e-06 1.00878209989e-05 9.01789983074e-06 8.71220858899e-06 7.18375101372e-06 7.79513395273e-06 1.03935122406e-05 1.1157741256e-05 9.78212884613e-06 8.40651734725e-06 7.9479795736e-06 8.55936296812e-06 7.79513395273e-06 1.02406666198e-05 8.71220858899e-06 4.73821880219e-06
5.9609846802e-06 5.04391049945e-06 5.50244781758e-06 4.58537318132e-06 1.14634324978e-05 9.01789983074e-06 9.32359198351e-06 6.87805931646e-06 9.934974467e-06 8.71220858899e-06 9.17074636264e-06 7.18375101372e-06 7.18375101372e-06 8.40651734725e-06 7.48944271098e-06 7.18375101372e-06 1.1157741256e-05 1.02406666198e-05 8.25367172638e-06 9.01789983074e-06 8.40651734725e-06 8.10082519447e-06 9.17074636264e-06 8.86505420986e-06 1.28390439967e-05 1.32975817703e-05 7.79513395273e-06 8.25367172638e-06 8.40651734725e-06 8.55936296812e-06 8.55936296812e-06 7.18375101372e-06 8.71220858899e-06 8.40651734725e-06 7.64228833186e-06 7.48944271098e-06 8.71220858899e-06 9.32359198351e-06 9.78212884613e-06 8.55936296812e-06 7.3365966346e-06 9.01789983074e-06 8.25367172638e-06 9.934974467e-06 7.79513395273e-06 9.17074636264e-06 7.03090539285e-06 7.48944271098e-06 6.26667637746e-06 6.87805931646e-06
5.50244781758e-06 6.57236807472e-06 6.57236807472e-06 5.3496017412e-06 1.05463578615e-05 9.934974467e-06 9.62928322526e-06 9.62928322526e-06 9.62928322526e-06 1.02406666198e-05 8.10082519447e-06 8.71220858899e-06 8.55936296812e-06 6.87805931646e-06 9.62928322526e-06 9.47643760438e-06 1.00878209989e-05 1.05463578615e-05 8.71220858899e-06 1.14634324978e-05 1.19219693604e-05 9.47643760438e-06 1.08520491033e-05 9.78212884613e-06 9.62928322526e-06 8.86505420986e-06 7.64228833186e-06 7.79513395273e-06 7.79513395273e-06 9.17074636264e-06 9.62928322526e-06 8.25367172638e-06 8.55936296812e-06 8.10082519447e-06 8.55936296812e-06 8.86505420986e-06 9.17074636264e-06 9.47643760438e-06 8.25367172638e-06 7.79513395273e-06 7.3365966346e-06 7.3365966346e-06 6.72521369559e-06 7.03090539285e-06 8.55936296812e-06 1.02406666198e-05 8.10082519447e-06 8.71220858899e-06 9.17074636264e-06 6.72521369559e-06
4.89106442306e-06 5.19675612032e-06 6.26667637746e-06 9.78212884613e-06 8.71220858899e-06 9.934974467e-06 1.1157741256e-05 5.9609846802e-06 9.01789983074e-06 8.10082519447e-06 8.25367172638e-06 9.934974467e-06 9.934974467e-06 9.934974467e-06 1.00878209989e-05 1.10048956352e-05 1.03935122406e-05 8.10082519447e-06 1.1157741256e-05 1.10048956352e-05 6.41952199833e-06 1.00878209989e-05 8.55936296812e-06 1.05463578615e-05 9.78212884613e-06 1.03935122406e-05 9.78212884613e-06 9.62928322526e-06 8.86505420986e-06 9.01789983074e-06 8.55936296812e-06 9.32359198351e-06 7.79513395273e-06 8.10082519447e-06 8.71220858899e-06 9.62928322526e-06 8.86505420986e-06 9.47643760438e-06 7.03090539285e-06 8.25367172638e-06 7.18375101372e-06 9.47643760438e-06 9.62928322526e-06 7.64228833186e-06 9.78212884613e-06 9.934974467e-06 8.10082519447e-06 7.18375101372e-06 7.9479795736e-06 8.40651734725e-06
5.04391049945e-06 5.80813905933e-06 6.87805931646e-06 6.72521369559e-06 7.18375101372e-06 9.62928322526e-06 5.65529343846e-06 7.03090539285e-06 5.80813905933e-06 8.86505420986e-06 8.55936296812e-06 8.55936296812e-06 9.17074636264e-06 8.25367172638e-06 8.25367172638e-06 1.05463578615e-05 9.17074636264e-06 9.62928322526e-06 8.86505420986e-06 1.00878209989e-05 1.00878209989e-05 9.47643760438e-06 9.17074636264e-06 9.934974467e-06 8.25367172638e-06 8.40651734725e-06 9.01789983074e-06 1.05463578615e-05 9.17074636264e-06 9.62928322526e-06 1.05463578615e-05 9.47643760438e-06 9.17074636264e-06 9.01789983074e-06 7.79513395273e-06 7.9479795736e-06 7.64228833186e-06 8.25367172638e-06 7.64228833186e-06 7.3365966346e-06 8.25367172638e-06 7.64228833186e-06 8.86505420986e-06 7.79513395273e-06 8.10082519447e-06 7.79513395273e-06 6.87805931646e-06 7.64228833186e-06 9.32359198351e-06 7.03090539285e-06
6.57236807472e-06 6.26667637746e-06 6.57236807472e-06 7.18375101372e-06 1.22276615132e-05 8.55936296812e-06 5.50244781758e-06 8.25367172638e-06 8.55936296812e-06 7.79513395273e-06 8.86505420986e-06 6.57236807472e-06 6.41952199833e-06 9.01789983074e-06 8.40651734725e-06 6.26667637746e-06 1.02406666198e-05 9.934974467e-06 9.934974467e-06 8.71220858899e-06 9.01789983074e-06 9.17074636264e-06 9.47643760438e-06 9.62928322526e-06 9.62928322526e-06 8.40651734725e-06 8.71220858899e-06 8.71220858899e-06 9.01789983074e-06 9.01789983074e-06 9.47643760438e-06 1.16162781187e-05 9.01789983074e-06 8.25367172638e-06 9.17074636264e-06 9.62928322526e-06 8.40651734725e-06 7.3365966346e-06 8.40651734725e-06 9.32359198351e-06 9.17074636264e-06 7.9479795736e-06 7.03090539285e-06 9.47643760438e-06 7.03090539285e-06 6.57236807472e-06 7.03090539285e-06 6.87805931646e-06 6.26667637746e-06 7.79513395273e-06
6.57236807472e-06 6.41952199833e-06 6.26667637746e-06 8.40651734725e-06 1.08520491033e-05 9.47643760438e-06 9.01789983074e-06 1.03935122406e-05 1.02406666198e-05 6.57236807472e-06 6.41952199833e-06 8.40651734725e-06 6.72521369559e-06 6.72521369559e-06 9.32359198351e-06 5.04391049945e-06 5.9609846802e-06 5.80813905933e-06 9.934974467e-06 7.9479795736e-06 9.32359198351e-06 1.16162781187e-05 8.86505420986e-06 8.86505420986e-06 9.62928322526e-06 8.86505420986e-06 8.55936296812e-06 9.47643760438e-06 1.05463578615e-05 8.10082519447e-06 8.55936296812e-06 1.03935122406e-05 1.05463578615e-05 9.62928322526e-06 9.62928322526e-06 1.03935122406e-05 8.40651734725e-06 6.72521369559e-06 6.26667637746e-06 1.1157741256e-05 1.05463578615e-05 1.1157741256e-05 1.05463578615e-05 1.06992034824e-05 9.78212884613e-06 8.25367172638e-06 7.79513395273e-06 7.64228833186e-06 8.86505420986e-06 8.86505420986e-06
5.80813905933e-06 6.87805931646e-06 8.40651734725e-06 8.25367172638e-06 7.48944271098e-06 5.19675612032e-06 7.48944271098e-06 1.1157741256e-05 9.17074636264e-06 9.17074636264e-06 1.08520491033e-05 8.71220858899e-06 8.86505420986e-06 8.55936296812e-06 6.87805931646e-06 9.78212884613e-06 9.62928322526e-06 1.06992034824e-05 8.55936296812e-06 1.14634324978e-05 9.934974467e-06 8.71220858899e-06 1.14634324978e-05 7.9479795736e-06 1.17691237395e-05 9.62928322526e-06 7.9479795736e-06 1.08520491033e-05 8.25367172638e-06 9.78212884613e-06 9.62928322526e-06 1.1157741256e-05 9.62928322526e-06 1.06992034824e-05 9.62928322526e-06 6.72521369559e-06 8.55936296812e-06 6.72521369559e-06 1.03935122406e-05 7.79513395273e-06 7.3365966346e-06 7.79513395273e-06 1.13105868769e-05 9.17074636264e-06 6.11383075659e-06 7.18375101372e-06 6.72521369559e-06 1.08520491033e-05 7.03090539285e-06 6.87805931646e-06
6.11383075659e-06 7.79513395273e-06 6.26667637746e-06 6.11383075659e-06 1.13105868769e-05 8.55936296812e-06 8.86505420986e-06 8.40651734725e-06 8.55936296812e-06 5.65529343846e-06 1.00878209989e-05 9.62928322526e-06 7.79513395273e-06 7.9479795736e-06 1.00878209989e-05 8.40651734725e-06 5.9609846802e-06 6.41952199833e-06 6.26667637746e-06 6.57236807472e-06 9.47643760438e-06 8.86505420986e-06 9.47643760438e-06 8.25367172638e-06 9.78212884613e-06 1.02406666198e-05 7.18375101372e-06 7.9479795736e-06 1.08520491033e-05 1.16162781187e-05 1.16162781187e-05 1.02406666198e-05 9.62928322526e-06 9.47643760438e-06 7.03090539285e-06 9.32359198351e-06 9.78212884613e-06 5.3496017412e-06 8.71220858899e-06 8.86505420986e-06 1.00878209989e-05 1.05463578615e-05 8.55936296812e-06 7.48944271098e-06 6.57236807472e-06 8.25367172638e-06 7.79513395273e-06 7.64228833186e-06 7.03090539285e-06 8.25367172638e-06
5.3496017412e-06 5.65529343846e-06 5.3496017412e-06 9.78212884613e-06 7.79513395273e-06 1.03935122406e-05 6.87805931646e-06 6.11383075659e-06 8.40651734725e-06 9.78212884613e-06 9.32359198351e-06 5.80813905933e-06 9.01789983074e-06 7.64228833186e-06 5.9609846802e-06 8.86505420986e-06 9.01789983074e-06 6.72521369559e-06 9.62928322526e-06 9.17074636264e-06 9.17074636264e-06 9.62928322526e-06 9.78212884613e-06 9.62928322526e-06 9.17074636264e-06 9.78212884613e-06 9.32359198351e-06 8.40651734725e-06 9.78212884613e-06 8.25367172638e-06 7.48944271098e-06 1.00878209989e-05 9.78212884613e-06 9.934974467e-06 9.934974467e-06 7.3365966346e-06 7.3365966346e-06 6.72521369559e-06 9.01789983074e-06 7.9479795736e-06 7.03090539285e-06 7.03090539285e-06 7.03090539285e-06 7.03090539285e-06 7.9479795736e-06 7.03090539285e-06 7.48944271098e-06 6.57236807472e-06 7.9479795736e-06 7.79513395273e-06
7.48944271098e-06 8.71220858899e-06 8.86505420986e-06 6.11383075659e-06 6.26667637746e-06 1.00878209989e-05 9.32359198351e-06 9.934974467e-06 5.04391049945e-06 9.47643760438e-06 7.18375101372e-06 8.86505420986e-06 7.18375101372e-06 9.32359198351e-06 7.3365966346e-06 7.3365966346e-06 6.41952199833e-06 9.01789983074e-06 9.32359198351e-06 6.72521369559e-06 9.78212884613e-06 8.55936296812e-06 9.01789983074e-06 9.78212884613e-06 9.78212884613e-06 9.01789983074e-06 7.48944271098e-06 9.62928322526e-06 9.62928322526e-06 9.934974467e-06 8.86505420986e-06 9.47643760438e-06 7.48944271098e-06 7.03090539285e-06 9.934974467e-06 7.48944271098e-06 7.48944271098e-06 1.02406666198e-05 1.03935122406e-05 9.32359198351e-06 9.32359198351e-06 8.40651734725e-06 8.55936296812e-06 8.55936296812e-06 8.55936296812e-06 1.14634324978e-05 8.55936296812e-06 6.72521369559e-06 1.08520491033e-05 1.05463578615e-05
8.25367172638e-06 5.3496017412e-06 5.19675612032e-06 1.03935122406e-05 1.06992034824e-05 7.18375101372e-06 6.72521369559e-06 1.06992034824e-05 7.18375101372e-06 9.62928322526e-06 9.32359198351e-06 9.32359198351e-06 9.01789983074e-06 9.32359198351e-06 9.32359198351e-06 9.62928322526e-06 8.40651734725e-06 9.01789983074e-06 9.47643760438e-06 1.03935122406e-05 8.86505420986e-06 9.47643760438e-06 9.934974467e-06 9.47643760438e-06 9.78212884613e-06 1.00878209989e-05 9.78212884613e-06 9.17074636264e-06 9.17074636264e-06 9.47643760438e-06 6.87805931646e-06 9.62928322526e-06 6.41952199833e-06 8.55936296812e-06 9.62928322526e-06 8.86505420986e-06 1.02406666198e-05 8.86505420986e-06 9.32359198351e-06 7.9479795736e-06 1.06992034824e-05 1.02406666198e-05 8.55936296812e-06 8.10082519447e-06 1.03935122406e-05 7.03090539285e-06 8.25367172638e-06 8.55936296812e-06 1.05463578615e-05 9.47643760438e-06
5.04391049945e-06 7.9479795736e-06 7.18375101372e-06 5.65529343846e-06 7.18375101372e-06 8.71220858899e-06 7.03090539285e-06 9.01789983074e-06 9.32359198351e-06 9.17074636264e-06 9.01789983074e-06 9.17074636264e-06 9.47643760438e-06 1.03935122406e-05 7.18375101372e-06 7.64228833186e-06 7.48944271098e-06 9.62928322526e-06 6.26667637746e-06 6.87805931646e-06 8.71220858899e-06 9.32359198351e-06 8.55936296812e-06 9.62928322526e-06 9.47643760438e-06 9.62928322526e-06 9.17074636264e-06 9.62928322526e-06 9.17074636264e-06 8.71220858899e-06 9.62928322526e-06 9.934974467e-06 1.06992034824e-05 1.17691237395e-05 8.55936296812e-06 1.13105868769e-05 6.87805931646e-06 9.62928322526e-06 9.01789983074e-06 9.17074636264e-06 1.13105868769e-05 1.03935122406e-05 9.01789983074e-06 9.17074636264e-06 9.17074636264e-06 9.17074636264e-06 1.02406666198e-05 9.934974467e-06 9.62928322526e-06 1.03935122406e-05
4.43252710493e-06 6.57236807472e-06 8.86505420986e-06 6.87805931646e-06 6.26667637746e-06 7.18375101372e-06 6.26667637746e-06 7.3365966346e-06 6.57236807472e-06 6.72521369559e-06 6.57236807472e-06 7.3365966346e-06 7.03090539285e-06 7.03090539285e-06 9.934974467e-06 9.78212884613e-06 8.40651734725e-06 9.32359198351e-06 6.26667637746e-06 9.01789983074e-06 9.47643760438e-06 9.78212884613e-06 9.17074636264e-06 9.78212884613e-06 1.00878209989e-05 9.62928322526e-06 9.47643760438e-06 7.48944271098e-06 1.08520491033e-05 1.05463578615e-05 9.32359198351e-06 9.934974467e-06 1.02406666198e-05 7.48944271098e-06 7.9479795736e-06 1.03935122406e-05 1.06992034824e-05 7.48944271098e-06 9.32359198351e-06 8.86505420986e-06 9.934974467e-06 7.03090539285e-06 1.03935122406e-05 9.62928322526e-06 8.86505420986e-06 1.02406666198e-05 1.02406666198e-05 1.05463578615e-05 8.55936296812e-06 1.03935122406e-05
7.03090539285e-06 7.64228833186e-06 5.9609846802e-06 6.11383075659e-06 7.03090539285e-06 6.87805931646e-06 6.72521369559e-06 5.50244781758e-06 6.26667637746e-06 6.72521369559e-06 7.64228833186e-06 7.03090539285e-06 7.79513395273e-06 7.18375101372e-06 7.3365966346e-06 7.48944271098e-06 9.17074636264e-06 9.62928322526e-06 9.32359198351e-06 8.25367172638e-06 9.78212884613e-06 9.62928322526e-06 8.86505420986e-06 9.32359198351e-06 1.02406666198e-05 1.08520491033e-05 1.06992034824e-05 9.934974467e-06 1.10048956352e-05 1.1157741256e-05 1.06992034824e-05 1.02406666198e-05 1.03935122406e-05 6.72521369559e-06 8.25367172638e-06 1.00878209989e-05 8.55936296812e-06 1.16162781187e-05 9.78212884613e-06 1.02406666198e-05 7.79513395273e-06 8.71220858899e-06 7.48944271098e-06 7.03090539285e-06 1.00878209989e-05 1.08520491033e-05 1.14634324978e-05 8.40651734725e-06 8.25367172638e-06 8.10082519447e-06
