ExampleFiles/niche_background/models/RF/normalized_grids/Anolis_chlorocyanus_1.asc
ncols        743
nrows        319
xllcorner    -74.500956448335
yllcorner    17.448920549066
cellsize     0.008333333333
NODATA_value  -9999
[rows 23 to 45 of 318, columns 350 to 399 of 743]
-9999 -9999 -9999 -9999 -9999 1.29918905286e-05 -9999 -9999 -9999 -9999 -9999 -9999 -9999 -9999 -9999 -9999 -9999 -9999 -9999 -9999 -9999 -9999 -9999 -9999 -9999 -9999 -9999 -9999 -9999 -9999 -9999 -9999 -9999 -9999 -9999 -9999 -9999 -9999 -9999 -9999 -9999 -9999 -9999 -9999 -9999 -9999 -9999 -9999 -9999 -9999
1.22276615132e-05 1.22276615132e-05 1.20748158923e-05 1.2380507134e-05 1.19219693604e-05 1.26861983758e-05 1.29918905286e-05 1.32975817703e-05 1.22276615132e-05 1.22276615132e-05 1.22276615132e-05 1.25333527549e-05 1.2380507134e-05 -9999 -9999 -9999 -9999 -9999 -9999 -9999 -9999 -9999 -9999 -9999 -9999 -9999 -9999 -9999 -9999 -9999 -9999 -9999 -9999 -9999 -9999 -9999 -9999 -9999 -9999 -9999 -9999 -9999 -9999 -9999 -9999 -9999 -9999 -9999 -9999 -9999
1.22276615132e-05 1.22276615132e-05 1.28390439967e-05 1.25333527549e-05 1.22276615132e-05 1.16162781187e-05 1.2380507134e-05 1.32975817703e-05 1.26861983758e-05 1.2380507134e-05 1.25333527549e-05 1.2380507134e-05 1.17691237395e-05 1.25333527549e-05 1.2380507134e-05 1.2380507134e-05 -9999 -9999 -9999 -9999 -9999 -9999 -9999 -9999 -9999 -9999 -9999 -9999 -9999 -9999 -9999 -9999 -9999 -9999 -9999 -9999 -9999 -9999 -9999 -9999 -9999 -9999 -9999 -9999 -9999 -9999 -9999 -9999 -9999 -9999
1.20748158923e-05 1.26861983758e-05 1.29918905286e-05 1.17691237395e-05 1.2380507134e-05 1.22276615132e-05 1.25333527549e-05 1.32975817703e-05 1.22276615132e-05 1.26861983758e-05 1.26861983758e-05 1.28390439967e-05 1.22276615132e-05 1.26861983758e-05 1.25333527549e-05 1.2380507134e-05 1.2380507134e-05 -9999 -9999 -9999 -9999 -9999 -9999 -9999 -9999 -9999 -9999 -9999 -9999 -9999 -9999 -9999 -9999 -9999 -9999 -9999 -9999 -9999 -9999 -9999 -9999 -9999 -9999 -9999 -9999 -9999 -9999 -9999 -9999 -9999
1.19219693604e-05 1.29918905286e-05 1.2380507134e-05 1.25333527549e-05 1.17691237395e-05 1.20748158923e-05 1.2380507134e-05 1.2380507134e-05 1.20748158923e-05 1.25333527549e-05 1.25333527549e-05 1.2380507134e-05 1.25333527549e-05 1.2380507134e-05 1.25333527549e-05 1.25333527549e-05 1.2380507134e-05 1.25333527549e-05 1.22276615132e-05 -9999 -9999 -9999 -9999 -9999 -9999 -9999 -9999 -9999 -9999 -9999 -9999 -9999 -9999 -9999 -9999 -9999 -9999 -9999 -9999 -9999 -9999 -9999 -9999 -9999 -9999 -9999 -9999 -9999 -9999 -9999
1.25333527549e-05 1.26861983758e-05 1.29918905286e-05 1.26861983758e-05 1.25333527549e-05 1.32975817703e-05 1.2380507134e-05 1.1157741256e-05 9.01789983074e-06 1.08520491033e-05 1.14634324978e-05 1.1157741256e-05 9.62928322526e-06 1.16162781187e-05 1.13105868769e-05 1.2380507134e-05 1.26861983758e-05 1.17691237395e-05 1.25333527549e-05 1.32975817703e-05 1.29918905286e-05 1.31447361494e-05 -9999 -9999 -9999 -9999 -9999 -9999 -9999 -9999 -9999 -9999 -9999 -9999 -9999 -9999 -9999 -9999 -9999 -9999 -9999 -9999 -9999 -9999 -9999 -9999 -9999 -9999 -9999 -9999
1.25333527549e-05 1.26861983758e-05 1.29918905286e-05 1.2380507134e-05 1.22276615132e-05 1.22276615132e-05 1.2380507134e-05 1.2380507134e-05 1.06992034824e-05 1.1157741256e-05 9.934974467e-06 9.32359198351e-06 6.87805931646e-06 8.40651734725e-06 1.05463578615e-05 1.19219693604e-05 1.22276615132e-05 1.19219693604e-05 1.06992034824e-05 1.2380507134e-05 1.2380507134e-05 1.32975817703e-05 1.28390439967e-05 1.26861983758e-05 -9999 -9999 -9999 -9999 -9999 -9999 -9999 -9999 -9999 -9999 -9999 -9999 -9999 -9999 -9999 -9999 -9999 -9999 -9999 -9999 -9999 1.19219693604e-05 1.19219693604e-05 -9999 -9999 -9999
1.29918905286e-05 1.2380507134e-05 1.19219693604e-05 1.22276615132e-05 1.25333527549e-05 1.26861983758e-05 1.25333527549e-05 1.1157741256e-05 1.10048956352e-05 1.13105868769e-05 1.00878209989e-05 9.47643760438e-06 1.03935122406e-05 9.78212884613e-06 1.03935122406e-05 1.02406666198e-05 8.10082519447e-06 1.05463578615e-05 8.55936296812e-06 1.20748158923e-05 1.25333527549e-05 1.06992034824e-05 1.17691237395e-05 1.26861983758e-05 1.19219693604e-05 1.26861983758e-05 1.28390439967e-05 1.25333527549e-05 -9999 -9999 -9999 -9999 -9999 -9999 -9999 -9999 -9999 -9999 -9999 -9999 -9999 -9999 -9999 -9999 -9999 1.2380507134e-05 1.17691237395e-05 1.16162781187e-05 1.28390439967e-05 1.20748158923e-05
1.26861983758e-05 1.31447361494e-05 1.26861983758e-05 1.26861983758e-05 1.26861983758e-05 1.28390439967e-05 1.22276615132e-05 1.20748158923e-05 1.2380507134e-05 1.16162781187e-05 1.06992034824e-05 1.14634324978e-05 1.13105868769e-05 1.1157741256e-05 1.05463578615e-05 1.02406666198e-05 9.32359198351e-06 9.32359198351e-06 1.06992034824e-05 1.1157741256e-05 1.08520491033e-05 1.10048956352e-05 1.1157741256e-05 1.10048956352e-05 1.05463578615e-05 1.13105868769e-05 1.32975817703e-05 1.22276615132e-05 1.25333527549e-05 1.25333527549e-05 1.25333527549e-05 1.32975817703e-05 1.32975817703e-05 1.28390439967e-05 1.2380507134e-05 -9999 -9999 -9999 -9999 -9999 -9999 -9999 -9999 -9999 -9999 1.20748158923e-05 1.19219693604e-05 1.17691237395e-05 1.16162781187e-05 1.19219693604e-05
1.31447361494e-05 1.31447361494e-05 1.26861983758e-05 1.26861983758e-05 1.31447361494e-05 1.25333527549e-05 1.19219693604e-05 1.28390439967e-05 1.14634324978e-05 1.02406666198e-05 1.06992034824e-05 1.13105868769e-05 9.32359198351e-06 8.71220858899e-06 1.05463578615e-05 1.02406666198e-05 9.17074636264e-06 9.32359198351e-06 1.14634324978e-05 1.00878209989e-05 1.06992034824e-05 9.78212884613e-06 9.47643760438e-06 9.934974467e-06 8.55936296812e-06 1.03935122406e-05 1.1157741256e-05 1.13105868769e-05 1.26861983758e-05 1.20748158923e-05 1.25333527549e-05 1.34504273912e-05 1.06992034824e-05 1.13105868769e-05 1.22276615132e-05 1.25333527549e-05 -9999 -9999 -9999 -9999 -9999 -9999 -9999 1.20748158923e-05 1.16162781187e-05 1.14634324978e-05 1.13105868769e-05 1.20748158923e-05 1.20748158923e-05 1.2380507134e-05
1.26861983758e-05 1.25333527549e-05 1.25333527549e-05 1.26861983758e-05 1.31447361494e-05 1.2380507134e-05 1.25333527549e-05 1.29918905286e-05 1.28390439967e-05 1.16162781187e-05 1.20748158923e-05 1.17691237395e-05 9.934974467e-06 8.86505420986e-06 9.01789983074e-06 8.86505420986e-06 1.1157741256e-05 1.26861983758e-05 9.62928322526e-06 1.06992034824e-05 9.934974467e-06 1.10048956352e-05 8.55936296812e-06 8.25367172638e-06 8.40651734725e-06 1.03935122406e-05 8.71220858899e-06 1.13105868769e-05 1.10048956352e-05 1.1157741256e-05 1.1157741256e-05 1.19219693604e-05 1.16162781187e-05 8.71220858899e-06 1.1157741256e-05 1.2380507134e-05 1.25333527549e-05 1.25333527549e-05 1.20748158923e-05 1.20748158923e-05 1.19219693604e-05 1.29918905286e-05 1.17691237395e-05 1.19219693604e-05 1.16162781187e-05 1.14634324978e-05 1.13105868769e-05 1.22276615132e-05 1.22276615132e-05 1.28390439967e-05
1.26861983758e-05 1.34504273912e-05 1.28390439967e-05 1.26861983758e-05 1.28390439967e-05 1.28390439967e-05 1.19219693604e-05 1.28390439967e-05 1.25333527549e-05 1.22276615132e-05 1.29918905286e-05 1.20748158923e-05 9.17074636264e-06 9.47643760438e-06 1.13105868769e-05 1.00878209989e-05 1.13105868769e-05 9.32359198351e-06 1.16162781187e-05 1.05463578615e-05 8.25367172638e-06 1.02406666198e-05 7.64228833186e-06 8.71220858899e-06 9.17074636264e-06 9.32359198351e-06 1.20748158923e-05 1.19219693604e-05 1.17691237395e-05 1.17691237395e-05 1.14634324978e-05 1.19219693604e-05 9.62928322526e-06 1.22276615132e-05 1.08520491033e-05 1.00878209989e-05 1.13105868769e-05 1.25333527549e-05 1.25333527549e-05 1.20748158923e-05 1.22276615132e-05 1.22276615132e-05 1.13105868769e-05 1.16162781187e-05 1.14634324978e-05 1.17691237395e-05 1.16162781187e-05 1.20748158923e-05 1.19219693604e-05 1.16162781187e-05
1.32975817703e-05 1.26861983758e-05 1.32975817703e-05 1.29918905286e-05 1.25333527549e-05 1.25333527549e-05 1.36032730121e-05 1.29918905286e-05 1.25333527549e-05 1.25333527549e-05 1.29918905286e-05 1.26861983758e-05 1.1157741256e-05 1.13105868769e-05 1.06992034824e-05 1.1157741256e-05 9.62928322526e-06 1.05463578615e-05 1.03935122406e-05 9.01789983074e-06 1.06992034824e-05 8.86505420986e-06 1.03935122406e-05 1.17691237395e-05 1.19219693604e-05 1.19219693604e-05 1.1157741256e-05 1.13105868769e-05 1.05463578615e-05 1.03935122406e-05 9.62928322526e-06 9.78212884613e-06 1.05463578615e-05 1.06992034824e-05 9.934974467e-06 9.934974467e-06 1.13105868769e-05 1.17691237395e-05 1.22276615132e-05 1.2380507134e-05 1.08520491033e-05 1.16162781187e-05 1.17691237395e-05 1.2380507134e-05 1.13105868769e-05 1.14634324978e-05 1.17691237395e-05 1.22276615132e-05 1.13105868769e-05 1.14634324978e-05
1.26861983758e-05 1.25333527549e-05 1.29918905286e-05 1.25333527549e-05 1.22276615132e-05 1.34504273912e-05 1.34504273912e-05 1.26861983758e-05 1.29918905286e-05 1.29918905286e-05 1.31447361494e-05 1.19219693604e-05 9.934974467e-06 1.06992034824e-05 1.08520491033e-05 1.06992034824e-05 1.14634324978e-05 1.03935122406e-05 1.05463578615e-05 1.17691237395e-05 1.06992034824e-05 1.06992034824e-05 1.00878209989e-05 1.16162781187e-05 1.16162781187e-05 1.14634324978e-05 8.86505420986e-06 1.10048956352e-05 9.78212884613e-06 1.08520491033e-05 1.02406666198e-05 1.14634324978e-05 9.62928322526e-06 1.10048956352e-05 9.934974467e-06 9.32359198351e-06 8.86505420986e-06 9.32359198351e-06 1.13105868769e-05 1.29918905286e-05 1.19219693604e-05 1.20748158923e-05 1.17691237395e-05 1.13105868769e-05 1.29918905286e-05 1.13105868769e-05 1.22276615132e-05 1.19219693604e-05 1.26861983758e-05 1.13105868769e-05
1.26861983758e-05 1.32975817703e-05 1.2380507134e-05 1.28390439967e-05 1.22276615132e-05 1.28390439967e-05 1.26861983758e-05 1.28390439967e-05 1.36032730121e-05 1.32975817703e-05 1.29918905286e-05 1.2380507134e-05 1.17691237395e-05 1.13105868769e-05 1.14634324978e-05 1.14634324978e-05 1.16162781187e-05 1.16162781187e-05 1.03935122406e-05 1.1157741256e-05 1.16162781187e-05 1.20748158923e-05 1.08520491033e-05 1.16162781187e-05 1.06992034824e-05 1.20748158923e-05 1.05463578615e-05 9.47643760438e-06 1.03935122406e-05 1.10048956352e-05 1.13105868769e-05 1.06992034824e-05 1.17691237395e-05 1.16162781187e-05 1.05463578615e-05 9.47643760438e-06 1.03935122406e-05 1.20748158923e-05 1.02406666198e-05 1.13105868769e-05 1.17691237395e-05 1.1157741256e-05 8.86505420986e-06 1.14634324978e-05 1.05463578615e-05 1.05463578615e-05 9.32359198351e-06 8.55936296812e-06 1.03935122406e-05 1.19219693604e-05
1.22276615132e-05 1.28390439967e-05 1.28390439967e-05 1.26861983758e-05 1.31447361494e-05 1.2380507134e-05 1.29918905286e-05 1.25333527549e-05 1.26861983758e-05 1.31447361494e-05 1.22276615132e-05 1.22276615132e-05 1.28390439967e-05 1.22276615132e-05 1.1157741256e-05 1.29918905286e-05 1.13105868769e-05 1.13105868769e-05 1.14634324978e-05 1.06992034824e-05 1.14634324978e-05 1.16162781187e-05 1.08520491033e-05 1.14634324978e-05 1.14634324978e-05 1.10048956352e-05 1.03935122406e-05 9.32359198351e-06 1.05463578615e-05 9.934974467e-06 1.17691237395e-05 1.1157741256e-05 1.14634324978e-05 1.13105868769e-05 1.19219693604e-05 1.20748158923e-05 1.25333527549e-05 1.32975817703e-05 1.20748158923e-05 1.14634324978e-05 1.19219693604e-05 1.25333527549e-05 9.78212884613e-06 1.08520491033e-05 9.32359198351e-06 9.62928322526e-06 1.1157741256e-05 1.14634324978e-05 1.08520491033e-05 9.62928322526e-06
1.25333527549e-05 1.29918905286e-05 1.22276615132e-05 1.26861983758e-05 1.25333527549e-05 1.31447361494e-05 1.28390439967e-05 1.29918905286e-05 1.29918905286e-05 1.31447361494e-05 1.36032730121e-05 1.26861983758e-05 1.20748158923e-05 1.19219693604e-05 1.13105868769e-05 1.20748158923e-05 1.17691237395e-05 1.1157741256e-05 1.14634324978e-05 1.1157741256e-05 1.16162781187e-05 1.08520491033e-05 1.10048956352e-05 1.1157741256e-05 1.02406666198e-05 1.17691237395e-05 8.10082519447e-06 1.14634324978e-05 1.13105868769e-05 1.13105868769e-05 1.02406666198e-05 1.17691237395e-05 1.1157741256e-05 1.19219693604e-05 1.16162781187e-05 1.28390439967e-05 1.19219693604e-05 1.2380507134e-05 1.26861983758e-05 1.13105868769e-05 1.16162781187e-05 1.22276615132e-05 1.25333527549e-05 1.00878209989e-05 9.17074636264e-06 8.86505420986e-06 1.06992034824e-05 1.31447361494e-05 1.05463578615e-05 9.17074636264e-06
1.26861983758e-05 1.22276615132e-05 1.25333527549e-05 1.25333527549e-05 1.26861983758e-05 1.25333527549e-05 1.25333527549e-05 1.25333527549e-05 1.32975817703e-05 1.26861983758e-05 1.29918905286e-05 1.28390439967e-05 1.25333527549e-05 1.14634324978e-05 1.17691237395e-05 1.17691237395e-05 1.25333527549e-05 1.10048956352e-05 1.08520491033e-05 1.14634324978e-05 1.14634324978e-05 1.16162781187e-05 1.2380507134e-05 1.16162781187e-05 1.13105868769e-05 1.19219693604e-05 1.1157741256e-05 1.2380507134e-05 1.25333527549e-05 8.55936296812e-06 1.31447361494e-05 1.08520491033e-05 1.19219693604e-05 1.20748158923e-05 1.2380507134e-05 1.37561186329e-05 1.14634324978e-05 1.26861983758e-05 1.2380507134e-05 1.25333527549e-05 1.19219693604e-05 1.20748158923e-05 1.2380507134e-05 1.03935122406e-05 1.14634324978e-05 1.16162781187e-05 1.31447361494e-05 1.28390439967e-05 1.29918905286e-05 1.31447361494e-05
1.25333527549e-05 1.28390439967e-05 1.2380507134e-05 1.22276615132e-05 1.22276615132e-05 1.22276615132e-05 1.25333527549e-05 1.25333527549e-05 1.20748158923e-05 1.25333527549e-05 1.26861983758e-05 1.20748158923e-05 1.29918905286e-05 1.29918905286e-05 1.25333527549e-05 1.13105868769e-05 1.29918905286e-05 1.2380507134e-05 1.06992034824e-05 1.17691237395e-05 1.17691237395e-05 1.10048956352e-05 1.25333527549e-05 1.25333527549e-05 1.20748158923e-05 1.14634324978e-05 1.13105868769e-05 1.2380507134e-05 1.25333527549e-05 1.31447361494e-05 1.25333527549e-05 1.25333527549e-05 1.26861983758e-05 1.26861983758e-05 1.17691237395e-05 1.06992034824e-05 1.06992034824e-05 1.05463578615e-05 1.1157741256e-05 1.08520491033e-05 1.17691237395e-05 1.26861983758e-05 1.20748158923e-05 1.17691237395e-05 1.17691237395e-05 1.25333527549e-05 1.20748158923e-05 1.06992034824e-05 8.86505420986e-06 1.05463578615e-05
1.26861983758e-05 1.25333527549e-05 1.26861983758e-05 1.25333527549e-05 1.26861983758e-05 1.26861983758e-05 1.20748158923e-05 1.25333527549e-05 1.26861983758e-05 1.28390439967e-05 1.19219693604e-05 1.2380507134e-05 1.20748158923e-05 1.28390439967e-05 1.14634324978e-05 1.29918905286e-05 1.26861983758e-05 1.29918905286e-05 1.26861983758e-05 1.31447361494e-05 1.16162781187e-05 1.2380507134e-05 1.29918905286e-05 1.26861983758e-05 1.20748158923e-05 1.19219693604e-05 1.08520491033e-05 1.13105868769e-05 1.22276615132e-05 1.2380507134e-05 1.17691237395e-05 1.06992034824e-05 1.19219693604e-05 1.1157741256e-05 1.14634324978e-05 1.25333527549e-05 1.29918905286e-05 1.26861983758e-05 1.06992034824e-05 1.22276615132e-05 1.25333527549e-05 1.19219693604e-05 1.17691237395e-05 1.22276615132e-05 1.25333527549e-05 1.22276615132e-05 1.28390439967e-05 1.14634324978e-05 9.934974467e-06 1.19219693604e-05
1.26861983758e-05 1.26861983758e-05 1.25333527549e-05 1.25333527549e-05 1.25333527549e-05 1.22276615132e-05 1.22276615132e-05 1.2380507134e-05 1.20748158923e-05 1.22276615132e-05 1.28390439967e-05 1.22276615132e-05 1.26861983758e-05 1.28390439967e-05 1.26861983758e-05 1.22276615132e-05 1.25333527549e-05 1.22276615132e-05 1.28390439967e-05 1.26861983758e-05 1.28390439967e-05 1.29918905286e-05 1.26861983758e-05 1.25333527549e-05 1.31447361494e-05 1.28390439967e-05 1.14634324978e-05 1.1157741256e-05 1.14634324978e-05 1.17691237395e-05 1.25333527549e-05 1.19219693604e-05 1.2380507134e-05 1.10048956352e-05 1.26861983758e-05 1.29918905286e-05 1.29918905286e-05 1.37561186329e-05 1.26861983758e-05 1.19219693604e-05 1.26861983758e-05 1.16162781187e-05 1.32975817703e-05 1.17691237395e-05 1.28390439967e-05 1.22276615132e-05 1.20748158923e-05 1.20748158923e-05 1.2380507134e-05 1.10048956352e-05
1.28390439967e-05 1.16162781187e-05 1.25333527549e-05 1.20748158923e-05 1.16162781187e-05 1.2380507134e-05 1.2380507134e-05 1.20748158923e-05 1.2380507134e-05 1.28390439967e-05 1.19219693604e-05 1.19219693604e-05 1.20748158923e-05 1.25333527549e-05 1.28390439967e-05 1.26861983758e-05 1.25333527549e-05 1.25333527549e-05 1.22276615132e-05 1.28390439967e-05 1.28390439967e-05 1.28390439967e-05 1.26861983758e-05 1.28390439967e-05 1.19219693604e-05 1.13105868769e-05 1.14634324978e-05 1.08520491033e-05 1.25333527549e-05 1.1157741256e-05 1.2380507134e-05 1.29918905286e-05 1.2380507134e-05 1.08520491033e-05 1.14634324978e-05 1.16162781187e-05 1.36032730121e-05 1.28390439967e-05 1.28390439967e-05 1.16162781187e-05 1.2380507134e-05 1.13105868769e-05 1.29918905286e-05 1.26861983758e-05 1.20748158923e-05 1.17691237395e-05 1.20748158923e-05 1.20748158923e-05 1.22276615132e-05 1.03935122406e-05
1.16162781187e-05 1.22276615132e-05 1.22276615132e-05 1.16162781187e-05 1.17691237395e-05 1.28390439967e-05 1.2380507134e-05 1.14634324978e-05 1.13105868769e-05 1.20748158923e-05 1.25333527549e-05 1.20748158923e-05 1.25333527549e-05 1.2380507134e-05 1.2380507134e-05 1.17691237395e-05 1.16162781187e-05 1.17691237395e-05 1.20748158923e-05 1.22276615132e-05 1.22276615132e-05 1.26861983758e-05 1.2380507134e-05 1.2380507134e-05 1.13105868769e-05 1.13105868769e-05 1.06992034824e-05 1.1157741256e-05 1.10048956352e-05 1.19219693604e-05 1.25333527549e-05 1.25333527549e-05 1.20748158923e-05 1.20748158923e-05 1.22276615132e-05 1.17691237395e-05 1.26861983758e-05 1.34504273912e-05 1.2380507134e-05 1.29918905286e-05 1.26861983758e-05 1.31447361494e-05 1.29918905286e-05 1.2380507134e-05 1.26861983758e-05 1.19219693604e-05 1.29918905286e-05 1.14634324978e-05 9.78212884613e-06 1.2380507134e-05
