ExampleFiles/niche_identity/models/ENFA/Anolis_coelestinus_1.asc
ncols        743
nrows        319
xllcorner    -74.500956448335
yllcorner    17.448920549066
cellsize     0.008333333333
NODATA_value  -9999
[rows 80 to 99 of 319, columns 276 to 321 of 743]
0.94642857142857139685 0.94047619047619046562 0.92261904761904767192 0.85714285714285709528 0.60119047619047616404 0.51785714285714290472 0.4226190476190476164 0.66666666666666662966 0.82142857142857139685 0.71428571428571430157 0.71428571428571430157 0.68452380952380953438 0.68452380952380953438 0.68452380952380953438 0.70238095238095232808 0.66666666666666662966 0.61904761904761906877 0.625 0.625 0.64285714285714290472 0.57738095238095232808 0.61309523809523813753 0.69047619047619046562 0.61309523809523813753 0.64285714285714290472 0.64880952380952383596 0.68452380952380953438 0.60119047619047616404 0.54166666666666662966 0.50595238095238093123 0.5 0.47619047619047616404 0.46428571428571430157 0.4523809523809523836 0.5 0.58928571428571430157 0.60714285714285709528 0.55952380952380953438 0.41071428571428569843 0.17857142857142857539 0.56547619047619046562 0.48809523809523808202 0.38690476190476191798 0.54166666666666662966 0.60119047619047616404 0.51785714285714290472
0.89285714285714290472 0.92261904761904767192 0.94642857142857139685 0.94642857142857139685 0.68452380952380953438 0.56547619047619046562 0.52380952380952383596 0.67261904761904767192 0.89285714285714290472 0.76785714285714290472 0.68452380952380953438 0.64880952380952383596 0.68452380952380953438 0.88690476190476186247 0.68452380952380953438 0.63690476190476186247 0.49404761904761906877 0.66666666666666662966 0.46428571428571430157 0.55357142857142860315 0.54166666666666662966 0.64285714285714290472 0.76785714285714290472 0.68452380952380953438 0.66666666666666662966 0.68452380952380953438 0.59523809523809523281 0.5 0.625 0.63690476190476186247 0.56547619047619046562 0.36904761904761906877 0.38690476190476191798 0.41071428571428569843 0.36309523809523808202 0.44642857142857145236 0.64285714285714290472 0.64880952380952383596 0.57142857142857139685 0.35714285714285715079 0.35714285714285715079 0.60714285714285709528 0.5 0.36309523809523808202 0.50595238095238093123 0.60119047619047616404
0.94642857142857139685 0.94642857142857139685 0.94642857142857139685 0.94642857142857139685 0.92261904761904767192 0.88690476190476186247 0.66666666666666662966 0.82738095238095232808 0.85714285714285709528 0.81547619047619046562 0.66666666666666662966 0.64880952380952383596 0.64880952380952383596 0.77976190476190476719 0.85119047619047616404 0.85119047619047616404 0.81547619047619046562 0.82142857142857139685 0.68452380952380953438 0.64880952380952383596 0.625 0.64880952380952383596 0.75 0.63095238095238093123 0.68452380952380953438 0.63690476190476186247 0.625 0.41071428571428569843 0.4226190476190476164 0.55952380952380953438 0.625 0.64285714285714290472 0.60119047619047616404 0.51785714285714290472 0.5 0.4226190476190476164 0.5 0.57142857142857139685 0.66666666666666662966 0.56547619047619046562 0.61309523809523813753 0.58928571428571430157 0.51785714285714290472 0.35714285714285715079 0.59523809523809523281 0.60119047619047616404
0.94642857142857139685 0.94642857142857139685 0.92857142857142860315 0.89285714285714290472 0.92261904761904767192 0.94642857142857139685 0.92261904761904767192 0.85714285714285709528 0.73214285714285709528 0.76785714285714290472 0.68452380952380953438 0.67261904761904767192 0.68452380952380953438 0.70238095238095232808 0.75595238095238093123 0.86904761904761906877 0.76785714285714290472 0.77976190476190476719 0.78571428571428569843 0.66666666666666662966 0.66666666666666662966 0.60119047619047616404 0.68452380952380953438 0.73214285714285709528 0.68452380952380953438 0.69047619047619046562 0.61904761904761906877 0.45833333333333331483 0.55357142857142860315 0.58928571428571430157 0.66666666666666662966 0.60119047619047616404 0.64285714285714290472 0.56547619047619046562 0.63095238095238093123 0.56547619047619046562 0.61904761904761906877 0.61309523809523813753 0.51785714285714290472 0.63690476190476186247 0.61904761904761906877 0.625 0.625 0.61309523809523813753 0.47619047619047616404 0.50595238095238093123
0.94642857142857139685 0.92261904761904767192 0.86904761904761906877 0.86309523809523813753 0.92261904761904767192 0.89285714285714290472 0.94642857142857139685 0.86904761904761906877 0.85119047619047616404 0.76785714285714290472 0.67261904761904767192 0.66666666666666662966 0.68452380952380953438 0.70238095238095232808 0.75595238095238093123 0.85714285714285709528 0.85119047619047616404 0.83333333333333337034 0.69047619047619046562 0.69047619047619046562 0.68452380952380953438 0.63095238095238093123 0.60119047619047616404 0.67261904761904767192 0.66666666666666662966 0.72023809523809523281 0.66666666666666662966 0.4226190476190476164 0.4226190476190476164 0.61904761904761906877 0.67261904761904767192 0.66666666666666662966 0.61309523809523813753 0.58928571428571430157 0.44047619047619046562 0.61309523809523813753 0.61904761904761906877 0.64285714285714290472 0.64880952380952383596 0.56547619047619046562 0.625 0.64285714285714290472 0.63095238095238093123 0.625 0.63095238095238093123 0.47619047619047616404
0.89285714285714290472 0.92261904761904767192 0.89285714285714290472 0.89880952380952383596 0.88095238095238093123 0.88095238095238093123 0.88690476190476186247 0.94047619047619046562 0.88095238095238093123 0.76785714285714290472 0.64880952380952383596 0.64285714285714290472 0.66666666666666662966 0.71428571428571430157 0.70238095238095232808 0.75595238095238093123 0.77380952380952383596 0.85714285714285709528 0.85119047619047616404 0.75595238095238093123 0.64880952380952383596 0.67261904761904767192 0.70238095238095232808 0.68452380952380953438 0.68452380952380953438 0.68452380952380953438 0.57738095238095232808 0.49404761904761906877 0.47023809523809523281 0.625 0.68452380952380953438 0.66666666666666662966 0.65476190476190476719 0.61309523809523813753 0.53571428571428569843 0.57738095238095232808 0.56547619047619046562 0.49404761904761906877 0.5 0.47619047619047616404 0.63690476190476186247 0.64285714285714290472 0.64285714285714290472 0.63095238095238093123 0.625 0.61904761904761906877
0.92261904761904767192 0.94047619047619046562 0.92261904761904767192 0.92261904761904767192 0.90476190476190476719 0.89285714285714290472 0.88690476190476186247 0.85714285714285709528 0.88690476190476186247 0.77976190476190476719 0.71428571428571430157 0.68452380952380953438 0.61309523809523813753 0.66666666666666662966 0.69047619047619046562 0.70238095238095232808 0.71428571428571430157 0.77380952380952383596 0.76785714285714290472 0.77976190476190476719 0.76785714285714290472 0.71428571428571430157 0.76785714285714290472 0.75 0.73214285714285709528 0.68452380952380953438 0.67261904761904767192 0.69047619047619046562 0.49404761904761906877 0.68452380952380953438 0.68452380952380953438 0.68452380952380953438 0.66666666666666662966 0.64880952380952383596 0.64880952380952383596 0.64285714285714290472 0.64880952380952383596 0.5 0.39880952380952383596 0.51785714285714290472 0.50595238095238093123 0.64285714285714290472 0.64880952380952383596 0.64285714285714290472 0.64285714285714290472 0.64880952380952383596
0.94642857142857139685 0.94642857142857139685 0.92261904761904767192 0.92261904761904767192 0.89285714285714290472 0.875 0.82142857142857139685 0.85119047619047616404 0.82142857142857139685 0.78571428571428569843 0.77976190476190476719 0.76785714285714290472 0.68452380952380953438 0.66666666666666662966 0.68452380952380953438 0.69047619047619046562 0.71428571428571430157 0.71428571428571430157 0.81547619047619046562 0.85119047619047616404 0.76785714285714290472 0.79761904761904767192 0.73214285714285709528 0.71428571428571430157 0.68452380952380953438 0.66666666666666662966 0.68452380952380953438 0.68452380952380953438 0.50595238095238093123 0.64880952380952383596 0.68452380952380953438 0.66666666666666662966 0.66666666666666662966 0.68452380952380953438 0.68452380952380953438 0.66666666666666662966 0.64880952380952383596 0.5 0.45833333333333331483 0.33928571428571430157 0.41666666666666668517 0.61904761904761906877 0.64285714285714290472 0.65476190476190476719 0.64880952380952383596 0.63690476190476186247
0.94642857142857139685 0.89880952380952383596 0.91071428571428569843 0.89880952380952383596 0.86904761904761906877 0.86309523809523813753 0.85714285714285709528 0.76785714285714290472 0.82738095238095232808 0.76785714285714290472 0.85119047619047616404 0.89285714285714290472 0.85714285714285709528 0.73214285714285709528 0.625 0.66666666666666662966 0.68452380952380953438 0.68452380952380953438 0.76785714285714290472 0.81547619047619046562 0.75 0.76785714285714290472 0.71428571428571430157 0.76785714285714290472 0.67261904761904767192 0.64880952380952383596 0.68452380952380953438 0.68452380952380953438 0.66666666666666662966 0.66666666666666662966 0.68452380952380953438 0.66666666666666662966 0.68452380952380953438 0.68452380952380953438 0.68452380952380953438 0.66666666666666662966 0.61904761904761906877 0.41071428571428569843 0.18452380952380953438 0.35714285714285715079 0.51785714285714290472 0.64285714285714290472 0.65476190476190476719 0.64880952380952383596 0.64880952380952383596 0.64880952380952383596
0.94642857142857139685 0.89880952380952383596 0.91071428571428569843 0.89285714285714290472 0.88690476190476186247 0.86904761904761906877 0.83333333333333337034 0.82142857142857139685 0.77976190476190476719 0.76785714285714290472 0.77976190476190476719 0.71428571428571430157 0.85714285714285709528 0.88690476190476186247 0.68452380952380953438 0.66666666666666662966 0.64880952380952383596 0.67261904761904767192 0.68452380952380953438 0.67261904761904767192 0.68452380952380953438 0.67261904761904767192 0.625 0.67261904761904767192 0.61309523809523813753 0.68452380952380953438 0.60119047619047616404 0.68452380952380953438 0.70238095238095232808 0.67261904761904767192 0.68452380952380953438 0.68452380952380953438 0.68452380952380953438 0.68452380952380953438 0.68452380952380953438 0.68452380952380953438 0.64880952380952383596 0.48809523809523808202 0.46428571428571430157 0.36309523809523808202 0.41666666666666668517 0.60119047619047616404 0.63095238095238093123 0.57738095238095232808 0.60714285714285709528 0.66666666666666662966
0.94642857142857139685 0.92857142857142860315 0.89880952380952383596 0.89285714285714290472 0.86904761904761906877 0.86904761904761906877 0.85714285714285709528 0.82142857142857139685 0.71428571428571430157 0.82142857142857139685 0.68452380952380953438 0.68452380952380953438 0.68452380952380953438 0.64285714285714290472 0.60119047619047616404 0.55357142857142860315 0.66666666666666662966 0.625 0.64285714285714290472 0.61309523809523813753 0.68452380952380953438 0.625 0.55357142857142860315 0.76785714285714290472 0.77976190476190476719 0.68452380952380953438 0.66666666666666662966 0.66666666666666662966 0.70238095238095232808 0.68452380952380953438 0.60714285714285709528 0.60119047619047616404 0.61309523809523813753 0.68452380952380953438 0.68452380952380953438 0.68452380952380953438 0.68452380952380953438 0.66666666666666662966 0.60119047619047616404 0.44642857142857145236 0.46428571428571430157 0.53571428571428569843 0.5 0.45833333333333331483 0.47023809523809523281 0.66666666666666662966
0.94642857142857139685 0.91071428571428569843 0.89880952380952383596 0.89285714285714290472 0.88095238095238093123 0.86904761904761906877 0.85714285714285709528 0.76785714285714290472 0.70238095238095232808 0.83333333333333337034 0.82142857142857139685 0.66666666666666662966 0.625 0.58928571428571430157 0.625 0.61309523809523813753 0.60119047619047616404 0.60714285714285709528 0.61309523809523813753 0.61309523809523813753 0.60119047619047616404 0.51785714285714290472 0.64285714285714290472 0.66666666666666662966 0.66666666666666662966 0.75595238095238093123 0.73214285714285709528 0.66666666666666662966 0.80952380952380953438 0.68452380952380953438 0.61309523809523813753 0.61309523809523813753 0.60119047619047616404 0.67261904761904767192 0.68452380952380953438 0.68452380952380953438 0.71428571428571430157 0.68452380952380953438 0.55952380952380953438 0.51785714285714290472 0.50595238095238093123 0.61309523809523813753 0.57142857142857139685 0.48809523809523808202 0.49404761904761906877 0.66666666666666662966
0.94047619047619046562 0.91666666666666662966 0.89285714285714290472 0.88095238095238093123 0.85119047619047616404 0.89285714285714290472 0.85714285714285709528 0.71428571428571430157 0.71428571428571430157 0.68452380952380953438 0.67261904761904767192 0.61904761904761906877 0.61309523809523813753 0.61309523809523813753 0.61904761904761906877 0.57738095238095232808 0.46428571428571430157 0.46428571428571430157 0.51785714285714290472 0.56547619047619046562 0.55357142857142860315 0.50595238095238093123 0.51785714285714290472 0.61309523809523813753 0.50595238095238093123 0.51785714285714290472 0.54166666666666662966 0.58333333333333337034 0.625 0.64880952380952383596 0.64285714285714290472 0.67261904761904767192 0.65476190476190476719 0.66666666666666662966 0.64880952380952383596 0.67261904761904767192 0.64285714285714290472 0.68452380952380953438 0.63690476190476186247 0.55357142857142860315 0.60714285714285709528 0.60714285714285709528 0.60714285714285709528 0.60119047619047616404 0.51190476190476186247 0.54166666666666662966
0.92261904761904767192 0.91666666666666662966 0.85714285714285709528 0.86309523809523813753 0.80952380952380953438 0.80952380952380953438 0.79761904761904767192 0.63095238095238093123 0.68452380952380953438 0.68452380952380953438 0.61309523809523813753 0.66666666666666662966 0.64285714285714290472 0.55357142857142860315 0.77976190476190476719 0.72023809523809523281 0.61309523809523813753 0.49404761904761906877 0.66071428571428569843 0.57142857142857139685 0.49404761904761906877 0.60119047619047616404 0.53571428571428569843 0.57142857142857139685 0.4523809523809523836 0.61904761904761906877 0.60119047619047616404 0.61904761904761906877 0.66666666666666662966 0.61904761904761906877 0.75595238095238093123 0.625 0.64285714285714290472 0.64285714285714290472 0.61904761904761906877 0.68452380952380953438 0.66666666666666662966 0.64285714285714290472 0.51785714285714290472 0.55357142857142860315 0.64880952380952383596 0.65476190476190476719 0.64285714285714290472 0.66666666666666662966 0.61309523809523813753 0.48809523809523808202
0.92261904761904767192 0.89285714285714290472 0.88095238095238093123 0.85714285714285709528 0.78571428571428569843 0.75595238095238093123 0.64880952380952383596 0.61309523809523813753 0.66666666666666662966 0.66666666666666662966 0.66666666666666662966 0.60714285714285709528 0.63095238095238093123 0.76785714285714290472 0.85714285714285709528 0.82142857142857139685 0.76785714285714290472 0.68452380952380953438 0.83333333333333337034 0.71428571428571430157 0.69047619047619046562 0.59523809523809523281 0.61904761904761906877 0.57142857142857139685 0.5 0.51785714285714290472 0.64285714285714290472 0.68452380952380953438 0.76785714285714290472 0.68452380952380953438 0.625 0.61904761904761906877 0.57738095238095232808 0.46428571428571430157 0.41071428571428569843 0.61309523809523813753 0.68452380952380953438 0.67261904761904767192 0.66666666666666662966 0.53571428571428569843 0.56547619047619046562 0.61904761904761906877 0.68452380952380953438 0.68452380952380953438 0.66666666666666662966 0.60119047619047616404
0.89880952380952383596 0.875 0.85119047619047616404 0.79761904761904767192 0.72619047619047616404 0.68452380952380953438 0.68452380952380953438 0.68452380952380953438 0.68452380952380953438 0.64880952380952383596 0.61904761904761906877 0.57738095238095232808 0.51785714285714290472 0.58333333333333337034 0.53571428571428569843 0.78571428571428569843 0.82142857142857139685 0.80952380952380953438 0.57738095238095232808 0.64285714285714290472 0.60714285714285709528 0.52380952380952383596 0.76785714285714290472 0.67261904761904767192 0.58333333333333337034 0.48809523809523808202 0.54166666666666662966 0.64285714285714290472 0.68452380952380953438 0.68452380952380953438 0.71428571428571430157 0.67261904761904767192 0.44047619047619046562 0.60119047619047616404 0.57142857142857139685 0.64285714285714290472 0.68452380952380953438 0.68452380952380953438 0.66666666666666662966 0.60119047619047616404 0.51785714285714290472 0.57738095238095232808 0.61309523809523813753 0.64285714285714290472 0.70238095238095232808 0.68452380952380953438
0.89285714285714290472 0.88690476190476186247 0.85119047619047616404 0.80952380952380953438 0.75595238095238093123 0.64285714285714290472 0.66666666666666662966 0.61904761904761906877 0.61904761904761906877 0.50595238095238093123 0.51785714285714290472 0.53571428571428569843 0.55952380952380953438 0.57142857142857139685 0.48214285714285715079 0.55357142857142860315 0.67261904761904767192 0.78571428571428569843 0.52976190476190476719 0.55357142857142860315 0.63690476190476186247 0.78571428571428569843 0.68452380952380953438 0.68452380952380953438 0.67261904761904767192 0.47619047619047616404 0.5 0.51785714285714290472 0.51785714285714290472 0.67261904761904767192 0.78571428571428569843 0.70238095238095232808 0.67261904761904767192 0.68452380952380953438 0.76785714285714290472 0.75595238095238093123 0.70238095238095232808 0.64880952380952383596 0.75595238095238093123 0.66666666666666662966 0.51785714285714290472 0.63690476190476186247 0.64285714285714290472 0.68452380952380953438 0.69047619047619046562 0.68452380952380953438
0.89285714285714290472 0.88690476190476186247 0.83928571428571430157 0.82142857142857139685 0.70238095238095232808 0.68452380952380953438 0.60119047619047616404 0.58333333333333337034 0.53571428571428569843 0.36309523809523808202 0.53571428571428569843 0.47619047619047616404 0.48809523809523808202 0.50595238095238093123 0.48809523809523808202 0.47619047619047616404 0.46428571428571430157 0.46428571428571430157 0.73214285714285709528 0.64880952380952383596 0.76785714285714290472 0.70833333333333337034 0.68452380952380953438 0.70833333333333337034 0.64285714285714290472 0.60119047619047616404 0.55357142857142860315 0.57142857142857139685 0.5 0.54166666666666662966 0.60119047619047616404 0.68452380952380953438 0.68452380952380953438 0.68452380952380953438 0.66666666666666662966 0.66666666666666662966 0.70238095238095232808 0.71428571428571430157 0.66666666666666662966 0.56547619047619046562 0.3273809523809523836 0.44642857142857145236 0.56547619047619046562 0.61309523809523813753 0.68452380952380953438 0.68452380952380953438
0.88095238095238093123 0.86904761904761906877 0.85119047619047616404 0.69047619047619046562 0.66666666666666662966 0.61309523809523813753 0.64880952380952383596 0.625 0.60119047619047616404 0.57738095238095232808 0.36309523809523808202 0.44642857142857145236 0.41666666666666668517 0.41071428571428569843 0.4226190476190476164 0.39285714285714284921 0.41071428571428569843 0.46428571428571430157 0.63095238095238093123 0.71428571428571430157 0.75595238095238093123 0.76785714285714290472 0.72619047619047616404 0.76785714285714290472 0.68452380952380953438 0.76785714285714290472 0.61904761904761906877 0.48214285714285715079 0.4226190476190476164 0.46428571428571430157 0.5 0.48214285714285715079 0.66666666666666662966 0.66666666666666662966 0.60714285714285709528 0.67261904761904767192 0.68452380952380953438 0.68452380952380953438 0.71428571428571430157 0.56547619047619046562 0.23809523809523808202 0.35714285714285715079 0.25 0.55357142857142860315 0.67261904761904767192 0.68452380952380953438
0.86904761904761906877 0.82142857142857139685 0.76785714285714290472 0.69047619047619046562 0.76785714285714290472 0.70238095238095232808 0.68452380952380953438 0.63095238095238093123 0.60714285714285709528 0.45833333333333331483 0.39880952380952383596 0.36309523809523808202 0.38690476190476191798 0.35714285714285715079 0.39880952380952383596 0.39285714285714284921 0.4523809523809523836 0.39285714285714284921 0.49404761904761906877 0.63095238095238093123 0.67261904761904767192 0.77976190476190476719 0.71428571428571430157 0.76785714285714290472 0.76785714285714290472 0.625 0.70238095238095232808 0.41071428571428569843 0.39285714285714284921 0.36904761904761906877 0.36904761904761906877 0.39880952380952383596 0.36309523809523808202 0.50595238095238093123 0.67261904761904767192 0.625 0.51785714285714290472 0.5 0.56547619047619046562 0.47619047619047616404 0.50595238095238093123 0.625 0.41071428571428569843 0.41071428571428569843 0.54166666666666662966 0.68452380952380953438
