ExampleFiles/niche_identity/models/ENFA/Anolis_chlorocyanus.asc
ncols        743
nrows        319
xllcorner    -74.500956448335
yllcorner    17.448920549066
cellsize     0.008333333333
NODATA_value  -9999
[rows 180 to 199 of 319, columns 46 to 91 of 743]
0.035856573705179285716 0.059760956175298807214 0.099601593625498002771 0.031872509960159361997 0.011952191235059760749 0.011952191235059760749 0.023904382470119521498 0.039840637450199202496 0.023904382470119521498 -9999 -9999 -9999 -9999 -9999 -9999 -9999 -9999 -9999 -9999 -9999 -9999 -9999 -9999 -9999 -9999 -9999 -9999 -9999 -9999 -9999 -9999 -9999 -9999 -9999 -9999 -9999 -9999 -9999 0.24701195219123506241 0.58964143426294823858 0.6254980079681274896 0.70119521912350601944 0.77689243027888443827 0.70119521912350601944 0.67330677290836649096 0.74501992031872510402
0.075697211155378488212 0.011952191235059760749 0.023904382470119521498 0.011952191235059760749 0.099601593625498002771 0.075697211155378488212 0.10358565737051793343 0.051792828685258966714 0.055776892430278883495 0.039840637450199202496 0.023904382470119521498 0.051792828685258966714 0.075697211155378488212 0.075697211155378488212 0.29880478087649403607 0.19521912350597608876 0.29880478087649403607 0.11553784860557768377 0.075697211155378488212 0.075697211155378488212 -9999 -9999 -9999 -9999 -9999 -9999 -9999 -9999 -9999 -9999 -9999 -9999 -9999 -9999 -9999 -9999 -9999 -9999 -9999 -9999 -9999 0.30677290836653386963 0.4581673306772908183 0.60956175298804782248 0.64143426294820715672 0.6254980079681274896
0.071713147410358571432 0.011952191235059760749 0.075697211155378488212 0.039840637450199202496 0.10358565737051793343 0.30278884462151395285 0.11952191235059761443 0.10358565737051793343 0.075697211155378488212 0.023904382470119521498 0.027888446215139441747 0.15936254980079680998 0.19920318725099600554 0.24701195219123506241 0.38645418326693226074 0.47410358565737054093 0.4183266932270916505 0.32270916334661353675 0.16334661354581672676 0.12749003984063744799 0.099601593625498002771 0.075697211155378488212 0.075697211155378488212 0.075697211155378488212 -9999 -9999 -9999 -9999 -9999 -9999 -9999 -9999 -9999 -9999 -9999 -9999 -9999 -9999 -9999 -9999 -9999 -9999 -9999 0.45019920318725098474 0.54581673306772904297 0.60956175298804782248
0.039840637450199202496 0.075697211155378488212 0.33067729083665337031 0.29880478087649403607 0.34262948207171312065 0.43027888446215140084 0.2709163346613545631 0.49003984063745020805 0.075697211155378488212 0.023904382470119521498 0.08764940239043825243 0.54581673306772904297 0.33466135458167328709 0.59362549800796815536 0.55378486055776887653 0.30278884462151395285 0.44223107569721115118 0.48605577689243029127 0.46613545816733065186 0.53784860557768920941 0.075697211155378488212 0.11155378486055776699 0.075697211155378488212 0.075697211155378488212 -9999 -9999 -9999 -9999 -9999 -9999 -9999 -9999 -9999 -9999 -9999 -9999 -9999 -9999 -9999 -9999 -9999 -9999 -9999 -9999 -9999 -9999
0.051792828685258966714 0.067729083665338640774 0.54581673306772904297 0.49800796812749004161 0.54581673306772904297 0.53784860557768920941 0.30278884462151395285 0.29880478087649403607 0.49800796812749004161 0.23505976095617531207 0.055776892430278883495 0.059760956175298807214 0.50597609561752987517 0.5856573705179283218 0.60159362549800798892 0.33466135458167328709 0.54581673306772904297 0.54581673306772904297 0.58964143426294823858 0.59362549800796815536 0.54581673306772904297 0.40637450199203190015 0.12350597609561753121 0.083665338645418321772 0.15139442231075697642 0.19123505976095617198 -9999 -9999 -9999 -9999 -9999 -9999 -9999 -9999 -9999 -9999 -9999 -9999 -9999 -9999 -9999 -9999 -9999 -9999 -9999 -9999
0.1553784860557768932 0.051792828685258966714 0.29880478087649403607 0.53784860557768920941 0.54581673306772904297 0.58964143426294823858 0.58964143426294823858 0.5856573705179283218 0.58964143426294823858 0.40637450199203190015 0.59760956175298807214 0.42231075697211156728 0.059760956175298807214 0.3944223107569720943 0.46613545816733065186 0.32270916334661353675 0.43027888446215140084 0.32270916334661353675 0.40637450199203190015 0.29880478087649403607 0.23505976095617531207 0.24701195219123506241 0.24701195219123506241 0.24701195219123506241 0.11553784860557768377 0.19123505976095617198 0.30278884462151395285 0.32270916334661353675 0.47808764940239045771 0.44223107569721115118 0.49800796812749004161 0.46613545816733065186 0.49003984063745020805 0.3944223107569720943 0.23107569721115536754 -9999 -9999 -9999 -9999 -9999 -9999 -9999 -9999 -9999 -9999 -9999
0.075697211155378488212 0.10358565737051793343 0.13545816733067728155 0.24701195219123506241 0.39840637450199201108 0.54581673306772904297 0.53386454183266929263 0.44223107569721115118 0.3944223107569720943 0.24701195219123506241 0.46215139442231073508 0.075697211155378488212 0.11553784860557768377 0.32270916334661353675 0.33067729083665337031 0.49800796812749004161 0.52988047808764937585 0.50996015936254979195 0.43027888446215140084 0.35856573705179284328 0.34661354581673309294 0.48605577689243029127 0.48605577689243029127 0.24701195219123506241 0.40637450199203190015 0.40637450199203190015 0.39840637450199201108 0.32270916334661353675 0.44223107569721115118 0.3745019920318725104 0.46613545816733065186 0.44223107569721115118 0.35856573705179284328 0.43027888446215140084 0.5856573705179283218 0.33466135458167328709 0.29880478087649403607 -9999 -9999 -9999 -9999 -9999 -9999 -9999 -9999 -9999
0.075697211155378488212 0.42231075697211156728 0.42231075697211156728 0.54581673306772904297 0.5657370517928287379 0.56175298804780871009 0.5657370517928287379 0.55378486055776887653 0.56972111553784865468 0.48605577689243029127 0.47410358565737054093 0.3944223107569720943 0.23505976095617531207 0.32669322709163345353 0.24701195219123506241 0.35856573705179284328 0.49402390438247012483 0.49402390438247012483 0.46613545816733065186 0.49402390438247012483 0.44223107569721115118 0.34661354581673309294 0.46613545816733065186 0.34262948207171312065 0.42231075697211156728 0.43426294820717131762 0.32669322709163345353 0.3944223107569720943 0.37051792828685259362 0.35856573705179284328 0.36653386454183267684 0.33864541832669320387 0.35856573705179284328 0.33466135458167328709 0.39840637450199201108 0.41434262948207173372 0.49402390438247012483 0.31872509960159361997 0.43426294820717131762 -9999 -9999 -9999 -9999 -9999 0.42231075697211156728 0.65338645418326690706
0.19920318725099600554 0.32270916334661353675 0.55378486055776887653 0.40637450199203190015 0.56175298804780871009 0.5856573705179283218 0.5856573705179283218 0.50597609561752987517 0.50597609561752987517 0.51792828685258962551 0.48207171314741037449 0.53784860557768920941 0.41035856573705181694 0.40637450199203190015 0.35059760956175300972 0.33067729083665337031 0.35856573705179284328 0.35856573705179284328 0.30677290836653386963 0.3745019920318725104 0.28685258964143428573 0.24701195219123506241 0.31872509960159361997 0.32270916334661353675 0.3745019920318725104 0.3745019920318725104 0.35059760956175300972 0.34262948207171312065 0.33067729083665337031 0.33067729083665337031 0.33067729083665337031 0.32270916334661353675 0.32270916334661353675 0.31872509960159361997 0.31872509960159361997 0.36653386454183267684 0.39840637450199201108 0.3944223107569720943 0.60956175298804782248 0.55378486055776887653 0.39840637450199201108 0.52988047808764937585 0.6254980079681274896 0.53784860557768920941 0.53386454183266929263 0.5657370517928287379
0.095617529880478085991 0.57768924302788848824 0.52988047808764937585 0.52988047808764937585 0.54980079681274895975 0.49402390438247012483 0.53784860557768920941 0.51792828685258962551 0.53784860557768920941 0.34262948207171312065 0.10756972111553785021 0.39840637450199201108 0.32270916334661353675 0.32270916334661353675 0.33466135458167328709 0.35856573705179284328 0.32270916334661353675 0.32270916334661353675 0.24701195219123506241 0.24701195219123506241 0.29880478087649403607 0.24302788844621514563 0.24701195219123506241 0.34262948207171312065 0.36653386454183267684 0.38645418326693226074 0.32270916334661353675 0.32270916334661353675 0.32270916334661353675 0.31872509960159361997 0.31872509960159361997 0.31872509960159361997 0.31474103585657370319 0.29482071713147411929 0.29880478087649403607 0.31075697211155378641 0.30677290836653386963 0.32270916334661353675 0.31872509960159361997 0.3745019920318725104 0.48605577689243029127 0.54581673306772904297 0.6254980079681274896 0.47011952191235062415 0.38645418326693226074 0.40239043824701192786
0.12350597609561753121 0.50597609561752987517 0.52191235059760954229 0.55378486055776887653 0.56175298804780871009 0.51394422310756970873 0.46613545816733065186 0.52988047808764937585 0.48605577689243029127 0.53784860557768920941 0.54581673306772904297 0.48605577689243029127 0.3944223107569720943 0.32270916334661353675 0.31872509960159361997 0.34661354581673309294 0.37848605577689242718 0.33067729083665337031 0.32270916334661353675 0.32270916334661353675 0.31872509960159361997 0.24701195219123506241 0.43027888446215140084 0.24701195219123506241 0.35856573705179284328 0.32270916334661353675 0.31872509960159361997 0.27490039840637447988 0.29880478087649403607 0.28685258964143428573 0.27888446215139439666 0.29880478087649403607 0.25498007968127489598 0.32270916334661353675 0.32270916334661353675 0.29083665338645420251 0.29880478087649403607 0.2509960159362549792 0.25498007968127489598 0.28685258964143428573 0.30278884462151395285 0.30677290836653386963 0.30677290836653386963 0.31872509960159361997 0.34262948207171312065 0.30677290836653386963
0.40637450199203190015 0.49800796812749004161 0.53784860557768920941 0.34661354581673309294 0.55776892430278879331 0.3944223107569720943 0.50996015936254979195 0.50597609561752987517 0.49003984063745020805 0.4183266932270916505 0.47011952191235062415 0.36653386454183267684 0.32270916334661353675 0.31872509960159361997 0.30677290836653386963 0.34661354581673309294 0.39043824701195217752 0.3545816733067729265 0.27888446215139439666 0.31474103585657370319 0.33466135458167328709 0.23505976095617531207 0.32270916334661353675 0.27888446215139439666 0.32270916334661353675 0.33067729083665337031 0.34661354581673309294 0.24701195219123506241 0.24701195219123506241 0.24701195219123506241 0.24701195219123506241 0.23505976095617531207 0.23505976095617531207 0.28685258964143428573 0.24701195219123506241 0.31872509960159361997 0.24701195219123506241 0.24701195219123506241 0.24701195219123506241 0.24701195219123506241 0.27888446215139439666 0.24701195219123506241 0.30278884462151395285 0.2709163346613545631 0.29083665338645420251 0.50199203187250995839
0.25498007968127489598 0.22709163346613545076 0.29482071713147411929 0.3944223107569720943 0.48605577689243029127 0.23505976095617531207 0.32270916334661353675 0.24701195219123506241 0.41434262948207173372 0.30677290836653386963 0.3944223107569720943 0.47808764940239045771 0.23505976095617531207 0.24701195219123506241 0.19123505976095617198 0.24701195219123506241 0.36653386454183267684 0.32270916334661353675 0.29880478087649403607 0.32270916334661353675 0.30278884462151395285 0.30278884462151395285 0.24701195219123506241 0.32270916334661353675 0.34661354581673309294 0.35059760956175300972 0.35059760956175300972 0.44223107569721115118 0.42231075697211156728 0.24701195219123506241 0.30677290836653386963 0.30677290836653386963 0.32669322709163345353 0.32270916334661353675 0.22310756972111553398 0.24701195219123506241 0.24302788844621514563 0.25498007968127489598 0.23505976095617531207 0.27490039840637447988 0.30278884462151395285 0.24701195219123506241 0.30677290836653386963 0.19123505976095617198 0.46613545816733065186 0.49402390438247012483
0.043824701195219126215 0.035856573705179285716 0.19123505976095617198 0.39840637450199201108 0.11155378486055776699 0.10358565737051793343 0.19123505976095617198 0.19123505976095617198 0.31872509960159361997 0.39043824701195217752 0.36653386454183267684 0.30677290836653386963 0.33466135458167328709 0.32270916334661353675 0.32270916334661353675 0.19123505976095617198 0.23904382470119522885 0.19920318725099600554 0.24701195219123506241 0.24701195219123506241 0.32270916334661353675 0.29880478087649403607 0.31872509960159361997 0.24701195219123506241 0.23904382470119522885 0.23505976095617531207 0.19920318725099600554 0.22709163346613545076 0.23505976095617531207 0.39043824701195217752 0.19123505976095617198 0.17928286852589642164 0.19123505976095617198 0.19521912350597608876 0.19123505976095617198 0.17131474103585656033 0.23505976095617531207 0.16334661354581672676 0.16334661354581672676 0.23505976095617531207 0.29880478087649403607 0.24701195219123506241 0.23904382470119522885 0.26693227091633464632 0.19123505976095617198 0.28286852589641436895
0.019920318725099601248 0.015936254980079680998 0.12749003984063744799 0.075697211155378488212 0.095617529880478085991 0.12350597609561753121 0.19123505976095617198 0.19123505976095617198 0.41434262948207173372 0.3745019920318725104 0.39840637450199201108 0.30278884462151395285 0.32270916334661353675 0.32270916334661353675 0.24701195219123506241 0.19123505976095617198 0.12749003984063744799 0.29482071713147411929 0.11553784860557768377 0.059760956175298807214 0.099601593625498002771 0.075697211155378488212 0.24701195219123506241 0.24701195219123506241 0.29880478087649403607 0.23505976095617531207 0.24701195219123506241 0.24701195219123506241 0.24701195219123506241 0.19123505976095617198 0.17928286852589642164 0.17928286852589642164 0.19123505976095617198 0.19123505976095617198 0.23904382470119522885 0.19123505976095617198 0.1553784860557768932 0.1553784860557768932 0.15936254980079680998 0.19123505976095617198 0.23904382470119522885 0.23505976095617531207 0.23505976095617531207 0.20717131474103586686 0.17131474103585656033 0.19920318725099600554
0.015936254980079680998 0.079681274900398404992 0.24701195219123506241 0.10358565737051793343 0.16334661354581672676 0.075697211155378488212 0.095617529880478085991 0.091633466135458169211 0.32270916334661353675 0.3944223107569720943 0.35856573705179284328 0.13944223107569719833 0.16334661354581672676 0.13944223107569719833 0.19123505976095617198 0.095617529880478085991 0.12350597609561753121 0.095617529880478085991 0.075697211155378488212 0.059760956175298807214 0.12350597609561753121 0.13944223107569719833 0.11553784860557768377 0.043824701195219126215 0.10358565737051793343 0.075697211155378488212 0.12749003984063744799 0.2509960159362549792 0.08764940239043825243 0.12350597609561753121 0.19920318725099600554 0.23505976095617531207 0.24701195219123506241 0.19123505976095617198 0.18326693227091633842 0.19123505976095617198 0.20717131474103586686 0.19123505976095617198 0.19920318725099600554 0.1553784860557768932 0.23505976095617531207 0.13944223107569719833 0.19123505976095617198 0.19521912350597608876 0.16334661354581672676 0.24302788844621514563
0.039840637450199202496 0.063745019920318723994 0.043824701195219126215 0.075697211155378488212 0.051792828685258966714 0.043824701195219126215 0.047808764940239042995 0.043824701195219126215 0.20717131474103586686 0.30278884462151395285 0.14342629482071714286 0.075697211155378488212 0.075697211155378488212 0.051792828685258966714 0.059760956175298807214 0.059760956175298807214 0.059760956175298807214 0.075697211155378488212 0.059760956175298807214 0.059760956175298807214 0.11155378486055776699 0.13147410358565736477 0.19521912350597608876 0.11553784860557768377 0.10358565737051793343 0.13944223107569719833 0.1553784860557768932 0.23505976095617531207 0.19123505976095617198 0.19123505976095617198 0.1553784860557768932 0.13944223107569719833 0.19123505976095617198 0.12749003984063744799 0.12749003984063744799 0.12350597609561753121 0.16334661354581672676 0.19920318725099600554 0.24302788844621514563 0.24701195219123506241 0.21115537848605578364 0.13944223107569719833 0.19123505976095617198 0.14342629482071714286 0.12350597609561753121 0.12350597609561753121
0.031872509960159361997 0.095617529880478085991 0.067729083665338640774 0.023904382470119521498 0.019920318725099601248 0.0079681274900398404992 0.011952191235059760749 0.13545816733067728155 0.32270916334661353675 0.32270916334661353675 0.051792828685258966714 0.051792828685258966714 0.083665338645418321772 0.11553784860557768377 0.035856573705179285716 0.051792828685258966714 0.055776892430278883495 0.039840637450199202496 0.035856573705179285716 0.075697211155378488212 0.031872509960159361997 0.059760956175298807214 0.075697211155378488212 0.12350597609561753121 0.19123505976095617198 0.16733067729083664354 0.23505976095617531207 0.20717131474103586686 0.19920318725099600554 0.17131474103585656033 0.17928286852589642164 0.1872509960159362552 0.19123505976095617198 0.17529880478087650486 0.11553784860557768377 0.10358565737051793343 0.19123505976095617198 0.19123505976095617198 0.17131474103585656033 0.19123505976095617198 0.12749003984063744799 0.11155378486055776699 0.18326693227091633842 0.16334661354581672676 0.19123505976095617198 0.12749003984063744799
0.011952191235059760749 0.031872509960159361997 0.039840637450199202496 0.019920318725099601248 0.011952191235059760749 0.0039840637450199202496 0.035856573705179285716 0.14741035856573705964 0.32270916334661353675 0.32270916334661353675 0.055776892430278883495 0.099601593625498002771 0.059760956175298807214 0.059760956175298807214 0.051792828685258966714 0.023904382470119521498 0.015936254980079680998 0.035856573705179285716 0.035856573705179285716 0.079681274900398404992 0.075697211155378488212 0.075697211155378488212 0.075697211155378488212 0.075697211155378488212 0.083665338645418321772 0.071713147410358571432 0.11155378486055776699 0.17131474103585656033 0.12749003984063744799 0.095617529880478085991 0.15139442231075697642 0.16334661354581672676 0.08764940239043825243 0.11155378486055776699 0.11553784860557768377 0.063745019920318723994 0.075697211155378488212 0.047808764940239042995 0.067729083665338640774 0.095617529880478085991 0.075697211155378488212 0.051792828685258966714 0.067729083665338640774 0.095617529880478085991 0.099601593625498002771 0.099601593625498002771
0.0079681274900398404992 0.0039840637450199202496 0.015936254980079680998 0.0079681274900398404992 0.023904382470119521498 0.075697211155378488212 0.24701195219123506241 0.19123505976095617198 0.24701195219123506241 0.17529880478087650486 0.13545816733067728155 0.08764940239043825243 0.059760956175298807214 0.075697211155378488212 0.075697211155378488212 0.059760956175298807214 0.051792828685258966714 0.051792828685258966714 0.075697211155378488212 0.075697211155378488212 0.075697211155378488212 0.083665338645418321772 0.13545816733067728155 0.051792828685258966714 0.039840637450199202496 0.083665338645418321772 0.043824701195219126215 0.13545816733067728155 0.067729083665338640774 0.12749003984063744799 0.14342629482071714286 0.083665338645418321772 0.14342629482071714286 0.055776892430278883495 0.039840637450199202496 0.055776892430278883495 0.12350597609561753121 0.059760956175298807214 0.043824701195219126215 0.067729083665338640774 0.043824701195219126215 0.051792828685258966714 0.075697211155378488212 0.08764940239043825243 0.10358565737051793343 0.12749003984063744799
