ExampleFiles/niche_identity/models/ENFA/Anolis_chlorocyanus.asc
ncols        743
nrows        319
xllcorner    -74.500956448335
yllcorner    17.448920549066
cellsize     0.008333333333
NODATA_value  -9999
[rows 120 to 139 of 319, columns 506 to 551 of 743]
0.48605577689243029127 0.62151394422310757282 0.57370517928286857146 0.53784860557768920941 0.48605577689243029127 0.54581673306772904297 0.65737051792828682384 0.57768924302788848824 0.5856573705179283218 0.57768924302788848824 0.55378486055776887653 0.58964143426294823858 0.54581673306772904297 0.61354581673306773926 0.53784860557768920941 0.52988047808764937585 0.60956175298804782248 0.53784860557768920941 0.65737051792828682384 0.58964143426294823858 0.6254980079681274896 0.58964143426294823858 0.58964143426294823858 0.62151394422310757282 0.72509960159362552012 0.75697211155378485437 0.74501992031872510402 0.72509960159362552012 0.76095617529880477115 0.7490039840637450208 0.76892430278884460471 0.78884462151394418861 0.75697211155378485437 0.82470119521912355065 0.82470119521912355065 0.78486055776892427183 0.77689243027888443827 0.78486055776892427183 0.77689243027888443827 0.81673306772908371709 0.83266932270916338421 0.83266932270916338421 0.52191235059760954229 0.44621513944223106796 0.39840637450199201108 0.74103585657370518724
0.48605577689243029127 0.32669322709163345353 0.40637450199203190015 0.54581673306772904297 0.52589641434262945907 0.49402390438247012483 0.46613545816733065186 0.33067729083665337031 0.5657370517928287379 0.57768924302788848824 0.58964143426294823858 0.60956175298804782248 0.57768924302788848824 0.52988047808764937585 0.52988047808764937585 0.65737051792828682384 0.52191235059760954229 0.66135458167330674062 0.6254980079681274896 0.6653386454183266574 0.6653386454183266574 0.62151394422310757282 0.60159362549800798892 0.65737051792828682384 0.60159362549800798892 0.66135458167330674062 0.65737051792828682384 0.6892430278884462691 0.73306772908366535368 0.75298804780876493759 0.67330677290836649096 0.74501992031872510402 0.7490039840637450208 0.74103585657370518724 0.77689243027888443827 0.79681274900398402217 0.76095617529880477115 0.75697211155378485437 0.81673306772908371709 0.77689243027888443827 0.83266932270916338421 0.82868525896414346743 0.82868525896414346743 0.81673306772908371709 0.52988047808764937585 0.51792828685258962551
0.47808764940239045771 0.49402390438247012483 0.50996015936254979195 0.46613545816733065186 0.58964143426294823858 0.49800796812749004161 0.52988047808764937585 0.36653386454183267684 0.59362549800796815536 0.52988047808764937585 0.54980079681274895975 0.56175298804780871009 0.56175298804780871009 0.5856573705179283218 0.58964143426294823858 0.62151394422310757282 0.6254980079681274896 0.64143426294820715672 0.58964143426294823858 0.52988047808764937585 0.52988047808764937585 0.54581673306772904297 0.54581673306772904297 0.66932270916334657418 0.66135458167330674062 0.5856573705179283218 0.67729083665338640774 0.75298804780876493759 0.70119521912350601944 0.66135458167330674062 0.72509960159362552012 0.67330677290836649096 0.70119521912350601944 0.75298804780876493759 0.76494023904382468793 0.67330677290836649096 0.65737051792828682384 0.75697211155378485437 0.78486055776892427183 0.78486055776892427183 0.80079681274900393895 0.82470119521912355065 0.81673306772908371709 0.81673306772908371709 0.81673306772908371709 0.65338645418326690706
0.58167330677290840502 0.58964143426294823858 0.49402390438247012483 0.54581673306772904297 0.59362549800796815536 0.58167330677290840502 0.63346613545816732316 0.60956175298804782248 0.46613545816733065186 0.5856573705179283218 0.52988047808764937585 0.53784860557768920941 0.52589641434262945907 0.62151394422310757282 0.62151394422310757282 0.62151394422310757282 0.54581673306772904297 0.6653386454183266574 0.62151394422310757282 0.6055776892430279057 0.59362549800796815536 0.67330677290836649096 0.59362549800796815536 0.62151394422310757282 0.66135458167330674062 0.75697211155378485437 0.70119521912350601944 0.75697211155378485437 0.70119521912350601944 0.75298804780876493759 0.71713147410358568656 0.73306772908366535368 0.73306772908366535368 0.77689243027888443827 0.66932270916334657418 0.6653386454183266574 0.68127490039840632452 0.74103585657370518724 0.66932270916334657418 0.67330677290836649096 0.78884462151394418861 0.82470119521912355065 0.82470119521912355065 0.80478087649402385573 0.83266932270916338421 0.52191235059760954229
0.59362549800796815536 0.52191235059760954229 0.52988047808764937585 0.44223107569721115118 0.62151394422310757282 0.50996015936254979195 0.50996015936254979195 0.48605577689243029127 0.47011952191235062415 0.59362549800796815536 0.54980079681274895975 0.5657370517928287379 0.58964143426294823858 0.5856573705179283218 0.62151394422310757282 0.6254980079681274896 0.6254980079681274896 0.65338645418326690706 0.70119521912350601944 0.64143426294820715672 0.67330677290836649096 0.64940239043824699028 0.65338645418326690706 0.6254980079681274896 0.59362549800796815536 0.72509960159362552012 0.67330677290836649096 0.76095617529880477115 0.77689243027888443827 0.80079681274900393895 0.74103585657370518724 0.76494023904382468793 0.76095617529880477115 0.65338645418326690706 0.62151394422310757282 0.75298804780876493759 0.67729083665338640774 0.66135458167330674062 0.64143426294820715672 0.67330677290836649096 0.78884462151394418861 0.77689243027888443827 0.81673306772908371709 0.81673306772908371709 0.77689243027888443827 0.51792828685258962551
0.49800796812749004161 0.55776892430278879331 0.55776892430278879331 0.52988047808764937585 0.54581673306772904297 0.3545816733067729265 0.65338645418326690706 0.52191235059760954229 0.58964143426294823858 0.58964143426294823858 0.58964143426294823858 0.65737051792828682384 0.60159362549800798892 0.74103585657370518724 0.62151394422310757282 0.7490039840637450208 0.65737051792828682384 0.6254980079681274896 0.68127490039840632452 0.70119521912350601944 0.54980079681274895975 0.6454183266932270735 0.65737051792828682384 0.59362549800796815536 0.6653386454183266574 0.67729083665338640774 0.67330677290836649096 0.74103585657370518724 0.78087649402390435505 0.67330677290836649096 0.75697211155378485437 0.75298804780876493759 0.6055776892430279057 0.6254980079681274896 0.58964143426294823858 0.76095617529880477115 0.65737051792828682384 0.65737051792828682384 0.65338645418326690706 0.6653386454183266574 0.75298804780876493759 0.77689243027888443827 0.75697211155378485437 0.79681274900398402217 0.74501992031872510402 0.51394422310756970873
0.54980079681274895975 0.33067729083665337031 0.53784860557768920941 0.49003984063745020805 0.47808764940239045771 0.47410358565737054093 0.55378486055776887653 0.59760956175298807214 0.58167330677290840502 0.50597609561752987517 0.5856573705179283218 0.65338645418326690706 0.65338645418326690706 0.5856573705179283218 0.70119521912350601944 0.62151394422310757282 0.67729083665338640774 0.67330677290836649096 0.62151394422310757282 0.64143426294820715672 0.67330677290836649096 0.67330677290836649096 0.67330677290836649096 0.67330677290836649096 0.67729083665338640774 0.65737051792828682384 0.62151394422310757282 0.6653386454183266574 0.72509960159362552012 0.77689243027888443827 0.65338645418326690706 0.74103585657370518724 0.65338645418326690706 0.63346613545816732316 0.62151394422310757282 0.62151394422310757282 0.6254980079681274896 0.65338645418326690706 0.709163346613545853 0.67330677290836649096 0.6892430278884462691 0.83266932270916338421 0.82868525896414346743 0.82470119521912355065 0.52988047808764937585 0.52988047808764937585
0.46613545816733065186 0.49800796812749004161 0.40637450199203190015 0.49003984063745020805 0.3745019920318725104 0.47410358565737054093 0.58964143426294823858 0.65737051792828682384 0.6254980079681274896 0.65338645418326690706 0.62151394422310757282 0.55378486055776887653 0.6892430278884462691 0.6653386454183266574 0.62151394422310757282 0.709163346613545853 0.54581673306772904297 0.74501992031872510402 0.68127490039840632452 0.70119521912350601944 0.66932270916334657418 0.6653386454183266574 0.72509960159362552012 0.67330677290836649096 0.6653386454183266574 0.65737051792828682384 0.65737051792828682384 0.66932270916334657418 0.74103585657370518724 0.74103585657370518724 0.76494023904382468793 0.67729083665338640774 0.67330677290836649096 0.65338645418326690706 0.77689243027888443827 0.67330677290836649096 0.59362549800796815536 0.58167330677290840502 0.58964143426294823858 0.75298804780876493759 0.78486055776892427183 0.79681274900398402217 0.81673306772908371709 0.77689243027888443827 0.52988047808764937585 0.52988047808764937585
0.53784860557768920941 0.54581673306772904297 0.48605577689243029127 0.62151394422310757282 0.54581673306772904297 0.55378486055776887653 0.54581673306772904297 0.54581673306772904297 0.62151394422310757282 0.6254980079681274896 0.65338645418326690706 0.56972111553784865468 0.70119521912350601944 0.62151394422310757282 0.65737051792828682384 0.6653386454183266574 0.70119521912350601944 0.66932270916334657418 0.65338645418326690706 0.65737051792828682384 0.6892430278884462691 0.68127490039840632452 0.6892430278884462691 0.67729083665338640774 0.66135458167330674062 0.65338645418326690706 0.58964143426294823858 0.67729083665338640774 0.75298804780876493759 0.74103585657370518724 0.70119521912350601944 0.66932270916334657418 0.66135458167330674062 0.65338645418326690706 0.65737051792828682384 0.70119521912350601944 0.65737051792828682384 0.5856573705179283218 0.68127490039840632452 0.64143426294820715672 0.74103585657370518724 0.77689243027888443827 0.74103585657370518724 0.55378486055776887653 0.53784860557768920941 0.52191235059760954229
0.65338645418326690706 0.57768924302788848824 0.52988047808764937585 0.52988047808764937585 0.49800796812749004161 0.53386454183266929263 0.5856573705179283218 0.48605577689243029127 0.64143426294820715672 0.54581673306772904297 0.55378486055776887653 0.6254980079681274896 0.76095617529880477115 0.64143426294820715672 0.53784860557768920941 0.54581673306772904297 0.6653386454183266574 0.75298804780876493759 0.65737051792828682384 0.66135458167330674062 0.67729083665338640774 0.67330677290836649096 0.59362549800796815536 0.67729083665338640774 0.63745019920318723994 0.66932270916334657418 0.62151394422310757282 0.62151394422310757282 0.65338645418326690706 0.63745019920318723994 0.65338645418326690706 0.67729083665338640774 0.6254980079681274896 0.65338645418326690706 0.66932270916334657418 0.67330677290836649096 0.65338645418326690706 0.65338645418326690706 0.72509960159362552012 0.70119521912350601944 0.67330677290836649096 0.7490039840637450208 0.58964143426294823858 0.52988047808764937585 0.53784860557768920941 0.63745019920318723994
0.76892430278884460471 0.67330677290836649096 0.74103585657370518724 0.55776892430278879331 0.53784860557768920941 0.52191235059760954229 0.57768924302788848824 0.53784860557768920941 0.49800796812749004161 0.58964143426294823858 0.58964143426294823858 0.59362549800796815536 0.6254980079681274896 0.6653386454183266574 0.74103585657370518724 0.65737051792828682384 0.58964143426294823858 0.60956175298804782248 0.65737051792828682384 0.5856573705179283218 0.67330677290836649096 0.66135458167330674062 0.66135458167330674062 0.65338645418326690706 0.67330677290836649096 0.58167330677290840502 0.67729083665338640774 0.62151394422310757282 0.62151394422310757282 0.65338645418326690706 0.6254980079681274896 0.72111553784860560334 0.67729083665338640774 0.6653386454183266574 0.65737051792828682384 0.65338645418326690706 0.65338645418326690706 0.6653386454183266574 0.75298804780876493759 0.75298804780876493759 0.67729083665338640774 0.76494023904382468793 0.52589641434262945907 0.51792828685258962551 0.52988047808764937585 0.6254980079681274896
0.46613545816733065186 0.66135458167330674062 0.60159362549800798892 0.65338645418326690706 0.55378486055776887653 0.39043824701195217752 0.49800796812749004161 0.58964143426294823858 0.54581673306772904297 0.48207171314741037449 0.57768924302788848824 0.52988047808764937585 0.61354581673306773926 0.76892430278884460471 0.61354581673306773926 0.6653386454183266574 0.5856573705179283218 0.66932270916334657418 0.6852589641434262413 0.59760956175298807214 0.59362549800796815536 0.62151394422310757282 0.62151394422310757282 0.6254980079681274896 0.62151394422310757282 0.60956175298804782248 0.6254980079681274896 0.57768924302788848824 0.54581673306772904297 0.60159362549800798892 0.70119521912350601944 0.60159362549800798892 0.65737051792828682384 0.75298804780876493759 0.58964143426294823858 0.62151394422310757282 0.54581673306772904297 0.65737051792828682384 0.66135458167330674062 0.66135458167330674062 0.62151394422310757282 0.65737051792828682384 0.50199203187250995839 0.50996015936254979195 0.51792828685258962551 0.52988047808764937585
0.6653386454183266574 0.60159362549800798892 0.62151394422310757282 0.50597609561752987517 0.54581673306772904297 0.44621513944223106796 0.62151394422310757282 0.46613545816733065186 0.55378486055776887653 0.50996015936254979195 0.5657370517928287379 0.62151394422310757282 0.54183266932270912619 0.63346613545816732316 0.54581673306772904297 0.6055776892430279057 0.67330677290836649096 0.65338645418326690706 0.6653386454183266574 0.5856573705179283218 0.6254980079681274896 0.58964143426294823858 0.64940239043824699028 0.66135458167330674062 0.64143426294820715672 0.57768924302788848824 0.64143426294820715672 0.65338645418326690706 0.62151394422310757282 0.58964143426294823858 0.57768924302788848824 0.67330677290836649096 0.65338645418326690706 0.6254980079681274896 0.64143426294820715672 0.65338645418326690706 0.6254980079681274896 0.65737051792828682384 0.60956175298804782248 0.65338645418326690706 0.65338645418326690706 0.47410358565737054093 0.49402390438247012483 0.49402390438247012483 0.54581673306772904297 0.52589641434262945907
0.49003984063745020805 0.49003984063745020805 0.42231075697211156728 0.47410358565737054093 0.57768924302788848824 0.41035856573705181694 0.51792828685258962551 0.53784860557768920941 0.56175298804780871009 0.52191235059760954229 0.50597609561752987517 0.58964143426294823858 0.60956175298804782248 0.65338645418326690706 0.54980079681274895975 0.62151394422310757282 0.62151394422310757282 0.58167330677290840502 0.65737051792828682384 0.64940239043824699028 0.58964143426294823858 0.60956175298804782248 0.66135458167330674062 0.62151394422310757282 0.65737051792828682384 0.58167330677290840502 0.54980079681274895975 0.54980079681274895975 0.47011952191235062415 0.60159362549800798892 0.58964143426294823858 0.78486055776892427183 0.76892430278884460471 0.6653386454183266574 0.44621513944223106796 0.63745019920318723994 0.54581673306772904297 0.52589641434262945907 0.65338645418326690706 0.54581673306772904297 0.50597609561752987517 0.49402390438247012483 0.47410358565737054093 0.43426294820717131762 0.50996015936254979195 0.6055776892430279057
0.48605577689243029127 0.58167330677290840502 0.41434262948207173372 0.53784860557768920941 0.52988047808764937585 0.52589641434262945907 0.46215139442231073508 0.53784860557768920941 0.56175298804780871009 0.57768924302788848824 0.6254980079681274896 0.58964143426294823858 0.60159362549800798892 0.46613545816733065186 0.58167330677290840502 0.63745019920318723994 0.61354581673306773926 0.62151394422310757282 0.65737051792828682384 0.65338645418326690706 0.60956175298804782248 0.66135458167330674062 0.65737051792828682384 0.65737051792828682384 0.49800796812749004161 0.47011952191235062415 0.56175298804780871009 0.58964143426294823858 0.58964143426294823858 0.54581673306772904297 0.5856573705179283218 0.83266932270916338421 0.77689243027888443827 0.74103585657370518724 0.54980079681274895975 0.47808764940239045771 0.6254980079681274896 0.53784860557768920941 0.5856573705179283218 0.54581673306772904297 0.52988047808764937585 0.53784860557768920941 0.4581673306772908183 0.4183266932270916505 0.49402390438247012483 0.54581673306772904297
0.33466135458167328709 0.32270916334661353675 0.48207171314741037449 0.34262948207171312065 0.46613545816733065186 0.39043824701195217752 0.39840637450199201108 0.48605577689243029127 0.58964143426294823858 0.55776892430278879331 0.62151394422310757282 0.6254980079681274896 0.57768924302788848824 0.60159362549800798892 0.65338645418326690706 0.52191235059760954229 0.62151394422310757282 0.57768924302788848824 0.58964143426294823858 0.54581673306772904297 0.52191235059760954229 0.6254980079681274896 0.6892430278884462691 0.63745019920318723994 0.49402390438247012483 0.59362549800796815536 0.54980079681274895975 0.5856573705179283218 0.50996015936254979195 0.49402390438247012483 0.64143426294820715672 0.81673306772908371709 0.81673306772908371709 0.6254980079681274896 0.53784860557768920941 0.48605577689243029127 0.49800796812749004161 0.54581673306772904297 0.3944223107569720943 0.49800796812749004161 0.49800796812749004161 0.54581673306772904297 0.45418326693227090152 0.47808764940239045771 0.5856573705179283218 0.62151394422310757282
0.3545816733067729265 0.47011952191235062415 0.48605577689243029127 0.40637450199203190015 0.41035856573705181694 0.4183266932270916505 0.5657370517928287379 0.50597609561752987517 0.65338645418326690706 0.67330677290836649096 0.75298804780876493759 0.6653386454183266574 0.65737051792828682384 0.58964143426294823858 0.48605577689243029127 0.53784860557768920941 0.58964143426294823858 0.62151394422310757282 0.58964143426294823858 0.52988047808764937585 0.53386454183266929263 0.54581673306772904297 0.60956175298804782248 0.52988047808764937585 0.46613545816733065186 0.50597609561752987517 0.67330677290836649096 0.67330677290836649096 0.65737051792828682384 0.36653386454183267684 0.72509960159362552012 0.74501992031872510402 0.75697211155378485437 0.59362549800796815536 0.47808764940239045771 0.50199203187250995839 0.67330677290836649096 0.65338645418326690706 0.50996015936254979195 0.58167330677290840502 0.45418326693227090152 0.50597609561752987517 0.3944223107569720943 0.33466135458167328709 0.39840637450199201108 0.46613545816733065186
0.49402390438247012483 0.3944223107569720943 0.39840637450199201108 0.36653386454183267684 0.44621513944223106796 0.32270916334661353675 0.58167330677290840502 0.6653386454183266574 0.75697211155378485437 0.72509960159362552012 0.66135458167330674062 0.75298804780876493759 0.75298804780876493759 0.6653386454183266574 0.49800796812749004161 0.47410358565737054093 0.59362549800796815536 0.58167330677290840502 0.54581673306772904297 0.49800796812749004161 0.50597609561752987517 0.53784860557768920941 0.50996015936254979195 0.54980079681274895975 0.44223107569721115118 0.49402390438247012483 0.48605577689243029127 0.65737051792828682384 0.6653386454183266574 0.5856573705179283218 0.77689243027888443827 0.58964143426294823858 0.75697211155378485437 0.66135458167330674062 0.56175298804780871009 0.39043824701195217752 0.53784860557768920941 0.59362549800796815536 0.54581673306772904297 0.55378486055776887653 0.3745019920318725104 0.40239043824701192786 0.34661354581673309294 0.33067729083665337031 0.37848605577689242718 0.37848605577689242718
0.49800796812749004161 0.35059760956175300972 0.41035856573705181694 0.34661354581673309294 0.33466135458167328709 0.32270916334661353675 0.57768924302788848824 0.58964143426294823858 0.66932270916334657418 0.67729083665338640774 0.70119521912350601944 0.75697211155378485437 0.66932270916334657418 0.6653386454183266574 0.52988047808764937585 0.5657370517928287379 0.57768924302788848824 0.57768924302788848824 0.44223107569721115118 0.44223107569721115118 0.48605577689243029127 0.48605577689243029127 0.53386454183266929263 0.58167330677290840502 0.44621513944223106796 0.44223107569721115118 0.54581673306772904297 0.54980079681274895975 0.52988047808764937585 0.70119521912350601944 0.67729083665338640774 0.78884462151394418861 0.67729083665338640774 0.74103585657370518724 0.53784860557768920941 0.49800796812749004161 0.4581673306772908183 0.52191235059760954229 0.5856573705179283218 0.44223107569721115118 0.43027888446215140084 0.32270916334661353675 0.32270916334661353675 0.33067729083665337031 0.32270916334661353675 0.3944223107569720943
0.30677290836653386963 0.47410358565737054093 0.47410358565737054093 0.35856573705179284328 0.34661354581673309294 0.41434262948207173372 0.3944223107569720943 0.3545816733067729265 0.32270916334661353675 0.52988047808764937585 0.52589641434262945907 0.6653386454183266574 0.74103585657370518724 0.75298804780876493759 0.76892430278884460471 0.55378486055776887653 0.48207171314741037449 0.41035856573705181694 0.54581673306772904297 0.39043824701195217752 0.36653386454183267684 0.52988047808764937585 0.35059760956175300972 0.48605577689243029127 0.50199203187250995839 0.35059760956175300972 0.45418326693227090152 0.43027888446215140084 0.6653386454183266574 0.6653386454183266574 0.54581673306772904297 0.6892430278884462691 0.80478087649402385573 0.77689243027888443827 0.77689243027888443827 0.48605577689243029127 0.54581673306772904297 0.46613545816733065186 0.47011952191235062415 0.48605577689243029127 0.47011952191235062415 0.34661354581673309294 0.32270916334661353675 0.34661354581673309294 0.32270916334661353675 0.3545816733067729265
