ExampleFiles/niche_identity/models/ENFA/Anolis_coelestinus_1.asc
ncols        743
nrows        319
xllcorner    -74.500956448335
yllcorner    17.448920549066
cellsize     0.008333333333
NODATA_value  -9999
[rows 120 to 139 of 319, columns 230 to 275 of 743]
0.36309523809523808202 0.35714285714285715079 0.33928571428571430157 0.33928571428571430157 0.32142857142857145236 0.27976190476190476719 0.22023809523809523281 0.19642857142857142461 0.1726190476190476164 0.23214285714285715079 0.26785714285714284921 0.23214285714285715079 0.23214285714285715079 0.13690476190476191798 0.083333333333333328707 0.071428571428571424606 0.065476190476190479495 0.071428571428571424606 0.19642857142857142461 0.16071428571428572618 0.36309523809523808202 0.42857142857142854764 0.28571428571428569843 0.33928571428571430157 0.41071428571428569843 0.48809523809523808202 0.45833333333333331483 0.44642857142857145236 0.41666666666666668517 0.46428571428571430157 0.61309523809523813753 0.54166666666666662966 0.64880952380952383596 0.61309523809523813753 0.41071428571428569843 0.57142857142857139685 0.58333333333333337034 0.47619047619047616404 0.4226190476190476164 0.36309523809523808202 0.34523809523809523281 0.47619047619047616404 0.49404761904761906877 0.59523809523809523281 0.61309523809523813753 0.61309523809523813753
0.33928571428571430157 0.35714285714285715079 0.3273809523809523836 0.33928571428571430157 0.35714285714285715079 0.33928571428571430157 0.33928571428571430157 0.33928571428571430157 0.19642857142857142461 0.3273809523809523836 0.3273809523809523836 0.19642857142857142461 0.18452380952380953438 0.10714285714285713691 0.10714285714285713691 0.089285714285714287697 0.1130952380952380959 0.089285714285714287697 0.071428571428571424606 0.13690476190476191798 0.1726190476190476164 0.39285714285714284921 0.39285714285714284921 0.41071428571428569843 0.17857142857142857539 0.36904761904761906877 0.27380952380952383596 0.36309523809523808202 0.47619047619047616404 0.41071428571428569843 0.48809523809523808202 0.60119047619047616404 0.61904761904761906877 0.53571428571428569843 0.5 0.4226190476190476164 0.375 0.35714285714285715079 0.25 0.19642857142857142461 0.10714285714285713691 0.083333333333333328707 0.32142857142857145236 0.47619047619047616404 0.58928571428571430157 0.61904761904761906877
0.35714285714285715079 0.3273809523809523836 0.3273809523809523836 0.33928571428571430157 0.27976190476190476719 0.28571428571428569843 0.27380952380952383596 0.3273809523809523836 0.33928571428571430157 0.19642857142857142461 0.33928571428571430157 0.1488095238095238082 0.1488095238095238082 0.1011904761904761918 0.065476190476190479495 0.089285714285714287697 0.089285714285714287697 0.071428571428571424606 0.10714285714285713691 0.1488095238095238082 0.089285714285714287697 0.27976190476190476719 0.41071428571428569843 0.53571428571428569843 0.41071428571428569843 0.27380952380952383596 0.45833333333333331483 0.4226190476190476164 0.47619047619047616404 0.51785714285714290472 0.47619047619047616404 0.58928571428571430157 0.59523809523809523281 0.33928571428571430157 0.33928571428571430157 0.27380952380952383596 0.089285714285714287697 0.089285714285714287697 0.065476190476190479495 0.047619047619047616404 0.059523809523809520505 0.089285714285714287697 0.089285714285714287697 0.33928571428571430157 0.49404761904761906877 0.4226190476190476164
0.35714285714285715079 0.35714285714285715079 0.35119047619047616404 0.33928571428571430157 0.375 0.38690476190476191798 0.38690476190476191798 0.26785714285714284921 0.23809523809523808202 0.25 0.17857142857142857539 0.095238095238095232808 0.071428571428571424606 0.10714285714285713691 0.1488095238095238082 0.047619047619047616404 0.059523809523809520505 0.10714285714285713691 0.089285714285714287697 0.071428571428571424606 0.089285714285714287697 0.1011904761904761918 0.29166666666666668517 0.46428571428571430157 0.4523809523809523836 0.35714285714285715079 0.44047619047619046562 0.53571428571428569843 0.45833333333333331483 0.51785714285714290472 0.55952380952380953438 0.60119047619047616404 0.60119047619047616404 0.46428571428571430157 0.2023809523809523836 0.20833333333333334259 0.13095238095238095899 0.047619047619047616404 0.017857142857142856152 0.017857142857142856152 0.017857142857142856152 0.041666666666666664354 0.089285714285714287697 0.16071428571428572618 0.27976190476190476719 0.089285714285714287697
0.36904761904761906877 0.38690476190476191798 0.41071428571428569843 0.33928571428571430157 0.33928571428571430157 0.35714285714285715079 0.33928571428571430157 0.28571428571428569843 0.26785714285714284921 0.23214285714285715079 0.15476190476190476719 0.20833333333333334259 0.1130952380952380959 0.1011904761904761918 0.125 0.089285714285714287697 0.047619047619047616404 0.11904761904761904101 0.089285714285714287697 0.13095238095238095899 0.071428571428571424606 0.1011904761904761918 0.095238095238095232808 0.1488095238095238082 0.39880952380952383596 0.49404761904761906877 0.33928571428571430157 0.46428571428571430157 0.54166666666666662966 0.57738095238095232808 0.47619047619047616404 0.52976190476190476719 0.61904761904761906877 0.61904761904761906877 0.63095238095238093123 0.58333333333333337034 0.35714285714285715079 0.095238095238095232808 0.047619047619047616404 0.029761904761904760253 0.0059523809523809520505 0.0059523809523809520505 0.041666666666666664354 0.059523809523809520505 0.10714285714285713691 0.089285714285714287697
0.41666666666666668517 0.36309523809523808202 0.36904761904761906877 0.35714285714285715079 0.35714285714285715079 0.35714285714285715079 0.35714285714285715079 0.33928571428571430157 0.27380952380952383596 0.27380952380952383596 0.23214285714285715079 0.16071428571428572618 0.1488095238095238082 0.1488095238095238082 0.089285714285714287697 0.1011904761904761918 0.059523809523809520505 0.089285714285714287697 0.13690476190476191798 0.1130952380952380959 0.065476190476190479495 0.089285714285714287697 0.089285714285714287697 0.125 0.1488095238095238082 0.33928571428571430157 0.46428571428571430157 0.49404761904761906877 0.57142857142857139685 0.57738095238095232808 0.55952380952380953438 0.60119047619047616404 0.55357142857142860315 0.59523809523809523281 0.625 0.41071428571428569843 0.16071428571428572618 0.1488095238095238082 0.1726190476190476164 0.089285714285714287697 0.077380952380952383596 0.041666666666666664354 0.041666666666666664354 0.047619047619047616404 0.095238095238095232808 0.089285714285714287697
0.36904761904761906877 0.41666666666666668517 0.35714285714285715079 0.36904761904761906877 0.36904761904761906877 0.36309523809523808202 0.35714285714285715079 0.36309523809523808202 0.35119047619047616404 0.33928571428571430157 0.27976190476190476719 0.20833333333333334259 0.1130952380952380959 0.14285714285714284921 0.10714285714285713691 0.1011904761904761918 0.1130952380952380959 0.089285714285714287697 0.071428571428571424606 0.065476190476190479495 0.089285714285714287697 0.065476190476190479495 0.065476190476190479495 0.077380952380952383596 0.095238095238095232808 0.3273809523809523836 0.33928571428571430157 0.49404761904761906877 0.55357142857142860315 0.625 0.45833333333333331483 0.48809523809523808202 0.48809523809523808202 0.52380952380952383596 0.61309523809523813753 0.47619047619047616404 0.41071428571428569843 0.5 0.35714285714285715079 0.089285714285714287697 0.32142857142857145236 0.25 0.11904761904761904101 0.089285714285714287697 0.059523809523809520505 0.047619047619047616404
0.36904761904761906877 0.4523809523809523836 0.45833333333333331483 0.38690476190476191798 0.35714285714285715079 0.36904761904761906877 0.36309523809523808202 0.36904761904761906877 0.36904761904761906877 0.33928571428571430157 0.35714285714285715079 0.28571428571428569843 0.21428571428571427382 0.089285714285714287697 0.1488095238095238082 0.15476190476190476719 0.089285714285714287697 0.089285714285714287697 0.059523809523809520505 0.083333333333333328707 0.071428571428571424606 0.10714285714285713691 0.059523809523809520505 0.059523809523809520505 0.071428571428571424606 0.19642857142857142461 0.45833333333333331483 0.38690476190476191798 0.54166666666666662966 0.56547619047619046562 0.36309523809523808202 0.44047619047619046562 0.47619047619047616404 0.52976190476190476719 0.57738095238095232808 0.47619047619047616404 0.60119047619047616404 0.51785714285714290472 0.41071428571428569843 0.1488095238095238082 0.29166666666666668517 0.33928571428571430157 0.46428571428571430157 0.35714285714285715079 0.1011904761904761918 0.059523809523809520505
0.44642857142857145236 0.36904761904761906877 0.48214285714285715079 0.4226190476190476164 0.41071428571428569843 0.41071428571428569843 0.4226190476190476164 0.38690476190476191798 0.36309523809523808202 0.33928571428571430157 0.33928571428571430157 0.33928571428571430157 0.19642857142857142461 0.1488095238095238082 0.23809523809523808202 0.095238095238095232808 0.1488095238095238082 0.089285714285714287697 0.065476190476190479495 0.083333333333333328707 0.071428571428571424606 0.065476190476190479495 0.059523809523809520505 0.053571428571428568455 0.065476190476190479495 0.36309523809523808202 0.50595238095238093123 0.48214285714285715079 0.52976190476190476719 0.56547619047619046562 0.51785714285714290472 0.33928571428571430157 0.24404761904761904101 0.22023809523809523281 0.41666666666666668517 0.56547619047619046562 0.57142857142857139685 0.33928571428571430157 0.10714285714285713691 0.33928571428571430157 0.29166666666666668517 0.48809523809523808202 0.51785714285714290472 0.41071428571428569843 0.1726190476190476164 0.1130952380952380959
0.36904761904761906877 0.39285714285714284921 0.49404761904761906877 0.41071428571428569843 0.47619047619047616404 0.51785714285714290472 0.46428571428571430157 0.44642857142857145236 0.42857142857142854764 0.36904761904761906877 0.3273809523809523836 0.32142857142857145236 0.20833333333333334259 0.21428571428571427382 0.19642857142857142461 0.24404761904761904101 0.23214285714285715079 0.1130952380952380959 0.095238095238095232808 0.089285714285714287697 0.065476190476190479495 0.071428571428571424606 0.059523809523809520505 0.089285714285714287697 0.047619047619047616404 0.065476190476190479495 0.1130952380952380959 0.089285714285714287697 0.57142857142857139685 0.60119047619047616404 0.57738095238095232808 0.35119047619047616404 0.27380952380952383596 0.23214285714285715079 0.51785714285714290472 0.57738095238095232808 0.56547619047619046562 0.44642857142857145236 0.41071428571428569843 0.48809523809523808202 0.4226190476190476164 0.55357142857142860315 0.57738095238095232808 0.55952380952380953438 0.51785714285714290472 0.35714285714285715079
0.27976190476190476719 0.44642857142857145236 0.41666666666666668517 0.41071428571428569843 0.46428571428571430157 0.46428571428571430157 0.41071428571428569843 0.36904761904761906877 0.44642857142857145236 0.47619047619047616404 0.46428571428571430157 0.33928571428571430157 0.33928571428571430157 0.35714285714285715079 0.35714285714285715079 0.35714285714285715079 0.35714285714285715079 0.23214285714285715079 0.19047619047619046562 0.1488095238095238082 0.1011904761904761918 0.059523809523809520505 0.065476190476190479495 0.059523809523809520505 0.065476190476190479495 0.1011904761904761918 0.083333333333333328707 0.095238095238095232808 0.41071428571428569843 0.52380952380952383596 0.59523809523809523281 0.51785714285714290472 0.49404761904761906877 0.35714285714285715079 0.57142857142857139685 0.51785714285714290472 0.55357142857142860315 0.57738095238095232808 0.56547619047619046562 0.56547619047619046562 0.41071428571428569843 0.57142857142857139685 0.48809523809523808202 0.56547619047619046562 0.59523809523809523281 0.55357142857142860315
0.23214285714285715079 0.33928571428571430157 0.41071428571428569843 0.35714285714285715079 0.36904761904761906877 0.39285714285714284921 0.39285714285714284921 0.44642857142857145236 0.46428571428571430157 0.43452380952380953438 0.46428571428571430157 0.44047619047619046562 0.36309523809523808202 0.35714285714285715079 0.4226190476190476164 0.41071428571428569843 0.35714285714285715079 0.3273809523809523836 0.1726190476190476164 0.23214285714285715079 0.065476190476190479495 0.077380952380952383596 0.065476190476190479495 0.065476190476190479495 0.065476190476190479495 0.071428571428571424606 0.041666666666666664354 0.071428571428571424606 0.27380952380952383596 0.53571428571428569843 0.55357142857142860315 0.57738095238095232808 0.60119047619047616404 0.60119047619047616404 0.48214285714285715079 0.36309523809523808202 0.41071428571428569843 0.46428571428571430157 0.60119047619047616404 0.56547619047619046562 0.57142857142857139685 0.56547619047619046562 0.56547619047619046562 0.52976190476190476719 0.4523809523809523836 0.44642857142857145236
0.36309523809523808202 0.39285714285714284921 0.33928571428571430157 0.27976190476190476719 0.27380952380952383596 0.35714285714285715079 0.4226190476190476164 0.41071428571428569843 0.47023809523809523281 0.47619047619047616404 0.48809523809523808202 0.51785714285714290472 0.48809523809523808202 0.50595238095238093123 0.50595238095238093123 0.4523809523809523836 0.45833333333333331483 0.36309523809523808202 0.25 0.23214285714285715079 0.095238095238095232808 0.095238095238095232808 0.089285714285714287697 0.089285714285714287697 0.089285714285714287697 0.089285714285714287697 0.077380952380952383596 0.089285714285714287697 0.15476190476190476719 0.39285714285714284921 0.50595238095238093123 0.56547619047619046562 0.56547619047619046562 0.5 0.44642857142857145236 0.48809523809523808202 0.35714285714285715079 0.36309523809523808202 0.54166666666666662966 0.49404761904761906877 0.53571428571428569843 0.52380952380952383596 0.60119047619047616404 0.48809523809523808202 0.49404761904761906877 0.48809523809523808202
0.35714285714285715079 0.4226190476190476164 0.35714285714285715079 0.33928571428571430157 0.35714285714285715079 0.27976190476190476719 0.28571428571428569843 0.33928571428571430157 0.35714285714285715079 0.36904761904761906877 0.5 0.48809523809523808202 0.47619047619047616404 0.54166666666666662966 0.5 0.47619047619047616404 0.44642857142857145236 0.36309523809523808202 0.33928571428571430157 0.23214285714285715079 0.13095238095238095899 0.10714285714285713691 0.1011904761904761918 0.14285714285714284921 0.15476190476190476719 0.089285714285714287697 0.071428571428571424606 0.089285714285714287697 0.059523809523809520505 0.065476190476190479495 0.22023809523809523281 0.48214285714285715079 0.50595238095238093123 0.57738095238095232808 0.46428571428571430157 0.41071428571428569843 0.47619047619047616404 0.60119047619047616404 0.47619047619047616404 0.41071428571428569843 0.5 0.43452380952380953438 0.4226190476190476164 0.57142857142857139685 0.55357142857142860315 0.36309523809523808202
0.46428571428571430157 0.5 0.45833333333333331483 0.375 0.23214285714285715079 0.16071428571428572618 0.1488095238095238082 0.24404761904761904101 0.33928571428571430157 0.35714285714285715079 0.4226190476190476164 0.47619047619047616404 0.48214285714285715079 0.46428571428571430157 0.50595238095238093123 0.50595238095238093123 0.49404761904761906877 0.41666666666666668517 0.33928571428571430157 0.23214285714285715079 0.10714285714285713691 0.1011904761904761918 0.1488095238095238082 0.089285714285714287697 0.089285714285714287697 0.089285714285714287697 0.065476190476190479495 0.071428571428571424606 0.065476190476190479495 0.065476190476190479495 0.125 0.27976190476190476719 0.44642857142857145236 0.33928571428571430157 0.58333333333333337034 0.59523809523809523281 0.48809523809523808202 0.47023809523809523281 0.52976190476190476719 0.55357142857142860315 0.56547619047619046562 0.35714285714285715079 0.27976190476190476719 0.56547619047619046562 0.51785714285714290472 0.33928571428571430157
0.50595238095238093123 0.48809523809523808202 0.48214285714285715079 0.41666666666666668517 0.33928571428571430157 0.33928571428571430157 0.23214285714285715079 0.27380952380952383596 0.1488095238095238082 0.23214285714285715079 0.23214285714285715079 0.35119047619047616404 0.41666666666666668517 0.52380952380952383596 0.48214285714285715079 0.51785714285714290472 0.51785714285714290472 0.41071428571428569843 0.36309523809523808202 0.35714285714285715079 0.1726190476190476164 0.14285714285714284921 0.13095238095238095899 0.089285714285714287697 0.089285714285714287697 0.089285714285714287697 0.083333333333333328707 0.10714285714285713691 0.1130952380952380959 0.083333333333333328707 0.095238095238095232808 0.1726190476190476164 0.33928571428571430157 0.36904761904761906877 0.27380952380952383596 0.36309523809523808202 0.50595238095238093123 0.47619047619047616404 0.39880952380952383596 0.36904761904761906877 0.35714285714285715079 0.1130952380952380959 0.065476190476190479495 0.2023809523809523836 0.41071428571428569843 0.3273809523809523836
0.43452380952380953438 0.44642857142857145236 0.51785714285714290472 0.51190476190476186247 0.46428571428571430157 0.50595238095238093123 0.46428571428571430157 0.36904761904761906877 0.1488095238095238082 0.089285714285714287697 0.071428571428571424606 0.089285714285714287697 0.32142857142857145236 0.4226190476190476164 0.49404761904761906877 0.49404761904761906877 0.46428571428571430157 0.4226190476190476164 0.47619047619047616404 0.36309523809523808202 0.27380952380952383596 0.19642857142857142461 0.15476190476190476719 0.16071428571428572618 0.11904761904761904101 0.095238095238095232808 0.095238095238095232808 0.089285714285714287697 0.1011904761904761918 0.10714285714285713691 0.10714285714285713691 0.059523809523809520505 0.089285714285714287697 0.1488095238095238082 0.23214285714285715079 0.19047619047619046562 0.35714285714285715079 0.41071428571428569843 0.3273809523809523836 0.16071428571428572618 0.27380952380952383596 0.089285714285714287697 0.10714285714285713691 0.089285714285714287697 0.22023809523809523281 0.071428571428571424606
0.47619047619047616404 0.51785714285714290472 0.51785714285714290472 0.5 0.50595238095238093123 0.51785714285714290472 0.46428571428571430157 0.44642857142857145236 0.48809523809523808202 0.35714285714285715079 0.1488095238095238082 0.10714285714285713691 0.19642857142857142461 0.35714285714285715079 0.4226190476190476164 0.50595238095238093123 0.52380952380952383596 0.5 0.47619047619047616404 0.35714285714285715079 0.28571428571428569843 0.26785714285714284921 0.19642857142857142461 0.16666666666666665741 0.089285714285714287697 0.1011904761904761918 0.089285714285714287697 0.10714285714285713691 0.1488095238095238082 0.14285714285714284921 0.089285714285714287697 0.047619047619047616404 0.029761904761904760253 0.065476190476190479495 0.089285714285714287697 0.089285714285714287697 0.32142857142857145236 0.41071428571428569843 0.27976190476190476719 0.1488095238095238082 0.19642857142857142461 0.1011904761904761918 0.041666666666666664354 0.089285714285714287697 0.23214285714285715079 0.16071428571428572618
0.33928571428571430157 0.33928571428571430157 0.44642857142857145236 0.46428571428571430157 0.54166666666666662966 0.48809523809523808202 0.46428571428571430157 0.52380952380952383596 0.46428571428571430157 0.41666666666666668517 0.4226190476190476164 0.35714285714285715079 0.089285714285714287697 0.071428571428571424606 0.22023809523809523281 0.35714285714285715079 0.48214285714285715079 0.47619047619047616404 0.48809523809523808202 0.45833333333333331483 0.36904761904761906877 0.33928571428571430157 0.25 0.125 0.10714285714285713691 0.1488095238095238082 0.16071428571428572618 0.125 0.1130952380952380959 0.1488095238095238082 0.10714285714285713691 0.053571428571428568455 0.065476190476190479495 0.065476190476190479495 0.059523809523809520505 0.059523809523809520505 0.13095238095238095899 0.2261904761904761918 0.33928571428571430157 0.089285714285714287697 0.19047619047619046562 0.10714285714285713691 0.041666666666666664354 0.065476190476190479495 0.047619047619047616404 0.089285714285714287697
0.089285714285714287697 0.089285714285714287697 0.18452380952380953438 0.3273809523809523836 0.4226190476190476164 0.49404761904761906877 0.375 0.35119047619047616404 0.41071428571428569843 0.3273809523809523836 0.33928571428571430157 0.33928571428571430157 0.27380952380952383596 0.089285714285714287697 0.089285714285714287697 0.1488095238095238082 0.39285714285714284921 0.47619047619047616404 0.48809523809523808202 0.49404761904761906877 0.44642857142857145236 0.39880952380952383596 0.33928571428571430157 0.15476190476190476719 0.16071428571428572618 0.20833333333333334259 0.1488095238095238082 0.13095238095238095899 0.1726190476190476164 0.1011904761904761918 0.14285714285714284921 0.089285714285714287697 0.047619047619047616404 0.047619047619047616404 0.065476190476190479495 0.059523809523809520505 0.065476190476190479495 0.089285714285714287697 0.089285714285714287697 0.1130952380952380959 0.25595238095238093123 0.083333333333333328707 0.047619047619047616404 0.047619047619047616404 0.059523809523809520505 0.047619047619047616404
