ExampleFiles/niche_identity/models/ENFA/Anolis_coelestinus_1.asc
ncols        743
nrows        319
xllcorner    -74.500956448335
yllcorner    17.448920549066
cellsize     0.008333333333
NODATA_value  -9999
[rows 200 to 219 of 319, columns 276 to 321 of 743]
0.68452380952380953438 0.68452380952380953438 0.76785714285714290472 0.82738095238095232808 0.51190476190476186247 0.36309523809523808202 0.20833333333333334259 0.047619047619047616404 0.053571428571428568455 0.20833333333333334259 0.3273809523809523836 0.50595238095238093123 0.60119047619047616404 0.61309523809523813753 0.51785714285714290472 0.44047619047619046562 0.46428571428571430157 0.3273809523809523836 0.23214285714285715079 0.15476190476190476719 0.1488095238095238082 0.23214285714285715079 0.089285714285714287697 0.047619047619047616404 0.059523809523809520505 0.071428571428571424606 0.33928571428571430157 0.33928571428571430157 0.52380952380952383596 0.48214285714285715079 0.36309523809523808202 0.50595238095238093123 0.5 0.36309523809523808202 0.625 0.68452380952380953438 0.68452380952380953438 0.26785714285714284921 0.23809523809523808202 0.35714285714285715079 0.3273809523809523836 0.60119047619047616404 0.68452380952380953438 0.78571428571428569843 0.68452380952380953438 0.39285714285714284921
0.60119047619047616404 0.68452380952380953438 0.85714285714285709528 0.88690476190476186247 0.68452380952380953438 0.46428571428571430157 0.36904761904761906877 0.1726190476190476164 0.089285714285714287697 0.059523809523809520505 0.065476190476190479495 0.33928571428571430157 0.33928571428571430157 0.17857142857142857539 0.47619047619047616404 0.48809523809523808202 0.44642857142857145236 0.41666666666666668517 0.13095238095238095899 0.047619047619047616404 0.035714285714285712303 0.047619047619047616404 0.041666666666666664354 0.041666666666666664354 0.041666666666666664354 0.065476190476190479495 0.36309523809523808202 0.56547619047619046562 0.48214285714285715079 0.35714285714285715079 0.13095238095238095899 0.19642857142857142461 0.38690476190476191798 0.46428571428571430157 0.68452380952380953438 0.64880952380952383596 0.36309523809523808202 0.35714285714285715079 0.19642857142857142461 0.3273809523809523836 0.4226190476190476164 0.33928571428571430157 0.27380952380952383596 0.78571428571428569843 0.375 0.375
0.56547619047619046562 0.71428571428571430157 0.76785714285714290472 0.85119047619047616404 0.83333333333333337034 0.68452380952380953438 0.41071428571428569843 0.61904761904761906877 0.33928571428571430157 0.14285714285714284921 0.089285714285714287697 0.27976190476190476719 0.19642857142857142461 0.28571428571428569843 0.4226190476190476164 0.47023809523809523281 0.48214285714285715079 0.35714285714285715079 0.3273809523809523836 0.089285714285714287697 0.029761904761904760253 0.023809523809523808202 0.023809523809523808202 0.023809523809523808202 0.041666666666666664354 0.047619047619047616404 0.3273809523809523836 0.41071428571428569843 0.36904761904761906877 0.3273809523809523836 0.19642857142857142461 0.38690476190476191798 0.51785714285714290472 0.60119047619047616404 0.36309523809523808202 0.63690476190476186247 0.50595238095238093123 0.35714285714285715079 0.41071428571428569843 0.45833333333333331483 0.36309523809523808202 0.3273809523809523836 0.19642857142857142461 0.76785714285714290472 0.86309523809523813753 0.65476190476190476719
0.61309523809523813753 0.60119047619047616404 0.64285714285714290472 0.68452380952380953438 0.51785714285714290472 0.76785714285714290472 0.67261904761904767192 0.64285714285714290472 0.48809523809523808202 0.1726190476190476164 0.095238095238095232808 0.1488095238095238082 0.1488095238095238082 0.41071428571428569843 0.25 0.1726190476190476164 0.39880952380952383596 0.35714285714285715079 0.23809523809523808202 0.059523809523809520505 0.059523809523809520505 0.041666666666666664354 0.023809523809523808202 0.011904761904761904101 0.023809523809523808202 0.23214285714285715079 0.35714285714285715079 0.39880952380952383596 0.1130952380952380959 0.089285714285714287697 0.10714285714285713691 0.30952380952380953438 0.43452380952380953438 0.35714285714285715079 0.35714285714285715079 0.22023809523809523281 0.36904761904761906877 0.35714285714285715079 0.46428571428571430157 0.35714285714285715079 0.3273809523809523836 0.27976190476190476719 0.27976190476190476719 0.46428571428571430157 0.89285714285714290472 0.85714285714285709528
0.53571428571428569843 0.33928571428571430157 0.33928571428571430157 0.36309523809523808202 0.66666666666666662966 0.57738095238095232808 0.36309523809523808202 0.41071428571428569843 0.48214285714285715079 0.35119047619047616404 0.065476190476190479495 0.10714285714285713691 0.089285714285714287697 0.35714285714285715079 0.26785714285714284921 0.17857142857142857539 0.089285714285714287697 0.32142857142857145236 0.33928571428571430157 0.089285714285714287697 0.047619047619047616404 0.041666666666666664354 0.029761904761904760253 0.023809523809523808202 0.023809523809523808202 0.047619047619047616404 0.053571428571428568455 0.23214285714285715079 0.041666666666666664354 0.023809523809523808202 0.023809523809523808202 0.10714285714285713691 0.1726190476190476164 0.041666666666666664354 0.14285714285714284921 0.19047619047619046562 0.36904761904761906877 0.35714285714285715079 0.35714285714285715079 0.35714285714285715079 0.41071428571428569843 0.28571428571428569843 0.36309523809523808202 0.25595238095238093123 0.68452380952380953438 0.94642857142857139685
0.46428571428571430157 0.49404761904761906877 0.33928571428571430157 0.1726190476190476164 0.48809523809523808202 0.67261904761904767192 0.55357142857142860315 0.48809523809523808202 0.46428571428571430157 0.2023809523809523836 0.047619047619047616404 0.059523809523809520505 0.083333333333333328707 0.10714285714285713691 0.1488095238095238082 0.1488095238095238082 0.065476190476190479495 0.089285714285714287697 0.38690476190476191798 0.36309523809523808202 0.27380952380952383596 0.28571428571428569843 0.1488095238095238082 0.089285714285714287697 0.041666666666666664354 0.0059523809523809520505 0.011904761904761904101 0.047619047619047616404 0.035714285714285712303 0.017857142857142856152 0.0059523809523809520505 0.017857142857142856152 0.059523809523809520505 0.011904761904761904101 0.041666666666666664354 0.095238095238095232808 0.095238095238095232808 0.071428571428571424606 0.16071428571428572618 0.36309523809523808202 0.48809523809523808202 0.47619047619047616404 0.36309523809523808202 0.33928571428571430157 0.33928571428571430157 0.70238095238095232808
0.46428571428571430157 0.36309523809523808202 0.36904761904761906877 0.19047619047619046562 0.33928571428571430157 0.53571428571428569843 0.60119047619047616404 0.57738095238095232808 0.41071428571428569843 0.35119047619047616404 0.047619047619047616404 0.023809523809523808202 0.023809523809523808202 0.029761904761904760253 0.1488095238095238082 0.065476190476190479495 0.029761904761904760253 0.023809523809523808202 0.047619047619047616404 0.16071428571428572618 0.023809523809523808202 0.029761904761904760253 0.017857142857142856152 0.047619047619047616404 0.029761904761904760253 0.029761904761904760253 0.023809523809523808202 0.017857142857142856152 0.011904761904761904101 0.023809523809523808202 0.0059523809523809520505 0.0059523809523809520505 0.0059523809523809520505 0 0.023809523809523808202 0.011904761904761904101 0.023809523809523808202 0.089285714285714287697 0.10714285714285713691 0.089285714285714287697 0.47619047619047616404 0.47619047619047616404 0.44642857142857145236 0.23214285714285715079 0.27380952380952383596 0.27976190476190476719
0.35714285714285715079 0.33928571428571430157 0.20833333333333334259 0.089285714285714287697 0.30952380952380953438 0.4226190476190476164 0.49404761904761906877 0.47619047619047616404 0.51785714285714290472 0.35714285714285715079 0.047619047619047616404 0.023809523809523808202 0.011904761904761904101 0.023809523809523808202 0.047619047619047616404 0.035714285714285712303 0.041666666666666664354 0.029761904761904760253 0.16071428571428572618 0.1130952380952380959 0.041666666666666664354 0.023809523809523808202 0.011904761904761904101 0.023809523809523808202 0.0059523809523809520505 0.0059523809523809520505 0 0.0059523809523809520505 0.0059523809523809520505 0.0059523809523809520505 0 0 0 0.0059523809523809520505 0.0059523809523809520505 0.0059523809523809520505 0.017857142857142856152 0.023809523809523808202 0.029761904761904760253 0.053571428571428568455 0.047619047619047616404 0.23809523809523808202 0.24404761904761904101 0.10714285714285713691 0.13690476190476191798 0.13095238095238095899
0.21428571428571427382 0.13095238095238095899 0.047619047619047616404 0.095238095238095232808 0.2261904761904761918 0.46428571428571430157 0.3273809523809523836 0.36904761904761906877 0.35714285714285715079 0.39285714285714284921 0.1488095238095238082 0.041666666666666664354 0.017857142857142856152 0.023809523809523808202 0.023809523809523808202 0.017857142857142856152 0.011904761904761904101 0.029761904761904760253 0.023809523809523808202 0.029761904761904760253 0.011904761904761904101 0.0059523809523809520505 0.0059523809523809520505 0.0059523809523809520505 0.0059523809523809520505 0.0059523809523809520505 0 0 0 0 0 0 0 0 0.0059523809523809520505 0.0059523809523809520505 0.0059523809523809520505 0.0059523809523809520505 0.011904761904761904101 0.041666666666666664354 0.089285714285714287697 0.20833333333333334259 0.10714285714285713691 0.21428571428571427382 0.1011904761904761918 0.11904761904761904101
0.029761904761904760253 0.029761904761904760253 0.071428571428571424606 0.13095238095238095899 0.33928571428571430157 0.16071428571428572618 0.1488095238095238082 0.30357142857142854764 0.16071428571428572618 0.39880952380952383596 0.33928571428571430157 0.065476190476190479495 0.059523809523809520505 0.047619047619047616404 0.011904761904761904101 0.017857142857142856152 0.0059523809523809520505 0.011904761904761904101 0.017857142857142856152 0.0059523809523809520505 0.0059523809523809520505 0 0 0 0 0 0 0 0 0 0 0 0 0 0 0.0059523809523809520505 0.0059523809523809520505 0.0059523809523809520505 0.0059523809523809520505 0.017857142857142856152 0.017857142857142856152 0.041666666666666664354 0.089285714285714287697 0.071428571428571424606 0.089285714285714287697 0.035714285714285712303
0 0.0059523809523809520505 0.017857142857142856152 0.065476190476190479495 0.065476190476190479495 0.029761904761904760253 0.035714285714285712303 0.047619047619047616404 0.089285714285714287697 0.33928571428571430157 0.36309523809523808202 0.1130952380952380959 0.065476190476190479495 0.023809523809523808202 0.0059523809523809520505 0.0059523809523809520505 0.0059523809523809520505 0.0059523809523809520505 0 0 0 0 0 0 0 0 0 0 0 0 0 0 0.0059523809523809520505 0 0.0059523809523809520505 0.0059523809523809520505 0.0059523809523809520505 0.0059523809523809520505 0.0059523809523809520505 0.0059523809523809520505 0.023809523809523808202 0.041666666666666664354 0.041666666666666664354 0.029761904761904760253 0.029761904761904760253 0.023809523809523808202
0.0059523809523809520505 0.0059523809523809520505 0.0059523809523809520505 0.0059523809523809520505 0.0059523809523809520505 0.0059523809523809520505 0.0059523809523809520505 0.0059523809523809520505 0.065476190476190479495 0.047619047619047616404 0.10714285714285713691 0.047619047619047616404 0.023809523809523808202 0.0059523809523809520505 0.0059523809523809520505 0.0059523809523809520505 0.0059523809523809520505 0.0059523809523809520505 0.0059523809523809520505 0 0 0 0 0 0 0 0 0 0 0 0 0 0.0059523809523809520505 0 0 0.0059523809523809520505 0.0059523809523809520505 0.0059523809523809520505 0.0059523809523809520505 0.017857142857142856152 0.023809523809523808202 0.023809523809523808202 0.041666666666666664354 0.023809523809523808202 0.029761904761904760253 0.023809523809523808202
0.0059523809523809520505 0.0059523809523809520505 0.0059523809523809520505 0.0059523809523809520505 0.0059523809523809520505 0.0059523809523809520505 0.0059523809523809520505 0.0059523809523809520505 0.0059523809523809520505 0.0059523809523809520505 0.0059523809523809520505 0.0059523809523809520505 0.0059523809523809520505 0.0059523809523809520505 0.0059523809523809520505 0.0059523809523809520505 0.0059523809523809520505 0.0059523809523809520505 0.0059523809523809520505 0.0059523809523809520505 0.0059523809523809520505 0 0 0 0 0 0 0 0 0.0059523809523809520505 0.0059523809523809520505 0.0059523809523809520505 0 0.0059523809523809520505 0.0059523809523809520505 0.0059523809523809520505 0.0059523809523809520505 0.0059523809523809520505 0.011904761904761904101 0.029761904761904760253 0.023809523809523808202 0.023809523809523808202 0.023809523809523808202 0.023809523809523808202 0.017857142857142856152 0.011904761904761904101
0.0059523809523809520505 0.0059523809523809520505 0.0059523809523809520505 0.0059523809523809520505 0.0059523809523809520505 0.0059523809523809520505 0.0059523809523809520505 0.0059523809523809520505 0.0059523809523809520505 0.0059523809523809520505 0.017857142857142856152 0.011904761904761904101 0.011904761904761904101 0.023809523809523808202 0.029761904761904760253 0.011904761904761904101 0.0059523809523809520505 0.0059523809523809520505 0.0059523809523809520505 0.0059523809523809520505 0.0059523809523809520505 0.0059523809523809520505 0.0059523809523809520505 0 0 0 0 0 0 0 0.0059523809523809520505 0.0059523809523809520505 0.0059523809523809520505 0.0059523809523809520505 0.0059523809523809520505 0.0059523809523809520505 0.0059523809523809520505 0.0059523809523809520505 0.017857142857142856152 0.023809523809523808202 0.023809523809523808202 0.023809523809523808202 0.017857142857142856152 0.017857142857142856152 0.023809523809523808202 0.011904761904761904101
0.017857142857142856152 0.011904761904761904101 0.0059523809523809520505 0.0059523809523809520505 0.0059523809523809520505 0.011904761904761904101 0.029761904761904760253 0.023809523809523808202 0.023809523809523808202 0.023809523809523808202 0.023809523809523808202 0.029761904761904760253 0.035714285714285712303 0.035714285714285712303 0.047619047619047616404 0.029761904761904760253 0.041666666666666664354 0.023809523809523808202 0.0059523809523809520505 0.0059523809523809520505 0.0059523809523809520505 0.017857142857142856152 0.017857142857142856152 0.0059523809523809520505 0.0059523809523809520505 0.0059523809523809520505 0.0059523809523809520505 0.0059523809523809520505 0.0059523809523809520505 0.0059523809523809520505 0.0059523809523809520505 0.017857142857142856152 0.0059523809523809520505 0.0059523809523809520505 0.0059523809523809520505 0.011904761904761904101 0.011904761904761904101 0.011904761904761904101 0.0059523809523809520505 0.023809523809523808202 0.029761904761904760253 0.023809523809523808202 0.023809523809523808202 0.023809523809523808202 0.023809523809523808202 0.0059523809523809520505
0.029761904761904760253 0.029761904761904760253 0.023809523809523808202 0.023809523809523808202 0.023809523809523808202 0.029761904761904760253 0.029761904761904760253 0.035714285714285712303 0.035714285714285712303 0.029761904761904760253 0.065476190476190479495 0.047619047619047616404 0.089285714285714287697 0.089285714285714287697 0.1011904761904761918 0.065476190476190479495 0.047619047619047616404 0.041666666666666664354 0.029761904761904760253 0.017857142857142856152 0.017857142857142856152 0.053571428571428568455 0.035714285714285712303 0.023809523809523808202 0.023809523809523808202 0.011904761904761904101 0.0059523809523809520505 0.017857142857142856152 0.0059523809523809520505 0.0059523809523809520505 0.011904761904761904101 0.0059523809523809520505 0.017857142857142856152 0.017857142857142856152 0.017857142857142856152 0.029761904761904760253 0.023809523809523808202 0.017857142857142856152 0.023809523809523808202 0.023809523809523808202 0.089285714285714287697 0.041666666666666664354 0.029761904761904760253 0.023809523809523808202 0.023809523809523808202 0.023809523809523808202
0.035714285714285712303 0.029761904761904760253 0.035714285714285712303 0.041666666666666664354 0.029761904761904760253 0.041666666666666664354 0.059523809523809520505 0.047619047619047616404 0.089285714285714287697 0.1130952380952380959 0.089285714285714287697 0.2023809523809523836 0.35714285714285715079 0.3273809523809523836 0.36309523809523808202 0.26190476190476191798 0.2023809523809523836 0.10714285714285713691 0.089285714285714287697 0.1130952380952380959 0.053571428571428568455 0.1130952380952380959 0.32142857142857145236 0.059523809523809520505 0.089285714285714287697 0.14285714285714284921 0.1488095238095238082 0.089285714285714287697 0.041666666666666664354 0.017857142857142856152 0.029761904761904760253 0.047619047619047616404 0.011904761904761904101 0.041666666666666664354 0.029761904761904760253 0.047619047619047616404 0.029761904761904760253 0.029761904761904760253 0.041666666666666664354 0.041666666666666664354 0.041666666666666664354 0.029761904761904760253 0.023809523809523808202 0.023809523809523808202 0.023809523809523808202 0.023809523809523808202
0.047619047619047616404 0.089285714285714287697 0.047619047619047616404 0.10714285714285713691 0.089285714285714287697 0.10714285714285713691 0.17857142857142857539 0.25 0.16666666666666665741 0.27380952380952383596 0.27380952380952383596 0.33928571428571430157 0.46428571428571430157 0.50595238095238093123 0.54166666666666662966 0.49404761904761906877 0.52976190476190476719 0.35714285714285715079 0.41071428571428569843 0.41071428571428569843 0.51785714285714290472 0.60714285714285709528 0.45833333333333331483 0.47619047619047616404 0.36904761904761906877 0.49404761904761906877 0.47619047619047616404 0.41071428571428569843 0.029761904761904760253 0.041666666666666664354 0.041666666666666664354 0.30357142857142854764 0.095238095238095232808 0.10714285714285713691 0.071428571428571424606 0.1488095238095238082 0.10714285714285713691 0.089285714285714287697 0.13690476190476191798 0.089285714285714287697 0.27380952380952383596 0.035714285714285712303 0.023809523809523808202 0.029761904761904760253 0.023809523809523808202 0.023809523809523808202
0.065476190476190479495 0.10714285714285713691 0.10714285714285713691 0.1488095238095238082 0.33928571428571430157 0.33928571428571430157 0.45833333333333331483 0.48809523809523808202 0.35714285714285715079 0.44642857142857145236 0.45833333333333331483 0.41071428571428569843 0.54166666666666662966 0.56547619047619046562 0.625 0.64285714285714290472 0.60714285714285709528 0.60119047619047616404 0.45833333333333331483 0.46428571428571430157 0.54166666666666662966 0.68452380952380953438 0.61309523809523813753 0.54166666666666662966 0.50595238095238093123 0.52380952380952383596 0.50595238095238093123 0.39285714285714284921 0.35714285714285715079 0.3273809523809523836 0.39285714285714284921 0.61309523809523813753 0.46428571428571430157 0.35714285714285715079 0.19642857142857142461 0.23809523809523808202 0.4226190476190476164 0.23214285714285715079 0.33928571428571430157 0.51785714285714290472 0.3273809523809523836 0.19642857142857142461 0.059523809523809520505 0.041666666666666664354 0.053571428571428568455 0.029761904761904760253
0.1488095238095238082 0.14285714285714284921 0.23214285714285715079 0.27976190476190476719 0.46428571428571430157 0.46428571428571430157 0.61309523809523813753 0.68452380952380953438 0.55952380952380953438 0.51785714285714290472 0.48809523809523808202 0.51785714285714290472 0.54166666666666662966 0.70238095238095232808 0.72023809523809523281 0.71428571428571430157 0.77976190476190476719 0.67261904761904767192 0.53571428571428569843 0.80952380952380953438 0.66666666666666662966 0.85714285714285709528 0.61309523809523813753 0.625 0.78571428571428569843 0.88095238095238093123 0.57738095238095232808 0.46428571428571430157 0.64880952380952383596 0.60119047619047616404 0.89285714285714290472 0.69047619047619046562 0.60714285714285709528 0.55357142857142860315 0.46428571428571430157 0.35714285714285715079 0.36904761904761906877 0.58333333333333337034 0.4523809523809523836 0.36904761904761906877 0.55952380952380953438 0.29166666666666668517 0.27976190476190476719 0.1011904761904761918 0.1011904761904761918 0.1011904761904761918
