ExampleFiles/niche_identity/models/ENFA/Anolis_coelestinus.asc
ncols        743
nrows        319
xllcorner    -74.500956448335
yllcorner    17.448920549066
cellsize     0.008333333333
NODATA_value  -9999
[rows 200 to 219 of 319, columns 46 to 91 of 743]
0.10526315789473683626 0.098684210526315790935 0.14473684210526316374 0.34868421052631576318 0.15131578947368420907 0.22368421052631579093 0.2039473684210526272 0.29605263157894734505 0.2039473684210526272 0.21710526315789474561 0.2039473684210526272 0.16447368421052632748 0.2039473684210526272 0.19078947368421053654 0.19078947368421053654 0.18421052631578946346 0.19078947368421053654 0.22368421052631579093 0.13815789473684211841 0.30921052631578949121 0.22368421052631579093 0.2039473684210526272 0.26315789473684209065 0.18421052631578946346 0.24342105263157895467 0.2039473684210526272 0.15131578947368420907 0.18421052631578946346 0.11184210526315789547 0.14473684210526316374 0.25657894736842107308 0.34868421052631576318 0.29605263157894734505 0.19078947368421053654 0.18421052631578946346 0.29605263157894734505 0.2039473684210526272 0.375 0.24342105263157895467 0.38815789473684209065 0.29605263157894734505 0.26315789473684209065 0.34868421052631576318 0.24342105263157895467 0.39473684210526316374 0.29605263157894734505
0.10526315789473683626 0.2039473684210526272 0.28289473684210525439 0.22368421052631579093 0.11184210526315789547 0.092105263157894731729 0.28947368421052632748 0.22368421052631579093 0.34868421052631576318 0.29605263157894734505 0.30921052631578949121 0.2039473684210526272 0.28289473684210525439 0.17763157894736841813 0.2039473684210526272 0.2039473684210526272 0.29605263157894734505 0.14473684210526316374 0.2039473684210526272 0.2039473684210526272 0.2039473684210526272 0.21710526315789474561 0.2039473684210526272 0.29605263157894734505 0.22368421052631579093 0.13815789473684211841 0.15131578947368420907 0.2039473684210526272 0.24342105263157895467 0.22368421052631579093 0.24342105263157895467 0.15131578947368420907 0.19078947368421053654 0.15131578947368420907 0.2039473684210526272 0.15131578947368420907 0.26973684210526316374 0.2039473684210526272 0.25 0.28289473684210525439 0.21710526315789474561 0.375 0.29605263157894734505 0.32894736842105265495 0.44736842105263158187 0.32236842105263158187
0.2039473684210526272 0.092105263157894731729 0.092105263157894731729 0.072368421052631581869 0.092105263157894731729 0.092105263157894731729 0.29605263157894734505 0.15131578947368420907 0.24342105263157895467 0.26315789473684209065 0.34210526315789474561 0.15131578947368420907 0.32894736842105265495 0.22368421052631579093 0.22368421052631579093 0.25657894736842107308 0.30921052631578949121 0.2039473684210526272 0.13815789473684211841 0.14473684210526316374 0.25 0.22368421052631579093 0.2039473684210526272 0.2039473684210526272 0.2039473684210526272 0.23026315789473683626 0.33552631578947367252 0.21710526315789474561 0.1710526315789473728 0.18421052631578946346 0.28289473684210525439 0.25 0.19078947368421053654 0.22368421052631579093 0.2039473684210526272 0.34868421052631576318 0.16447368421052632748 0.25657894736842107308 0.28289473684210525439 0.18421052631578946346 0.14473684210526316374 0.24342105263157895467 0.22368421052631579093 0.375 0.32894736842105265495 0.30263157894736841813
0.26315789473684209065 0.092105263157894731729 0.078947368421052627196 0.10526315789473683626 0.28289473684210525439 0.15131578947368420907 0.26315789473684209065 0.29605263157894734505 0.26315789473684209065 0.2039473684210526272 0.14473684210526316374 0.14473684210526316374 0.22368421052631579093 0.28947368421052632748 0.22368421052631579093 0.15131578947368420907 0.18421052631578946346 0.2039473684210526272 0.14473684210526316374 0.26315789473684209065 0.29605263157894734505 0.22368421052631579093 0.27631578947368423682 0.2039473684210526272 0.21710526315789474561 0.25 0.22368421052631579093 0.15131578947368420907 0.1710526315789473728 0.22368421052631579093 0.19078947368421053654 0.34868421052631576318 0.34868421052631576318 0.29605263157894734505 0.26315789473684209065 0.32236842105263158187 0.38815789473684209065 0.38815789473684209065 0.33552631578947367252 0.33552631578947367252 0.2039473684210526272 0.25657894736842107308 0.34868421052631576318 0.34868421052631576318 0.25 0.375
0.085526315789473686402 0.032894736842105261332 0.032894736842105261332 0.059210526315789470397 0.24342105263157895467 0.38815789473684209065 0.25 0.36184210526315790935 0.19078947368421053654 0.28947368421052632748 0.2039473684210526272 0.16447368421052632748 0.17763157894736841813 0.22368421052631579093 0.24342105263157895467 0.092105263157894731729 0.13815789473684211841 0.13815789473684211841 0.15131578947368420907 0.2039473684210526272 0.22368421052631579093 0.2039473684210526272 0.29605263157894734505 0.29605263157894734505 0.2039473684210526272 0.2039473684210526272 0.34210526315789474561 0.1710526315789473728 0.22368421052631579093 0.25 0.34868421052631576318 0.15131578947368420907 0.33552631578947367252 0.15131578947368420907 0.29605263157894734505 0.18421052631578946346 0.32894736842105265495 0.19078947368421053654 0.29605263157894734505 0.24342105263157895467 0.34868421052631576318 0.34868421052631576318 0.38815789473684209065 0.34868421052631576318 0.38815789473684209065 0.42763157894736841813
0.032894736842105261332 0.052631578947368418131 0.052631578947368418131 0.10526315789473683626 0.22368421052631579093 0.34868421052631576318 0.29605263157894734505 0.15131578947368420907 0.078947368421052627196 0.092105263157894731729 0.039473684210526313598 0.052631578947368418131 0.059210526315789470397 0.2039473684210526272 0.13815789473684211841 0.092105263157894731729 0.15131578947368420907 0.2039473684210526272 0.13815789473684211841 0.1710526315789473728 0.25 0.22368421052631579093 0.27631578947368423682 0.23026315789473683626 0.2039473684210526272 0.22368421052631579093 0.32894736842105265495 0.2039473684210526272 0.14473684210526316374 0.27631578947368423682 0.22368421052631579093 0.26315789473684209065 0.14473684210526316374 0.13815789473684211841 0.29605263157894734505 0.2039473684210526272 0.25 0.2039473684210526272 0.29605263157894734505 0.38157894736842107308 0.28289473684210525439 0.36184210526315790935 0.41447368421052632748 0.38815789473684209065 0.36184210526315790935 0.28947368421052632748
0.092105263157894731729 0.039473684210526313598 0.039473684210526313598 0.059210526315789470397 0.21710526315789474561 0.13157894736842104533 0.078947368421052627196 0.039473684210526313598 0.032894736842105261332 0.0065789473684210522664 0.0065789473684210522664 0.0065789473684210522664 0.039473684210526313598 0.032894736842105261332 0.072368421052631581869 0.052631578947368418131 0.10526315789473683626 0.13157894736842104533 0.26315789473684209065 0.31578947368421050879 0.29605263157894734505 0.19078947368421053654 0.29605263157894734505 0.2039473684210526272 0.2039473684210526272 0.18421052631578946346 0.34210526315789474561 0.19078947368421053654 0.10526315789473683626 0.13815789473684211841 0.13815789473684211841 0.21710526315789474561 0.15131578947368420907 0.2039473684210526272 0.2039473684210526272 0.2039473684210526272 0.2039473684210526272 0.13815789473684211841 0.098684210526315790935 0.30263157894736841813 0.1710526315789473728 0.29605263157894734505 0.34868421052631576318 0.29605263157894734505 0.44078947368421050879 0.24342105263157895467
0.098684210526315790935 0.078947368421052627196 0.092105263157894731729 0.098684210526315790935 0.15131578947368420907 0.11842105263157894079 0.22368421052631579093 0.10526315789473683626 0.092105263157894731729 0.078947368421052627196 0.039473684210526313598 0.039473684210526313598 0.039473684210526313598 0.059210526315789470397 0.13815789473684211841 0.32894736842105265495 0.38815789473684209065 0.26315789473684209065 0.2039473684210526272 0.21710526315789474561 0.13815789473684211841 0.29605263157894734505 0.2039473684210526272 0.36184210526315790935 0.2039473684210526272 0.33552631578947367252 0.24342105263157895467 0.24342105263157895467 0.14473684210526316374 0.26315789473684209065 0.16447368421052632748 0.13815789473684211841 0.10526315789473683626 0.15131578947368420907 0.34868421052631576318 0.15131578947368420907 0.19078947368421053654 0.14473684210526316374 0.032894736842105261332 0.039473684210526313598 0.10526315789473683626 0.046052631578947365865 0.11842105263157894079 0.2039473684210526272 0.29605263157894734505 0.22368421052631579093
0.34868421052631576318 0.29605263157894734505 0.35526315789473683626 0.375 0.29605263157894734505 0.14473684210526316374 0.14473684210526316374 0.092105263157894731729 0.078947368421052627196 0.032894736842105261332 0.032894736842105261332 0.098684210526315790935 0.27631578947368423682 0.38815789473684209065 0.30921052631578949121 0.14473684210526316374 0.15131578947368420907 0.25 0.22368421052631579093 0.27631578947368423682 0.22368421052631579093 0.14473684210526316374 0.32894736842105265495 0.26315789473684209065 0.28289473684210525439 0.26315789473684209065 0.29605263157894734505 0.19078947368421053654 0.2039473684210526272 0.11184210526315789547 0.098684210526315790935 0.092105263157894731729 0.032894736842105261332 0.092105263157894731729 0.13815789473684211841 0.16447368421052632748 0.072368421052631581869 0.039473684210526313598 0.019736842105263156799 0.039473684210526313598 0.072368421052631581869 0.039473684210526313598 0.092105263157894731729 0.2039473684210526272 0.29605263157894734505 0.15131578947368420907
0.38815789473684209065 0.38815789473684209065 0.36184210526315790935 0.34210526315789474561 0.39473684210526316374 0.19078947368421053654 0.13815789473684211841 0.092105263157894731729 0.039473684210526313598 0.032894736842105261332 0.013157894736842104533 0.019736842105263156799 0.039473684210526313598 0.092105263157894731729 0.098684210526315790935 0.098684210526315790935 0.13815789473684211841 0.34868421052631576318 0.22368421052631579093 0.2039473684210526272 0.13157894736842104533 0.22368421052631579093 0.26315789473684209065 0.2039473684210526272 0.29605263157894734505 0.22368421052631579093 0.25 0.29605263157894734505 0.125 0.15131578947368420907 0.14473684210526316374 0.085526315789473686402 0.059210526315789470397 0.032894736842105261332 0.019736842105263156799 0.013157894736842104533 0.013157894736842104533 0.046052631578947365865 0.072368421052631581869 0.10526315789473683626 0.10526315789473683626 0.098684210526315790935 0.039473684210526313598 0.039473684210526313598 0.059210526315789470397 0.065789473684210522664
0.34210526315789474561 0.34868421052631576318 0.38157894736842107308 0.34868421052631576318 0.375 0.38815789473684209065 0.34868421052631576318 0.38815789473684209065 0.25 0.14473684210526316374 0.039473684210526313598 0.032894736842105261332 0.032894736842105261332 0.039473684210526313598 0.032894736842105261332 0.039473684210526313598 0.039473684210526313598 0.046052631578947365865 0.046052631578947365865 0.092105263157894731729 0.059210526315789470397 0.092105263157894731729 0.26315789473684209065 0.2039473684210526272 0.30263157894736841813 0.2039473684210526272 0.24342105263157895467 0.1710526315789473728 0.085526315789473686402 0.13815789473684211841 0.10526315789473683626 0.072368421052631581869 0.032894736842105261332 0.0065789473684210522664 0.0065789473684210522664 0.046052631578947365865 0.013157894736842104533 0.039473684210526313598 0.078947368421052627196 0.125 0.10526315789473683626 0.11184210526315789547 0.14473684210526316374 0.15131578947368420907 0.18421052631578946346 0.22368421052631579093
0.38157894736842107308 0.41447368421052632748 0.375 0.42105263157894734505 0.38815789473684209065 0.38815789473684209065 0.29605263157894734505 0.32894736842105265495 0.38815789473684209065 0.14473684210526316374 0.10526315789473683626 0.14473684210526316374 0.14473684210526316374 0.14473684210526316374 0.10526315789473683626 0.13815789473684211841 0.2039473684210526272 0.078947368421052627196 0.046052631578947365865 0.14473684210526316374 0.13815789473684211841 0.15131578947368420907 0.26315789473684209065 0.25 0.26315789473684209065 0.15131578947368420907 0.22368421052631579093 0.2039473684210526272 0.14473684210526316374 0.078947368421052627196 0.092105263157894731729 0.065789473684210522664 0.032894736842105261332 0.0065789473684210522664 0.0065789473684210522664 0.0065789473684210522664 0.0065789473684210522664 0.032894736842105261332 0.092105263157894731729 0.098684210526315790935 0.13157894736842104533 0.13157894736842104533 0.14473684210526316374 0.16447368421052632748 0.11842105263157894079 0.14473684210526316374
0.43421052631578949121 0.40131578947368423682 0.44078947368421050879 0.375 0.38815789473684209065 0.41447368421052632748 0.38815789473684209065 0.34210526315789474561 0.38815789473684209065 0.2039473684210526272 0.2039473684210526272 0.22368421052631579093 0.22368421052631579093 0.29605263157894734505 0.25 0.32236842105263158187 0.34868421052631576318 0.25 0.30921052631578949121 0.29605263157894734505 0.29605263157894734505 0.34210526315789474561 0.2039473684210526272 0.2039473684210526272 0.34210526315789474561 0.22368421052631579093 0.15131578947368420907 0.098684210526315790935 0.065789473684210522664 0.046052631578947365865 0.078947368421052627196 0.039473684210526313598 0.032894736842105261332 0.013157894736842104533 0.0065789473684210522664 0.0065789473684210522664 0.013157894736842104533 0.032894736842105261332 0.046052631578947365865 0.052631578947368418131 0.059210526315789470397 0.078947368421052627196 0.059210526315789470397 0.078947368421052627196 0.059210526315789470397 0.059210526315789470397
0.34868421052631576318 0.42763157894736841813 0.38815789473684209065 0.26315789473684209065 0.33552631578947367252 0.34868421052631576318 0.39473684210526316374 0.34868421052631576318 0.375 0.33552631578947367252 0.2039473684210526272 0.29605263157894734505 0.36184210526315790935 0.30921052631578949121 0.42763157894736841813 0.42763157894736841813 0.25 0.34868421052631576318 0.32894736842105265495 0.2039473684210526272 0.26315789473684209065 0.19736842105263158187 0.22368421052631579093 0.15131578947368420907 0.24342105263157895467 0.22368421052631579093 0.11842105263157894079 0.092105263157894731729 0.059210526315789470397 0.032894736842105261332 0.039473684210526313598 0.032894736842105261332 0.013157894736842104533 0.0065789473684210522664 0.0065789473684210522664 0.013157894736842104533 0.039473684210526313598 0.032894736842105261332 0.032894736842105261332 0.032894736842105261332 0.032894736842105261332 0.032894736842105261332 0.039473684210526313598 0.059210526315789470397 0.052631578947368418131 0.046052631578947365865
0.29605263157894734505 0.29605263157894734505 0.29605263157894734505 0.26315789473684209065 0.38815789473684209065 0.42105263157894734505 0.24342105263157895467 0.41447368421052632748 0.16447368421052632748 0.29605263157894734505 0.38815789473684209065 0.29605263157894734505 0.2039473684210526272 0.35526315789473683626 0.23684210526315788159 0.18421052631578946346 0.1710526315789473728 0.39473684210526316374 0.19078947368421053654 0.22368421052631579093 0.375 0.29605263157894734505 0.34868421052631576318 0.29605263157894734505 0.24342105263157895467 0.24342105263157895467 0.13815789473684211841 0.092105263157894731729 0.059210526315789470397 0.032894736842105261332 0.052631578947368418131 0.039473684210526313598 0.032894736842105261332 0.032894736842105261332 0.039473684210526313598 0.013157894736842104533 0.032894736842105261332 0.032894736842105261332 0.019736842105263156799 0.046052631578947365865 0.032894736842105261332 0.032894736842105261332 0.032894736842105261332 0.039473684210526313598 0.065789473684210522664 0.098684210526315790935
0.25 0.25 0.2039473684210526272 0.2039473684210526272 0.34868421052631576318 0.34868421052631576318 0.38815789473684209065 0.375 0.29605263157894734505 0.36184210526315790935 0.25 0.29605263157894734505 0.26315789473684209065 0.36184210526315790935 0.29605263157894734505 0.15131578947368420907 0.25 0.27631578947368423682 0.39473684210526316374 0.24342105263157895467 0.2039473684210526272 0.2039473684210526272 0.16447368421052632748 0.15131578947368420907 0.13157894736842104533 0.13815789473684211841 0.13157894736842104533 0.092105263157894731729 0.059210526315789470397 0.039473684210526313598 0.032894736842105261332 0.032894736842105261332 0.032894736842105261332 0.039473684210526313598 0.019736842105263156799 0.019736842105263156799 0.013157894736842104533 0.019736842105263156799 0.078947368421052627196 0.032894736842105261332 0.092105263157894731729 0.078947368421052627196 0.10526315789473683626 0.11842105263157894079 0.13815789473684211841 0.13157894736842104533
0.28289473684210525439 0.28289473684210525439 0.28947368421052632748 0.27631578947368423682 0.30921052631578949121 0.34868421052631576318 0.375 0.34868421052631576318 0.32894736842105265495 0.28289473684210525439 0.29605263157894734505 0.25 0.38815789473684209065 0.29605263157894734505 0.27631578947368423682 0.22368421052631579093 0.36184210526315790935 0.29605263157894734505 0.25 0.28289473684210525439 0.18421052631578946346 0.26315789473684209065 0.2039473684210526272 0.14473684210526316374 0.14473684210526316374 0.098684210526315790935 0.092105263157894731729 0.092105263157894731729 0.039473684210526313598 0.046052631578947365865 0.032894736842105261332 0.032894736842105261332 0.032894736842105261332 0.013157894736842104533 0.032894736842105261332 0.059210526315789470397 0.065789473684210522664 0.078947368421052627196 0.092105263157894731729 0.10526315789473683626 0.10526315789473683626 0.10526315789473683626 0.14473684210526316374 0.10526315789473683626 0.16447368421052632748 0.11184210526315789547
0.26315789473684209065 0.34868421052631576318 0.29605263157894734505 0.34210526315789474561 0.25 0.24342105263157895467 0.2039473684210526272 0.32894736842105265495 0.2039473684210526272 0.26315789473684209065 0.29605263157894734505 0.22368421052631579093 0.24342105263157895467 0.34868421052631576318 0.34868421052631576318 0.2039473684210526272 0.2039473684210526272 0.22368421052631579093 0.21710526315789474561 0.23684210526315788159 0.28947368421052632748 0.2039473684210526272 0.15131578947368420907 0.14473684210526316374 0.10526315789473683626 0.092105263157894731729 0.078947368421052627196 0.072368421052631581869 0.046052631578947365865 0.039473684210526313598 0.032894736842105261332 0.032894736842105261332 0.032894736842105261332 0.039473684210526313598 0.039473684210526313598 0.046052631578947365865 0.052631578947368418131 0.078947368421052627196 0.085526315789473686402 0.072368421052631581869 0.13157894736842104533 0.10526315789473683626 0.15131578947368420907 0.13815789473684211841 0.2039473684210526272 0.098684210526315790935
0.25 0.34868421052631576318 0.25 0.28289473684210525439 0.25 0.29605263157894734505 0.24342105263157895467 0.25 0.22368421052631579093 0.22368421052631579093 0.29605263157894734505 0.25 0.2039473684210526272 0.22368421052631579093 0.22368421052631579093 0.22368421052631579093 0.30921052631578949121 0.34868421052631576318 0.23026315789473683626 0.14473684210526316374 0.29605263157894734505 0.2039473684210526272 0.13157894736842104533 0.098684210526315790935 0.098684210526315790935 0.078947368421052627196 0.072368421052631581869 0.065789473684210522664 0.046052631578947365865 0.039473684210526313598 0.039473684210526313598 0.032894736842105261332 0.032894736842105261332 0.032894736842105261332 0.039473684210526313598 0.039473684210526313598 0.072368421052631581869 0.078947368421052627196 0.078947368421052627196 0.092105263157894731729 0.11184210526315789547 0.14473684210526316374 0.15789473684210525439 0.1710526315789473728 0.092105263157894731729 0.092105263157894731729
0.375 0.33552631578947367252 0.29605263157894734505 0.24342105263157895467 0.30921052631578949121 0.36184210526315790935 0.30263157894736841813 0.29605263157894734505 0.29605263157894734505 0.30263157894736841813 0.2039473684210526272 0.26315789473684209065 0.32894736842105265495 0.24342105263157895467 0.2039473684210526272 0.2039473684210526272 0.28289473684210525439 0.2039473684210526272 0.25 0.1710526315789473728 0.22368421052631579093 0.15131578947368420907 0.11842105263157894079 0.092105263157894731729 0.092105263157894731729 0.092105263157894731729 0.078947368421052627196 0.052631578947368418131 0.052631578947368418131 0.046052631578947365865 0.046052631578947365865 0.039473684210526313598 0.039473684210526313598 0.052631578947368418131 0.052631578947368418131 0.059210526315789470397 0.078947368421052627196 0.078947368421052627196 0.092105263157894731729 0.11184210526315789547 0.125 0.14473684210526316374 0.14473684210526316374 0.18421052631578946346 0.13815789473684211841 0.098684210526315790935
