ExampleFiles/niche_identity/models/ENFA/Anolis_chlorocyanus.asc
ncols        743
nrows        319
xllcorner    -74.500956448335
yllcorner    17.448920549066
cellsize     0.008333333333
NODATA_value  -9999
[rows 60 to 79 of 319, columns 414 to 459 of 743]
0.059760956175298807214 0.039840637450199202496 0.051792828685258966714 0.035856573705179285716 0.039840637450199202496 0.031872509960159361997 0.063745019920318723994 0.051792828685258966714 0.075697211155378488212 0.11553784860557768377 0.099601593625498002771 0.12350597609561753121 0.095617529880478085991 0.075697211155378488212 0.099601593625498002771 0.1553784860557768932 0.22709163346613545076 0.17131474103585656033 0.23505976095617531207 0.24701195219123506241 0.17928286852589642164 0.23505976095617531207 0.16334661354581672676 0.16334661354581672676 0.24701195219123506241 0.31474103585657370319 0.32270916334661353675 0.24701195219123506241 0.24701195219123506241 0.17131474103585656033 0.24701195219123506241 0.23505976095617531207 0.19123505976095617198 0.059760956175298807214 0.075697211155378488212 0.055776892430278883495 0.075697211155378488212 0.17131474103585656033 0.19123505976095617198 0.16334661354581672676 0.11155378486055776699 0.17928286852589642164 0.1553784860557768932 0.24701195219123506241 0.24701195219123506241 0.24701195219123506241
0.035856573705179285716 0.059760956175298807214 0.035856573705179285716 0.055776892430278883495 0.039840637450199202496 0.059760956175298807214 0.075697211155378488212 0.075697211155378488212 0.095617529880478085991 0.075697211155378488212 0.12749003984063744799 0.10358565737051793343 0.095617529880478085991 0.095617529880478085991 0.12350597609561753121 0.14342629482071714286 0.17131474103585656033 0.14741035856573705964 0.19123505976095617198 0.24701195219123506241 0.19123505976095617198 0.24701195219123506241 0.23505976095617531207 0.19123505976095617198 0.24701195219123506241 0.24701195219123506241 0.28286852589641436895 0.19123505976095617198 0.24701195219123506241 0.18326693227091633842 0.23505976095617531207 0.1553784860557768932 0.24701195219123506241 0.16334661354581672676 0.12350597609561753121 0.043824701195219126215 0.051792828685258966714 0.099601593625498002771 0.17131474103585656033 0.12350597609561753121 0.11952191235059761443 0.15139442231075697642 0.16733067729083664354 0.12749003984063744799 0.24701195219123506241 0.2509960159362549792
0.051792828685258966714 0.059760956175298807214 0.051792828685258966714 0.051792828685258966714 0.047808764940239042995 0.047808764940239042995 0.039840637450199202496 0.059760956175298807214 0.11553784860557768377 0.08764940239043825243 0.075697211155378488212 0.095617529880478085991 0.15139442231075697642 0.16334661354581672676 0.14342629482071714286 0.12350597609561753121 0.16334661354581672676 0.12350597609561753121 0.17131474103585656033 0.1872509960159362552 0.1872509960159362552 0.2709163346613545631 0.24701195219123506241 0.19123505976095617198 0.23505976095617531207 0.24701195219123506241 0.24701195219123506241 0.21513944223107570042 0.24701195219123506241 0.17928286852589642164 0.12749003984063744799 0.19123505976095617198 0.24701195219123506241 0.17131474103585656033 0.08764940239043825243 0.059760956175298807214 0.039840637450199202496 0.055776892430278883495 0.067729083665338640774 0.20717131474103586686 0.12350597609561753121 0.23505976095617531207 0.17131474103585656033 0.19123505976095617198 0.24701195219123506241 0.19123505976095617198
0.039840637450199202496 0.051792828685258966714 0.051792828685258966714 0.043824701195219126215 0.039840637450199202496 0.039840637450199202496 0.051792828685258966714 0.043824701195219126215 0.051792828685258966714 0.095617529880478085991 0.11155378486055776699 0.12350597609561753121 0.12350597609561753121 0.11155378486055776699 0.12350597609561753121 0.13944223107569719833 0.19123505976095617198 0.24701195219123506241 0.19123505976095617198 0.17131474103585656033 0.19123505976095617198 0.19123505976095617198 0.20717131474103586686 0.19123505976095617198 0.2509960159362549792 0.30677290836653386963 0.17131474103585656033 0.19123505976095617198 0.24701195219123506241 0.19123505976095617198 0.2191235059760956172 0.23505976095617531207 0.27888446215139439666 0.12350597609561753121 0.099601593625498002771 0.055776892430278883495 0.031872509960159361997 0.059760956175298807214 0.15936254980079680998 0.11553784860557768377 0.24701195219123506241 0.19123505976095617198 0.17529880478087650486 0.11155378486055776699 0.11155378486055776699 0.17928286852589642164
0.059760956175298807214 0.043824701195219126215 0.059760956175298807214 0.039840637450199202496 0.039840637450199202496 0.039840637450199202496 0.043824701195219126215 0.051792828685258966714 0.059760956175298807214 0.059760956175298807214 0.083665338645418321772 0.079681274900398404992 0.10358565737051793343 0.099601593625498002771 0.075697211155378488212 0.1553784860557768932 0.12350597609561753121 0.13545816733067728155 0.19123505976095617198 0.1553784860557768932 0.12749003984063744799 0.19123505976095617198 0.24701195219123506241 0.29880478087649403607 0.24701195219123506241 0.29880478087649403607 0.24701195219123506241 0.16334661354581672676 0.19920318725099600554 0.23904382470119522885 0.30278884462151395285 0.30677290836653386963 0.25498007968127489598 0.23505976095617531207 0.24701195219123506241 0.30278884462151395285 0.16334661354581672676 0.075697211155378488212 0.099601593625498002771 0.16733067729083664354 0.19521912350597608876 0.25498007968127489598 0.23904382470119522885 0.10358565737051793343 0.075697211155378488212 0.10756972111553785021
0.051792828685258966714 0.043824701195219126215 0.059760956175298807214 0.039840637450199202496 0.039840637450199202496 0.051792828685258966714 0.043824701195219126215 0.059760956175298807214 0.051792828685258966714 0.095617529880478085991 0.095617529880478085991 0.11155378486055776699 0.075697211155378488212 0.095617529880478085991 0.075697211155378488212 0.095617529880478085991 0.15936254980079680998 0.19920318725099600554 0.12350597609561753121 0.12350597609561753121 0.17131474103585656033 0.19123505976095617198 0.19123505976095617198 0.27490039840637447988 0.24701195219123506241 0.24701195219123506241 0.24701195219123506241 0.24701195219123506241 0.2709163346613545631 0.30677290836653386963 0.32270916334661353675 0.31872509960159361997 0.30677290836653386963 0.30677290836653386963 0.28286852589641436895 0.29880478087649403607 0.29482071713147411929 0.17131474103585656033 0.16334661354581672676 0.095617529880478085991 0.19123505976095617198 0.15936254980079680998 0.31474103585657370319 0.12350597609561753121 0.19123505976095617198 0.19123505976095617198
0.039840637450199202496 0.035856573705179285716 0.055776892430278883495 0.043824701195219126215 0.039840637450199202496 0.039840637450199202496 0.039840637450199202496 0.039840637450199202496 0.075697211155378488212 0.095617529880478085991 0.095617529880478085991 0.079681274900398404992 0.075697211155378488212 0.12350597609561753121 0.095617529880478085991 0.075697211155378488212 0.16334661354581672676 0.17928286852589642164 0.13545816733067728155 0.15139442231075697642 0.18326693227091633842 0.13147410358565736477 0.19123505976095617198 0.20318725099601595008 0.18326693227091633842 0.29482071713147411929 0.21115537848605578364 0.23505976095617531207 0.29083665338645420251 0.24701195219123506241 0.24701195219123506241 0.24701195219123506241 0.24701195219123506241 0.38645418326693226074 0.24701195219123506241 0.32270916334661353675 0.34661354581673309294 0.32270916334661353675 0.24302788844621514563 0.19123505976095617198 0.20717131474103586686 0.19521912350597608876 0.26693227091633464632 0.24701195219123506241 0.19123505976095617198 0.24701195219123506241
0.031872509960159361997 0.035856573705179285716 0.043824701195219126215 0.055776892430278883495 0.035856573705179285716 0.059760956175298807214 0.059760956175298807214 0.039840637450199202496 0.059760956175298807214 0.075697211155378488212 0.083665338645418321772 0.079681274900398404992 0.095617529880478085991 0.095617529880478085991 0.10358565737051793343 0.13545816733067728155 0.14741035856573705964 0.17131474103585656033 0.12350597609561753121 0.10358565737051793343 0.15936254980079680998 0.13545816733067728155 0.22310756972111553398 0.16733067729083664354 0.22310756972111553398 0.24701195219123506241 0.23904382470119522885 0.19521912350597608876 0.19123505976095617198 0.23904382470119522885 0.24701195219123506241 0.31075697211155378641 0.23505976095617531207 0.31075697211155378641 0.32270916334661353675 0.19920318725099600554 0.31872509960159361997 0.34661354581673309294 0.24701195219123506241 0.23505976095617531207 0.23107569721115536754 0.34262948207171312065 0.30278884462151395285 0.24701195219123506241 0.29880478087649403607 0.24701195219123506241
0.023904382470119521498 0.043824701195219126215 0.039840637450199202496 0.047808764940239042995 0.043824701195219126215 0.055776892430278883495 0.043824701195219126215 0.039840637450199202496 0.043824701195219126215 0.059760956175298807214 0.11553784860557768377 0.079681274900398404992 0.099601593625498002771 0.095617529880478085991 0.095617529880478085991 0.067729083665338640774 0.13545816733067728155 0.12749003984063744799 0.15139442231075697642 0.10358565737051793343 0.12350597609561753121 0.17928286852589642164 0.1553784860557768932 0.19920318725099600554 0.19123505976095617198 0.23505976095617531207 0.19123505976095617198 0.24701195219123506241 0.13545816733067728155 0.27490039840637447988 0.24701195219123506241 0.24701195219123506241 0.24701195219123506241 0.24701195219123506241 0.23505976095617531207 0.30677290836653386963 0.30677290836653386963 0.32270916334661353675 0.41434262948207173372 0.35856573705179284328 0.3545816733067729265 0.31474103585657370319 0.31075697211155378641 0.36653386454183267684 0.19123505976095617198 0.19920318725099600554
0.023904382470119521498 0.035856573705179285716 0.031872509960159361997 0.059760956175298807214 0.051792828685258966714 0.059760956175298807214 0.043824701195219126215 0.039840637450199202496 0.059760956175298807214 0.075697211155378488212 0.12350597609561753121 0.075697211155378488212 0.10358565737051793343 0.075697211155378488212 0.095617529880478085991 0.075697211155378488212 0.19123505976095617198 0.19123505976095617198 0.095617529880478085991 0.099601593625498002771 0.1553784860557768932 0.13944223107569719833 0.19123505976095617198 0.21513944223107570042 0.19123505976095617198 0.15936254980079680998 0.19123505976095617198 0.24701195219123506241 0.19123505976095617198 0.19920318725099600554 0.24701195219123506241 0.30677290836653386963 0.23505976095617531207 0.17928286852589642164 0.23505976095617531207 0.23505976095617531207 0.32270916334661353675 0.29083665338645420251 0.36653386454183267684 0.32270916334661353675 0.32270916334661353675 0.35856573705179284328 0.4183266932270916505 0.35856573705179284328 0.33466135458167328709 0.3944223107569720943
0.027888446215139441747 0.039840637450199202496 0.047808764940239042995 0.039840637450199202496 0.039840637450199202496 0.051792828685258966714 0.047808764940239042995 0.039840637450199202496 0.071713147410358571432 0.063745019920318723994 0.059760956175298807214 0.12350597609561753121 0.075697211155378488212 0.059760956175298807214 0.12350597609561753121 0.075697211155378488212 0.16334661354581672676 0.13944223107569719833 0.19123505976095617198 0.12350597609561753121 0.14342629482071714286 0.13545816733067728155 0.13545816733067728155 0.17131474103585656033 0.16733067729083664354 0.17131474103585656033 0.15139442231075697642 0.23505976095617531207 0.24302788844621514563 0.19123505976095617198 0.19123505976095617198 0.24701195219123506241 0.29880478087649403607 0.32270916334661353675 0.17928286852589642164 0.32270916334661353675 0.24701195219123506241 0.29880478087649403607 0.30278884462151395285 0.31872509960159361997 0.29880478087649403607 0.24701195219123506241 0.31872509960159361997 0.44223107569721115118 0.32270916334661353675 0.34661354581673309294
0.067729083665338640774 0.075697211155378488212 0.059760956175298807214 0.035856573705179285716 0.043824701195219126215 0.059760956175298807214 0.047808764940239042995 0.059760956175298807214 0.075697211155378488212 0.059760956175298807214 0.10358565737051793343 0.11155378486055776699 0.079681274900398404992 0.08764940239043825243 0.095617529880478085991 0.14741035856573705964 0.11155378486055776699 0.19123505976095617198 0.12350597609561753121 0.17131474103585656033 0.15936254980079680998 0.15936254980079680998 0.13944223107569719833 0.1553784860557768932 0.17131474103585656033 0.19123505976095617198 0.1872509960159362552 0.19123505976095617198 0.17529880478087650486 0.19123505976095617198 0.24701195219123506241 0.19123505976095617198 0.24701195219123506241 0.24701195219123506241 0.19123505976095617198 0.28685258964143428573 0.24701195219123506241 0.33466135458167328709 0.35059760956175300972 0.24701195219123506241 0.2509960159362549792 0.28286852589641436895 0.34262948207171312065 0.39840637450199201108 0.34661354581673309294 0.40637450199203190015
0.10358565737051793343 0.10358565737051793343 0.075697211155378488212 0.059760956175298807214 0.039840637450199202496 0.075697211155378488212 0.055776892430278883495 0.043824701195219126215 0.055776892430278883495 0.079681274900398404992 0.075697211155378488212 0.095617529880478085991 0.059760956175298807214 0.099601593625498002771 0.055776892430278883495 0.043824701195219126215 0.16334661354581672676 0.075697211155378488212 0.075697211155378488212 0.19920318725099600554 0.099601593625498002771 0.13944223107569719833 0.19123505976095617198 0.18326693227091633842 0.17131474103585656033 0.18326693227091633842 0.12749003984063744799 0.19521912350597608876 0.18326693227091633842 0.19123505976095617198 0.24302788844621514563 0.23505976095617531207 0.29482071713147411929 0.24701195219123506241 0.30677290836653386963 0.24701195219123506241 0.32270916334661353675 0.23505976095617531207 0.23505976095617531207 0.24701195219123506241 0.19123505976095617198 0.24701195219123506241 0.30278884462151395285 0.32669322709163345353 0.34262948207171312065 0.46613545816733065186
0.059760956175298807214 0.059760956175298807214 0.075697211155378488212 0.047808764940239042995 0.075697211155378488212 0.051792828685258966714 0.043824701195219126215 0.075697211155378488212 0.067729083665338640774 0.059760956175298807214 0.075697211155378488212 0.1553784860557768932 0.17928286852589642164 0.12350597609561753121 0.075697211155378488212 0.13147410358565736477 0.12350597609561753121 0.13944223107569719833 0.075697211155378488212 0.17131474103585656033 0.17131474103585656033 0.12350597609561753121 0.12350597609561753121 0.13944223107569719833 0.12749003984063744799 0.19123505976095617198 0.19123505976095617198 0.14741035856573705964 0.19123505976095617198 0.19920318725099600554 0.19521912350597608876 0.24701195219123506241 0.23505976095617531207 0.30677290836653386963 0.23505976095617531207 0.23505976095617531207 0.19123505976095617198 0.24701195219123506241 0.32270916334661353675 0.24701195219123506241 0.21115537848605578364 0.24701195219123506241 0.24701195219123506241 0.35856573705179284328 0.36653386454183267684 0.33466135458167328709
0.051792828685258966714 0.059760956175298807214 0.059760956175298807214 0.075697211155378488212 0.039840637450199202496 0.051792828685258966714 0.047808764940239042995 0.075697211155378488212 0.051792828685258966714 0.075697211155378488212 0.075697211155378488212 0.10358565737051793343 0.12749003984063744799 0.15139442231075697642 0.12749003984063744799 0.12749003984063744799 0.11553784860557768377 0.19123505976095617198 0.19123505976095617198 0.083665338645418321772 0.17131474103585656033 0.10358565737051793343 0.11155378486055776699 0.1553784860557768932 0.13944223107569719833 0.17529880478087650486 0.19123505976095617198 0.23107569721115536754 0.19123505976095617198 0.24701195219123506241 0.19123505976095617198 0.16334661354581672676 0.24701195219123506241 0.24701195219123506241 0.19123505976095617198 0.23904382470119522885 0.15139442231075697642 0.24701195219123506241 0.24701195219123506241 0.21513944223107570042 0.20717131474103586686 0.23505976095617531207 0.24701195219123506241 0.24701195219123506241 0.24701195219123506241 0.32270916334661353675
0.075697211155378488212 0.043824701195219126215 0.075697211155378488212 0.10358565737051793343 0.035856573705179285716 0.055776892430278883495 0.059760956175298807214 0.059760956175298807214 0.059760956175298807214 0.055776892430278883495 0.059760956175298807214 0.059760956175298807214 0.075697211155378488212 0.075697211155378488212 0.095617529880478085991 0.11155378486055776699 0.12350597609561753121 0.31075697211155378641 0.24701195219123506241 0.20717131474103586686 0.075697211155378488212 0.10358565737051793343 0.13944223107569719833 0.15936254980079680998 0.15936254980079680998 0.19123505976095617198 0.17131474103585656033 0.11155378486055776699 0.13545816733067728155 0.23505976095617531207 0.23505976095617531207 0.19521912350597608876 0.19123505976095617198 0.2709163346613545631 0.20717131474103586686 0.16334661354581672676 0.19123505976095617198 0.19123505976095617198 0.23904382470119522885 0.19123505976095617198 0.19920318725099600554 0.19920318725099600554 0.21115537848605578364 0.32270916334661353675 0.32270916334661353675 0.34661354581673309294
0.075697211155378488212 0.083665338645418321772 0.055776892430278883495 0.043824701195219126215 0.059760956175298807214 0.031872509960159361997 0.055776892430278883495 0.039840637450199202496 0.099601593625498002771 0.059760956175298807214 0.095617529880478085991 0.059760956175298807214 0.051792828685258966714 0.13545816733067728155 0.14741035856573705964 0.099601593625498002771 0.15139442231075697642 0.31872509960159361997 0.15139442231075697642 0.33466135458167328709 0.1553784860557768932 0.14342629482071714286 0.14342629482071714286 0.075697211155378488212 0.095617529880478085991 0.13944223107569719833 0.19123505976095617198 0.15139442231075697642 0.12350597609561753121 0.1553784860557768932 0.16733067729083664354 0.15139442231075697642 0.23505976095617531207 0.24701195219123506241 0.24701195219123506241 0.19123505976095617198 0.19123505976095617198 0.19123505976095617198 0.16334661354581672676 0.19123505976095617198 0.19123505976095617198 0.21115537848605578364 0.24302788844621514563 0.29482071713147411929 0.29880478087649403607 0.31872509960159361997
0.24701195219123506241 0.15139442231075697642 0.083665338645418321772 0.059760956175298807214 0.075697211155378488212 0.075697211155378488212 0.039840637450199202496 0.075697211155378488212 0.059760956175298807214 0.10358565737051793343 0.039840637450199202496 0.051792828685258966714 0.047808764940239042995 0.059760956175298807214 0.08764940239043825243 0.11553784860557768377 0.13944223107569719833 0.14342629482071714286 0.1872509960159362552 0.17928286852589642164 0.20717131474103586686 0.19123505976095617198 0.099601593625498002771 0.11155378486055776699 0.23505976095617531207 0.12749003984063744799 0.24701195219123506241 0.17928286852589642164 0.1553784860557768932 0.10358565737051793343 0.095617529880478085991 0.19123505976095617198 0.15139442231075697642 0.19920318725099600554 0.17928286852589642164 0.12749003984063744799 0.17928286852589642164 0.16334661354581672676 0.31474103585657370319 0.24701195219123506241 0.15139442231075697642 0.19123505976095617198 0.19123505976095617198 0.19123505976095617198 0.30278884462151395285 0.31872509960159361997
0.30677290836653386963 0.46613545816733065186 0.19123505976095617198 0.19123505976095617198 0.075697211155378488212 0.099601593625498002771 0.059760956175298807214 0.075697211155378488212 0.075697211155378488212 0.091633466135458169211 0.08764940239043825243 0.059760956175298807214 0.099601593625498002771 0.23505976095617531207 0.15139442231075697642 0.11155378486055776699 0.16334661354581672676 0.17131474103585656033 0.13545816733067728155 0.24701195219123506241 0.1553784860557768932 0.12749003984063744799 0.13944223107569719833 0.19123505976095617198 0.23505976095617531207 0.19123505976095617198 0.23505976095617531207 0.19123505976095617198 0.14342629482071714286 0.099601593625498002771 0.23505976095617531207 0.10358565737051793343 0.19123505976095617198 0.19920318725099600554 0.19123505976095617198 0.11553784860557768377 0.19123505976095617198 0.19123505976095617198 0.30278884462151395285 0.15936254980079680998 0.095617529880478085991 0.12350597609561753121 0.1553784860557768932 0.15936254980079680998 0.23505976095617531207 0.32270916334661353675
0.19123505976095617198 0.31872509960159361997 0.12350597609561753121 0.11155378486055776699 0.075697211155378488212 0.19123505976095617198 0.13944223107569719833 0.075697211155378488212 0.099601593625498002771 0.083665338645418321772 0.083665338645418321772 0.075697211155378488212 0.19920318725099600554 0.19920318725099600554 0.16733067729083664354 0.24701195219123506241 0.19123505976095617198 0.24701195219123506241 0.3944223107569720943 0.24701195219123506241 0.17131474103585656033 0.24701195219123506241 0.24701195219123506241 0.17928286852589642164 0.30278884462151395285 0.19123505976095617198 0.1553784860557768932 0.23904382470119522885 0.099601593625498002771 0.099601593625498002771 0.19123505976095617198 0.15139442231075697642 0.1553784860557768932 0.16334661354581672676 0.17529880478087650486 0.19123505976095617198 0.10358565737051793343 0.14741035856573705964 0.19123505976095617198 0.17131474103585656033 0.16733067729083664354 0.12350597609561753121 0.12350597609561753121 0.19123505976095617198 0.25498007968127489598 0.19521912350597608876
