ExampleFiles/niche_identity/models/ENFA/Anolis_coelestinus.asc
ncols        743
nrows        319
xllcorner    -74.500956448335
yllcorner    17.448920549066
cellsize     0.008333333333
NODATA_value  -9999
[rows 180 to 199 of 319, columns 230 to 275 of 743]
-9999 -9999 -9999 -9999 -9999 -9999 -9999 -9999 -9999 -9999 -9999 -9999 -9999 -9999 -9999 -9999 -9999 -9999 -9999 -9999 -9999 -9999 -9999 -9999 -9999 -9999 -9999 -9999 -9999 0.64473684210526316374 0.52631578947368418131 0.55921052631578949121 0.47368421052631576318 0.46052631578947367252 0.5 0.5 0.56578947368421050879 0.42763157894736841813 0.48026315789473683626 0.47368421052631576318 0.42763157894736841813 0.42105263157894734505 0.34868421052631576318 0.43421052631578949121 0.29605263157894734505 0.38157894736842107308
-9999 -9999 -9999 -9999 -9999 -9999 -9999 -9999 -9999 -9999 -9999 -9999 -9999 -9999 -9999 -9999 -9999 -9999 -9999 -9999 -9999 -9999 -9999 -9999 -9999 -9999 -9999 -9999 -9999 0.57894736842105265495 0.61184210526315785383 0.60526315789473683626 0.47368421052631576318 0.47368421052631576318 0.47368421052631576318 0.47368421052631576318 0.44736842105263158187 0.47368421052631576318 0.61184210526315785383 0.38815789473684209065 0.44736842105263158187 0.29605263157894734505 0.38815789473684209065 0.43421052631578949121 0.47368421052631576318 0.33552631578947367252
-9999 -9999 -9999 -9999 -9999 -9999 -9999 -9999 -9999 -9999 -9999 -9999 -9999 -9999 -9999 -9999 -9999 -9999 -9999 -9999 -9999 -9999 -9999 -9999 -9999 -9999 -9999 -9999 -9999 0.55921052631578949121 0.6578947368421053099 0.5 0.57894736842105265495 0.47368421052631576318 0.48026315789473683626 0.45394736842105265495 0.47368421052631576318 0.44736842105263158187 0.49342105263157892692 0.43421052631578949121 0.46052631578947367252 0.42763157894736841813 0.38815789473684209065 0.34868421052631576318 0.42105263157894734505 0.42105263157894734505
-9999 -9999 -9999 -9999 -9999 -9999 -9999 -9999 -9999 -9999 -9999 -9999 -9999 -9999 -9999 -9999 -9999 -9999 -9999 -9999 -9999 -9999 -9999 -9999 -9999 -9999 -9999 -9999 -9999 0.55921052631578949121 0.51315789473684214617 0.74342105263157898243 0.58552631578947367252 0.51315789473684214617 0.63815789473684214617 0.6578947368421053099 0.6578947368421053099 0.57236842105263152636 0.56578947368421050879 0.7171052631578946901 0.53947368421052632748 0.44736842105263158187 0.42763157894736841813 0.44078947368421050879 0.44736842105263158187 0.30921052631578949121
-9999 -9999 -9999 -9999 -9999 -9999 -9999 -9999 -9999 -9999 -9999 -9999 -9999 -9999 -9999 -9999 -9999 -9999 -9999 -9999 -9999 -9999 -9999 -9999 -9999 -9999 -9999 -9999 -9999 0.63815789473684214617 0.64473684210526316374 0.57894736842105265495 0.79605263157894734505 0.75657894736842101757 0.73026315789473683626 0.55263157894736847364 0.44078947368421050879 0.64473684210526316374 0.42763157894736841813 0.5 0.48026315789473683626 0.46052631578947367252 0.38157894736842107308 0.44078947368421050879 0.43421052631578949121 0.5
0.47368421052631576318 0.7171052631578946901 -9999 -9999 -9999 -9999 -9999 -9999 -9999 -9999 -9999 -9999 -9999 -9999 -9999 -9999 -9999 -9999 -9999 -9999 -9999 -9999 -9999 -9999 -9999 -9999 -9999 -9999 0.73026315789473683626 0.7828947368421053099 0.7828947368421053099 0.80263157894736847364 0.67105263157894734505 0.75657894736842101757 0.7828947368421053099 0.82236842105263152636 0.74342105263157898243 0.75657894736842101757 0.42763157894736841813 0.50657894736842101757 0.64473684210526316374 0.48026315789473683626 0.51973684210526316374 0.53947368421052632748 0.38815789473684209065 0.38815789473684209065
0.7828947368421053099 0.43421052631578949121 0.5 0.44736842105263158187 -9999 -9999 -9999 -9999 -9999 -9999 -9999 -9999 -9999 -9999 -9999 -9999 -9999 -9999 -9999 -9999 -9999 -9999 -9999 -9999 -9999 -9999 -9999 -9999 0.53947368421052632748 0.82894736842105265495 0.93421052631578949121 0.94078947368421050879 0.80263157894736847364 0.9671052631578946901 0.79605263157894734505 0.79605263157894734505 0.78947368421052632748 0.7828947368421053099 0.75657894736842101757 0.7171052631578946901 0.71052631578947367252 0.7171052631578946901 0.34868421052631576318 0.43421052631578949121 0.63815789473684214617 0.7171052631578946901
0.69736842105263152636 0.64473684210526316374 0.53947368421052632748 0.79605263157894734505 0.52631578947368418131 -9999 0.43421052631578949121 0.61184210526315785383 0.78947368421052632748 0.61184210526315785383 0.63815789473684214617 0.7171052631578946901 0.7828947368421053099 0.7171052631578946901 0.79605263157894734505 0.7828947368421053099 -9999 -9999 -9999 0.89473684210526316374 0.73026315789473683626 0.7171052631578946901 0.55921052631578949121 -9999 -9999 -9999 -9999 -9999 0.57894736842105265495 0.88157894736842101757 0.7828947368421053099 0.88815789473684214617 0.7828947368421053099 0.97368421052631581869 0.73026315789473683626 0.81578947368421050879 0.7828947368421053099 0.88157894736842101757 0.95394736842105265495 0.7828947368421053099 0.7171052631578946901 0.7171052631578946901 0.5921052631578946901 0.44736842105263158187 0.48026315789473683626 0.58552631578947367252
0.58552631578947367252 0.73026315789473683626 0.55921052631578949121 0.57894736842105265495 0.6578947368421053099 0.44736842105263158187 0.90131578947368418131 0.7828947368421053099 0.75 0.9671052631578946901 0.88157894736842101757 0.93421052631578949121 0.96052631578947367252 0.95394736842105265495 0.9671052631578946901 0.98026315789473683626 0.96052631578947367252 0.95394736842105265495 0.96052631578947367252 0.9671052631578946901 0.67763157894736847364 0.69736842105263152636 0.58552631578947367252 0.67105263157894734505 -9999 -9999 -9999 -9999 0.47368421052631576318 0.76315789473684214617 0.94736842105263152636 0.82894736842105265495 0.7171052631578946901 0.98684210526315785383 0.97368421052631581869 0.98684210526315785383 0.98684210526315785383 0.7828947368421053099 0.9671052631578946901 0.98026315789473683626 0.80263157894736847364 0.63815789473684214617 0.63815789473684214617 0.63815789473684214617 0.60526315789473683626 0.7828947368421053099
0.61184210526315785383 0.66447368421052632748 0.7171052631578946901 0.80263157894736847364 0.88157894736842101757 0.80263157894736847364 0.81578947368421050879 0.88815789473684214617 0.98684210526315785383 0.98026315789473683626 0.98026315789473683626 0.98684210526315785383 1 1 0.9671052631578946901 1 0.98684210526315785383 1 0.97368421052631581869 0.98684210526315785383 0.97368421052631581869 0.93421052631578949121 0.88157894736842101757 0.82236842105263152636 0.68421052631578949121 0.7171052631578946901 0.7171052631578946901 0.71052631578947367252 0.97368421052631581869 0.94736842105263152636 0.98026315789473683626 0.99342105263157898243 0.98684210526315785383 1 0.98684210526315785383 0.98026315789473683626 0.96052631578947367252 0.95394736842105265495 0.98026315789473683626 0.88815789473684214617 0.80921052631578949121 0.86184210526315785383 0.7171052631578946901 0.47368421052631576318 0.71052631578947367252 0.7828947368421053099
0.63157894736842101757 0.60526315789473683626 0.63815789473684214617 0.76973684210526316374 0.70394736842105265495 0.78947368421052632748 0.90131578947368418131 0.7828947368421053099 0.64473684210526316374 0.98026315789473683626 0.99342105263157898243 0.96052631578947367252 0.9671052631578946901 0.97368421052631581869 1 0.98684210526315785383 1 1 1 0.9671052631578946901 0.92105263157894734505 0.98684210526315785383 0.98684210526315785383 0.98684210526315785383 0.98026315789473683626 0.98684210526315785383 0.99342105263157898243 0.98026315789473683626 0.9671052631578946901 0.98026315789473683626 1 0.98684210526315785383 0.99342105263157898243 0.95394736842105265495 1 0.96052631578947367252 0.99342105263157898243 1 0.97368421052631581869 0.99342105263157898243 0.57236842105263152636 0.88815789473684214617 0.49342105263157892692 0.60526315789473683626 0.6578947368421053099 0.66447368421052632748
0.71052631578947367252 0.7171052631578946901 0.44736842105263158187 0.51973684210526316374 0.9078947368421053099 0.9671052631578946901 0.95394736842105265495 0.97368421052631581869 0.98684210526315785383 0.98026315789473683626 1 0.97368421052631581869 0.88157894736842101757 0.9671052631578946901 0.98684210526315785383 0.95394736842105265495 0.97368421052631581869 0.83552631578947367252 0.98026315789473683626 1 0.98684210526315785383 0.99342105263157898243 1 1 0.98026315789473683626 0.98684210526315785383 0.99342105263157898243 1 0.99342105263157898243 0.83552631578947367252 0.97368421052631581869 0.98026315789473683626 0.7828947368421053099 0.98684210526315785383 0.96052631578947367252 0.95394736842105265495 0.80921052631578949121 0.95394736842105265495 1 0.98684210526315785383 0.9078947368421053099 0.98684210526315785383 0.9078947368421053099 0.96052631578947367252 0.47368421052631576318 0.7171052631578946901
0.67105263157894734505 0.47368421052631576318 0.73026315789473683626 0.79605263157894734505 0.97368421052631581869 0.98684210526315785383 0.98684210526315785383 0.98684210526315785383 0.98026315789473683626 0.97368421052631581869 0.94078947368421050879 0.98026315789473683626 0.98026315789473683626 0.98684210526315785383 0.9671052631578946901 0.97368421052631581869 0.97368421052631581869 0.95394736842105265495 0.9671052631578946901 0.98684210526315785383 0.98684210526315785383 1 0.97368421052631581869 1 0.98684210526315785383 0.98684210526315785383 0.97368421052631581869 0.95394736842105265495 0.89473684210526316374 0.7828947368421053099 0.5921052631578946901 0.67105263157894734505 0.80263157894736847364 0.86184210526315785383 0.9078947368421053099 0.97368421052631581869 0.7828947368421053099 0.88815789473684214617 0.98684210526315785383 1 0.85526315789473683626 0.82894736842105265495 0.97368421052631581869 0.88815789473684214617 0.96052631578947367252 0.7828947368421053099
0.47368421052631576318 0.7171052631578946901 0.69736842105263152636 0.80263157894736847364 0.96052631578947367252 0.97368421052631581869 0.98026315789473683626 1 0.99342105263157898243 0.98684210526315785383 0.97368421052631581869 0.98026315789473683626 0.97368421052631581869 0.95394736842105265495 0.96052631578947367252 0.96052631578947367252 0.94078947368421050879 0.93421052631578949121 0.96052631578947367252 0.98026315789473683626 0.96052631578947367252 0.90131578947368418131 0.97368421052631581869 0.94078947368421050879 0.9671052631578946901 0.79605263157894734505 0.7171052631578946901 0.69736842105263152636 0.7828947368421053099 0.80263157894736847364 0.91447368421052632748 0.79605263157894734505 0.73026315789473683626 0.86184210526315785383 0.95394736842105265495 0.9671052631578946901 0.85526315789473683626 0.96052631578947367252 0.91447368421052632748 0.7171052631578946901 0.80263157894736847364 0.95394736842105265495 0.82894736842105265495 0.95394736842105265495 1 0.80263157894736847364
0.67105263157894734505 0.7171052631578946901 0.75 0.92763157894736847364 1 0.95394736842105265495 0.98684210526315785383 0.95394736842105265495 0.93421052631578949121 0.95394736842105265495 0.9671052631578946901 0.86184210526315785383 0.98026315789473683626 0.98026315789473683626 0.98026315789473683626 0.97368421052631581869 0.97368421052631581869 0.98684210526315785383 0.98684210526315785383 1 0.95394736842105265495 0.79605263157894734505 0.83552631578947367252 0.9671052631578946901 0.78947368421052632748 1 0.9671052631578946901 0.95394736842105265495 0.82236842105263152636 0.96052631578947367252 0.81578947368421050879 0.7171052631578946901 0.55921052631578949121 0.69736842105263152636 0.58552631578947367252 0.64473684210526316374 0.64473684210526316374 0.7171052631578946901 0.63815789473684214617 0.73026315789473683626 0.61184210526315785383 0.68421052631578949121 0.80263157894736847364 0.93421052631578949121 0.97368421052631581869 0.96052631578947367252
0.7171052631578946901 0.79605263157894734505 0.69736842105263152636 0.7828947368421053099 0.97368421052631581869 0.95394736842105265495 0.94078947368421050879 0.7828947368421053099 0.97368421052631581869 0.64473684210526316374 0.7828947368421053099 0.69078947368421050879 0.7828947368421053099 0.55921052631578949121 0.91447368421052632748 1 0.98684210526315785383 0.98684210526315785383 0.9671052631578946901 0.9671052631578946901 0.99342105263157898243 0.98026315789473683626 0.91447368421052632748 0.96052631578947367252 0.96052631578947367252 0.85526315789473683626 0.84868421052631581869 0.77631578947368418131 0.6578947368421053099 0.86184210526315785383 0.88815789473684214617 0.7171052631578946901 0.46052631578947367252 0.34868421052631576318 0.34868421052631576318 0.42105263157894734505 0.34210526315789474561 0.38815789473684209065 0.42105263157894734505 0.36184210526315790935 0.44078947368421050879 0.40131578947368423682 0.51973684210526316374 0.6578947368421053099 0.95394736842105265495 0.79605263157894734505
0.44078947368421050879 0.76973684210526316374 0.7828947368421053099 0.82236842105263152636 0.7828947368421053099 0.95394736842105265495 0.97368421052631581869 0.75657894736842101757 0.98026315789473683626 0.9671052631578946901 1 0.97368421052631581869 0.98684210526315785383 0.96052631578947367252 0.93421052631578949121 0.98684210526315785383 0.98026315789473683626 0.98684210526315785383 0.95394736842105265495 0.94078947368421050879 0.91447368421052632748 0.91447368421052632748 0.80263157894736847364 0.7828947368421053099 0.61184210526315785383 0.48026315789473683626 0.63815789473684214617 0.47368421052631576318 0.22368421052631579093 0.36184210526315790935 0.57894736842105265495 0.61184210526315785383 0.60526315789473683626 0.58552631578947367252 0.24342105263157895467 0.2039473684210526272 0.13815789473684211841 0.15131578947368420907 0.2039473684210526272 0.25 0.29605263157894734505 0.2039473684210526272 0.34868421052631576318 0.67105263157894734505 0.9671052631578946901 0.97368421052631581869
0.54605263157894734505 0.93421052631578949121 0.7828947368421053099 0.9671052631578946901 0.95394736842105265495 0.88815789473684214617 0.95394736842105265495 1 0.96052631578947367252 0.94736842105263152636 0.9671052631578946901 0.96052631578947367252 0.80921052631578949121 0.98026315789473683626 0.81578947368421050879 0.71052631578947367252 0.88815789473684214617 0.83552631578947367252 0.98684210526315785383 0.96052631578947367252 0.97368421052631581869 0.95394736842105265495 0.95394736842105265495 0.7171052631578946901 0.43421052631578949121 0.2039473684210526272 0.14473684210526316374 0.10526315789473683626 0.11842105263157894079 0.10526315789473683626 0.13815789473684211841 0.19078947368421053654 0.15131578947368420907 0.38815789473684209065 0.15131578947368420907 0.19078947368421053654 0.29605263157894734505 0.2039473684210526272 0.22368421052631579093 0.34868421052631576318 0.38815789473684209065 0.26315789473684209065 0.36184210526315790935 0.34868421052631576318 0.57894736842105265495 0.86184210526315785383
0.69736842105263152636 0.79605263157894734505 0.7828947368421053099 0.85526315789473683626 0.98026315789473683626 0.98684210526315785383 0.98026315789473683626 0.99342105263157898243 0.98026315789473683626 0.88815789473684214617 0.82894736842105265495 0.77631578947368418131 0.98684210526315785383 0.96052631578947367252 0.68421052631578949121 0.40131578947368423682 0.96052631578947367252 0.98026315789473683626 0.98026315789473683626 0.96052631578947367252 0.6578947368421053099 0.96052631578947367252 0.88815789473684214617 0.69736842105263152636 0.61184210526315785383 0.13815789473684211841 0.13815789473684211841 0.098684210526315790935 0.092105263157894731729 0.092105263157894731729 0.085526315789473686402 0.10526315789473683626 0.098684210526315790935 0.13157894736842104533 0.11842105263157894079 0.13815789473684211841 0.2039473684210526272 0.25 0.43421052631578949121 0.43421052631578949121 0.5921052631578946901 0.61184210526315785383 0.60526315789473683626 0.80263157894736847364 0.61184210526315785383 0.80921052631578949121
0.82894736842105265495 0.90131578947368418131 0.99342105263157898243 0.80263157894736847364 0.85526315789473683626 0.98026315789473683626 0.98684210526315785383 0.9671052631578946901 0.98026315789473683626 0.93421052631578949121 0.42763157894736841813 0.73026315789473683626 0.7171052631578946901 0.69736842105263152636 0.34868421052631576318 0.36184210526315790935 0.94078947368421050879 0.7171052631578946901 0.88815789473684214617 0.96052631578947367252 0.63815789473684214617 0.88157894736842101757 0.7171052631578946901 0.80921052631578949121 0.7828947368421053099 0.73026315789473683626 0.14473684210526316374 0.15131578947368420907 0.13157894736842104533 0.2039473684210526272 0.13157894736842104533 0.059210526315789470397 0.13815789473684211841 0.15789473684210525439 0.065789473684210522664 0.098684210526315790935 0.098684210526315790935 0.13157894736842104533 0.13815789473684211841 0.43421052631578949121 0.56578947368421050879 0.67763157894736847364 0.83552631578947367252 0.71052631578947367252 0.88157894736842101757 0.96052631578947367252
