ExampleFiles/niche_identity/models/ENFA/Anolis_coelestinus.asc
ncols        743
nrows        319
xllcorner    -74.500956448335
yllcorner    17.448920549066
cellsize     0.008333333333
NODATA_value  -9999
[rows 140 to 159 of 319, columns 552 to 597 of 743]
0.42763157894736841813 0.41447368421052632748 0.48026315789473683626 0.44078947368421050879 0.57894736842105265495 0.57894736842105265495 0.5 0.42763157894736841813 0.52631578947368418131 0.5 0.47368421052631576318 0.5 0.43421052631578949121 0.63815789473684214617 0.44736842105263158187 0.64473684210526316374 0.5 0.58552631578947367252 0.45394736842105265495 0.44736842105263158187 0.58552631578947367252 0.56578947368421050879 0.56578947368421050879 0.57894736842105265495 0.41447368421052632748 0.47368421052631576318 0.55921052631578949121 0.47368421052631576318 0.43421052631578949121 0.48026315789473683626 0.44736842105263158187 0.42105263157894734505 0.42105263157894734505 0.43421052631578949121 0.38815789473684209065 0.38815789473684209065 0.43421052631578949121 0.44736842105263158187 0.47368421052631576318 0.38815789473684209065 0.42763157894736841813 0.42105263157894734505 0.47368421052631576318 0.47368421052631576318 0.43421052631578949121 0.44736842105263158187
0.45394736842105265495 0.43421052631578949121 0.5 0.49342105263157892692 0.48026315789473683626 0.47368421052631576318 0.47368421052631576318 0.47368421052631576318 0.5921052631578946901 0.43421052631578949121 0.47368421052631576318 0.64473684210526316374 0.47368421052631576318 0.5 0.6578947368421053099 0.47368421052631576318 0.49342105263157892692 0.61184210526315785383 0.58552631578947367252 0.47368421052631576318 0.44078947368421050879 0.44736842105263158187 0.61184210526315785383 0.5328947368421053099 0.51973684210526316374 0.47368421052631576318 0.47368421052631576318 0.47368421052631576318 0.51973684210526316374 0.48026315789473683626 0.43421052631578949121 0.44736842105263158187 0.38815789473684209065 0.46052631578947367252 0.44736842105263158187 0.34868421052631576318 0.38815789473684209065 0.36184210526315790935 0.42763157894736841813 0.48026315789473683626 0.43421052631578949121 0.43421052631578949121 0.44078947368421050879 0.42763157894736841813 0.43421052631578949121 0.47368421052631576318
0.44736842105263158187 0.43421052631578949121 0.51973684210526316374 0.48026315789473683626 0.42763157894736841813 0.48026315789473683626 0.47368421052631576318 0.61184210526315785383 0.48026315789473683626 0.48026315789473683626 0.57894736842105265495 0.57894736842105265495 0.44736842105263158187 0.51973684210526316374 0.60526315789473683626 0.64473684210526316374 0.55921052631578949121 0.57894736842105265495 0.44078947368421050879 0.63815789473684214617 0.52631578947368418131 0.58552631578947367252 0.5 0.5 0.47368421052631576318 0.47368421052631576318 0.51315789473684214617 0.50657894736842101757 0.61184210526315785383 0.61184210526315785383 0.51315789473684214617 0.52631578947368418131 0.51973684210526316374 0.41447368421052632748 0.53947368421052632748 0.42763157894736841813 0.38815789473684209065 0.44736842105263158187 0.53947368421052632748 0.57894736842105265495 0.5 0.47368421052631576318 0.48026315789473683626 0.43421052631578949121 0.42763157894736841813 0.43421052631578949121
0.38815789473684209065 0.42105263157894734505 0.43421052631578949121 0.60526315789473683626 0.43421052631578949121 0.51315789473684214617 0.60526315789473683626 0.43421052631578949121 0.46052631578947367252 0.47368421052631576318 0.43421052631578949121 0.56578947368421050879 0.51973684210526316374 0.63815789473684214617 0.58552631578947367252 0.58552631578947367252 0.47368421052631576318 0.51973684210526316374 0.56578947368421050879 0.63815789473684214617 0.5 0.64473684210526316374 0.63815789473684214617 0.51973684210526316374 0.61184210526315785383 0.5 0.51973684210526316374 0.5 0.6578947368421053099 0.63815789473684214617 0.58552631578947367252 0.625 0.61184210526315785383 0.42763157894736841813 0.48026315789473683626 0.53947368421052632748 0.57894736842105265495 0.55921052631578949121 0.51973684210526316374 0.51973684210526316374 0.44736842105263158187 0.43421052631578949121 0.42763157894736841813 0.43421052631578949121 0.43421052631578949121 0.46052631578947367252
0.43421052631578949121 0.29605263157894734505 0.38815789473684209065 0.44736842105263158187 0.38815789473684209065 0.34868421052631576318 0.375 0.34868421052631576318 0.49342105263157892692 0.63815789473684214617 0.58552631578947367252 0.47368421052631576318 0.61184210526315785383 0.58552631578947367252 0.58552631578947367252 0.47368421052631576318 0.63815789473684214617 0.47368421052631576318 0.58552631578947367252 0.52631578947368418131 0.55921052631578949121 0.61184210526315785383 0.60526315789473683626 0.61184210526315785383 0.56578947368421050879 0.60526315789473683626 0.64473684210526316374 0.67105263157894734505 0.64473684210526316374 0.63815789473684214617 0.63815789473684214617 0.64473684210526316374 0.58552631578947367252 0.63815789473684214617 0.58552631578947367252 0.58552631578947367252 0.63815789473684214617 0.63157894736842101757 0.47368421052631576318 0.48026315789473683626 0.47368421052631576318 0.48026315789473683626 0.47368421052631576318 0.44736842105263158187 0.43421052631578949121 0.42763157894736841813
0.29605263157894734505 0.29605263157894734505 0.60526315789473683626 0.38815789473684209065 0.43421052631578949121 0.375 0.43421052631578949121 0.44078947368421050879 0.5328947368421053099 0.57894736842105265495 0.61184210526315785383 0.58552631578947367252 0.63815789473684214617 0.55921052631578949121 0.61184210526315785383 0.5921052631578946901 0.57894736842105265495 0.5 0.61184210526315785383 0.56578947368421050879 0.53947368421052632748 0.67105263157894734505 0.69736842105263152636 0.69736842105263152636 0.48026315789473683626 0.7171052631578946901 0.71052631578947367252 0.7171052631578946901 0.63157894736842101757 0.6578947368421053099 0.63815789473684214617 0.6578947368421053099 0.69736842105263152636 0.67105263157894734505 0.67105263157894734505 0.49342105263157892692 0.49342105263157892692 0.49342105263157892692 0.48026315789473683626 0.55921052631578949121 0.61184210526315785383 0.43421052631578949121 0.47368421052631576318 0.44736842105263158187 0.39473684210526316374 0.5
0.26315789473684209065 0.25657894736842107308 0.43421052631578949121 0.61184210526315785383 0.51973684210526316374 0.43421052631578949121 0.47368421052631576318 0.60526315789473683626 0.67105263157894734505 0.57894736842105265495 0.57894736842105265495 0.58552631578947367252 0.47368421052631576318 0.64473684210526316374 0.55921052631578949121 0.69736842105263152636 0.5 0.43421052631578949121 0.71052631578947367252 0.58552631578947367252 0.60526315789473683626 0.64473684210526316374 0.63815789473684214617 0.6578947368421053099 0.7171052631578946901 0.7171052631578946901 0.6578947368421053099 0.5921052631578946901 0.63815789473684214617 0.69736842105263152636 0.70394736842105265495 0.5921052631578946901 0.63815789473684214617 0.57894736842105265495 0.71052631578947367252 0.55921052631578949121 0.69736842105263152636 0.48026315789473683626 0.50657894736842101757 0.56578947368421050879 0.47368421052631576318 0.44736842105263158187 0.57894736842105265495 0.56578947368421050879 0.63815789473684214617 0.60526315789473683626
0.22368421052631579093 0.19078947368421053654 0.2039473684210526272 0.43421052631578949121 0.47368421052631576318 0.64473684210526316374 0.57894736842105265495 0.51315789473684214617 0.44078947368421050879 0.58552631578947367252 0.44078947368421050879 0.7171052631578946901 0.73026315789473683626 0.47368421052631576318 0.44078947368421050879 0.5 0.44736842105263158187 0.38157894736842107308 0.43421052631578949121 0.57894736842105265495 0.61184210526315785383 0.63815789473684214617 0.55263157894736847364 0.53947368421052632748 0.61184210526315785383 0.7171052631578946901 0.69736842105263152636 0.61184210526315785383 0.6578947368421053099 0.6578947368421053099 0.7171052631578946901 0.58552631578947367252 0.63815789473684214617 0.64473684210526316374 0.67105263157894734505 0.70394736842105265495 0.67105263157894734505 0.53947368421052632748 0.57894736842105265495 0.57236842105263152636 0.61842105263157898243 0.55263157894736847364 0.47368421052631576318 0.53947368421052632748 0.60526315789473683626 0.51973684210526316374
0.15131578947368420907 0.2039473684210526272 0.2039473684210526272 0.36184210526315790935 0.63815789473684214617 0.47368421052631576318 0.69078947368421050879 0.63815789473684214617 0.61842105263157898243 0.45394736842105265495 0.49342105263157892692 0.69736842105263152636 0.61184210526315785383 0.57894736842105265495 0.36184210526315790935 0.22368421052631579093 0.22368421052631579093 0.34210526315789474561 0.43421052631578949121 0.36184210526315790935 0.48026315789473683626 0.58552631578947367252 0.51315789473684214617 0.55263157894736847364 0.63815789473684214617 0.63815789473684214617 0.7171052631578946901 0.61184210526315785383 0.69736842105263152636 0.61184210526315785383 0.67105263157894734505 0.69736842105263152636 0.55263157894736847364 0.67105263157894734505 0.7171052631578946901 0.70394736842105265495 0.55921052631578949121 0.69736842105263152636 0.61184210526315785383 0.55921052631578949121 0.60526315789473683626 0.63815789473684214617 0.63815789473684214617 0.64473684210526316374 0.48026315789473683626 0.63815789473684214617
0.15131578947368420907 0.15131578947368420907 0.19078947368421053654 0.34868421052631576318 0.42763157894736841813 0.44736842105263158187 0.44078947368421050879 0.57894736842105265495 0.24342105263157895467 0.29605263157894734505 0.69736842105263152636 0.63157894736842101757 0.49342105263157892692 0.40131578947368423682 0.34868421052631576318 0.29605263157894734505 0.29605263157894734505 0.29605263157894734505 0.36184210526315790935 0.34868421052631576318 0.44736842105263158187 0.47368421052631576318 0.41447368421052632748 0.47368421052631576318 0.64473684210526316374 0.6578947368421053099 0.69078947368421050879 0.69736842105263152636 0.58552631578947367252 0.63815789473684214617 0.70394736842105265495 0.7171052631578946901 0.67105263157894734505 0.7171052631578946901 0.75657894736842101757 0.6578947368421053099 0.64473684210526316374 0.63815789473684214617 0.7171052631578946901 0.6578947368421053099 0.67105263157894734505 0.6578947368421053099 0.61184210526315785383 0.63815789473684214617 0.57894736842105265495 0.57894736842105265495
0.15131578947368420907 0.1710526315789473728 0.15131578947368420907 0.19078947368421053654 0.34868421052631576318 0.34868421052631576318 0.14473684210526316374 0.61184210526315785383 0.42105263157894734505 0.15131578947368420907 0.29605263157894734505 0.43421052631578949121 0.25657894736842107308 0.34868421052631576318 0.29605263157894734505 0.25 0.26315789473684209065 0.24342105263157895467 0.29605263157894734505 0.24342105263157895467 0.36184210526315790935 0.34868421052631576318 0.38157894736842107308 0.43421052631578949121 0.63157894736842101757 0.67105263157894734505 0.75657894736842101757 0.7171052631578946901 0.6578947368421053099 0.6578947368421053099 0.7171052631578946901 0.75 0.7171052631578946901 0.74342105263157898243 0.6578947368421053099 0.7171052631578946901 0.72368421052631581869 0.64473684210526316374 0.66447368421052632748 0.58552631578947367252 0.57894736842105265495 0.53947368421052632748 0.51973684210526316374 0.67763157894736847364 0.57894736842105265495 0.47368421052631576318
0.15131578947368420907 0.14473684210526316374 0.14473684210526316374 0.15131578947368420907 0.15131578947368420907 0.19078947368421053654 0.19736842105263158187 0.2039473684210526272 0.2039473684210526272 0.14473684210526316374 0.15131578947368420907 0.2039473684210526272 0.2039473684210526272 0.15131578947368420907 0.2039473684210526272 0.15131578947368420907 0.2039473684210526272 0.2039473684210526272 0.32236842105263158187 0.42763157894736841813 0.47368421052631576318 0.34210526315789474561 0.36184210526315790935 0.38815789473684209065 0.47368421052631576318 0.57894736842105265495 0.55263157894736847364 0.59868421052631581869 0.58552631578947367252 0.63815789473684214617 0.67105263157894734505 0.7171052631578946901 0.71052631578947367252 0.66447368421052632748 0.61184210526315785383 0.7828947368421053099 0.73026315789473683626 0.75657894736842101757 0.73026315789473683626 0.7171052631578946901 0.64473684210526316374 0.60526315789473683626 0.6578947368421053099 0.55263157894736847364 0.55921052631578949121 0.69736842105263152636
0.13815789473684211841 0.13815789473684211841 0.14473684210526316374 0.14473684210526316374 0.14473684210526316374 0.15131578947368420907 0.14473684210526316374 0.15131578947368420907 0.13815789473684211841 0.14473684210526316374 0.13815789473684211841 0.14473684210526316374 0.1710526315789473728 0.14473684210526316374 0.21710526315789474561 0.22368421052631579093 0.2039473684210526272 0.29605263157894734505 0.34868421052631576318 0.51315789473684214617 0.42105263157894734505 0.30263157894736841813 0.38815789473684209065 0.44736842105263158187 0.57894736842105265495 0.43421052631578949121 0.6578947368421053099 0.64473684210526316374 0.58552631578947367252 0.70394736842105265495 0.61184210526315785383 0.7171052631578946901 0.7828947368421053099 0.68421052631578949121 0.70394736842105265495 0.67105263157894734505 0.75 0.74342105263157898243 0.76973684210526316374 0.5921052631578946901 0.73026315789473683626 0.7171052631578946901 0.69736842105263152636 0.63815789473684214617 0.61184210526315785383 0.69736842105263152636
0.13157894736842104533 0.14473684210526316374 0.14473684210526316374 0.14473684210526316374 0.13815789473684211841 0.14473684210526316374 0.13815789473684211841 0.13815789473684211841 0.13815789473684211841 0.13157894736842104533 0.13815789473684211841 0.098684210526315790935 0.11842105263157894079 0.13157894736842104533 0.14473684210526316374 0.14473684210526316374 0.15131578947368420907 0.14473684210526316374 0.14473684210526316374 0.2039473684210526272 0.2039473684210526272 0.34210526315789474561 0.43421052631578949121 0.48026315789473683626 0.5921052631578946901 0.45394736842105265495 0.47368421052631576318 0.64473684210526316374 0.57894736842105265495 0.63815789473684214617 0.7828947368421053099 0.79605263157894734505 0.74342105263157898243 0.75657894736842101757 0.7171052631578946901 0.69736842105263152636 0.73026315789473683626 0.75657894736842101757 0.78947368421052632748 0.7828947368421053099 0.7828947368421053099 0.5921052631578946901 0.55921052631578949121 0.7171052631578946901 0.60526315789473683626 0.57894736842105265495
0.13815789473684211841 0.14473684210526316374 0.13157894736842104533 0.13157894736842104533 0.10526315789473683626 0.13815789473684211841 0.13157894736842104533 0.125 0.10526315789473683626 0.10526315789473683626 0.098684210526315790935 0.13157894736842104533 0.13157894736842104533 0.13815789473684211841 0.13815789473684211841 0.15131578947368420907 0.13815789473684211841 0.15131578947368420907 0.1710526315789473728 0.23684210526315788159 0.22368421052631579093 0.38157894736842107308 0.44078947368421050879 0.38815789473684209065 0.40131578947368423682 0.375 0.44078947368421050879 0.6578947368421053099 0.47368421052631576318 0.51973684210526316374 0.61184210526315785383 0.73026315789473683626 0.73026315789473683626 0.7171052631578946901 0.69078947368421050879 0.7171052631578946901 0.63815789473684214617 0.69736842105263152636 0.75657894736842101757 0.81578947368421050879 0.63815789473684214617 0.78947368421052632748 0.7828947368421053099 0.64473684210526316374 0.7171052631578946901 0.7171052631578946901
0.13157894736842104533 0.13157894736842104533 0.13157894736842104533 0.11842105263157894079 0.10526315789473683626 0.10526315789473683626 0.10526315789473683626 0.11184210526315789547 0.098684210526315790935 0.092105263157894731729 0.092105263157894731729 0.092105263157894731729 0.092105263157894731729 0.10526315789473683626 0.098684210526315790935 0.11842105263157894079 0.13815789473684211841 0.11184210526315789547 0.15131578947368420907 0.1710526315789473728 0.18421052631578946346 0.43421052631578949121 0.44078947368421050879 0.38157894736842107308 0.36184210526315790935 0.38815789473684209065 0.42763157894736841813 0.44078947368421050879 0.44736842105263158187 0.48026315789473683626 0.55921052631578949121 0.53947368421052632748 0.7171052631578946901 0.67105263157894734505 0.55921052631578949121 0.64473684210526316374 0.60526315789473683626 0.67105263157894734505 0.7171052631578946901 0.81578947368421050879 0.7828947368421053099 0.6578947368421053099 0.61184210526315785383 0.75657894736842101757 0.73026315789473683626 0.69736842105263152636
0.11184210526315789547 0.13157894736842104533 0.10526315789473683626 0.10526315789473683626 0.10526315789473683626 0.10526315789473683626 0.098684210526315790935 0.10526315789473683626 0.092105263157894731729 0.098684210526315790935 0.098684210526315790935 0.092105263157894731729 0.092105263157894731729 0.092105263157894731729 0.10526315789473683626 0.098684210526315790935 0.125 0.13815789473684211841 0.13815789473684211841 0.15131578947368420907 0.14473684210526316374 0.22368421052631579093 0.38815789473684209065 0.29605263157894734505 0.34868421052631576318 0.34210526315789474561 0.34868421052631576318 0.43421052631578949121 0.43421052631578949121 0.47368421052631576318 0.49342105263157892692 0.55921052631578949121 0.7171052631578946901 0.70394736842105265495 0.60526315789473683626 0.58552631578947367252 0.69736842105263152636 0.6578947368421053099 0.6578947368421053099 0.7171052631578946901 0.67105263157894734505 0.70394736842105265495 0.79605263157894734505 0.7828947368421053099 0.74342105263157898243 0.7171052631578946901
0.10526315789473683626 0.10526315789473683626 0.098684210526315790935 0.098684210526315790935 0.10526315789473683626 0.10526315789473683626 0.098684210526315790935 0.098684210526315790935 0.098684210526315790935 0.098684210526315790935 0.092105263157894731729 0.092105263157894731729 0.092105263157894731729 0.092105263157894731729 0.098684210526315790935 0.092105263157894731729 0.10526315789473683626 0.11842105263157894079 0.14473684210526316374 0.14473684210526316374 0.18421052631578946346 0.15131578947368420907 0.25 0.22368421052631579093 0.34868421052631576318 0.36184210526315790935 0.34868421052631576318 0.42763157894736841813 0.43421052631578949121 0.44078947368421050879 0.44736842105263158187 0.5 0.51315789473684214617 0.61184210526315785383 0.61184210526315785383 0.7171052631578946901 0.67105263157894734505 0.7171052631578946901 0.63815789473684214617 0.73026315789473683626 0.64473684210526316374 0.61184210526315785383 0.78947368421052632748 0.88815789473684214617 0.79605263157894734505 0.7171052631578946901
0.098684210526315790935 0.10526315789473683626 0.092105263157894731729 0.098684210526315790935 0.098684210526315790935 0.098684210526315790935 0.10526315789473683626 0.092105263157894731729 0.098684210526315790935 0.098684210526315790935 0.098684210526315790935 0.092105263157894731729 0.092105263157894731729 0.092105263157894731729 0.092105263157894731729 0.098684210526315790935 0.098684210526315790935 0.092105263157894731729 0.11842105263157894079 0.14473684210526316374 0.14473684210526316374 0.19078947368421053654 0.26315789473684209065 0.28289473684210525439 0.29605263157894734505 0.29605263157894734505 0.42105263157894734505 0.42763157894736841813 0.43421052631578949121 0.44078947368421050879 0.43421052631578949121 0.51973684210526316374 0.57894736842105265495 0.47368421052631576318 0.49342105263157892692 0.55921052631578949121 0.55263157894736847364 0.78947368421052632748 0.69736842105263152636 0.61184210526315785383 0.5921052631578946901 0.61184210526315785383 0.73026315789473683626 0.7828947368421053099 0.7171052631578946901 0.64473684210526316374
0.10526315789473683626 0.098684210526315790935 0.098684210526315790935 0.098684210526315790935 0.092105263157894731729 0.098684210526315790935 0.092105263157894731729 0.092105263157894731729 0.098684210526315790935 0.092105263157894731729 0.092105263157894731729 0.092105263157894731729 0.098684210526315790935 0.092105263157894731729 0.098684210526315790935 0.092105263157894731729 0.10526315789473683626 0.092105263157894731729 0.13815789473684211841 0.13815789473684211841 0.15131578947368420907 0.2039473684210526272 0.2039473684210526272 0.2039473684210526272 0.34868421052631576318 0.32236842105263158187 0.38815789473684209065 0.38815789473684209065 0.38815789473684209065 0.42763157894736841813 0.45394736842105265495 0.47368421052631576318 0.47368421052631576318 0.48026315789473683626 0.58552631578947367252 0.64473684210526316374 0.6578947368421053099 0.57894736842105265495 0.66447368421052632748 0.7171052631578946901 0.69736842105263152636 0.7171052631578946901 0.69736842105263152636 0.7171052631578946901 0.7828947368421053099 0.69736842105263152636
