ExampleFiles/niche_identity/models/ENFA/Anolis_coelestinus.asc
ncols        743
nrows        319
xllcorner    -74.500956448335
yllcorner    17.448920549066
cellsize     0.008333333333
NODATA_value  -9999
[rows 140 to 159 of 319, columns 368 to 413 of 743]
0.21710526315789474561 0.15131578947368420907 0.15131578947368420907 0.15131578947368420907 0.14473684210526316374 0.14473684210526316374 0.10526315789473683626 0.092105263157894731729 0.13157894736842104533 0.092105263157894731729 0.078947368421052627196 0.10526315789473683626 0.078947368421052627196 0.052631578947368418131 0.072368421052631581869 0.092105263157894731729 0.092105263157894731729 0.052631578947368418131 0.059210526315789470397 0.078947368421052627196 0.052631578947368418131 0.092105263157894731729 0.059210526315789470397 0.092105263157894731729 0.072368421052631581869 0.039473684210526313598 0.059210526315789470397 0.039473684210526313598 0.046052631578947365865 0.046052631578947365865 0.039473684210526313598 0.032894736842105261332 0.032894736842105261332 0.032894736842105261332 0.032894736842105261332 0.039473684210526313598 0.032894736842105261332 0.046052631578947365865 0.046052631578947365865 0.032894736842105261332 0.0065789473684210522664 0.013157894736842104533 0 0 0.0065789473684210522664 0.032894736842105261332
0.14473684210526316374 0.2039473684210526272 0.19078947368421053654 0.13815789473684211841 0.14473684210526316374 0.10526315789473683626 0.092105263157894731729 0.098684210526315790935 0.092105263157894731729 0.092105263157894731729 0.098684210526315790935 0.078947368421052627196 0.092105263157894731729 0.092105263157894731729 0.092105263157894731729 0.11842105263157894079 0.078947368421052627196 0.046052631578947365865 0.085526315789473686402 0.072368421052631581869 0.085526315789473686402 0.052631578947368418131 0.052631578947368418131 0.078947368421052627196 0.065789473684210522664 0.078947368421052627196 0.059210526315789470397 0.046052631578947365865 0.039473684210526313598 0.052631578947368418131 0.032894736842105261332 0.032894736842105261332 0.032894736842105261332 0.032894736842105261332 0.032894736842105261332 0.046052631578947365865 0.039473684210526313598 0.059210526315789470397 0.039473684210526313598 0.039473684210526313598 0.032894736842105261332 0.032894736842105261332 0.0065789473684210522664 0 0.0065789473684210522664 0.039473684210526313598
0.19078947368421053654 0.15131578947368420907 0.2039473684210526272 0.2039473684210526272 0.15131578947368420907 0.092105263157894731729 0.092105263157894731729 0.13815789473684211841 0.14473684210526316374 0.10526315789473683626 0.11184210526315789547 0.2039473684210526272 0.13157894736842104533 0.092105263157894731729 0.046052631578947365865 0.092105263157894731729 0.098684210526315790935 0.092105263157894731729 0.078947368421052627196 0.046052631578947365865 0.046052631578947365865 0.059210526315789470397 0.078947368421052627196 0.092105263157894731729 0.065789473684210522664 0.059210526315789470397 0.072368421052631581869 0.052631578947368418131 0.039473684210526313598 0.052631578947368418131 0.072368421052631581869 0.065789473684210522664 0.072368421052631581869 0.032894736842105261332 0.032894736842105261332 0.039473684210526313598 0.059210526315789470397 0.072368421052631581869 0.046052631578947365865 0.039473684210526313598 0.032894736842105261332 0.032894736842105261332 0.032894736842105261332 0.032894736842105261332 0.032894736842105261332 0.032894736842105261332
0.14473684210526316374 0.10526315789473683626 0.16447368421052632748 0.22368421052631579093 0.15131578947368420907 0.11184210526315789547 0.10526315789473683626 0.092105263157894731729 0.098684210526315790935 0.13157894736842104533 0.092105263157894731729 0.092105263157894731729 0.092105263157894731729 0.092105263157894731729 0.092105263157894731729 0.085526315789473686402 0.072368421052631581869 0.092105263157894731729 0.059210526315789470397 0.052631578947368418131 0.046052631578947365865 0.092105263157894731729 0.065789473684210522664 0.052631578947368418131 0.078947368421052627196 0.039473684210526313598 0.078947368421052627196 0.059210526315789470397 0.059210526315789470397 0.039473684210526313598 0.072368421052631581869 0.046052631578947365865 0.039473684210526313598 0.059210526315789470397 0.032894736842105261332 0.039473684210526313598 0.078947368421052627196 0.039473684210526313598 0.039473684210526313598 0.059210526315789470397 0.032894736842105261332 0.032894736842105261332 0.019736842105263156799 0.032894736842105261332 0.032894736842105261332 0.052631578947368418131
0.15131578947368420907 0.10526315789473683626 0.10526315789473683626 0.14473684210526316374 0.14473684210526316374 0.14473684210526316374 0.092105263157894731729 0.13815789473684211841 0.092105263157894731729 0.13815789473684211841 0.14473684210526316374 0.14473684210526316374 0.092105263157894731729 0.098684210526315790935 0.10526315789473683626 0.046052631578947365865 0.092105263157894731729 0.098684210526315790935 0.098684210526315790935 0.059210526315789470397 0.065789473684210522664 0.092105263157894731729 0.078947368421052627196 0.078947368421052627196 0.078947368421052627196 0.092105263157894731729 0.059210526315789470397 0.046052631578947365865 0.078947368421052627196 0.039473684210526313598 0.032894736842105261332 0.065789473684210522664 0.039473684210526313598 0.059210526315789470397 0.046052631578947365865 0.046052631578947365865 0.059210526315789470397 0.039473684210526313598 0.052631578947368418131 0.032894736842105261332 0.032894736842105261332 0.032894736842105261332 0.032894736842105261332 0.032894736842105261332 0.032894736842105261332 0.032894736842105261332
0.10526315789473683626 0.13815789473684211841 0.14473684210526316374 0.17763157894736841813 0.098684210526315790935 0.16447368421052632748 0.10526315789473683626 0.13815789473684211841 0.13157894736842104533 0.10526315789473683626 0.092105263157894731729 0.092105263157894731729 0.092105263157894731729 0.098684210526315790935 0.092105263157894731729 0.11842105263157894079 0.098684210526315790935 0.052631578947368418131 0.078947368421052627196 0.078947368421052627196 0.059210526315789470397 0.052631578947368418131 0.078947368421052627196 0.059210526315789470397 0.052631578947368418131 0.092105263157894731729 0.092105263157894731729 0.039473684210526313598 0.085526315789473686402 0.059210526315789470397 0.092105263157894731729 0.059210526315789470397 0.078947368421052627196 0.039473684210526313598 0.078947368421052627196 0.085526315789473686402 0.039473684210526313598 0.065789473684210522664 0.065789473684210522664 0.059210526315789470397 0.046052631578947365865 0.039473684210526313598 0.032894736842105261332 0.039473684210526313598 0.039473684210526313598 0.032894736842105261332
0.22368421052631579093 0.25 0.25 0.13157894736842104533 0.15131578947368420907 0.092105263157894731729 0.14473684210526316374 0.092105263157894731729 0.098684210526315790935 0.098684210526315790935 0.098684210526315790935 0.059210526315789470397 0.092105263157894731729 0.052631578947368418131 0.078947368421052627196 0.078947368421052627196 0.078947368421052627196 0.092105263157894731729 0.092105263157894731729 0.065789473684210522664 0.059210526315789470397 0.039473684210526313598 0.059210526315789470397 0.065789473684210522664 0.059210526315789470397 0.078947368421052627196 0.046052631578947365865 0.046052631578947365865 0.046052631578947365865 0.072368421052631581869 0.052631578947368418131 0.032894736842105261332 0.065789473684210522664 0.085526315789473686402 0.039473684210526313598 0.052631578947368418131 0.059210526315789470397 0.046052631578947365865 0.052631578947368418131 0.046052631578947365865 0.039473684210526313598 0.046052631578947365865 0.059210526315789470397 0.032894736842105261332 0.039473684210526313598 0.032894736842105261332
0.34868421052631576318 0.22368421052631579093 0.2039473684210526272 0.16447368421052632748 0.11842105263157894079 0.14473684210526316374 0.10526315789473683626 0.11842105263157894079 0.11184210526315789547 0.11184210526315789547 0.13815789473684211841 0.10526315789473683626 0.098684210526315790935 0.092105263157894731729 0.072368421052631581869 0.078947368421052627196 0.078947368421052627196 0.072368421052631581869 0.046052631578947365865 0.098684210526315790935 0.046052631578947365865 0.092105263157894731729 0.046052631578947365865 0.059210526315789470397 0.059210526315789470397 0.059210526315789470397 0.059210526315789470397 0.059210526315789470397 0.059210526315789470397 0.078947368421052627196 0.059210526315789470397 0.092105263157894731729 0.059210526315789470397 0.072368421052631581869 0.072368421052631581869 0.046052631578947365865 0.078947368421052627196 0.046052631578947365865 0.039473684210526313598 0.059210526315789470397 0.078947368421052627196 0.046052631578947365865 0.039473684210526313598 0.039473684210526313598 0.052631578947368418131 0.085526315789473686402
0.2039473684210526272 0.24342105263157895467 0.15131578947368420907 0.14473684210526316374 0.098684210526315790935 0.15131578947368420907 0.15131578947368420907 0.10526315789473683626 0.13815789473684211841 0.14473684210526316374 0.065789473684210522664 0.059210526315789470397 0.072368421052631581869 0.078947368421052627196 0.072368421052631581869 0.052631578947368418131 0.059210526315789470397 0.098684210526315790935 0.059210526315789470397 0.065789473684210522664 0.039473684210526313598 0.046052631578947365865 0.046052631578947365865 0.039473684210526313598 0.046052631578947365865 0.059210526315789470397 0.046052631578947365865 0.072368421052631581869 0.092105263157894731729 0.072368421052631581869 0.052631578947368418131 0.059210526315789470397 0.092105263157894731729 0.078947368421052627196 0.039473684210526313598 0.039473684210526313598 0.052631578947368418131 0.059210526315789470397 0.032894736842105261332 0.039473684210526313598 0.059210526315789470397 0.046052631578947365865 0.078947368421052627196 0.052631578947368418131 0.046052631578947365865 0.039473684210526313598
0.14473684210526316374 0.18421052631578946346 0.14473684210526316374 0.13157894736842104533 0.13157894736842104533 0.1710526315789473728 0.13157894736842104533 0.13815789473684211841 0.10526315789473683626 0.10526315789473683626 0.085526315789473686402 0.13157894736842104533 0.078947368421052627196 0.052631578947368418131 0.078947368421052627196 0.10526315789473683626 0.078947368421052627196 0.078947368421052627196 0.039473684210526313598 0.092105263157894731729 0.052631578947368418131 0.052631578947368418131 0.092105263157894731729 0.065789473684210522664 0.052631578947368418131 0.046052631578947365865 0.072368421052631581869 0.059210526315789470397 0.059210526315789470397 0.065789473684210522664 0.046052631578947365865 0.092105263157894731729 0.072368421052631581869 0.092105263157894731729 0.046052631578947365865 0.046052631578947365865 0.072368421052631581869 0.039473684210526313598 0.039473684210526313598 0.046052631578947365865 0.039473684210526313598 0.052631578947368418131 0.059210526315789470397 0.065789473684210522664 0.078947368421052627196 0.052631578947368418131
0.14473684210526316374 0.15131578947368420907 0.13815789473684211841 0.13815789473684211841 0.11184210526315789547 0.092105263157894731729 0.098684210526315790935 0.092105263157894731729 0.15131578947368420907 0.078947368421052627196 0.092105263157894731729 0.092105263157894731729 0.078947368421052627196 0.11184210526315789547 0.092105263157894731729 0.046052631578947365865 0.092105263157894731729 0.078947368421052627196 0.065789473684210522664 0.052631578947368418131 0.046052631578947365865 0.059210526315789470397 0.072368421052631581869 0.046052631578947365865 0.039473684210526313598 0.052631578947368418131 0.032894736842105261332 0.046052631578947365865 0.039473684210526313598 0.046052631578947365865 0.046052631578947365865 0.092105263157894731729 0.092105263157894731729 0.046052631578947365865 0.072368421052631581869 0.078947368421052627196 0.046052631578947365865 0.098684210526315790935 0.052631578947368418131 0.046052631578947365865 0.046052631578947365865 0.046052631578947365865 0.039473684210526313598 0.059210526315789470397 0.072368421052631581869 0.052631578947368418131
0.15131578947368420907 0.2039473684210526272 0.15131578947368420907 0.15131578947368420907 0.15131578947368420907 0.14473684210526316374 0.092105263157894731729 0.10526315789473683626 0.10526315789473683626 0.092105263157894731729 0.092105263157894731729 0.085526315789473686402 0.092105263157894731729 0.10526315789473683626 0.052631578947368418131 0.098684210526315790935 0.059210526315789470397 0.059210526315789470397 0.092105263157894731729 0.059210526315789470397 0.078947368421052627196 0.052631578947368418131 0.039473684210526313598 0.059210526315789470397 0.078947368421052627196 0.085526315789473686402 0.039473684210526313598 0.046052631578947365865 0.065789473684210522664 0.059210526315789470397 0.059210526315789470397 0.039473684210526313598 0.052631578947368418131 0.046052631578947365865 0.059210526315789470397 0.039473684210526313598 0.059210526315789470397 0.059210526315789470397 0.046052631578947365865 0.078947368421052627196 0.065789473684210522664 0.046052631578947365865 0.052631578947368418131 0.052631578947368418131 0.046052631578947365865 0.046052631578947365865
0.13157894736842104533 0.2039473684210526272 0.14473684210526316374 0.13815789473684211841 0.10526315789473683626 0.125 0.13815789473684211841 0.10526315789473683626 0.11184210526315789547 0.125 0.10526315789473683626 0.085526315789473686402 0.085526315789473686402 0.13815789473684211841 0.059210526315789470397 0.078947368421052627196 0.085526315789473686402 0.078947368421052627196 0.059210526315789470397 0.059210526315789470397 0.078947368421052627196 0.059210526315789470397 0.072368421052631581869 0.039473684210526313598 0.046052631578947365865 0.046052631578947365865 0.039473684210526313598 0.052631578947368418131 0.039473684210526313598 0.046052631578947365865 0.085526315789473686402 0.059210526315789470397 0.046052631578947365865 0.032894736842105261332 0.059210526315789470397 0.039473684210526313598 0.059210526315789470397 0.065789473684210522664 0.092105263157894731729 0.059210526315789470397 0.039473684210526313598 0.032894736842105261332 0.078947368421052627196 0.052631578947368418131 0.072368421052631581869 0.039473684210526313598
0.17763157894736841813 0.14473684210526316374 0.15131578947368420907 0.14473684210526316374 0.14473684210526316374 0.11842105263157894079 0.15131578947368420907 0.092105263157894731729 0.092105263157894731729 0.11842105263157894079 0.092105263157894731729 0.065789473684210522664 0.092105263157894731729 0.098684210526315790935 0.092105263157894731729 0.059210526315789470397 0.072368421052631581869 0.059210526315789470397 0.065789473684210522664 0.065789473684210522664 0.059210526315789470397 0.059210526315789470397 0.046052631578947365865 0.059210526315789470397 0.072368421052631581869 0.052631578947368418131 0.052631578947368418131 0.085526315789473686402 0.046052631578947365865 0.065789473684210522664 0.039473684210526313598 0.052631578947368418131 0.046052631578947365865 0.046052631578947365865 0.046052631578947365865 0.046052631578947365865 0.059210526315789470397 0.039473684210526313598 0.039473684210526313598 0.052631578947368418131 0.046052631578947365865 0.059210526315789470397 0.059210526315789470397 0.085526315789473686402 0.059210526315789470397 0.052631578947368418131
0.14473684210526316374 0.098684210526315790935 0.11184210526315789547 0.2039473684210526272 0.24342105263157895467 0.14473684210526316374 0.10526315789473683626 0.085526315789473686402 0.14473684210526316374 0.10526315789473683626 0.11184210526315789547 0.098684210526315790935 0.092105263157894731729 0.078947368421052627196 0.065789473684210522664 0.065789473684210522664 0.072368421052631581869 0.072368421052631581869 0.078947368421052627196 0.052631578947368418131 0.046052631578947365865 0.059210526315789470397 0.085526315789473686402 0.059210526315789470397 0.046052631578947365865 0.065789473684210522664 0.046052631578947365865 0.052631578947368418131 0.059210526315789470397 0.039473684210526313598 0.065789473684210522664 0.092105263157894731729 0.065789473684210522664 0.065789473684210522664 0.046052631578947365865 0.059210526315789470397 0.052631578947368418131 0.059210526315789470397 0.092105263157894731729 0.052631578947368418131 0.072368421052631581869 0.059210526315789470397 0.078947368421052627196 0.059210526315789470397 0.052631578947368418131 0.065789473684210522664
0.14473684210526316374 0.13815789473684211841 0.098684210526315790935 0.10526315789473683626 0.13815789473684211841 0.11842105263157894079 0.098684210526315790935 0.13815789473684211841 0.098684210526315790935 0.098684210526315790935 0.098684210526315790935 0.10526315789473683626 0.092105263157894731729 0.092105263157894731729 0.078947368421052627196 0.046052631578947365865 0.092105263157894731729 0.078947368421052627196 0.059210526315789470397 0.072368421052631581869 0.052631578947368418131 0.059210526315789470397 0.078947368421052627196 0.059210526315789470397 0.039473684210526313598 0.052631578947368418131 0.046052631578947365865 0.065789473684210522664 0.039473684210526313598 0.039473684210526313598 0.032894736842105261332 0.039473684210526313598 0.039473684210526313598 0.078947368421052627196 0.052631578947368418131 0.046052631578947365865 0.078947368421052627196 0.059210526315789470397 0.039473684210526313598 0.059210526315789470397 0.078947368421052627196 0.059210526315789470397 0.092105263157894731729 0.039473684210526313598 0.046052631578947365865 0.072368421052631581869
0.11184210526315789547 0.092105263157894731729 0.092105263157894731729 0.11842105263157894079 0.10526315789473683626 0.092105263157894731729 0.13157894736842104533 0.098684210526315790935 0.098684210526315790935 0.14473684210526316374 0.078947368421052627196 0.10526315789473683626 0.092105263157894731729 0.065789473684210522664 0.065789473684210522664 0.092105263157894731729 0.059210526315789470397 0.092105263157894731729 0.059210526315789470397 0.059210526315789470397 0.092105263157894731729 0.078947368421052627196 0.059210526315789470397 0.065789473684210522664 0.072368421052631581869 0.078947368421052627196 0.052631578947368418131 0.039473684210526313598 0.032894736842105261332 0.032894736842105261332 0.039473684210526313598 0.039473684210526313598 0.052631578947368418131 0.046052631578947365865 0.039473684210526313598 0.039473684210526313598 0.052631578947368418131 0.065789473684210522664 0.078947368421052627196 0.046052631578947365865 0.065789473684210522664 0.098684210526315790935 0.065789473684210522664 0.039473684210526313598 0.059210526315789470397 0.059210526315789470397
0.092105263157894731729 0.098684210526315790935 0.078947368421052627196 0.072368421052631581869 0.098684210526315790935 0.092105263157894731729 0.098684210526315790935 0.092105263157894731729 0.092105263157894731729 0.10526315789473683626 0.078947368421052627196 0.072368421052631581869 0.098684210526315790935 0.098684210526315790935 0.072368421052631581869 0.078947368421052627196 0.078947368421052627196 0.059210526315789470397 0.078947368421052627196 0.072368421052631581869 0.092105263157894731729 0.059210526315789470397 0.078947368421052627196 0.059210526315789470397 0.072368421052631581869 0.052631578947368418131 0.072368421052631581869 0.039473684210526313598 0.065789473684210522664 0.032894736842105261332 0.085526315789473686402 0.059210526315789470397 0.059210526315789470397 0.059210526315789470397 0.046052631578947365865 0.078947368421052627196 0.046052631578947365865 0.078947368421052627196 0.078947368421052627196 0.059210526315789470397 0.078947368421052627196 0.046052631578947365865 0.039473684210526313598 0.039473684210526313598 0.039473684210526313598 0.046052631578947365865
0.092105263157894731729 0.092105263157894731729 0.092105263157894731729 0.059210526315789470397 0.10526315789473683626 0.098684210526315790935 0.078947368421052627196 0.092105263157894731729 0.10526315789473683626 0.092105263157894731729 0.13157894736842104533 0.13815789473684211841 0.13157894736842104533 0.072368421052631581869 0.13815789473684211841 0.065789473684210522664 0.092105263157894731729 0.092105263157894731729 0.052631578947368418131 0.092105263157894731729 0.059210526315789470397 0.085526315789473686402 0.072368421052631581869 0.052631578947368418131 0.072368421052631581869 0.085526315789473686402 0.052631578947368418131 0.032894736842105261332 0.039473684210526313598 0.059210526315789470397 0.059210526315789470397 0.046052631578947365865 0.065789473684210522664 0.059210526315789470397 0.072368421052631581869 0.078947368421052627196 0.092105263157894731729 0.078947368421052627196 0.039473684210526313598 0.059210526315789470397 0.052631578947368418131 0.092105263157894731729 0.039473684210526313598 0.052631578947368418131 0.039473684210526313598 0.065789473684210522664
0.13157894736842104533 0.098684210526315790935 0.10526315789473683626 0.098684210526315790935 0.11184210526315789547 0.078947368421052627196 0.10526315789473683626 0.10526315789473683626 0.10526315789473683626 0.10526315789473683626 0.098684210526315790935 0.125 0.092105263157894731729 0.13157894736842104533 0.059210526315789470397 0.078947368421052627196 0.092105263157894731729 0.078947368421052627196 0.092105263157894731729 0.092105263157894731729 0.072368421052631581869 0.092105263157894731729 0.065789473684210522664 0.098684210526315790935 0.10526315789473683626 0.092105263157894731729 0.046052631578947365865 0.059210526315789470397 0.065789473684210522664 0.065789473684210522664 0.078947368421052627196 0.046052631578947365865 0.046052631578947365865 0.052631578947368418131 0.078947368421052627196 0.059210526315789470397 0.072368421052631581869 0.052631578947368418131 0.072368421052631581869 0.039473684210526313598 0.065789473684210522664 0.046052631578947365865 0.046052631578947365865 0.059210526315789470397 0.059210526315789470397 0.052631578947368418131
