ExampleFiles/niche_identity/models/ENFA/Anolis_chlorocyanus.asc
ncols        743
nrows        319
xllcorner    -74.500956448335
yllcorner    17.448920549066
cellsize     0.008333333333
NODATA_value  -9999
[rows 200 to 219 of 319, columns 138 to 183 of 743]
0.99203187250996016644 0.97609561752988049932 0.9800796812749004161 0.9800796812749004161 0.99203187250996016644 0.9800796812749004161 0.96414342629482074898 0.96414342629482074898 0.9800796812749004161 0.94820717131474108186 0.85657370517928288489 0.81673306772908371709 0.77689243027888443827 0.65338645418326690706 0.77689243027888443827 0.82470119521912355065 0.77689243027888443827 0.65338645418326690706 0.35856573705179284328 0.51792828685258962551 0.78486055776892427183 0.83266932270916338421 0.6254980079681274896 0.54581673306772904297 0.6892430278884462691 0.78486055776892427183 0.84860557768924305133 0.85258964143426296811 0.84860557768924305133 0.83266932270916338421 0.76095617529880477115 0.77290836653386452149 0.84860557768924305133 0.67330677290836649096 0.70119521912350601944 0.67729083665338640774 0.78884462151394418861 0.77689243027888443827 0.75298804780876493759 0.81673306772908371709 0.85657370517928288489 0.79681274900398402217 0.77689243027888443827 0.76095617529880477115 0.79681274900398402217 0.76892430278884460471
0.96414342629482074898 0.86852589641434263523 0.83665338645418330099 0.86454183266932271845 0.78486055776892427183 0.80478087649402385573 0.82868525896414346743 0.80876494023904377251 0.82470119521912355065 0.60159362549800798892 0.48605577689243029127 0.53784860557768920941 0.33466135458167328709 0.20318725099601595008 0.24701195219123506241 0.14342629482071714286 0.22709163346613545076 0.10358565737051793343 0.051792828685258966714 0.11952191235059761443 0.14342629482071714286 0.32270916334661353675 0.44223107569721115118 0.46613545816733065186 0.58964143426294823858 0.60956175298804782248 0.75298804780876493759 0.74103585657370518724 0.83266932270916338421 0.83665338645418330099 0.88047808764940238557 0.72509960159362552012 0.77689243027888443827 0.92828685258964138693 0.81673306772908371709 0.82470119521912355065 0.66932270916334657418 0.67729083665338640774 0.74103585657370518724 0.76494023904382468793 0.75298804780876493759 0.65338645418326690706 0.83665338645418330099 0.62151394422310757282 0.61354581673306773926 0.72509960159362552012
0.94820717131474108186 0.86454183266932271845 0.67729083665338640774 0.77689243027888443827 0.57768924302788848824 0.33067729083665337031 0.24701195219123506241 0.24701195219123506241 0.24701195219123506241 0.31474103585657370319 0.23505976095617531207 0.19123505976095617198 0.095617529880478085991 0.055776892430278883495 0.075697211155378488212 0.059760956175298807214 0.035856573705179285716 0.023904382470119521498 0.039840637450199202496 0.083665338645418321772 0.075697211155378488212 0.15139442231075697642 0.14741035856573705964 0.17131474103585656033 0.30677290836653386963 0.40637450199203190015 0.54581673306772904297 0.60956175298804782248 0.88047808764940238557 0.88446215139442230235 0.86454183266932271845 0.82470119521912355065 0.83665338645418330099 0.78486055776892427183 0.78486055776892427183 0.77689243027888443827 0.77689243027888443827 0.82071713147410363387 0.76494023904382468793 0.76892430278884460471 0.77689243027888443827 0.78486055776892427183 0.81673306772908371709 0.78486055776892427183 0.79282868525896410539 0.82470119521912355065
0.9800796812749004161 0.9800796812749004161 0.88446215139442230235 0.9362549800796812205 0.84462151394422313455 0.81673306772908371709 0.59362549800796815536 0.19123505976095617198 0.16334661354581672676 0.067729083665338640774 0.075697211155378488212 0.059760956175298807214 0.039840637450199202496 0.035856573705179285716 0.027888446215139441747 0.035856573705179285716 0.039840637450199202496 0.043824701195219126215 0.075697211155378488212 0.051792828685258966714 0.075697211155378488212 0.063745019920318723994 0.059760956175298807214 0.17928286852589642164 0.24701195219123506241 0.33466135458167328709 0.52988047808764937585 0.7490039840637450208 0.83665338645418330099 0.81673306772908371709 0.84462151394422313455 0.84860557768924305133 0.80876494023904377251 0.91633466135458163659 0.76095617529880477115 0.77689243027888443827 0.80079681274900393895 0.79681274900398402217 0.88446215139442230235 0.77689243027888443827 0.76892430278884460471 0.76892430278884460471 0.76494023904382468793 0.83266932270916338421 0.81673306772908371709 0.77689243027888443827
0.92031872509960155337 0.96414342629482074898 0.96414342629482074898 0.96414342629482074898 0.92828685258964138693 0.91235059760956171981 0.76892430278884460471 0.75697211155378485437 0.6653386454183266574 0.39840637450199201108 0.095617529880478085991 0.075697211155378488212 0.047808764940239042995 0.051792828685258966714 0.035856573705179285716 0.023904382470119521498 0.039840637450199202496 0.043824701195219126215 0.067729083665338640774 0.075697211155378488212 0.095617529880478085991 0.059760956175298807214 0.10358565737051793343 0.16733067729083664354 0.2509960159362549792 0.33466135458167328709 0.58964143426294823858 0.76095617529880477115 0.86055776892430280167 0.81673306772908371709 0.76095617529880477115 0.76095617529880477115 0.91235059760956171981 0.92031872509960155337 0.80876494023904377251 0.81673306772908371709 0.81673306772908371709 0.81673306772908371709 0.76095617529880477115 0.75298804780876493759 0.78884462151394418861 0.78087649402390435505 0.81673306772908371709 0.84860557768924305133 0.82071713147410363387 0.76095617529880477115
0.96414342629482074898 0.82470119521912355065 0.78486055776892427183 0.80478087649402385573 0.70119521912350601944 0.76494023904382468793 0.7290836653386454369 0.74103585657370518724 0.79681274900398402217 0.81673306772908371709 0.74103585657370518724 0.63745019920318723994 0.55776892430278879331 0.52589641434262945907 0.23505976095617531207 0.32270916334661353675 0.17131474103585656033 0.16334661354581672676 0.059760956175298807214 0.055776892430278883495 0.075697211155378488212 0.075697211155378488212 0.17529880478087650486 0.17928286852589642164 0.23505976095617531207 0.32270916334661353675 0.49800796812749004161 0.67729083665338640774 0.82868525896414346743 0.81673306772908371709 0.82470119521912355065 0.80876494023904377251 0.86852589641434263523 0.85657370517928288489 0.76892430278884460471 0.92031872509960155337 0.83665338645418330099 0.82868525896414346743 0.79681274900398402217 0.81673306772908371709 0.79282868525896410539 0.71713147410358568656 0.81673306772908371709 0.78486055776892427183 0.75697211155378485437 0.78486055776892427183
0.80079681274900393895 0.81673306772908371709 0.78486055776892427183 0.77689243027888443827 0.82868525896414346743 0.74103585657370518724 0.83665338645418330099 0.76892430278884460471 0.76494023904382468793 0.79681274900398402217 0.81673306772908371709 0.82868525896414346743 0.75298804780876493759 0.67330677290836649096 0.62151394422310757282 0.62151394422310757282 0.58964143426294823858 0.49800796812749004161 0.32270916334661353675 0.12350597609561753121 0.13944223107569719833 0.19123505976095617198 0.16334661354581672676 0.32270916334661353675 0.3944223107569720943 0.49800796812749004161 0.52988047808764937585 0.77290836653386452149 0.91235059760956171981 0.91235059760956171981 0.88446215139442230235 0.76892430278884460471 0.86852589641434263523 0.86852589641434263523 0.82868525896414346743 0.81673306772908371709 0.83266932270916338421 0.76892430278884460471 0.67729083665338640774 0.75697211155378485437 0.75298804780876493759 0.78486055776892427183 0.65338645418326690706 0.77689243027888443827 0.75298804780876493759 0.65737051792828682384
0.84063745019920321777 0.82868525896414346743 0.82868525896414346743 0.82470119521912355065 0.83665338645418330099 0.88047808764940238557 0.88844621513944221913 0.88047808764940238557 0.86852589641434263523 0.85258964143426296811 0.88047808764940238557 0.87649402390438246879 0.81673306772908371709 0.82470119521912355065 0.86454183266932271845 0.84063745019920321777 0.82868525896414346743 0.77689243027888443827 0.74103585657370518724 0.57768924302788848824 0.6055776892430279057 0.66932270916334657418 0.67729083665338640774 0.74103585657370518724 0.84860557768924305133 0.83266932270916338421 0.83665338645418330099 0.82868525896414346743 0.83665338645418330099 0.83266932270916338421 0.83665338645418330099 0.83266932270916338421 0.82470119521912355065 0.80079681274900393895 0.78486055776892427183 0.77689243027888443827 0.68127490039840632452 0.69322709163346618588 0.67729083665338640774 0.86454183266932271845 0.78486055776892427183 0.76892430278884460471 0.6254980079681274896 0.3745019920318725104 0.33864541832669320387 0.29083665338645420251
0.88047808764940238557 0.92828685258964138693 0.91633466135458163659 0.86852589641434263523 0.91235059760956171981 0.96414342629482074898 0.93227091633466130371 0.92828685258964138693 0.92031872509960155337 0.90438247011952188625 0.91235059760956171981 0.88446215139442230235 0.86454183266932271845 0.87649402390438246879 0.83266932270916338421 0.83266932270916338421 0.83665338645418330099 0.83665338645418330099 0.81673306772908371709 0.83266932270916338421 0.85258964143426296811 0.88047808764940238557 0.86454183266932271845 0.86852589641434263523 0.88047808764940238557 0.86852589641434263523 0.85657370517928288489 0.84063745019920321777 0.86454183266932271845 0.84860557768924305133 0.83665338645418330099 0.83665338645418330099 0.80079681274900393895 0.81673306772908371709 0.80079681274900393895 0.78486055776892427183 0.65338645418326690706 0.6254980079681274896 0.64143426294820715672 0.67330677290836649096 0.65338645418326690706 0.53784860557768920941 0.35059760956175300972 0.1553784860557768932 0.19123505976095617198 0.10358565737051793343
0.84860557768924305133 0.88446215139442230235 0.88047808764940238557 0.88047808764940238557 0.91235059760956171981 0.88047808764940238557 0.86055776892430280167 0.86454183266932271845 0.91235059760956171981 0.91235059760956171981 0.91235059760956171981 0.91235059760956171981 0.90039840637450196947 0.88047808764940238557 0.86454183266932271845 0.88047808764940238557 0.88047808764940238557 0.84462151394422313455 0.86852589641434263523 0.86852589641434263523 0.84860557768924305133 0.85657370517928288489 0.85657370517928288489 0.88047808764940238557 0.86852589641434263523 0.85657370517928288489 0.84860557768924305133 0.85657370517928288489 0.86055776892430280167 0.83665338645418330099 0.83665338645418330099 0.83665338645418330099 0.82470119521912355065 0.82470119521912355065 0.81673306772908371709 0.76095617529880477115 0.67330677290836649096 0.76095617529880477115 0.58964143426294823858 0.58167330677290840502 0.53386454183266929263 0.4581673306772908183 0.24701195219123506241 0.13545816733067728155 0.059760956175298807214 0.059760956175298807214
0.66932270916334657418 0.83665338645418330099 0.86454183266932271845 0.88047808764940238557 0.79681274900398402217 0.75298804780876493759 0.65338645418326690706 0.61354581673306773926 0.65737051792828682384 0.82868525896414346743 0.88844621513944221913 0.88446215139442230235 0.86852589641434263523 0.86852589641434263523 0.84063745019920321777 0.86852589641434263523 0.86454183266932271845 0.88047808764940238557 0.84462151394422313455 0.88446215139442230235 0.88047808764940238557 0.88446215139442230235 0.83266932270916338421 0.87649402390438246879 0.86454183266932271845 0.84063745019920321777 0.83665338645418330099 0.85657370517928288489 0.84462151394422313455 0.83266932270916338421 0.84063745019920321777 0.83266932270916338421 0.77689243027888443827 0.78486055776892427183 0.79681274900398402217 0.77689243027888443827 0.77689243027888443827 0.72509960159362552012 0.58964143426294823858 0.47410358565737054093 0.33466135458167328709 0.19123505976095617198 0.11155378486055776699 0.12350597609561753121 0.075697211155378488212 0.067729083665338640774
0.88446215139442230235 0.86454183266932271845 0.83266932270916338421 0.78486055776892427183 0.58964143426294823858 0.66932270916334657418 0.65338645418326690706 0.48605577689243029127 0.55378486055776887653 0.77290836653386452149 0.90039840637450196947 0.76494023904382468793 0.80478087649402385573 0.67729083665338640774 0.6653386454183266574 0.72509960159362552012 0.57768924302788848824 0.76095617529880477115 0.86454183266932271845 0.88446215139442230235 0.88047808764940238557 0.88446215139442230235 0.88047808764940238557 0.83266932270916338421 0.81673306772908371709 0.84063745019920321777 0.81673306772908371709 0.85657370517928288489 0.82868525896414346743 0.82868525896414346743 0.85657370517928288489 0.84860557768924305133 0.76494023904382468793 0.72509960159362552012 0.78486055776892427183 0.80079681274900393895 0.7490039840637450208 0.47011952191235062415 0.49800796812749004161 0.32669322709163345353 0.29880478087649403607 0.19920318725099600554 0.12350597609561753121 0.075697211155378488212 0.10358565737051793343 0.12350597609561753121
0.92430278884462147015 0.96414342629482074898 0.91235059760956171981 0.9362549800796812205 0.88446215139442230235 0.78884462151394418861 0.76095617529880477115 0.77689243027888443827 0.80079681274900393895 0.88446215139442230235 0.83665338645418330099 0.70119521912350601944 0.74103585657370518724 0.65338645418326690706 0.72509960159362552012 0.76892430278884460471 0.7290836653386454369 0.68127490039840632452 0.54581673306772904297 0.67330677290836649096 0.83665338645418330099 0.86454183266932271845 0.86852589641434263523 0.83266932270916338421 0.78884462151394418861 0.77689243027888443827 0.81673306772908371709 0.83665338645418330099 0.82868525896414346743 0.83266932270916338421 0.82470119521912355065 0.84462151394422313455 0.82868525896414346743 0.77689243027888443827 0.77689243027888443827 0.77689243027888443827 0.74103585657370518724 0.65737051792828682384 0.59362549800796815536 0.3944223107569720943 0.57768924302788848824 0.22310756972111553398 0.24701195219123506241 0.12350597609561753121 0.19123505976095617198 0.30677290836653386963
0.94422310756972116508 0.91633466135458163659 0.92828685258964138693 0.92031872509960155337 0.9601593625498008322 0.93227091633466130371 0.93227091633466130371 0.91235059760956171981 0.88047808764940238557 0.88446215139442230235 0.84860557768924305133 0.88446215139442230235 0.80079681274900393895 0.86454183266932271845 0.88047808764940238557 0.86454183266932271845 0.75298804780876493759 0.82470119521912355065 0.77689243027888443827 0.77689243027888443827 0.6254980079681274896 0.56175298804780871009 0.52191235059760954229 0.64143426294820715672 0.59362549800796815536 0.70119521912350601944 0.79681274900398402217 0.81673306772908371709 0.77689243027888443827 0.80876494023904377251 0.82868525896414346743 0.83665338645418330099 0.82470119521912355065 0.83665338645418330099 0.80079681274900393895 0.75697211155378485437 0.77290836653386452149 0.75298804780876493759 0.57768924302788848824 0.5657370517928287379 0.6254980079681274896 0.3745019920318725104 0.24701195219123506241 0.23505976095617531207 0.3944223107569720943 0.19123505976095617198
0.92031872509960155337 0.92031872509960155337 0.88446215139442230235 0.88047808764940238557 0.88446215139442230235 0.88047808764940238557 0.99203187250996016644 0.9362549800796812205 0.92031872509960155337 0.92031872509960155337 0.92430278884462147015 0.92031872509960155337 0.93227091633466130371 0.91235059760956171981 0.91235059760956171981 0.92031872509960155337 0.91235059760956171981 0.91235059760956171981 0.88446215139442230235 0.90039840637450196947 0.79681274900398402217 0.6653386454183266574 0.34262948207171312065 0.52988047808764937585 0.54581673306772904297 0.58964143426294823858 0.72509960159362552012 0.78884462151394418861 0.80876494023904377251 0.81673306772908371709 0.83266932270916338421 0.82868525896414346743 0.81673306772908371709 0.83266932270916338421 0.81673306772908371709 0.72509960159362552012 0.66932270916334657418 0.66135458167330674062 0.60159362549800798892 0.66135458167330674062 0.67729083665338640774 0.59362549800796815536 0.35059760956175300972 0.17131474103585656033 0.31872509960159361997 0.32270916334661353675
0.83266932270916338421 0.91235059760956171981 0.88047808764940238557 0.88047808764940238557 0.88047808764940238557 0.86454183266932271845 0.88446215139442230235 0.88446215139442230235 0.93227091633466130371 0.9800796812749004161 0.9362549800796812205 0.88446215139442230235 0.92828685258964138693 0.91235059760956171981 0.92031872509960155337 0.92828685258964138693 0.92031872509960155337 0.91235059760956171981 0.91235059760956171981 0.91235059760956171981 0.83266932270916338421 0.76892430278884460471 0.77689243027888443827 0.67330677290836649096 0.75298804780876493759 0.65737051792828682384 0.65737051792828682384 0.77290836653386452149 0.81673306772908371709 0.81673306772908371709 0.75697211155378485437 0.80079681274900393895 0.83665338645418330099 0.82868525896414346743 0.82470119521912355065 0.80478087649402385573 0.76095617529880477115 0.62151394422310757282 0.67330677290836649096 0.71713147410358568656 0.70119521912350601944 0.54581673306772904297 0.33466135458167328709 0.24701195219123506241 0.29880478087649403607 0.51792828685258962551
0.88446215139442230235 0.86454183266932271845 0.83266932270916338421 0.91633466135458163659 0.88446215139442230235 0.94820717131474108186 0.88446215139442230235 0.91633466135458163659 0.9800796812749004161 0.88047808764940238557 0.86454183266932271845 0.91235059760956171981 0.88047808764940238557 0.91235059760956171981 0.91235059760956171981 0.93227091633466130371 0.92031872509960155337 0.88446215139442230235 0.88446215139442230235 0.91235059760956171981 0.87649402390438246879 0.53386454183266929263 0.65338645418326690706 0.81673306772908371709 0.83266932270916338421 0.82470119521912355065 0.75298804780876493759 0.77689243027888443827 0.78486055776892427183 0.77689243027888443827 0.78884462151394418861 0.82071713147410363387 0.77689243027888443827 0.77290836653386452149 0.83665338645418330099 0.80079681274900393895 0.82470119521912355065 0.74103585657370518724 0.75697211155378485437 0.81673306772908371709 0.6653386454183266574 0.47410358565737054093 0.30677290836653386963 0.32270916334661353675 0.3944223107569720943 0.50996015936254979195
0.84063745019920321777 0.88047808764940238557 0.86454183266932271845 0.83266932270916338421 0.87649402390438246879 0.87649402390438246879 0.83665338645418330099 0.85657370517928288489 0.93227091633466130371 0.92828685258964138693 0.54581673306772904297 0.67330677290836649096 0.81673306772908371709 0.88446215139442230235 0.92430278884462147015 0.88446215139442230235 0.93227091633466130371 0.92031872509960155337 0.87649402390438246879 0.91633466135458163659 0.91235059760956171981 0.77689243027888443827 0.54581673306772904297 0.75697211155378485437 0.76494023904382468793 0.83665338645418330099 0.83665338645418330099 0.84063745019920321777 0.83266932270916338421 0.80079681274900393895 0.82470119521912355065 0.79681274900398402217 0.81673306772908371709 0.78486055776892427183 0.77689243027888443827 0.82470119521912355065 0.82868525896414346743 0.81673306772908371709 0.77689243027888443827 0.81673306772908371709 0.67330677290836649096 0.29880478087649403607 0.32270916334661353675 0.32270916334661353675 0.54581673306772904297 0.46613545816733065186
0.83665338645418330099 0.90039840637450196947 0.86454183266932271845 0.83266932270916338421 0.88446215139442230235 0.88446215139442230235 0.91633466135458163659 0.91235059760956171981 0.93227091633466130371 0.83266932270916338421 0.85657370517928288489 0.86454183266932271845 0.84063745019920321777 0.81673306772908371709 0.85657370517928288489 0.76095617529880477115 0.83266932270916338421 0.77290836653386452149 0.91235059760956171981 0.88844621513944221913 0.88047808764940238557 0.65737051792828682384 0.49003984063745020805 0.53784860557768920941 0.58167330677290840502 0.79681274900398402217 0.83266932270916338421 0.78486055776892427183 0.83266932270916338421 0.83266932270916338421 0.79681274900398402217 0.83266932270916338421 0.83266932270916338421 0.83266932270916338421 0.81673306772908371709 0.81673306772908371709 0.83266932270916338421 0.76892430278884460471 0.77689243027888443827 0.77689243027888443827 0.65338645418326690706 0.31474103585657370319 0.19123505976095617198 0.29880478087649403607 0.54980079681274895975 0.58167330677290840502
0.86852589641434263523 0.81673306772908371709 0.86852589641434263523 0.85657370517928288489 0.83266932270916338421 0.84860557768924305133 0.91633466135458163659 0.88047808764940238557 0.91235059760956171981 0.86852589641434263523 0.88446215139442230235 0.88844621513944221913 0.84462151394422313455 0.84063745019920321777 0.81673306772908371709 0.78486055776892427183 0.76892430278884460471 0.58964143426294823858 0.85657370517928288489 0.91235059760956171981 0.83266932270916338421 0.60956175298804782248 0.60956175298804782248 0.65338645418326690706 0.50597609561752987517 0.76095617529880477115 0.80876494023904377251 0.82470119521912355065 0.75697211155378485437 0.77689243027888443827 0.80876494023904377251 0.83266932270916338421 0.81673306772908371709 0.81673306772908371709 0.81673306772908371709 0.83266932270916338421 0.80079681274900393895 0.81673306772908371709 0.6653386454183266574 0.67330677290836649096 0.63346613545816732316 0.47011952191235062415 0.22709163346613545076 0.16334661354581672676 0.24701195219123506241 0.53784860557768920941
