ExampleFiles/niche_identity/models/ENFA/Anolis_coelestinus_1.asc
ncols        743
nrows        319
xllcorner    -74.500956448335
yllcorner    17.448920549066
cellsize     0.008333333333
NODATA_value  -9999
[rows 180 to 199 of 319, columns 598 to 643 of 743]
0.86904761904761906877 0.88690476190476186247 0.86904761904761906877 0.88095238095238093123 0.89285714285714290472 0.91071428571428569843 0.94047619047619046562 0.94642857142857139685 0.94642857142857139685 0.95238095238095232808 0.95833333333333337034 0.97023809523809523281 0.97619047619047616404 0.95238095238095232808 0.95238095238095232808 0.94047619047619046562 0.92261904761904767192 0.98214285714285709528 0.98214285714285709528 0.95238095238095232808 0.95833333333333337034 0.98214285714285709528 0.98809523809523813753 0.95238095238095232808 0.89285714285714290472 0.94642857142857139685 0.95238095238095232808 0.97023809523809523281 0.97023809523809523281 0.99404761904761906877 0.98809523809523813753 0.98214285714285709528 0.94642857142857139685 0.89285714285714290472 0.88095238095238093123 0.83333333333333337034 0.76785714285714290472 0.89285714285714290472 0.85119047619047616404 0.86309523809523813753 0.85714285714285709528 0.86904761904761906877 0.76785714285714290472 0.73214285714285709528 0.81547619047619046562 0.85714285714285709528
0.89285714285714290472 0.88690476190476186247 0.89285714285714290472 0.89285714285714290472 0.91071428571428569843 0.92261904761904767192 0.94642857142857139685 0.94642857142857139685 0.95238095238095232808 0.95238095238095232808 0.95833333333333337034 0.97619047619047616404 0.98214285714285709528 0.99404761904761906877 0.95238095238095232808 1 0.95238095238095232808 0.94642857142857139685 0.89285714285714290472 0.89880952380952383596 0.98214285714285709528 0.97023809523809523281 0.95238095238095232808 0.97619047619047616404 0.98809523809523813753 0.95238095238095232808 0.95238095238095232808 0.95238095238095232808 0.94047619047619046562 0.94642857142857139685 0.94642857142857139685 0.95238095238095232808 0.94642857142857139685 0.89285714285714290472 0.92261904761904767192 0.92261904761904767192 0.89285714285714290472 0.88690476190476186247 0.89285714285714290472 0.82142857142857139685 0.82142857142857139685 0.71428571428571430157 0.82738095238095232808 0.86904761904761906877 0.86904761904761906877 0.81547619047619046562
0.89285714285714290472 0.89285714285714290472 0.89880952380952383596 0.89880952380952383596 0.92261904761904767192 0.94047619047619046562 0.94642857142857139685 0.94642857142857139685 0.95238095238095232808 0.95238095238095232808 0.95238095238095232808 0.97619047619047616404 0.99404761904761906877 0.99404761904761906877 0.98809523809523813753 0.95238095238095232808 0.94642857142857139685 0.91071428571428569843 0.98214285714285709528 0.98809523809523813753 0.99404761904761906877 1 1 1 0.95238095238095232808 0.97619047619047616404 0.97619047619047616404 0.95833333333333337034 0.95238095238095232808 0.91666666666666662966 0.89285714285714290472 0.89285714285714290472 0.85119047619047616404 0.92261904761904767192 0.82142857142857139685 0.85714285714285709528 0.86904761904761906877 0.88690476190476186247 0.85714285714285709528 0.86904761904761906877 0.85714285714285709528 0.92261904761904767192 0.89285714285714290472 0.88690476190476186247 0.68452380952380953438 0.85714285714285709528
0.89285714285714290472 0.89285714285714290472 0.91666666666666662966 0.92261904761904767192 0.94047619047619046562 0.94642857142857139685 0.94642857142857139685 0.95238095238095232808 0.95238095238095232808 0.95833333333333337034 0.97619047619047616404 0.98809523809523813753 0.98214285714285709528 0.98809523809523813753 0.99404761904761906877 0.98809523809523813753 0.95238095238095232808 0.98809523809523813753 1 1 1 0.99404761904761906877 0.95238095238095232808 0.98809523809523813753 0.99404761904761906877 0.97619047619047616404 0.97619047619047616404 0.95238095238095232808 0.94642857142857139685 0.89880952380952383596 0.89285714285714290472 0.89285714285714290472 0.84523809523809523281 0.82142857142857139685 0.70238095238095232808 0.68452380952380953438 0.68452380952380953438 0.86309523809523813753 0.70238095238095232808 0.79761904761904767192 0.72023809523809523281 0.85714285714285709528 0.86904761904761906877 0.71428571428571430157 0.85714285714285709528 0.68452380952380953438
0.91071428571428569843 0.90476190476190476719 0.91071428571428569843 0.94047619047619046562 0.92261904761904767192 0.94642857142857139685 0.95238095238095232808 0.95238095238095232808 0.95238095238095232808 0.95833333333333337034 0.97619047619047616404 0.95238095238095232808 0.99404761904761906877 0.98809523809523813753 0.99404761904761906877 0.99404761904761906877 0.99404761904761906877 0.97023809523809523281 0.99404761904761906877 0.99404761904761906877 0.95238095238095232808 0.95238095238095232808 0.94047619047619046562 0.95238095238095232808 0.94642857142857139685 0.98214285714285709528 0.91071428571428569843 0.89285714285714290472 0.94642857142857139685 0.92261904761904767192 0.92261904761904767192 0.89880952380952383596 0.88690476190476186247 0.89285714285714290472 0.68452380952380953438 0.73214285714285709528 0.69047619047619046562 0.80952380952380953438 0.64285714285714290472 0.875 0.94047619047619046562 0.80952380952380953438 0.86904761904761906877 0.68452380952380953438 0.71428571428571430157 0.81547619047619046562
0.92261904761904767192 0.92261904761904767192 0.92261904761904767192 0.92857142857142860315 0.94642857142857139685 0.94642857142857139685 0.95238095238095232808 0.95238095238095232808 0.95238095238095232808 0.95238095238095232808 0.95238095238095232808 0.95238095238095232808 0.99404761904761906877 1 0.98214285714285709528 1 0.99404761904761906877 0.98214285714285709528 0.98809523809523813753 0.98214285714285709528 1 0.99404761904761906877 1 0.98809523809523813753 0.95238095238095232808 0.89285714285714290472 0.88690476190476186247 0.89285714285714290472 0.92261904761904767192 0.89285714285714290472 0.89880952380952383596 0.82142857142857139685 0.82142857142857139685 0.85714285714285709528 0.89285714285714290472 0.86904761904761906877 0.86904761904761906877 0.72023809523809523281 0.79761904761904767192 0.88690476190476186247 0.90476190476190476719 0.68452380952380953438 0.70833333333333337034 0.75595238095238093123 0.76785714285714290472 0.76785714285714290472
0.94642857142857139685 0.94642857142857139685 0.92857142857142860315 0.94047619047619046562 0.94047619047619046562 0.94642857142857139685 0.94642857142857139685 0.95238095238095232808 0.95238095238095232808 0.95238095238095232808 0.98214285714285709528 0.98809523809523813753 0.98214285714285709528 0.99404761904761906877 0.99404761904761906877 1 1 0.95238095238095232808 1 1 0.98809523809523813753 0.99404761904761906877 0.98214285714285709528 0.97619047619047616404 0.97023809523809523281 0.95238095238095232808 0.88690476190476186247 0.88095238095238093123 0.89285714285714290472 0.86904761904761906877 0.76785714285714290472 0.76785714285714290472 0.75595238095238093123 0.80952380952380953438 0.89285714285714290472 0.85714285714285709528 0.80952380952380953438 0.89285714285714290472 0.88095238095238093123 0.88095238095238093123 0.68452380952380953438 0.68452380952380953438 0.64880952380952383596 0.53571428571428569843 0.64285714285714290472 0.60119047619047616404
0.95238095238095232808 0.95238095238095232808 0.95238095238095232808 0.94642857142857139685 0.94642857142857139685 0.95238095238095232808 0.97023809523809523281 0.97023809523809523281 0.98214285714285709528 0.98214285714285709528 0.98809523809523813753 0.97619047619047616404 0.98214285714285709528 0.98214285714285709528 0.99404761904761906877 1 1 1 0.98214285714285709528 0.99404761904761906877 0.99404761904761906877 0.98809523809523813753 0.97619047619047616404 0.95833333333333337034 0.95238095238095232808 0.94047619047619046562 0.92261904761904767192 0.89285714285714290472 0.88690476190476186247 0.875 0.78571428571428569843 0.82738095238095232808 0.82738095238095232808 0.85714285714285709528 0.86904761904761906877 0.86904761904761906877 0.85714285714285709528 0.78571428571428569843 0.86904761904761906877 0.76785714285714290472 0.79761904761904767192 0.77976190476190476719 0.85119047619047616404 0.68452380952380953438 0.68452380952380953438 0.64880952380952383596
0.95238095238095232808 0.95238095238095232808 0.95238095238095232808 0.94642857142857139685 0.95238095238095232808 0.95238095238095232808 0.97023809523809523281 0.98214285714285709528 0.98214285714285709528 0.98214285714285709528 0.97619047619047616404 0.97619047619047616404 0.98809523809523813753 0.99404761904761906877 0.99404761904761906877 0.98809523809523813753 0.98809523809523813753 0.95238095238095232808 0.97619047619047616404 0.98214285714285709528 1 1 0.97023809523809523281 0.95238095238095232808 0.94642857142857139685 0.91666666666666662966 0.89285714285714290472 0.89880952380952383596 0.86904761904761906877 0.82142857142857139685 0.86904761904761906877 0.82142857142857139685 0.85714285714285709528 0.85119047619047616404 0.85714285714285709528 0.64285714285714290472 0.64880952380952383596 0.68452380952380953438 0.64285714285714290472 0.76190476190476186247 0.85714285714285709528 0.68452380952380953438 0.70833333333333337034 0.68452380952380953438 0.65476190476190476719 0.61309523809523813753
0.95238095238095232808 0.95238095238095232808 0.95238095238095232808 0.95238095238095232808 0.97619047619047616404 0.98214285714285709528 0.97619047619047616404 0.98214285714285709528 0.98214285714285709528 0.99404761904761906877 0.98809523809523813753 0.99404761904761906877 0.99404761904761906877 0.99404761904761906877 0.99404761904761906877 0.99404761904761906877 0.98809523809523813753 0.98214285714285709528 0.99404761904761906877 0.94642857142857139685 0.97619047619047616404 0.95238095238095232808 0.94642857142857139685 0.95238095238095232808 0.94642857142857139685 0.91666666666666662966 0.89880952380952383596 0.89880952380952383596 0.89285714285714290472 0.89285714285714290472 0.88690476190476186247 0.66666666666666662966 0.77976190476190476719 0.85119047619047616404 0.71428571428571430157 0.82142857142857139685 0.68452380952380953438 0.625 0.66666666666666662966 0.69047619047619046562 0.60119047619047616404 0.63095238095238093123 0.64880952380952383596 0.67261904761904767192 0.64285714285714290472 0.60119047619047616404
0.95833333333333337034 0.97023809523809523281 0.97619047619047616404 0.97619047619047616404 0.97619047619047616404 0.98214285714285709528 0.98214285714285709528 0.98214285714285709528 0.98809523809523813753 0.98809523809523813753 0.99404761904761906877 0.99404761904761906877 0.99404761904761906877 0.99404761904761906877 0.99404761904761906877 0.95238095238095232808 0.98809523809523813753 0.98214285714285709528 0.98809523809523813753 0.99404761904761906877 0.98214285714285709528 0.95833333333333337034 0.92261904761904767192 0.88690476190476186247 0.89285714285714290472 0.86904761904761906877 0.88690476190476186247 0.86904761904761906877 0.85714285714285709528 0.85714285714285709528 0.85119047619047616404 0.76785714285714290472 0.875 0.68452380952380953438 0.82738095238095232808 0.68452380952380953438 0.61309523809523813753 0.67261904761904767192 0.64285714285714290472 0.68452380952380953438 0.85119047619047616404 0.57738095238095232808 0.51785714285714290472 0.57142857142857139685 0.53571428571428569843 0.53571428571428569843
0.98214285714285709528 0.97619047619047616404 0.98214285714285709528 0.98214285714285709528 0.98214285714285709528 0.98214285714285709528 0.97619047619047616404 0.99404761904761906877 0.98809523809523813753 0.98809523809523813753 0.98809523809523813753 0.98214285714285709528 0.99404761904761906877 0.99404761904761906877 0.99404761904761906877 0.98809523809523813753 0.98214285714285709528 0.97619047619047616404 0.95238095238095232808 0.98214285714285709528 1 0.98214285714285709528 0.94642857142857139685 0.89880952380952383596 0.94642857142857139685 0.86904761904761906877 0.86904761904761906877 0.85714285714285709528 0.70238095238095232808 0.68452380952380953438 0.75595238095238093123 0.86309523809523813753 0.68452380952380953438 0.76785714285714290472 0.76785714285714290472 0.70238095238095232808 0.88095238095238093123 0.68452380952380953438 0.68452380952380953438 0.76785714285714290472 0.67261904761904767192 0.65476190476190476719 0.57142857142857139685 0.46428571428571430157 0.49404761904761906877 0.44642857142857145236
0.97619047619047616404 0.97619047619047616404 0.99404761904761906877 0.98809523809523813753 0.98214285714285709528 0.99404761904761906877 0.98809523809523813753 0.97619047619047616404 0.98809523809523813753 0.99404761904761906877 0.98809523809523813753 0.98809523809523813753 0.99404761904761906877 0.98214285714285709528 0.98214285714285709528 0.98809523809523813753 0.97619047619047616404 0.95833333333333337034 0.98214285714285709528 0.98214285714285709528 0.97023809523809523281 0.98214285714285709528 0.95238095238095232808 0.92261904761904767192 0.94047619047619046562 0.92261904761904767192 0.97619047619047616404 0.86904761904761906877 0.69047619047619046562 0.70238095238095232808 0.70238095238095232808 0.71428571428571430157 0.68452380952380953438 0.72023809523809523281 0.78571428571428569843 0.76785714285714290472 0.88690476190476186247 0.88095238095238093123 0.67261904761904767192 0.61904761904761906877 0.67261904761904767192 0.56547619047619046562 0.76785714285714290472 0.64285714285714290472 0.46428571428571430157 0.66666666666666662966
0.98809523809523813753 0.99404761904761906877 0.99404761904761906877 0.99404761904761906877 0.99404761904761906877 0.99404761904761906877 0.98809523809523813753 0.98214285714285709528 0.98809523809523813753 0.98809523809523813753 0.99404761904761906877 0.99404761904761906877 0.98809523809523813753 0.99404761904761906877 0.98809523809523813753 0.98214285714285709528 0.97619047619047616404 0.97619047619047616404 0.97619047619047616404 0.95238095238095232808 0.95238095238095232808 0.98214285714285709528 0.94642857142857139685 0.89880952380952383596 0.94047619047619046562 0.92261904761904767192 0.88095238095238093123 0.82738095238095232808 0.88690476190476186247 0.85714285714285709528 0.85714285714285709528 0.85714285714285709528 0.60119047619047616404 0.60119047619047616404 0.66666666666666662966 0.67261904761904767192 0.68452380952380953438 0.82142857142857139685 0.86309523809523813753 0.85119047619047616404 0.86904761904761906877 0.48809523809523808202 0.4523809523809523836 0.72023809523809523281 0.49404761904761906877 0.49404761904761906877
0.99404761904761906877 0.99404761904761906877 1 0.98809523809523813753 0.95238095238095232808 0.95238095238095232808 0.99404761904761906877 0.99404761904761906877 0.98809523809523813753 0.99404761904761906877 0.99404761904761906877 0.98809523809523813753 0.98214285714285709528 0.98214285714285709528 0.98214285714285709528 0.98809523809523813753 0.98214285714285709528 0.98214285714285709528 0.98214285714285709528 0.97619047619047616404 0.97619047619047616404 0.95238095238095232808 0.95238095238095232808 0.95238095238095232808 0.94047619047619046562 0.92857142857142860315 0.92261904761904767192 0.89285714285714290472 0.88690476190476186247 0.86904761904761906877 0.84523809523809523281 0.89285714285714290472 0.76785714285714290472 0.67261904761904767192 0.70833333333333337034 0.67261904761904767192 0.53571428571428569843 0.64285714285714290472 0.64285714285714290472 0.60119047619047616404 0.625 0.41666666666666668517 0.75 0.56547619047619046562 0.68452380952380953438 0.67261904761904767192
1 1 1 0.99404761904761906877 1 0.99404761904761906877 0.99404761904761906877 0.99404761904761906877 0.98809523809523813753 0.99404761904761906877 0.98809523809523813753 0.99404761904761906877 0.99404761904761906877 0.98809523809523813753 0.98214285714285709528 0.98214285714285709528 0.98214285714285709528 0.97619047619047616404 0.97619047619047616404 0.95238095238095232808 0.97619047619047616404 0.95238095238095232808 0.95238095238095232808 0.95238095238095232808 0.95238095238095232808 0.95238095238095232808 0.94642857142857139685 0.94642857142857139685 0.92261904761904767192 0.88690476190476186247 0.89285714285714290472 0.89285714285714290472 0.89285714285714290472 0.86904761904761906877 0.80952380952380953438 0.81547619047619046562 0.68452380952380953438 0.58333333333333337034 0.47619047619047616404 0.67261904761904767192 0.47619047619047616404 0.48809523809523808202 0.625 0.58333333333333337034 0.61309523809523813753 0.56547619047619046562
1 1 0.99404761904761906877 0.98214285714285709528 1 0.95238095238095232808 0.95238095238095232808 0.99404761904761906877 0.99404761904761906877 0.99404761904761906877 0.98809523809523813753 0.98809523809523813753 0.98809523809523813753 0.98214285714285709528 0.98214285714285709528 0.98214285714285709528 0.98214285714285709528 0.95238095238095232808 0.95238095238095232808 0.95238095238095232808 0.95238095238095232808 0.95238095238095232808 0.95238095238095232808 0.94642857142857139685 0.91666666666666662966 0.92261904761904767192 0.94047619047619046562 0.94642857142857139685 0.94047619047619046562 0.92261904761904767192 0.92261904761904767192 0.89285714285714290472 0.86904761904761906877 0.68452380952380953438 0.67261904761904767192 0.78571428571428569843 0.68452380952380953438 0.71428571428571430157 0.76785714285714290472 0.71428571428571430157 0.45833333333333331483 0.41071428571428569843 0.68452380952380953438 0.64285714285714290472 0.49404761904761906877 0.61904761904761906877
1 1 1 0.99404761904761906877 1 1 0.99404761904761906877 0.99404761904761906877 0.98809523809523813753 0.99404761904761906877 0.99404761904761906877 0.98809523809523813753 0.98214285714285709528 0.98809523809523813753 0.98809523809523813753 0.98214285714285709528 0.95238095238095232808 0.97619047619047616404 0.95238095238095232808 0.95833333333333337034 0.95238095238095232808 0.95238095238095232808 0.95238095238095232808 0.95238095238095232808 0.95238095238095232808 0.94642857142857139685 0.94642857142857139685 0.89285714285714290472 0.92261904761904767192 0.86904761904761906877 0.82142857142857139685 0.78571428571428569843 0.79761904761904767192 0.76190476190476186247 0.85714285714285709528 0.68452380952380953438 0.70238095238095232808 0.71428571428571430157 0.75595238095238093123 0.70238095238095232808 0.78571428571428569843 0.49404761904761906877 0.44642857142857145236 0.49404761904761906877 0.76190476190476186247 0.4523809523809523836
1 1 1 1 1 0.99404761904761906877 0.98214285714285709528 0.98809523809523813753 0.99404761904761906877 0.98809523809523813753 0.98809523809523813753 0.98809523809523813753 0.98809523809523813753 0.98809523809523813753 0.98809523809523813753 0.95238095238095232808 0.95238095238095232808 0.95238095238095232808 0.95238095238095232808 0.95238095238095232808 0.95238095238095232808 0.95238095238095232808 0.95238095238095232808 0.95238095238095232808 0.95238095238095232808 0.95238095238095232808 0.94642857142857139685 0.94642857142857139685 0.94642857142857139685 0.89285714285714290472 0.89285714285714290472 0.89880952380952383596 0.89285714285714290472 0.88095238095238093123 0.92261904761904767192 0.86904761904761906877 0.86904761904761906877 0.73214285714285709528 0.76785714285714290472 0.64880952380952383596 0.64285714285714290472 0.66666666666666662966 0.55952380952380953438 0.56547619047619046562 0.56547619047619046562 0.60119047619047616404
1 0.98809523809523813753 1 0.99404761904761906877 0.98809523809523813753 0.98214285714285709528 0.98809523809523813753 0.98809523809523813753 0.99404761904761906877 0.98809523809523813753 0.95238095238095232808 0.98214285714285709528 0.95238095238095232808 0.95238095238095232808 0.95238095238095232808 0.95238095238095232808 0.95238095238095232808 0.95833333333333337034 0.95833333333333337034 0.95238095238095232808 0.95238095238095232808 0.95238095238095232808 0.95238095238095232808 0.95238095238095232808 -9999 0.95238095238095232808 0.94642857142857139685 0.94642857142857139685 0.94642857142857139685 0.94047619047619046562 0.95238095238095232808 0.92261904761904767192 0.89285714285714290472 0.92261904761904767192 0.85714285714285709528 -9999 -9999 -9999 -9999 0.76190476190476186247 0.73214285714285709528 0.69047619047619046562 0.67261904761904767192 0.66666666666666662966 0.66666666666666662966 0.65476190476190476719
