Example/niche_background/models/ENFA/normalized_grids/Anolis_coelestinus.asc
ncols        743
nrows        319
xllcorner    -74.500956448335
yllcorner    17.448920549066
cellsize     0.008333333333
NODATA_value  -9999
[rows 161 to 183 of 318, columns 255 to 305 of 743]
2.44950730387e-05 2.38270255922e-05 1.93733759488e-05 2.0932153324e-05 1.98187409132e-05 2.47177555209e-05 2.42723905566e-05 2.18228832527e-05 1.98187409132e-05 2.33816606279e-05 2.47177555209e-05 2.40497080744e-05 2.56084854496e-05 2.71672628248e-05 2.7389945307e-05 2.42723905566e-05 2.40497080744e-05 2.07094708418e-05 2.38270255922e-05 2.13775182884e-05 1.62558211984e-05 1.51424087876e-05 1.49197263054e-05 1.44743613411e-05 1.40289963767e-05 1.1802171555e-05 1.02433941798e-05 6.90315694728e-06 6.90315694728e-06 5.12169708992e-06 6.68047446511e-06 5.34437957209e-06 6.90315694728e-06 7.57120439379e-06 5.12169708992e-06 6.90315694728e-06 5.78974453643e-06 7.57120439379e-06 6.90315694728e-06 8.46193432247e-06 5.78974453643e-06 8.90729928682e-06 1.31382664481e-05 1.62558211984e-05 2.47177555209e-05 2.76126277891e-05 2.44950730387e-05 2.42723905566e-05 2.42723905566e-05 2.42723905566e-05 1.60331387163e-05
2.42723905566e-05 2.04867883597e-05 1.87053285023e-05 2.38270255922e-05 1.87053285023e-05 2.18228832527e-05 1.8259963538e-05 2.27136131814e-05 2.38270255922e-05 2.64992153783e-05 2.56084854496e-05 2.42723905566e-05 2.44950730387e-05 2.71672628248e-05 2.42723905566e-05 2.47177555209e-05 2.42723905566e-05 2.47177555209e-05 2.49404380031e-05 2.20455657349e-05 2.16002007705e-05 2.38270255922e-05 2.18228832527e-05 2.18228832527e-05 1.98187409132e-05 1.51424087876e-05 1.1802171555e-05 1.20248540372e-05 8.90729928682e-06 9.57534673333e-06 1.11341241085e-05 8.46193432247e-06 1.1802171555e-05 1.00207116977e-05 7.57120439379e-06 1.1802171555e-05 5.12169708992e-06 6.90315694728e-06 8.2392518403e-06 8.46193432247e-06 1.0466076662e-05 8.46193432247e-06 8.90729928682e-06 1.00207116977e-05 1.51424087876e-05 1.49197263054e-05 2.18228832527e-05 2.38270255922e-05 2.56084854496e-05 2.67218978604e-05 2.91714051643e-05
2.76126277891e-05 2.2268248217e-05 2.04867883597e-05 2.07094708418e-05 2.42723905566e-05 2.33816606279e-05 2.04867883597e-05 1.87053285023e-05 2.07094708418e-05 2.40497080744e-05 2.64992153783e-05 2.20455657349e-05 2.64992153783e-05 2.67218978604e-05 2.71672628248e-05 2.82806752356e-05 2.56084854496e-05 2.60538504139e-05 2.76126277891e-05 2.82806752356e-05 2.76126277891e-05 2.56084854496e-05 2.18228832527e-05 2.71672628248e-05 2.20455657349e-05 1.64785036806e-05 1.49197263054e-05 1.62558211984e-05 1.49197263054e-05 1.31382664481e-05 1.31382664481e-05 1.31382664481e-05 1.20248540372e-05 1.44743613411e-05 1.13568065907e-05 1.1802171555e-05 1.1802171555e-05 9.7980292155e-06 1.60331387163e-05 1.44743613411e-05 1.06887591442e-05 1.1802171555e-05 6.90315694728e-06 1.1802171555e-05 1.31382664481e-05 1.51424087876e-05 2.07094708418e-05 3.22889599147e-05 1.46970438232e-05 1.20248540372e-05 1.29155839659e-05
2.71672628248e-05 1.69238686449e-05 1.98187409132e-05 2.2268248217e-05 2.29362956635e-05 2.47177555209e-05 2.42723905566e-05 2.42723905566e-05 2.33816606279e-05 2.29362956635e-05 2.58311679318e-05 2.80579927535e-05 2.42723905566e-05 2.67218978604e-05 2.69445803426e-05 2.60538504139e-05 2.44950730387e-05 2.98394526108e-05 2.89487226821e-05 2.82806752356e-05 2.47177555209e-05 2.58311679318e-05 2.91714051643e-05 2.64992153783e-05 2.58311679318e-05 2.2268248217e-05 1.69238686449e-05 2.40497080744e-05 1.64785036806e-05 1.98187409132e-05 1.69238686449e-05 1.60331387163e-05 1.62558211984e-05 1.42516788589e-05 1.51424087876e-05 1.67011861628e-05 1.87053285023e-05 2.20455657349e-05 2.47177555209e-05 1.49197263054e-05 1.62558211984e-05 1.31382664481e-05 1.44743613411e-05 1.44743613411e-05 1.44743613411e-05 1.98187409132e-05 2.80579927535e-05 3.1398229986e-05 1.62558211984e-05 1.51424087876e-05 1.44743613411e-05
2.38270255922e-05 2.64992153783e-05 3.05075000573e-05 1.60331387163e-05 1.87053285023e-05 1.84826460201e-05 2.18228832527e-05 2.11548358062e-05 2.42723905566e-05 2.42723905566e-05 2.44950730387e-05 2.76126277891e-05 2.33816606279e-05 1.71465511271e-05 2.07094708418e-05 2.42723905566e-05 2.2268248217e-05 2.64992153783e-05 2.80579927535e-05 2.47177555209e-05 2.49404380031e-05 2.42723905566e-05 2.42723905566e-05 2.53858029674e-05 2.85033577178e-05 2.36043431101e-05 2.47177555209e-05 2.47177555209e-05 2.24909306992e-05 2.80579927535e-05 2.71672628248e-05 2.04867883597e-05 2.16002007705e-05 1.93733759488e-05 1.98187409132e-05 2.69445803426e-05 2.18228832527e-05 1.31382664481e-05 1.60331387163e-05 2.76126277891e-05 2.67218978604e-05 2.13775182884e-05 1.60331387163e-05 1.60331387163e-05 2.13775182884e-05 2.40497080744e-05 2.29362956635e-05 2.18228832527e-05 2.69445803426e-05 2.47177555209e-05 2.42723905566e-05
2.42723905566e-05 2.64992153783e-05 2.40497080744e-05 2.67218978604e-05 2.58311679318e-05 2.27136131814e-05 1.9596058431e-05 2.56084854496e-05 2.69445803426e-05 2.69445803426e-05 2.47177555209e-05 2.18228832527e-05 2.47177555209e-05 1.93733759488e-05 1.67011861628e-05 2.33816606279e-05 2.18228832527e-05 2.60538504139e-05 2.64992153783e-05 2.47177555209e-05 2.42723905566e-05 1.51424087876e-05 2.18228832527e-05 2.71672628248e-05 2.64992153783e-05 2.27136131814e-05 2.2268248217e-05 2.71672628248e-05 2.76126277891e-05 1.60331387163e-05 2.20455657349e-05 2.91714051643e-05 2.76126277891e-05 2.24909306992e-05 2.27136131814e-05 1.1802171555e-05 1.29155839659e-05 1.1802171555e-05 6.90315694728e-06 6.90315694728e-06 6.90315694728e-06 1.9596058431e-05 2.64992153783e-05 2.49404380031e-05 2.98394526108e-05 2.91714051643e-05 2.44950730387e-05 2.07094708418e-05 2.76126277891e-05 3.0062135093e-05 3.0062135093e-05
2.31589781457e-05 2.2268248217e-05 2.16002007705e-05 2.42723905566e-05 2.78353102713e-05 2.42723905566e-05 2.42723905566e-05 2.16002007705e-05 2.60538504139e-05 2.56084854496e-05 2.64992153783e-05 2.67218978604e-05 2.38270255922e-05 2.71672628248e-05 2.47177555209e-05 2.18228832527e-05 2.62765328961e-05 2.76126277891e-05 2.80579927535e-05 1.98187409132e-05 2.42723905566e-05 2.76126277891e-05 2.2268248217e-05 2.58311679318e-05 2.42723905566e-05 2.82806752356e-05 2.42723905566e-05 2.89487226821e-05 2.67218978604e-05 2.42723905566e-05 2.07094708418e-05 2.27136131814e-05 2.33816606279e-05 2.78353102713e-05 2.71672628248e-05 1.60331387163e-05 1.44743613411e-05 1.33609489302e-05 7.57120439379e-06 6.90315694728e-06 4.89901460775e-06 6.45779198294e-06 2.2268248217e-05 2.64992153783e-05 2.56084854496e-05 8.90729928682e-06 1.15794890729e-05 1.15794890729e-05 1.15794890729e-05 2.02641058775e-05 3.07301825395e-05
1.69238686449e-05 1.9596058431e-05 1.64785036806e-05 2.47177555209e-05 2.16002007705e-05 2.53858029674e-05 2.58311679318e-05 2.64992153783e-05 2.33816606279e-05 2.56084854496e-05 2.42723905566e-05 1.69238686449e-05 1.93733759488e-05 2.42723905566e-05 2.33816606279e-05 2.18228832527e-05 2.40497080744e-05 2.89487226821e-05 2.07094708418e-05 2.18228832527e-05 2.67218978604e-05 2.38270255922e-05 2.67218978604e-05 2.07094708418e-05 2.38270255922e-05 2.76126277891e-05 1.60331387163e-05 2.18228832527e-05 2.42723905566e-05 2.2268248217e-05 2.40497080744e-05 1.98187409132e-05 2.42723905566e-05 2.49404380031e-05 2.16002007705e-05 2.49404380031e-05 2.04867883597e-05 1.02433941798e-05 5.34437957209e-06 6.90315694728e-06 7.57120439379e-06 2.42723905566e-05 2.13775182884e-05 2.07094708418e-05 2.0932153324e-05 1.31382664481e-05 1.00207116977e-05 6.90315694728e-06 5.78974453643e-06 6.90315694728e-06 1.1802171555e-05
-9999 -9999 2.18228832527e-05 1.87053285023e-05 2.49404380031e-05 1.69238686449e-05 3.05075000573e-05 2.64992153783e-05 2.40497080744e-05 2.47177555209e-05 2.64992153783e-05 2.76126277891e-05 2.27136131814e-05 1.98187409132e-05 2.16002007705e-05 2.44950730387e-05 2.27136131814e-05 3.0062135093e-05 2.67218978604e-05 1.9596058431e-05 2.16002007705e-05 2.2268248217e-05 2.71672628248e-05 2.64992153783e-05 1.98187409132e-05 2.56084854496e-05 2.20455657349e-05 2.42723905566e-05 2.33816606279e-05 2.2268248217e-05 2.47177555209e-05 2.47177555209e-05 1.89280109845e-05 2.38270255922e-05 2.49404380031e-05 2.16002007705e-05 1.62558211984e-05 1.46970438232e-05 1.31382664481e-05 3.0062135093e-05 2.42723905566e-05 2.20455657349e-05 5.12169708992e-06 1.64785036806e-05 1.44743613411e-05 2.64992153783e-05 1.64785036806e-05 9.7980292155e-06 9.7980292155e-06 6.90315694728e-06 4.89901460775e-06
-9999 -9999 -9999 -9999 2.2268248217e-05 2.42723905566e-05 1.69238686449e-05 2.78353102713e-05 2.98394526108e-05 2.44950730387e-05 1.93733759488e-05 2.47177555209e-05 2.76126277891e-05 2.67218978604e-05 2.76126277891e-05 2.42723905566e-05 2.20455657349e-05 2.47177555209e-05 2.42723905566e-05 2.07094708418e-05 2.47177555209e-05 2.33816606279e-05 1.69238686449e-05 1.69238686449e-05 2.29362956635e-05 1.98187409132e-05 2.67218978604e-05 1.98187409132e-05 2.42723905566e-05 1.64785036806e-05 1.98187409132e-05 2.64992153783e-05 2.07094708418e-05 2.18228832527e-05 2.64992153783e-05 2.29362956635e-05 2.20455657349e-05 2.13775182884e-05 2.16002007705e-05 2.56084854496e-05 2.67218978604e-05 1.60331387163e-05 6.90315694728e-06 6.90315694728e-06 1.44743613411e-05 1.98187409132e-05 2.2268248217e-05 1.22475365194e-05 1.1802171555e-05 6.90315694728e-06 1.1802171555e-05
-9999 -9999 -9999 -9999 -9999 -9999 1.33609489302e-05 2.44950730387e-05 2.67218978604e-05 3.25116423969e-05 2.80579927535e-05 2.40497080744e-05 2.44950730387e-05 2.67218978604e-05 2.42723905566e-05 3.07301825395e-05 2.56084854496e-05 2.40497080744e-05 1.62558211984e-05 2.67218978604e-05 2.38270255922e-05 2.0932153324e-05 2.76126277891e-05 2.76126277891e-05 2.42723905566e-05 1.98187409132e-05 2.20455657349e-05 1.89280109845e-05 1.87053285023e-05 2.07094708418e-05 1.98187409132e-05 1.78145985736e-05 1.87053285023e-05 1.98187409132e-05 2.00414233953e-05 2.56084854496e-05 2.13775182884e-05 2.44950730387e-05 2.07094708418e-05 2.76126277891e-05 2.76126277891e-05 2.44950730387e-05 1.51424087876e-05 4.89901460775e-06 1.22475365194e-05 1.22475365194e-05 1.60331387163e-05 2.18228832527e-05 5.12169708992e-06 8.46193432247e-06 4.89901460775e-06
-9999 -9999 -9999 -9999 -9999 -9999 -9999 1.69238686449e-05 1.60331387163e-05 3.18435949504e-05 3.09528650217e-05 3.07301825395e-05 2.80579927535e-05 3.0062135093e-05 3.0062135093e-05 2.67218978604e-05 2.56084854496e-05 1.87053285023e-05 2.04867883597e-05 1.69238686449e-05 3.09528650217e-05 1.64785036806e-05 2.40497080744e-05 2.67218978604e-05 1.98187409132e-05 1.62558211984e-05 1.46970438232e-05 1.64785036806e-05 1.62558211984e-05 2.47177555209e-05 2.16002007705e-05 2.67218978604e-05 2.76126277891e-05 3.0062135093e-05 1.9596058431e-05 2.47177555209e-05 2.42723905566e-05 2.42723905566e-05 1.87053285023e-05 2.53858029674e-05 2.78353102713e-05 2.20455657349e-05 1.93733759488e-05 1.31382664481e-05 8.90729928682e-06 1.00207116977e-05 9.7980292155e-06 2.56084854496e-05 1.1802171555e-05 6.90315694728e-06 1.40289963767e-05
-9999 -9999 -9999 -9999 -9999 -9999 -9999 1.24702190015e-05 1.87053285023e-05 1.58104562341e-05 2.91714051643e-05 3.22889599147e-05 2.2268248217e-05 1.62558211984e-05 2.16002007705e-05 1.62558211984e-05 1.44743613411e-05 1.44743613411e-05 7.57120439379e-06 8.90729928682e-06 2.13775182884e-05 1.98187409132e-05 2.07094708418e-05 2.44950730387e-05 1.51424087876e-05 2.07094708418e-05 1.51424087876e-05 1.44743613411e-05 1.00207116977e-05 2.47177555209e-05 1.49197263054e-05 2.2268248217e-05 1.24702190015e-05 1.40289963767e-05 1.69238686449e-05 2.76126277891e-05 2.76126277891e-05 1.49197263054e-05 2.20455657349e-05 2.42723905566e-05 2.64992153783e-05 2.76126277891e-05 3.1398229986e-05 1.31382664481e-05 1.1802171555e-05 6.90315694728e-06 5.12169708992e-06 9.57534673333e-06 8.46193432247e-06 1.00207116977e-05 1.00207116977e-05
-9999 -9999 -9999 -9999 -9999 -9999 1.15794890729e-05 1.1802171555e-05 1.60331387163e-05 1.69238686449e-05 1.31382664481e-05 1.49197263054e-05 1.26929014837e-05 1.71465511271e-05 1.69238686449e-05 1.9596058431e-05 1.9596058431e-05 1.46970438232e-05 1.31382664481e-05 8.68461680464e-06 1.69238686449e-05 9.7980292155e-06 1.38063138946e-05 1.49197263054e-05 1.24702190015e-05 1.42516788589e-05 1.44743613411e-05 7.57120439379e-06 1.1802171555e-05 8.90729928682e-06 1.11341241085e-05 1.00207116977e-05 7.57120439379e-06 1.06887591442e-05 6.90315694728e-06 8.90729928682e-06 8.90729928682e-06 1.46970438232e-05 1.44743613411e-05 1.31382664481e-05 2.42723905566e-05 1.67011861628e-05 2.76126277891e-05 1.93733759488e-05 2.13775182884e-05 6.90315694728e-06 9.35266425116e-06 8.68461680464e-06 6.90315694728e-06 1.15794890729e-05 8.68461680464e-06
-9999 -9999 -9999 -9999 -9999 1.87053285023e-05 1.69238686449e-05 1.60331387163e-05 1.31382664481e-05 1.64785036806e-05 1.49197263054e-05 1.60331387163e-05 1.60331387163e-05 1.29155839659e-05 1.11341241085e-05 1.44743613411e-05 1.33609489302e-05 1.58104562341e-05 1.1802171555e-05 1.15794890729e-05 1.29155839659e-05 1.20248540372e-05 1.1802171555e-05 1.1802171555e-05 6.68047446511e-06 7.79388687596e-06 1.00207116977e-05 8.68461680464e-06 1.00207116977e-05 9.7980292155e-06 1.1802171555e-05 1.15794890729e-05 7.57120439379e-06 6.90315694728e-06 9.35266425116e-06 8.46193432247e-06 1.31382664481e-05 7.79388687596e-06 7.34852191162e-06 7.57120439379e-06 6.90315694728e-06 1.31382664481e-05 3.22889599147e-05 1.44743613411e-05 2.20455657349e-05 2.80579927535e-05 2.04867883597e-05 1.62558211984e-05 2.07094708418e-05 1.13568065907e-05 1.51424087876e-05
-9999 -9999 -9999 -9999 1.98187409132e-05 1.53650912698e-05 1.42516788589e-05 1.98187409132e-05 1.49197263054e-05 1.55877737519e-05 1.00207116977e-05 1.60331387163e-05 1.98187409132e-05 1.29155839659e-05 8.68461680464e-06 1.31382664481e-05 1.60331387163e-05 1.69238686449e-05 1.24702190015e-05 8.90729928682e-06 1.15794890729e-05 1.26929014837e-05 1.15794890729e-05 8.68461680464e-06 1.1802171555e-05 1.11341241085e-05 8.46193432247e-06 1.15794890729e-05 7.57120439379e-06 5.12169708992e-06 4.89901460775e-06 4.45364964341e-06 7.57120439379e-06 1.1802171555e-05 1.1802171555e-05 1.1802171555e-05 8.46193432247e-06 1.38063138946e-05 9.35266425116e-06 9.35266425116e-06 1.06887591442e-05 1.1802171555e-05 1.42516788589e-05 1.51424087876e-05 2.67218978604e-05 1.69238686449e-05 3.22889599147e-05 1.60331387163e-05 2.71672628248e-05 2.40497080744e-05 1.69238686449e-05
-9999 -9999 -9999 -9999 1.93733759488e-05 1.33609489302e-05 1.62558211984e-05 1.58104562341e-05 1.49197263054e-05 1.60331387163e-05 1.69238686449e-05 1.60331387163e-05 1.55877737519e-05 1.46970438232e-05 1.00207116977e-05 1.46970438232e-05 1.69238686449e-05 1.31382664481e-05 1.44743613411e-05 1.31382664481e-05 7.57120439379e-06 1.1802171555e-05 9.35266425116e-06 1.00207116977e-05 5.78974453643e-06 8.90729928682e-06 1.15794890729e-05 1.1802171555e-05 1.1802171555e-05 6.45779198294e-06 6.90315694728e-06 8.90729928682e-06 7.34852191162e-06 1.02433941798e-05 6.90315694728e-06 8.46193432247e-06 9.7980292155e-06 5.78974453643e-06 6.45779198294e-06 7.34852191162e-06 1.1802171555e-05 1.00207116977e-05 1.15794890729e-05 8.46193432247e-06 2.18228832527e-05 2.47177555209e-05 3.22889599147e-05 2.82806752356e-05 2.64992153783e-05 3.2734324879e-05 2.60538504139e-05
-9999 -9999 -9999 1.98187409132e-05 2.36043431101e-05 1.89280109845e-05 1.42516788589e-05 1.87053285023e-05 1.75919160915e-05 1.62558211984e-05 1.62558211984e-05 1.69238686449e-05 1.46970438232e-05 1.29155839659e-05 1.51424087876e-05 1.44743613411e-05 1.22475365194e-05 1.29155839659e-05 1.29155839659e-05 1.42516788589e-05 1.40289963767e-05 8.90729928682e-06 1.15794890729e-05 4.89901460775e-06 6.90315694728e-06 9.7980292155e-06 1.06887591442e-05 1.00207116977e-05 7.79388687596e-06 7.57120439379e-06 5.78974453643e-06 1.1802171555e-05 8.90729928682e-06 5.78974453643e-06 7.79388687596e-06 5.34437957209e-06 1.00207116977e-05 5.12169708992e-06 6.90315694728e-06 7.57120439379e-06 1.1802171555e-05 1.29155839659e-05 1.1802171555e-05 1.31382664481e-05 2.16002007705e-05 3.09528650217e-05 1.93733759488e-05 3.31796898434e-05 2.82806752356e-05 3.29570073612e-05 3.25116423969e-05
-9999 -9999 -9999 2.18228832527e-05 2.20455657349e-05 1.87053285023e-05 1.62558211984e-05 1.87053285023e-05 1.44743613411e-05 1.51424087876e-05 1.53650912698e-05 1.93733759488e-05 1.44743613411e-05 1.46970438232e-05 1.44743613411e-05 1.1802171555e-05 1.24702190015e-05 1.42516788589e-05 1.51424087876e-05 1.49197263054e-05 1.38063138946e-05 8.90729928682e-06 1.09114416263e-05 7.57120439379e-06 8.46193432247e-06 9.35266425116e-06 8.90729928682e-06 1.15794890729e-05 8.46193432247e-06 1.00207116977e-05 9.7980292155e-06 1.00207116977e-05 1.13568065907e-05 6.90315694728e-06 6.90315694728e-06 5.12169708992e-06 1.11341241085e-05 6.45779198294e-06 8.90729928682e-06 1.26929014837e-05 1.1802171555e-05 6.45779198294e-06 1.1802171555e-05 7.57120439379e-06 6.90315694728e-06 1.15794890729e-05 1.22475365194e-05 1.64785036806e-05 1.69238686449e-05 2.71672628248e-05 2.98394526108e-05
-9999 -9999 -9999 -9999 2.20455657349e-05 1.8259963538e-05 1.87053285023e-05 1.60331387163e-05 1.53650912698e-05 1.69238686449e-05 1.69238686449e-05 1.93733759488e-05 1.44743613411e-05 1.62558211984e-05 1.60331387163e-05 1.44743613411e-05 1.42516788589e-05 1.1802171555e-05 1.46970438232e-05 1.00207116977e-05 1.26929014837e-05 8.90729928682e-06 1.15794890729e-05 1.00207116977e-05 6.90315694728e-06 1.1802171555e-05 1.15794890729e-05 6.90315694728e-06 1.24702190015e-05 6.90315694728e-06 7.57120439379e-06 6.90315694728e-06 7.57120439379e-06 7.57120439379e-06 8.01656935813e-06 8.01656935813e-06 8.2392518403e-06 4.89901460775e-06 7.57120439379e-06 1.06887591442e-05 9.7980292155e-06 1.1802171555e-05 5.12169708992e-06 6.90315694728e-06 1.06887591442e-05 1.1802171555e-05 8.46193432247e-06 1.22475365194e-05 1.26929014837e-05 1.46970438232e-05 1.44743613411e-05
-9999 -9999 -9999 -9999 1.9596058431e-05 2.0932153324e-05 2.07094708418e-05 1.62558211984e-05 1.58104562341e-05 1.60331387163e-05 1.60331387163e-05 1.51424087876e-05 1.60331387163e-05 2.0932153324e-05 1.29155839659e-05 1.51424087876e-05 1.00207116977e-05 1.31382664481e-05 1.44743613411e-05 1.60331387163e-05 1.15794890729e-05 1.49197263054e-05 8.90729928682e-06 7.79388687596e-06 7.34852191162e-06 1.02433941798e-05 8.2392518403e-06 1.06887591442e-05 7.57120439379e-06 1.06887591442e-05 8.90729928682e-06 6.90315694728e-06 6.90315694728e-06 7.57120439379e-06 7.57120439379e-06 5.12169708992e-06 6.90315694728e-06 4.89901460775e-06 5.56706205426e-06 7.57120439379e-06 5.12169708992e-06 6.90315694728e-06 6.90315694728e-06 7.57120439379e-06 6.90315694728e-06 1.24702190015e-05 1.11341241085e-05 1.22475365194e-05 1.38063138946e-05 1.46970438232e-05 1.53650912698e-05
-9999 -9999 -9999 -9999 1.87053285023e-05 2.2268248217e-05 1.69238686449e-05 1.9596058431e-05 1.60331387163e-05 1.64785036806e-05 1.53650912698e-05 1.60331387163e-05 1.51424087876e-05 1.64785036806e-05 1.44743613411e-05 1.53650912698e-05 1.44743613411e-05 1.31382664481e-05 1.15794890729e-05 1.42516788589e-05 1.42516788589e-05 1.1802171555e-05 1.1802171555e-05 1.11341241085e-05 8.90729928682e-06 7.57120439379e-06 6.90315694728e-06 6.90315694728e-06 8.46193432247e-06 7.57120439379e-06 1.20248540372e-05 1.1802171555e-05 7.57120439379e-06 7.57120439379e-06 6.90315694728e-06 6.90315694728e-06 4.89901460775e-06 8.90729928682e-06 8.01656935813e-06 7.57120439379e-06 5.78974453643e-06 7.57120439379e-06 8.90729928682e-06 7.57120439379e-06 1.06887591442e-05 1.1802171555e-05 1.31382664481e-05 1.31382664481e-05 1.42516788589e-05 1.24702190015e-05 1.31382664481e-05
-9999 -9999 -9999 -9999 1.87053285023e-05 1.69238686449e-05 2.49404380031e-05 1.98187409132e-05 1.69238686449e-05 2.18228832527e-05 2.20455657349e-05 2.2268248217e-05 1.93733759488e-05 1.93733759488e-05 2.44950730387e-05 1.87053285023e-05 1.51424087876e-05 1.44743613411e-05 1.51424087876e-05 1.51424087876e-05 1.02433941798e-05 1.31382664481e-05 1.31382664481e-05 1.31382664481e-05 1.1802171555e-05 6.90315694728e-06 1.00207116977e-05 1.31382664481e-05 6.90315694728e-06 1.11341241085e-05 9.7980292155e-06 8.68461680464e-06 1.1802171555e-05 1.15794890729e-05 8.90729928682e-06 1.06887591442e-05 6.45779198294e-06 1.06887591442e-05 7.79388687596e-06 7.79388687596e-06 1.06887591442e-05 8.68461680464e-06 6.90315694728e-06 8.90729928682e-06 1.02433941798e-05 1.1802171555e-05 1.1802171555e-05 1.1802171555e-05 1.1802171555e-05 1.02433941798e-05 1.00207116977e-05
