Example/niche_background/models/ENFA/normalized_grids/Anolis_coelestinus_1.asc
ncols        743
nrows        319
xllcorner    -74.500956448335
yllcorner    17.448920549066
cellsize     0.008333333333
NODATA_value  -9999
[rows 88 to 109 of 318, columns 255 to 305 of 743]
2.58453069471e-05 2.64655943139e-05 2.58453069471e-05 2.64655943139e-05 2.64655943139e-05 2.6879119225e-05 2.72926441362e-05 2.72926441362e-05 2.72926441362e-05 2.72926441362e-05 2.79129315029e-05 2.79129315029e-05 2.81196939585e-05 2.81196939585e-05 2.83264564141e-05 2.72926441362e-05 2.99805560587e-05 3.06008434254e-05 3.16346557033e-05 3.26684679812e-05 3.26684679812e-05 3.37022802591e-05 3.225494307e-05 3.41158051702e-05 3.45293300814e-05 3.26684679812e-05 3.37022802591e-05 3.39090427146e-05 3.14278932477e-05 3.43225676258e-05 3.26684679812e-05 3.43225676258e-05 3.51496174481e-05 3.43225676258e-05 3.28752304368e-05 2.64655943139e-05 2.99805560587e-05 3.10143683366e-05 3.16346557033e-05 3.39090427146e-05 3.51496174481e-05 3.43225676258e-05 3.43225676258e-05 3.45293300814e-05 3.49428549925e-05 3.26684679812e-05 3.0807605881e-05 3.26684679812e-05 3.43225676258e-05 3.18414181589e-05 3.37022802591e-05
2.56385444916e-05 2.58453069471e-05 2.62588318583e-05 2.62588318583e-05 2.62588318583e-05 2.62588318583e-05 2.64655943139e-05 2.6879119225e-05 2.72926441362e-05 2.72926441362e-05 2.74994065918e-05 2.74994065918e-05 2.79129315029e-05 2.83264564141e-05 2.87399813252e-05 3.01873185143e-05 3.06008434254e-05 3.14278932477e-05 3.14278932477e-05 3.225494307e-05 3.225494307e-05 3.39090427146e-05 3.26684679812e-05 3.41158051702e-05 3.39090427146e-05 3.41158051702e-05 3.39090427146e-05 3.26684679812e-05 3.37022802591e-05 3.225494307e-05 3.26684679812e-05 3.37022802591e-05 3.18414181589e-05 3.39090427146e-05 3.53563799037e-05 3.06008434254e-05 3.30819928923e-05 3.06008434254e-05 3.06008434254e-05 3.14278932477e-05 3.14278932477e-05 3.225494307e-05 3.18414181589e-05 3.06008434254e-05 3.14278932477e-05 3.01873185143e-05 3.41158051702e-05 3.14278932477e-05 3.39090427146e-05 3.41158051702e-05 3.37022802591e-05
2.23303452023e-05 2.29506325691e-05 2.17100578356e-05 2.58453069471e-05 2.58453069471e-05 2.64655943139e-05 2.64655943139e-05 2.64655943139e-05 2.64655943139e-05 2.64655943139e-05 2.6879119225e-05 2.72926441362e-05 2.79129315029e-05 2.89467437808e-05 2.91535062364e-05 3.03940809698e-05 3.06008434254e-05 3.14278932477e-05 3.18414181589e-05 3.30819928923e-05 3.39090427146e-05 3.39090427146e-05 3.41158051702e-05 3.39090427146e-05 3.51496174481e-05 3.30819928923e-05 3.43225676258e-05 3.39090427146e-05 3.37022802591e-05 3.0807605881e-05 3.53563799037e-05 3.43225676258e-05 3.0807605881e-05 3.06008434254e-05 2.83264564141e-05 2.64655943139e-05 2.39844448469e-05 3.14278932477e-05 2.64655943139e-05 2.87399813252e-05 2.79129315029e-05 3.14278932477e-05 2.81196939585e-05 2.62588318583e-05 3.51496174481e-05 3.49428549925e-05 3.39090427146e-05 3.20481806144e-05 3.26684679812e-05 3.41158051702e-05 3.26684679812e-05
2.58453069471e-05 2.91535062364e-05 2.64655943139e-05 2.58453069471e-05 2.58453069471e-05 2.60520694027e-05 2.62588318583e-05 2.64655943139e-05 2.62588318583e-05 2.64655943139e-05 2.64655943139e-05 2.6879119225e-05 2.79129315029e-05 2.85332188696e-05 2.93602686919e-05 3.06008434254e-05 3.06008434254e-05 3.14278932477e-05 3.18414181589e-05 3.20481806144e-05 3.37022802591e-05 3.43225676258e-05 3.37022802591e-05 3.43225676258e-05 3.4736092537e-05 3.43225676258e-05 3.39090427146e-05 3.49428549925e-05 3.14278932477e-05 3.06008434254e-05 3.43225676258e-05 3.225494307e-05 2.83264564141e-05 2.64655943139e-05 2.50182571248e-05 2.64655943139e-05 2.62588318583e-05 2.62588318583e-05 2.39844448469e-05 2.58453069471e-05 2.64655943139e-05 2.62588318583e-05 2.39844448469e-05 3.06008434254e-05 3.14278932477e-05 3.225494307e-05 3.51496174481e-05 3.43225676258e-05 3.225494307e-05 3.49428549925e-05 3.26684679812e-05
2.48114946693e-05 3.06008434254e-05 2.58453069471e-05 2.39844448469e-05 2.58453069471e-05 2.60520694027e-05 2.39844448469e-05 2.48114946693e-05 2.64655943139e-05 2.64655943139e-05 2.64655943139e-05 2.6879119225e-05 2.72926441362e-05 2.87399813252e-05 2.95670311475e-05 3.06008434254e-05 3.0807605881e-05 3.14278932477e-05 3.18414181589e-05 3.26684679812e-05 3.26684679812e-05 3.39090427146e-05 3.39090427146e-05 3.39090427146e-05 3.37022802591e-05 3.18414181589e-05 3.53563799037e-05 3.43225676258e-05 3.06008434254e-05 3.06008434254e-05 3.06008434254e-05 2.81196939585e-05 2.62588318583e-05 2.5431782036e-05 2.5431782036e-05 2.56385444916e-05 2.39844448469e-05 1.63342339906e-05 1.94356708242e-05 2.23303452023e-05 2.23303452023e-05 2.25371076579e-05 2.19168202912e-05 2.31573950246e-05 2.39844448469e-05 2.62588318583e-05 2.29506325691e-05 2.46047322137e-05 3.01873185143e-05 3.03940809698e-05 3.14278932477e-05
2.29506325691e-05 3.14278932477e-05 2.64655943139e-05 2.41912073025e-05 2.23303452023e-05 2.29506325691e-05 2.31573950246e-05 2.58453069471e-05 2.39844448469e-05 2.5431782036e-05 2.62588318583e-05 2.62588318583e-05 2.6879119225e-05 2.81196939585e-05 2.95670311475e-05 3.06008434254e-05 3.14278932477e-05 3.14278932477e-05 3.225494307e-05 3.26684679812e-05 3.28752304368e-05 3.37022802591e-05 3.39090427146e-05 3.14278932477e-05 3.225494307e-05 3.12211307921e-05 3.14278932477e-05 3.18414181589e-05 2.58453069471e-05 3.01873185143e-05 2.93602686919e-05 2.62588318583e-05 2.79129315029e-05 2.64655943139e-05 2.39844448469e-05 3.43225676258e-05 3.51496174481e-05 2.81196939585e-05 1.94356708242e-05 3.14278932477e-05 3.06008434254e-05 2.17100578356e-05 2.39844448469e-05 2.25371076579e-05 2.17100578356e-05 1.84018585464e-05 2.74994065918e-05 3.03940809698e-05 3.14278932477e-05 3.43225676258e-05 3.18414181589e-05
2.23303452023e-05 3.16346557033e-05 2.62588318583e-05 2.25371076579e-05 2.29506325691e-05 2.43979697581e-05 2.46047322137e-05 2.37776823914e-05 2.29506325691e-05 2.29506325691e-05 2.41912073025e-05 2.62588318583e-05 2.64655943139e-05 2.72926441362e-05 2.95670311475e-05 3.06008434254e-05 3.14278932477e-05 3.14278932477e-05 3.225494307e-05 3.26684679812e-05 3.26684679812e-05 3.30819928923e-05 3.28752304368e-05 3.225494307e-05 3.18414181589e-05 3.06008434254e-05 3.03940809698e-05 2.62588318583e-05 2.46047322137e-05 2.72926441362e-05 2.72926441362e-05 2.77061690473e-05 2.58453069471e-05 2.72926441362e-05 3.39090427146e-05 3.51496174481e-05 3.53563799037e-05 3.49428549925e-05 3.37022802591e-05 3.53563799037e-05 3.43225676258e-05 3.43225676258e-05 2.39844448469e-05 3.30819928923e-05 3.01873185143e-05 2.02627206466e-05 2.29506325691e-05 3.16346557033e-05 3.49428549925e-05 3.51496174481e-05 3.39090427146e-05
1.84018585464e-05 2.25371076579e-05 2.29506325691e-05 2.46047322137e-05 2.17100578356e-05 2.10897704689e-05 2.150329538e-05 2.19168202912e-05 2.39844448469e-05 2.41912073025e-05 2.58453069471e-05 2.62588318583e-05 2.64655943139e-05 2.79129315029e-05 2.97737936031e-05 3.06008434254e-05 3.14278932477e-05 3.14278932477e-05 3.20481806144e-05 3.18414181589e-05 3.26684679812e-05 3.28752304368e-05 3.14278932477e-05 3.0807605881e-05 3.06008434254e-05 2.89467437808e-05 2.72926441362e-05 2.77061690473e-05 2.72926441362e-05 2.74994065918e-05 2.64655943139e-05 2.5431782036e-05 2.29506325691e-05 2.150329538e-05 2.29506325691e-05 2.23303452023e-05 3.43225676258e-05 3.53563799037e-05 3.53563799037e-05 2.58453069471e-05 2.93602686919e-05 2.64655943139e-05 2.64655943139e-05 3.4736092537e-05 3.39090427146e-05 2.64655943139e-05 2.04694831021e-05 2.72926441362e-05 3.14278932477e-05 3.24617055256e-05 3.41158051702e-05
2.29506325691e-05 2.17100578356e-05 2.33641574802e-05 2.35709199358e-05 2.29506325691e-05 2.17100578356e-05 2.02627206466e-05 2.02627206466e-05 2.39844448469e-05 2.48114946693e-05 2.48114946693e-05 2.37776823914e-05 2.64655943139e-05 2.74994065918e-05 2.79129315029e-05 3.06008434254e-05 3.0807605881e-05 3.14278932477e-05 3.18414181589e-05 3.14278932477e-05 3.18414181589e-05 3.24617055256e-05 3.26684679812e-05 3.14278932477e-05 3.06008434254e-05 2.99805560587e-05 2.46047322137e-05 2.64655943139e-05 2.35709199358e-05 2.29506325691e-05 1.81950960908e-05 1.94356708242e-05 2.10897704689e-05 2.17100578356e-05 2.150329538e-05 1.69545213573e-05 2.29506325691e-05 3.06008434254e-05 3.51496174481e-05 2.23303452023e-05 2.39844448469e-05 3.06008434254e-05 3.53563799037e-05 3.30819928923e-05 3.39090427146e-05 3.26684679812e-05 2.19168202912e-05 2.150329538e-05 2.37776823914e-05 2.64655943139e-05 3.39090427146e-05
2.25371076579e-05 2.23303452023e-05 2.23303452023e-05 2.25371076579e-05 2.23303452023e-05 2.21235827467e-05 2.39844448469e-05 2.29506325691e-05 2.10897704689e-05 2.29506325691e-05 2.39844448469e-05 2.25371076579e-05 2.37776823914e-05 2.64655943139e-05 2.91535062364e-05 3.06008434254e-05 3.14278932477e-05 3.14278932477e-05 3.18414181589e-05 3.225494307e-05 3.26684679812e-05 3.26684679812e-05 3.30819928923e-05 3.14278932477e-05 3.14278932477e-05 2.81196939585e-05 2.70858816806e-05 2.29506325691e-05 2.17100578356e-05 2.02627206466e-05 9.51107295655e-06 1.96424332798e-05 1.48868968016e-05 1.57139466239e-05 1.63342339906e-05 1.69545213573e-05 1.69545213573e-05 1.71612838129e-05 1.90221459131e-05 3.43225676258e-05 3.225494307e-05 3.51496174481e-05 3.43225676258e-05 3.41158051702e-05 3.43225676258e-05 3.18414181589e-05 2.87399813252e-05 2.5431782036e-05 2.25371076579e-05 2.29506325691e-05 2.48114946693e-05
2.12965329244e-05 2.150329538e-05 2.150329538e-05 2.29506325691e-05 2.39844448469e-05 2.33641574802e-05 2.46047322137e-05 2.39844448469e-05 1.81950960908e-05 1.84018585464e-05 2.39844448469e-05 2.41912073025e-05 2.72926441362e-05 2.81196939585e-05 3.01873185143e-05 3.06008434254e-05 3.14278932477e-05 3.14278932477e-05 3.18414181589e-05 3.18414181589e-05 3.225494307e-05 3.225494307e-05 3.225494307e-05 3.14278932477e-05 2.72926441362e-05 2.62588318583e-05 2.29506325691e-05 2.62588318583e-05 2.39844448469e-05 2.23303452023e-05 2.10897704689e-05 9.30431050097e-06 1.19922224235e-05 1.05448852344e-05 1.15786975123e-05 1.2198984879e-05 1.19922224235e-05 1.24057473346e-05 1.55071841683e-05 2.83264564141e-05 3.4736092537e-05 3.53563799037e-05 3.53563799037e-05 3.51496174481e-05 3.51496174481e-05 3.39090427146e-05 3.53563799037e-05 3.06008434254e-05 2.150329538e-05 1.84018585464e-05 1.75748087241e-05
2.150329538e-05 2.17100578356e-05 2.39844448469e-05 2.39844448469e-05 2.29506325691e-05 2.29506325691e-05 2.29506325691e-05 2.150329538e-05 2.62588318583e-05 2.17100578356e-05 2.41912073025e-05 2.81196939585e-05 2.77061690473e-05 2.91535062364e-05 2.99805560587e-05 3.06008434254e-05 3.14278932477e-05 3.14278932477e-05 3.14278932477e-05 3.18414181589e-05 3.14278932477e-05 3.18414181589e-05 3.06008434254e-05 3.01873185143e-05 2.72926441362e-05 3.06008434254e-05 2.89467437808e-05 2.72926441362e-05 2.56385444916e-05 2.29506325691e-05 1.24057473346e-05 1.03381227789e-05 9.09754804539e-06 9.30431050097e-06 9.30431050097e-06 1.03381227789e-05 1.05448852344e-05 1.2198984879e-05 1.17854599679e-05 1.6127471535e-05 2.72926441362e-05 3.39090427146e-05 3.53563799037e-05 3.51496174481e-05 3.51496174481e-05 3.53563799037e-05 3.10143683366e-05 3.51496174481e-05 1.69545213573e-05 1.38530845237e-05 1.2198984879e-05
2.23303452023e-05 2.29506325691e-05 2.17100578356e-05 2.39844448469e-05 2.21235827467e-05 2.02627206466e-05 2.39844448469e-05 2.58453069471e-05 2.64655943139e-05 2.72926441362e-05 2.70858816806e-05 2.72926441362e-05 2.72926441362e-05 2.87399813252e-05 3.01873185143e-05 3.06008434254e-05 3.14278932477e-05 3.14278932477e-05 3.06008434254e-05 3.14278932477e-05 3.14278932477e-05 3.06008434254e-05 3.01873185143e-05 2.72926441362e-05 2.58453069471e-05 2.64655943139e-05 2.64655943139e-05 2.56385444916e-05 2.58453069471e-05 1.69545213573e-05 1.53004217127e-05 1.4680134346e-05 9.09754804539e-06 6.82316103404e-06 7.02992348962e-06 7.85697331193e-06 7.02992348962e-06 7.02992348962e-06 1.05448852344e-05 8.68402313424e-06 1.17854599679e-05 1.59207090794e-05 2.64655943139e-05 3.225494307e-05 2.37776823914e-05 2.64655943139e-05 2.62588318583e-05 3.06008434254e-05 2.39844448469e-05 1.30260347014e-05 1.24057473346e-05
1.96424332798e-05 2.48114946693e-05 2.17100578356e-05 2.31573950246e-05 2.23303452023e-05 2.29506325691e-05 2.21235827467e-05 2.48114946693e-05 2.58453069471e-05 2.72926441362e-05 2.85332188696e-05 2.87399813252e-05 2.95670311475e-05 3.06008434254e-05 3.06008434254e-05 3.06008434254e-05 3.06008434254e-05 3.0807605881e-05 3.06008434254e-05 2.97737936031e-05 2.89467437808e-05 2.87399813252e-05 2.87399813252e-05 2.29506325691e-05 1.90221459131e-05 2.62588318583e-05 2.5431782036e-05 2.79129315029e-05 2.64655943139e-05 2.29506325691e-05 1.75748087241e-05 9.30431050097e-06 8.68402313424e-06 7.02992348962e-06 4.96229893385e-06 8.68402313424e-06 7.85697331193e-06 6.20287366731e-06 6.20287366731e-06 7.02992348962e-06 9.09754804539e-06 9.09754804539e-06 9.09754804539e-06 1.67477589017e-05 3.14278932477e-05 2.72926441362e-05 2.23303452023e-05 1.24057473346e-05 2.64655943139e-05 1.84018585464e-05 1.2198984879e-05
2.19168202912e-05 2.39844448469e-05 2.37776823914e-05 2.48114946693e-05 2.12965329244e-05 2.25371076579e-05 2.37776823914e-05 2.58453069471e-05 2.64655943139e-05 2.58453069471e-05 2.77061690473e-05 3.01873185143e-05 2.95670311475e-05 3.06008434254e-05 2.95670311475e-05 3.03940809698e-05 3.03940809698e-05 3.03940809698e-05 3.03940809698e-05 2.87399813252e-05 2.08830080133e-05 2.17100578356e-05 2.12965329244e-05 2.10897704689e-05 2.25371076579e-05 2.19168202912e-05 2.150329538e-05 2.48114946693e-05 2.50182571248e-05 2.33641574802e-05 9.30431050097e-06 1.03381227789e-05 6.82316103404e-06 4.96229893385e-06 5.99611121174e-06 4.96229893385e-06 5.16906138943e-06 6.40963612289e-06 7.02992348962e-06 4.96229893385e-06 7.02992348962e-06 6.61639857847e-06 6.82316103404e-06 6.20287366731e-06 8.68402313424e-06 3.06008434254e-05 3.49428549925e-05 1.15786975123e-05 1.24057473346e-05 3.18414181589e-05 8.68402313424e-06
2.08830080133e-05 2.39844448469e-05 2.39844448469e-05 2.48114946693e-05 1.94356708242e-05 2.64655943139e-05 2.58453069471e-05 2.5431782036e-05 2.64655943139e-05 2.79129315029e-05 2.91535062364e-05 2.89467437808e-05 2.95670311475e-05 2.95670311475e-05 3.03940809698e-05 2.89467437808e-05 2.77061690473e-05 3.01873185143e-05 3.06008434254e-05 3.01873185143e-05 2.29506325691e-05 1.77815711796e-05 1.24057473346e-05 1.55071841683e-05 1.69545213573e-05 1.75748087241e-05 1.94356708242e-05 1.81950960908e-05 2.23303452023e-05 1.90221459131e-05 1.81950960908e-05 1.03381227789e-05 6.82316103404e-06 4.96229893385e-06 4.75553647827e-06 4.96229893385e-06 6.20287366731e-06 4.75553647827e-06 4.96229893385e-06 4.75553647827e-06 5.375823845e-06 6.82316103404e-06 6.61639857847e-06 5.375823845e-06 7.02992348962e-06 1.2198984879e-05 3.14278932477e-05 2.64655943139e-05 7.02992348962e-06 9.71783541212e-06 7.02992348962e-06
2.39844448469e-05 2.25371076579e-05 2.29506325691e-05 2.91535062364e-05 2.64655943139e-05 2.72926441362e-05 2.79129315029e-05 2.62588318583e-05 2.64655943139e-05 2.72926441362e-05 2.87399813252e-05 2.91535062364e-05 3.01873185143e-05 3.03940809698e-05 2.72926441362e-05 2.62588318583e-05 2.64655943139e-05 2.72926441362e-05 2.6879119225e-05 2.62588318583e-05 2.39844448469e-05 2.23303452023e-05 1.55071841683e-05 8.68402313424e-06 9.09754804539e-06 1.79883336352e-05 1.69545213573e-05 1.55071841683e-05 1.05448852344e-05 1.30260347014e-05 7.02992348962e-06 9.09754804539e-06 7.02992348962e-06 5.78934875616e-06 4.96229893385e-06 4.96229893385e-06 4.75553647827e-06 3.92848665596e-06 4.34201156712e-06 4.96229893385e-06 5.16906138943e-06 5.16906138943e-06 4.96229893385e-06 4.96229893385e-06 6.40963612289e-06 6.20287366731e-06 8.06373576751e-06 3.14278932477e-05 7.85697331193e-06 8.68402313424e-06 9.30431050097e-06
2.74994065918e-05 2.91535062364e-05 2.89467437808e-05 2.74994065918e-05 3.06008434254e-05 2.91535062364e-05 2.87399813252e-05 2.72926441362e-05 2.64655943139e-05 2.6879119225e-05 2.74994065918e-05 2.89467437808e-05 3.03940809698e-05 2.83264564141e-05 2.64655943139e-05 2.48114946693e-05 2.29506325691e-05 2.48114946693e-05 2.23303452023e-05 2.04694831021e-05 1.94356708242e-05 1.63342339906e-05 1.57139466239e-05 9.09754804539e-06 7.02992348962e-06 7.02992348962e-06 9.9245978677e-06 1.24057473346e-05 7.02992348962e-06 9.30431050097e-06 7.02992348962e-06 6.82316103404e-06 6.20287366731e-06 4.96229893385e-06 4.75553647827e-06 3.30819928923e-06 4.34201156712e-06 4.5487740227e-06 4.75553647827e-06 4.96229893385e-06 4.75553647827e-06 4.96229893385e-06 4.75553647827e-06 4.96229893385e-06 4.96229893385e-06 5.375823845e-06 4.96229893385e-06 2.08830080133e-05 3.14278932477e-05 2.64655943139e-05 2.5431782036e-05
3.30819928923e-05 3.14278932477e-05 3.14278932477e-05 2.95670311475e-05 3.14278932477e-05 3.03940809698e-05 2.83264564141e-05 2.62588318583e-05 2.6879119225e-05 2.64655943139e-05 2.72926441362e-05 3.01873185143e-05 2.79129315029e-05 2.91535062364e-05 2.6879119225e-05 2.72926441362e-05 2.27438701135e-05 1.59207090794e-05 1.26125097902e-05 2.10897704689e-05 1.24057473346e-05 1.2198984879e-05 9.9245978677e-06 7.02992348962e-06 7.02992348962e-06 7.2366859452e-06 7.02992348962e-06 6.82316103404e-06 7.02992348962e-06 6.82316103404e-06 6.82316103404e-06 5.375823845e-06 4.96229893385e-06 3.30819928923e-06 4.34201156712e-06 3.30819928923e-06 4.34201156712e-06 3.30819928923e-06 3.30819928923e-06 4.5487740227e-06 4.34201156712e-06 4.96229893385e-06 4.75553647827e-06 4.5487740227e-06 3.92848665596e-06 4.75553647827e-06 4.34201156712e-06 7.02992348962e-06 2.79129315029e-05 3.14278932477e-05 3.28752304368e-05
2.33641574802e-05 2.89467437808e-05 3.14278932477e-05 3.06008434254e-05 3.14278932477e-05 3.14278932477e-05 2.95670311475e-05 2.77061690473e-05 2.72926441362e-05 2.64655943139e-05 2.87399813252e-05 2.87399813252e-05 2.95670311475e-05 2.79129315029e-05 2.99805560587e-05 2.64655943139e-05 2.62588318583e-05 1.63342339906e-05 2.08830080133e-05 1.13719350567e-05 9.30431050097e-06 9.09754804539e-06 1.03381227789e-05 7.02992348962e-06 6.82316103404e-06 5.78934875616e-06 4.96229893385e-06 4.96229893385e-06 4.96229893385e-06 5.16906138943e-06 4.96229893385e-06 4.5487740227e-06 2.6879119225e-06 3.30819928923e-06 3.30819928923e-06 2.6879119225e-06 3.30819928923e-06 2.89467437808e-06 3.30819928923e-06 2.6879119225e-06 4.5487740227e-06 3.30819928923e-06 3.30819928923e-06 4.34201156712e-06 2.89467437808e-06 3.30819928923e-06 3.30819928923e-06 4.75553647827e-06 2.25371076579e-05 3.16346557033e-05 3.14278932477e-05
2.39844448469e-05 2.79129315029e-05 2.79129315029e-05 3.18414181589e-05 3.0807605881e-05 3.0807605881e-05 3.14278932477e-05 2.99805560587e-05 2.83264564141e-05 2.99805560587e-05 2.74994065918e-05 2.79129315029e-05 2.89467437808e-05 2.72926441362e-05 2.85332188696e-05 2.64655943139e-05 2.62588318583e-05 2.43979697581e-05 2.23303452023e-05 1.34395596125e-05 9.30431050097e-06 7.02992348962e-06 8.68402313424e-06 5.16906138943e-06 4.75553647827e-06 4.96229893385e-06 4.34201156712e-06 4.96229893385e-06 4.96229893385e-06 3.30819928923e-06 3.30819928923e-06 2.6879119225e-06 3.30819928923e-06 3.30819928923e-06 3.30819928923e-06 2.6879119225e-06 2.27438701135e-06 2.06762455577e-06 2.6879119225e-06 2.89467437808e-06 2.89467437808e-06 2.27438701135e-06 3.30819928923e-06 3.72172420039e-06 3.30819928923e-06 3.30819928923e-06 3.30819928923e-06 3.92848665596e-06 4.96229893385e-06 2.58453069471e-05 3.0807605881e-05
1.69545213573e-05 2.17100578356e-05 2.97737936031e-05 3.06008434254e-05 3.14278932477e-05 3.14278932477e-05 3.06008434254e-05 3.14278932477e-05 2.79129315029e-05 2.95670311475e-05 2.74994065918e-05 2.64655943139e-05 2.89467437808e-05 2.81196939585e-05 2.58453069471e-05 2.56385444916e-05 2.150329538e-05 1.84018585464e-05 1.67477589017e-05 1.19922224235e-05 1.05448852344e-05 6.61639857847e-06 4.96229893385e-06 4.96229893385e-06 4.34201156712e-06 4.75553647827e-06 3.92848665596e-06 3.30819928923e-06 3.30819928923e-06 2.27438701135e-06 2.6879119225e-06 3.30819928923e-06 2.89467437808e-06 2.89467437808e-06 2.06762455577e-06 2.27438701135e-06 2.27438701135e-06 2.06762455577e-06 2.89467437808e-06 2.27438701135e-06 2.89467437808e-06 2.48114946693e-06 3.30819928923e-06 2.6879119225e-06 2.6879119225e-06 2.27438701135e-06 2.27438701135e-06 2.89467437808e-06 3.51496174481e-06 4.96229893385e-06 1.77815711796e-05
