Example/niche_background/models/ENFA/normalized_grids/Anolis_chlorocyanus.asc
ncols        743
nrows        319
xllcorner    -74.500956448335
yllcorner    17.448920549066
cellsize     0.008333333333
NODATA_value  -9999
[rows 69 to 91 of 318, columns 520 to 571 of 743]
1.19915792003e-05 1.27215014125e-05 1.41813458368e-05 1.28257760142e-05 9.90608716543e-06 1.01146363689e-05 1.39727966333e-05 1.04274601741e-05 9.0718903515e-06 8.5505173428e-06 8.44624274105e-06 9.59326336021e-06 8.34196813931e-06 8.44624274105e-06 8.34196813931e-06 8.5505173428e-06 8.13341893583e-06 6.98639831667e-06 6.15220150274e-06 6.56929990971e-06 4.58808247662e-06 6.15220150274e-06 6.15220150274e-06 5.00518088359e-06 4.06670946792e-06 3.64961106095e-06 4.90090628185e-06 3.0239634505e-06 5.10945548533e-06 4.90090628185e-06 4.06670946792e-06 2.60686504354e-06 3.44106185747e-06 -9999 -9999 -9999 -9999 -9999 -9999 -9999 -9999 -9999 -9999 -9999 -9999 -9999 -9999 -9999 -9999 -9999 -9999 -9999
7.09067291842e-06 1.10531077846e-05 1.41813458368e-05 1.33471490229e-05 1.30343252177e-05 1.38685220316e-05 1.39727966333e-05 1.39727966333e-05 1.02189109707e-05 9.48898875847e-06 9.0718903515e-06 8.5505173428e-06 9.48898875847e-06 8.65479194454e-06 8.34196813931e-06 8.13341893583e-06 7.09067291842e-06 6.15220150274e-06 6.46502530797e-06 6.36075070623e-06 5.10945548533e-06 4.90090628185e-06 4.2752586714e-06 6.15220150274e-06 6.46502530797e-06 5.73510309578e-06 5.10945548533e-06 3.85816026443e-06 1.66839362786e-06 4.37953327314e-06 3.85816026443e-06 2.81541424702e-06 2.81541424702e-06 3.33678725573e-06 -9999 -9999 -9999 -9999 -9999 -9999 -9999 -9999 -9999 -9999 -9999 -9999 -9999 -9999 -9999 -9999 -9999 -9999
1.02189109707e-05 1.38685220316e-05 1.4911268049e-05 1.39727966333e-05 1.43898950403e-05 9.0718903515e-06 1.27215014125e-05 1.39727966333e-05 1.02189109707e-05 8.5505173428e-06 1.02189109707e-05 9.48898875847e-06 9.0718903515e-06 6.56929990971e-06 8.44624274105e-06 8.34196813931e-06 9.90608716543e-06 9.0718903515e-06 8.44624274105e-06 6.56929990971e-06 7.09067291842e-06 5.10945548533e-06 5.94365229926e-06 4.48380787488e-06 5.83937769752e-06 5.94365229926e-06 5.00518088359e-06 3.96243486617e-06 2.91968884876e-06 1.56411902612e-06 1.98121743309e-06 2.50259044179e-06 2.39831584005e-06 2.81541424702e-06 3.33678725573e-06 -9999 -9999 -9999 -9999 -9999 -9999 -9999 -9999 -9999 -9999 -9999 -9999 -9999 -9999 -9999 -9999 -9999
1.27215014125e-05 1.10531077846e-05 1.45984442438e-05 1.36599728281e-05 1.22001284037e-05 1.38685220316e-05 1.26172268107e-05 1.30343252177e-05 9.48898875847e-06 1.10531077846e-05 8.86334114802e-06 8.75906654628e-06 8.34196813931e-06 8.34196813931e-06 8.44624274105e-06 8.44624274105e-06 8.44624274105e-06 8.44624274105e-06 7.71632052886e-06 6.56929990971e-06 8.13341893583e-06 5.42227929055e-06 5.94365229926e-06 4.06670946792e-06 5.31800468881e-06 6.15220150274e-06 3.96243486617e-06 3.85816026443e-06 3.33678725573e-06 3.12823805224e-06 1.98121743309e-06 2.29404123831e-06 2.50259044179e-06 2.60686504354e-06 2.29404123831e-06 -9999 -9999 -9999 -9999 -9999 -9999 -9999 -9999 -9999 -9999 -9999 -9999 -9999 -9999 -9999 -9999 -9999
1.41813458368e-05 1.50155426508e-05 1.5328366456e-05 1.45984442438e-05 1.55369156595e-05 1.55369156595e-05 1.43898950403e-05 1.39727966333e-05 1.02189109707e-05 1.07402839794e-05 1.19915792003e-05 9.69753796195e-06 8.13341893583e-06 8.44624274105e-06 8.75906654628e-06 9.0718903515e-06 9.48898875847e-06 9.90608716543e-06 8.44624274105e-06 7.61204592712e-06 7.2992221219e-06 6.46502530797e-06 5.10945548533e-06 6.46502530797e-06 5.10945548533e-06 4.17098406966e-06 3.33678725573e-06 3.12823805224e-06 4.06670946792e-06 5.00518088359e-06 2.50259044179e-06 2.18976663657e-06 2.81541424702e-06 2.81541424702e-06 2.50259044179e-06 -9999 -9999 -9999 -9999 -9999 -9999 -9999 -9999 -9999 -9999 -9999 -9999 -9999 -9999 -9999 -9999 -9999
1.4911268049e-05 1.47027188455e-05 1.4911268049e-05 1.50155426508e-05 1.29300506159e-05 1.55369156595e-05 1.5328366456e-05 1.30343252177e-05 1.07402839794e-05 1.35556982264e-05 1.04274601741e-05 9.0718903515e-06 8.44624274105e-06 8.44624274105e-06 9.90608716543e-06 9.90608716543e-06 9.48898875847e-06 8.5505173428e-06 7.82059513061e-06 8.13341893583e-06 8.02914433409e-06 5.63082849404e-06 5.94365229926e-06 4.90090628185e-06 5.00518088359e-06 4.06670946792e-06 4.90090628185e-06 2.81541424702e-06 2.81541424702e-06 2.29404123831e-06 2.29404123831e-06 2.29404123831e-06 2.39831584005e-06 3.0239634505e-06 2.50259044179e-06 -9999 -9999 -9999 -9999 -9999 -9999 -9999 -9999 -9999 -9999 -9999 -9999 -9999 -9999 -9999 -9999 -9999
1.5328366456e-05 1.55369156595e-05 1.55369156595e-05 1.58497394647e-05 1.50155426508e-05 1.55369156595e-05 1.55369156595e-05 1.55369156595e-05 1.36599728281e-05 1.38685220316e-05 9.90608716543e-06 1.10531077846e-05 1.10531077846e-05 9.69753796195e-06 9.59326336021e-06 9.59326336021e-06 9.90608716543e-06 8.13341893583e-06 8.02914433409e-06 7.2992221219e-06 5.63082849404e-06 5.10945548533e-06 5.00518088359e-06 5.00518088359e-06 5.00518088359e-06 4.90090628185e-06 4.37953327314e-06 3.33678725573e-06 3.23251265398e-06 2.50259044179e-06 1.98121743309e-06 2.39831584005e-06 2.29404123831e-06 2.81541424702e-06 2.71113964528e-06 -9999 -9999 -9999 -9999 -9999 -9999 -9999 -9999 -9999 -9999 -9999 -9999 -9999 -9999 -9999 -9999 -9999
1.55369156595e-05 1.60582886682e-05 1.61625632699e-05 1.66839362786e-05 1.61625632699e-05 1.71010346856e-05 1.60582886682e-05 1.5328366456e-05 1.4911268049e-05 1.43898950403e-05 1.36599728281e-05 9.0718903515e-06 1.04274601741e-05 9.28043955499e-06 1.05317347759e-05 8.34196813931e-06 9.0718903515e-06 7.50777132538e-06 5.63082849404e-06 8.75906654628e-06 7.61204592712e-06 7.50777132538e-06 6.15220150274e-06 5.73510309578e-06 5.00518088359e-06 4.90090628185e-06 4.06670946792e-06 3.85816026443e-06 3.12823805224e-06 2.29404123831e-06 3.12823805224e-06 2.18976663657e-06 1.98121743309e-06 3.33678725573e-06 2.39831584005e-06 -9999 -9999 -9999 -9999 -9999 -9999 -9999 -9999 -9999 -9999 -9999 -9999 -9999 -9999 -9999 -9999 -9999
1.60582886682e-05 1.61625632699e-05 1.66839362786e-05 1.62668378717e-05 1.65796616769e-05 1.61625632699e-05 1.60582886682e-05 1.50155426508e-05 1.52240918542e-05 1.55369156595e-05 1.23044030055e-05 9.90608716543e-06 1.02189109707e-05 1.11573823863e-05 1.04274601741e-05 9.90608716543e-06 9.48898875847e-06 8.5505173428e-06 8.44624274105e-06 8.75906654628e-06 7.92486973235e-06 8.34196813931e-06 7.50777132538e-06 6.46502530797e-06 6.15220150274e-06 4.79663168011e-06 4.90090628185e-06 5.10945548533e-06 3.12823805224e-06 2.29404123831e-06 1.98121743309e-06 2.39831584005e-06 1.98121743309e-06 1.98121743309e-06 2.50259044179e-06 -9999 -9999 -9999 -9999 -9999 -9999 -9999 -9999 -9999 -9999 -9999 -9999 -9999 -9999 -9999 -9999 -9999
1.59540140664e-05 1.61625632699e-05 1.71010346856e-05 1.62668378717e-05 1.69967600839e-05 1.5328366456e-05 1.60582886682e-05 1.71010346856e-05 1.60582886682e-05 1.54326410577e-05 1.55369156595e-05 1.36599728281e-05 1.15744807933e-05 1.27215014125e-05 1.02189109707e-05 8.5505173428e-06 1.02189109707e-05 1.02189109707e-05 8.75906654628e-06 8.44624274105e-06 7.09067291842e-06 7.71632052886e-06 8.23769353757e-06 5.63082849404e-06 6.46502530797e-06 4.90090628185e-06 4.79663168011e-06 3.96243486617e-06 3.33678725573e-06 4.58808247662e-06 2.18976663657e-06 1.87694283135e-06 1.98121743309e-06 1.56411902612e-06 1.66839362786e-06 -9999 -9999 -9999 -9999 -9999 -9999 -9999 -9999 -9999 -9999 -9999 -9999 -9999 -9999 -9999 -9999 -9999
1.66839362786e-05 1.71010346856e-05 1.66839362786e-05 1.73095838891e-05 1.71010346856e-05 1.73095838891e-05 1.73095838891e-05 1.74138584908e-05 1.45984442438e-05 1.4911268049e-05 1.36599728281e-05 1.39727966333e-05 1.38685220316e-05 1.30343252177e-05 1.03231855724e-05 9.59326336021e-06 1.08445585811e-05 1.07402839794e-05 8.34196813931e-06 7.92486973235e-06 9.59326336021e-06 8.02914433409e-06 6.46502530797e-06 6.46502530797e-06 5.73510309578e-06 4.58808247662e-06 5.00518088359e-06 3.33678725573e-06 4.37953327314e-06 3.44106185747e-06 2.91968884876e-06 1.66839362786e-06 1.66839362786e-06 1.56411902612e-06 1.45984442438e-06 -9999 -9999 -9999 -9999 -9999 -9999 -9999 -9999 -9999 -9999 -9999 -9999 -9999 -9999 -9999 -9999 -9999
1.66839362786e-05 1.71010346856e-05 1.73095838891e-05 1.73095838891e-05 1.73095838891e-05 1.73095838891e-05 1.71010346856e-05 1.65796616769e-05 1.51198172525e-05 1.45984442438e-05 1.43898950403e-05 1.51198172525e-05 1.52240918542e-05 1.10531077846e-05 1.00103617672e-05 1.08445585811e-05 8.75906654628e-06 8.5505173428e-06 8.5505173428e-06 8.23769353757e-06 8.75906654628e-06 7.61204592712e-06 8.34196813931e-06 7.71632052886e-06 6.67357451145e-06 4.90090628185e-06 4.06670946792e-06 4.79663168011e-06 3.23251265398e-06 4.06670946792e-06 3.12823805224e-06 1.98121743309e-06 2.29404123831e-06 1.56411902612e-06 1.56411902612e-06 1.45984442438e-06 -9999 -9999 -9999 -9999 -9999 -9999 -9999 -9999 -9999 -9999 -9999 -9999 -9999 -9999 -9999 -9999
1.41813458368e-05 1.71010346856e-05 1.73095838891e-05 1.74138584908e-05 1.69967600839e-05 1.65796616769e-05 1.75181330926e-05 1.73095838891e-05 1.5745464863e-05 1.42856204386e-05 1.43898950403e-05 1.68924854821e-05 1.51198172525e-05 1.50155426508e-05 1.36599728281e-05 1.03231855724e-05 1.07402839794e-05 8.44624274105e-06 8.5505173428e-06 9.0718903515e-06 6.46502530797e-06 8.13341893583e-06 7.71632052886e-06 6.46502530797e-06 8.34196813931e-06 5.31800468881e-06 4.90090628185e-06 4.06670946792e-06 3.44106185747e-06 2.91968884876e-06 2.50259044179e-06 2.29404123831e-06 3.12823805224e-06 2.29404123831e-06 1.56411902612e-06 1.14702061916e-06 -9999 -9999 -9999 -9999 -9999 -9999 -9999 -9999 -9999 -9999 -9999 -9999 -9999 -9999 -9999 -9999
1.5328366456e-05 1.54326410577e-05 1.55369156595e-05 1.58497394647e-05 1.74138584908e-05 1.7726682296e-05 1.78309568978e-05 1.71010346856e-05 1.61625632699e-05 1.51198172525e-05 1.52240918542e-05 1.73095838891e-05 1.69967600839e-05 1.5328366456e-05 1.26172268107e-05 1.36599728281e-05 1.00103617672e-05 8.75906654628e-06 8.5505173428e-06 8.75906654628e-06 8.44624274105e-06 7.50777132538e-06 7.50777132538e-06 7.71632052886e-06 6.46502530797e-06 6.46502530797e-06 5.10945548533e-06 4.90090628185e-06 2.91968884876e-06 4.58808247662e-06 4.06670946792e-06 3.64961106095e-06 3.44106185747e-06 2.91968884876e-06 1.45984442438e-06 1.35556982264e-06 1.45984442438e-06 -9999 -9999 -9999 -9999 -9999 -9999 -9999 -9999 -9999 -9999 -9999 -9999 -9999 -9999 -9999
1.39727966333e-05 1.5328366456e-05 1.28257760142e-05 1.72053092873e-05 1.61625632699e-05 1.78309568978e-05 1.79352314995e-05 1.74138584908e-05 1.73095838891e-05 1.55369156595e-05 1.62668378717e-05 1.7726682296e-05 1.79352314995e-05 1.74138584908e-05 1.47027188455e-05 1.41813458368e-05 1.26172268107e-05 1.33471490229e-05 1.27215014125e-05 9.90608716543e-06 8.44624274105e-06 8.44624274105e-06 7.71632052886e-06 7.50777132538e-06 8.13341893583e-06 6.46502530797e-06 6.15220150274e-06 4.90090628185e-06 5.00518088359e-06 4.06670946792e-06 4.90090628185e-06 2.71113964528e-06 2.91968884876e-06 3.64961106095e-06 2.29404123831e-06 1.56411902612e-06 1.66839362786e-06 -9999 -9999 -9999 -9999 -9999 -9999 -9999 -9999 -9999 -9999 -9999 -9999 -9999 -9999 -9999
1.4911268049e-05 1.55369156595e-05 1.5328366456e-05 1.73095838891e-05 1.61625632699e-05 1.76224076943e-05 1.76224076943e-05 1.91865267204e-05 1.78309568978e-05 1.76224076943e-05 1.73095838891e-05 1.78309568978e-05 1.79352314995e-05 1.7726682296e-05 1.4911268049e-05 1.42856204386e-05 1.33471490229e-05 1.28257760142e-05 1.32428744212e-05 9.0718903515e-06 8.5505173428e-06 8.44624274105e-06 6.46502530797e-06 6.77784911319e-06 8.34196813931e-06 8.34196813931e-06 8.5505173428e-06 6.77784911319e-06 5.31800468881e-06 3.64961106095e-06 2.81541424702e-06 2.29404123831e-06 1.98121743309e-06 2.81541424702e-06 1.98121743309e-06 2.29404123831e-06 1.66839362786e-06 1.14702061916e-06 -9999 -9999 -9999 -9999 -9999 -9999 -9999 -9999 -9999 -9999 -9999 -9999 -9999 -9999
1.26172268107e-05 1.44941696421e-05 1.54326410577e-05 1.71010346856e-05 1.42856204386e-05 1.45984442438e-05 1.43898950403e-05 1.93950759239e-05 1.91865267204e-05 1.8143780703e-05 1.76224076943e-05 1.74138584908e-05 1.74138584908e-05 1.76224076943e-05 1.73095838891e-05 1.73095838891e-05 1.41813458368e-05 1.4911268049e-05 1.38685220316e-05 1.28257760142e-05 1.15744807933e-05 8.34196813931e-06 8.44624274105e-06 6.46502530797e-06 6.46502530797e-06 6.56929990971e-06 8.34196813931e-06 6.67357451145e-06 8.23769353757e-06 6.46502530797e-06 4.90090628185e-06 3.0239634505e-06 1.98121743309e-06 2.39831584005e-06 2.50259044179e-06 3.33678725573e-06 1.66839362786e-06 1.56411902612e-06 -9999 -9999 -9999 -9999 -9999 -9999 -9999 -9999 -9999 -9999 -9999 -9999 -9999 -9999
1.28257760142e-05 1.19915792003e-05 1.33471490229e-05 1.58497394647e-05 1.41813458368e-05 1.27215014125e-05 1.39727966333e-05 1.61625632699e-05 1.96036251274e-05 1.856087911e-05 1.87694283135e-05 1.78309568978e-05 1.73095838891e-05 1.73095838891e-05 1.74138584908e-05 1.79352314995e-05 1.52240918542e-05 1.33471490229e-05 1.42856204386e-05 1.03231855724e-05 1.05317347759e-05 1.06360093776e-05 8.65479194454e-06 6.46502530797e-06 7.92486973235e-06 6.56929990971e-06 6.46502530797e-06 6.46502530797e-06 7.71632052886e-06 8.75906654628e-06 6.46502530797e-06 6.46502530797e-06 5.83937769752e-06 6.46502530797e-06 2.91968884876e-06 2.29404123831e-06 1.98121743309e-06 1.45984442438e-06 1.04274601741e-06 -9999 -9999 -9999 -9999 -9999 -9999 -9999 -9999 -9999 -9999 -9999 -9999 -9999
8.44624274105e-06 6.46502530797e-06 8.44624274105e-06 1.42856204386e-05 1.60582886682e-05 1.27215014125e-05 1.39727966333e-05 1.64753870751e-05 1.94993505256e-05 1.97078997291e-05 1.79352314995e-05 1.80395061013e-05 1.83523299065e-05 1.76224076943e-05 1.78309568978e-05 1.75181330926e-05 1.73095838891e-05 1.4911268049e-05 1.40770712351e-05 1.42856204386e-05 1.15744807933e-05 1.17830299968e-05 8.44624274105e-06 9.69753796195e-06 9.48898875847e-06 9.0718903515e-06 7.71632052886e-06 1.01146363689e-05 8.13341893583e-06 5.00518088359e-06 7.2992221219e-06 6.15220150274e-06 5.00518088359e-06 6.15220150274e-06 8.13341893583e-06 3.23251265398e-06 1.98121743309e-06 1.2512952209e-06 1.14702061916e-06 -9999 -9999 -9999 -9999 -9999 -9999 -9999 -9999 -9999 -9999 -9999 -9999 -9999
3.64961106095e-06 2.50259044179e-06 7.61204592712e-06 1.01146363689e-05 1.09488331828e-05 1.47027188455e-05 1.15744807933e-05 1.39727966333e-05 1.79352314995e-05 1.80395061013e-05 1.99164489326e-05 1.96036251274e-05 1.76224076943e-05 1.74138584908e-05 1.74138584908e-05 1.61625632699e-05 1.71010346856e-05 1.7726682296e-05 1.41813458368e-05 1.40770712351e-05 1.30343252177e-05 1.00103617672e-05 9.90608716543e-06 9.48898875847e-06 1.28257760142e-05 8.5505173428e-06 7.71632052886e-06 1.39727966333e-05 8.34196813931e-06 5.63082849404e-06 5.63082849404e-06 6.46502530797e-06 6.98639831667e-06 7.71632052886e-06 6.46502530797e-06 6.46502530797e-06 1.66839362786e-06 1.45984442438e-06 1.14702061916e-06 -9999 -9999 -9999 -9999 -9999 -9999 -9999 -9999 -9999 -9999 -9999 -9999 -9999
6.98639831667e-06 3.44106185747e-06 5.00518088359e-06 4.37953327314e-06 7.50777132538e-06 8.86334114802e-06 8.86334114802e-06 9.0718903515e-06 1.43898950403e-05 1.26172268107e-05 1.96036251274e-05 1.99164489326e-05 1.92908013222e-05 1.7726682296e-05 1.73095838891e-05 1.64753870751e-05 1.64753870751e-05 1.55369156595e-05 1.83523299065e-05 1.33471490229e-05 1.30343252177e-05 1.45984442438e-05 8.34196813931e-06 1.04274601741e-05 1.35556982264e-05 8.86334114802e-06 1.10531077846e-05 1.29300506159e-05 6.46502530797e-06 6.46502530797e-06 8.13341893583e-06 5.42227929055e-06 7.50777132538e-06 6.36075070623e-06 4.69235707836e-06 3.33678725573e-06 2.50259044179e-06 1.04274601741e-06 1.04274601741e-06 1.04274601741e-06 9.38471415673e-07 -9999 -9999 -9999 -9999 -9999 -9999 -9999 -9999 -9999 -9999 -9999
1.39727966333e-05 1.10531077846e-05 6.56929990971e-06 1.00103617672e-05 1.35556982264e-05 1.31385998194e-05 8.44624274105e-06 8.44624274105e-06 8.34196813931e-06 1.56411902612e-05 1.94993505256e-05 1.96036251274e-05 1.98121743309e-05 1.96036251274e-05 1.78309568978e-05 1.63711124734e-05 1.71010346856e-05 1.71010346856e-05 1.73095838891e-05 1.65796616769e-05 1.55369156595e-05 1.24086776072e-05 1.39727966333e-05 1.51198172525e-05 1.28257760142e-05 8.44624274105e-06 8.5505173428e-06 1.09488331828e-05 8.5505173428e-06 8.96761574976e-06 1.2095853802e-05 7.61204592712e-06 1.09488331828e-05 9.28043955499e-06 2.91968884876e-06 3.23251265398e-06 2.81541424702e-06 1.2512952209e-06 1.04274601741e-06 1.14702061916e-06 1.04274601741e-06 7.2992221219e-07 -9999 -9999 -9999 -9999 -9999 -9999 -9999 -9999 -9999 -9999
1.79352314995e-05 1.71010346856e-05 1.54326410577e-05 1.72053092873e-05 1.61625632699e-05 1.73095838891e-05 1.71010346856e-05 1.55369156595e-05 9.59326336021e-06 8.5505173428e-06 1.26172268107e-05 1.86651537117e-05 2.03335473396e-05 2.01249981361e-05 1.82480553047e-05 1.79352314995e-05 1.71010346856e-05 1.65796616769e-05 1.74138584908e-05 2.01249981361e-05 1.7726682296e-05 1.71010346856e-05 1.76224076943e-05 1.2095853802e-05 1.69967600839e-05 1.2512952209e-05 1.60582886682e-05 1.10531077846e-05 8.5505173428e-06 8.44624274105e-06 7.71632052886e-06 9.48898875847e-06 8.34196813931e-06 6.15220150274e-06 3.64961106095e-06 2.39831584005e-06 1.56411902612e-06 1.14702061916e-06 1.04274601741e-06 8.34196813931e-07 1.14702061916e-06 6.25647610448e-07 -9999 -9999 -9999 -9999 -9999 -9999 -9999 -9999 -9999 -9999
