Example/niche_background/models/ENFA/normalized_grids/Anolis_coelestinus_0.asc
ncols        743
nrows        319
xllcorner    -74.500956448335
yllcorner    17.448920549066
cellsize     0.008333333333
NODATA_value  -9999
[rows 154 to 175 of 318, columns 306 to 356 of 743]
5.42810300118e-06 4.59301023177e-06 5.63687619353e-06 6.05442257824e-06 8.35092769412e-06 9.60356684824e-06 1.21088451565e-05 1.69106285806e-05 2.60966490441e-05 2.73492881982e-05 2.92282469294e-05 2.94370201218e-05 2.75580613906e-05 2.52615562747e-05 3.06896592759e-05 3.04808860835e-05 3.06896592759e-05 2.46352366977e-05 3.02721128912e-05 3.00633396988e-05 2.71405150059e-05 3.17335252377e-05 2.65141954288e-05 1.96246800812e-05 2.79756077753e-05 2.73492881982e-05 1.54492162341e-05 2.69317418135e-05 2.42176903129e-05 1.87895873118e-05 2.44264635053e-05 2.71405150059e-05 2.52615562747e-05 2.60966490441e-05 3.04808860835e-05 2.94370201218e-05 2.88107005447e-05 2.88107005447e-05 2.79756077753e-05 2.79756077753e-05 2.71405150059e-05 2.75580613906e-05 2.71405150059e-05 2.60966490441e-05 2.46352366977e-05 2.484400989e-05 2.25475047741e-05 2.10860924277e-05 1.81632677347e-05 1.85808141194e-05 1.31527111182e-05
9.60356684824e-06 2.27562779665e-05 1.02298864253e-05 1.25263915412e-05 2.04597728506e-05 2.65141954288e-05 2.94370201218e-05 2.71405150059e-05 3.04808860835e-05 2.65141954288e-05 3.02721128912e-05 3.02721128912e-05 2.88107005447e-05 2.60966490441e-05 2.31738243512e-05 1.89983605041e-05 2.06685460429e-05 2.54703294671e-05 2.73492881982e-05 1.73281749653e-05 1.85808141194e-05 1.81632677347e-05 2.27562779665e-05 1.62843090035e-05 1.54492162341e-05 1.54492162341e-05 1.29439379259e-05 1.14825255794e-05 1.81632677347e-05 1.89983605041e-05 1.81632677347e-05 2.10860924277e-05 2.88107005447e-05 3.08984324682e-05 3.11072056606e-05 3.08984324682e-05 3.08984324682e-05 3.02721128912e-05 2.86019273524e-05 2.86019273524e-05 2.52615562747e-05 2.33825975435e-05 2.38001439282e-05 2.484400989e-05 2.60966490441e-05 2.38001439282e-05 2.27562779665e-05 2.21299583894e-05 1.54492162341e-05 1.46141234647e-05 1.29439379259e-05
1.12737523871e-05 2.60966490441e-05 1.87895873118e-05 2.94370201218e-05 2.71405150059e-05 1.37790306953e-05 1.96246800812e-05 2.33825975435e-05 2.839315416e-05 2.60966490441e-05 2.839315416e-05 2.839315416e-05 2.88107005447e-05 2.88107005447e-05 2.42176903129e-05 1.54492162341e-05 1.419657708e-05 1.54492162341e-05 1.31527111182e-05 1.29439379259e-05 1.37790306953e-05 1.69106285806e-05 2.04597728506e-05 1.774572135e-05 1.37790306953e-05 1.29439379259e-05 1.25263915412e-05 1.10649791947e-05 1.21088451565e-05 1.31527111182e-05 1.16912987718e-05 1.21088451565e-05 1.21088451565e-05 1.69106285806e-05 2.65141954288e-05 2.58878758518e-05 2.60966490441e-05 2.839315416e-05 2.60966490441e-05 2.25475047741e-05 1.56579894265e-05 1.29439379259e-05 1.23176183488e-05 1.31527111182e-05 1.64930821959e-05 2.129486562e-05 1.87895873118e-05 2.00422264659e-05 1.31527111182e-05 8.35092769412e-06 1.50316698494e-05
1.56579894265e-05 2.73492881982e-05 2.839315416e-05 2.58878758518e-05 1.79544945424e-05 1.33614843106e-05 1.62843090035e-05 1.54492162341e-05 2.08773192353e-05 3.04808860835e-05 3.06896592759e-05 2.58878758518e-05 2.73492881982e-05 3.08984324682e-05 2.10860924277e-05 1.52404430418e-05 1.37790306953e-05 1.37790306953e-05 1.37790306953e-05 1.29439379259e-05 1.37790306953e-05 1.37790306953e-05 1.31527111182e-05 1.25263915412e-05 1.02298864253e-05 1.16912987718e-05 1.04386596176e-05 1.02298864253e-05 1.10649791947e-05 1.10649791947e-05 1.08562060024e-05 1.31527111182e-05 1.12737523871e-05 1.16912987718e-05 1.14825255794e-05 1.35702575029e-05 1.52404430418e-05 1.56579894265e-05 2.27562779665e-05 2.60966490441e-05 2.08773192353e-05 1.29439379259e-05 1.29439379259e-05 1.31527111182e-05 1.29439379259e-05 1.35702575029e-05 1.16912987718e-05 1.04386596176e-05 1.10649791947e-05 9.60356684824e-06 9.60356684824e-06
2.54703294671e-05 2.46352366977e-05 2.38001439282e-05 2.42176903129e-05 2.10860924277e-05 2.06685460429e-05 1.85808141194e-05 1.31527111182e-05 1.419657708e-05 2.73492881982e-05 1.87895873118e-05 2.38001439282e-05 3.04808860835e-05 3.11072056606e-05 2.79756077753e-05 1.85808141194e-05 1.29439379259e-05 1.29439379259e-05 1.29439379259e-05 1.35702575029e-05 1.29439379259e-05 9.81234004059e-06 1.10649791947e-05 9.18602046353e-06 9.18602046353e-06 8.35092769412e-06 8.97724727118e-06 8.14215450177e-06 8.97724727118e-06 8.97724727118e-06 1.02298864253e-05 1.12737523871e-05 1.21088451565e-05 1.00211132329e-05 1.10649791947e-05 1.21088451565e-05 1.10649791947e-05 1.10649791947e-05 1.29439379259e-05 1.56579894265e-05 1.83720409271e-05 1.58667626188e-05 1.54492162341e-05 1.29439379259e-05 1.29439379259e-05 1.29439379259e-05 9.18602046353e-06 7.72460811706e-06 8.35092769412e-06 8.35092769412e-06 8.97724727118e-06
2.04597728506e-05 2.81843809677e-05 2.52615562747e-05 2.17124120047e-05 2.31738243512e-05 1.81632677347e-05 1.94159068888e-05 2.33825975435e-05 1.419657708e-05 1.29439379259e-05 1.35702575029e-05 1.10649791947e-05 1.37790306953e-05 1.75369481577e-05 2.52615562747e-05 1.79544945424e-05 1.16912987718e-05 8.97724727118e-06 1.02298864253e-05 1.29439379259e-05 9.60356684824e-06 1.00211132329e-05 8.14215450177e-06 6.05442257824e-06 6.05442257824e-06 6.05442257824e-06 6.05442257824e-06 6.05442257824e-06 6.05442257824e-06 7.30706173235e-06 8.14215450177e-06 8.55970088647e-06 7.30706173235e-06 6.88951534765e-06 7.09828854e-06 8.35092769412e-06 8.55970088647e-06 1.02298864253e-05 9.81234004059e-06 1.29439379259e-05 1.29439379259e-05 2.46352366977e-05 2.58878758518e-05 2.17124120047e-05 1.58667626188e-05 1.35702575029e-05 1.27351647335e-05 1.02298864253e-05 9.18602046353e-06 6.6807421553e-06 1.10649791947e-05
1.58667626188e-05 1.54492162341e-05 2.15036388124e-05 2.56791026594e-05 2.71405150059e-05 2.65141954288e-05 2.60966490441e-05 2.46352366977e-05 2.21299583894e-05 1.54492162341e-05 1.29439379259e-05 1.19000719641e-05 1.12737523871e-05 1.16912987718e-05 1.12737523871e-05 1.02298864253e-05 1.21088451565e-05 1.25263915412e-05 1.02298864253e-05 1.04386596176e-05 1.02298864253e-05 1.12737523871e-05 1.16912987718e-05 7.72460811706e-06 5.42810300118e-06 4.59301023177e-06 4.17546384706e-06 5.21932980882e-06 4.59301023177e-06 4.59301023177e-06 5.84564938588e-06 6.05442257824e-06 6.05442257824e-06 6.05442257824e-06 6.05442257824e-06 6.05442257824e-06 7.30706173235e-06 6.05442257824e-06 8.35092769412e-06 1.02298864253e-05 1.29439379259e-05 1.31527111182e-05 1.58667626188e-05 2.129486562e-05 2.06685460429e-05 1.94159068888e-05 1.21088451565e-05 1.29439379259e-05 1.33614843106e-05 9.18602046353e-06 8.55970088647e-06
1.54492162341e-05 1.29439379259e-05 1.62843090035e-05 2.27562779665e-05 2.75580613906e-05 2.94370201218e-05 2.96457933141e-05 2.56791026594e-05 2.04597728506e-05 1.54492162341e-05 1.50316698494e-05 1.31527111182e-05 1.31527111182e-05 1.56579894265e-05 1.54492162341e-05 1.52404430418e-05 1.419657708e-05 1.12737523871e-05 1.10649791947e-05 1.29439379259e-05 1.56579894265e-05 1.69106285806e-05 1.58667626188e-05 1.16912987718e-05 1.02298864253e-05 6.05442257824e-06 2.71405150059e-06 2.71405150059e-06 2.71405150059e-06 2.71405150059e-06 2.71405150059e-06 3.96669065471e-06 5.42810300118e-06 4.59301023177e-06 5.42810300118e-06 6.05442257824e-06 6.05442257824e-06 6.05442257824e-06 7.30706173235e-06 8.76847407883e-06 1.14825255794e-05 1.21088451565e-05 1.04386596176e-05 1.21088451565e-05 1.60755358112e-05 1.89983605041e-05 1.54492162341e-05 1.39878038877e-05 1.31527111182e-05 1.31527111182e-05 9.18602046353e-06
2.40089171206e-05 2.21299583894e-05 1.94159068888e-05 2.38001439282e-05 1.54492162341e-05 2.27562779665e-05 1.87895873118e-05 2.33825975435e-05 2.42176903129e-05 2.88107005447e-05 2.88107005447e-05 3.15247520453e-05 2.60966490441e-05 2.58878758518e-05 3.08984324682e-05 2.88107005447e-05 2.71405150059e-05 1.62843090035e-05 2.42176903129e-05 2.69317418135e-05 1.60755358112e-05 2.60966490441e-05 1.69106285806e-05 1.54492162341e-05 1.23176183488e-05 1.12737523871e-05 9.60356684824e-06 5.42810300118e-06 6.05442257824e-06 5.42810300118e-06 3.96669065471e-06 2.71405150059e-06 4.17546384706e-06 2.71405150059e-06 5.01055661647e-06 5.42810300118e-06 5.63687619353e-06 5.84564938588e-06 7.30706173235e-06 8.35092769412e-06 1.10649791947e-05 1.10649791947e-05 1.08562060024e-05 1.419657708e-05 1.56579894265e-05 1.58667626188e-05 1.50316698494e-05 1.23176183488e-05 1.29439379259e-05 1.10649791947e-05 8.35092769412e-06
2.33825975435e-05 2.52615562747e-05 2.60966490441e-05 2.71405150059e-05 2.73492881982e-05 2.58878758518e-05 2.839315416e-05 2.88107005447e-05 2.94370201218e-05 2.88107005447e-05 2.65141954288e-05 3.04808860835e-05 3.06896592759e-05 3.11072056606e-05 3.17335252377e-05 2.839315416e-05 3.15247520453e-05 2.88107005447e-05 2.88107005447e-05 2.54703294671e-05 1.54492162341e-05 1.29439379259e-05 1.81632677347e-05 1.54492162341e-05 1.10649791947e-05 8.55970088647e-06 7.93338130941e-06 6.6807421553e-06 1.00211132329e-05 8.35092769412e-06 7.72460811706e-06 7.30706173235e-06 6.05442257824e-06 5.01055661647e-06 5.42810300118e-06 5.63687619353e-06 5.42810300118e-06 6.05442257824e-06 7.30706173235e-06 8.35092769412e-06 1.31527111182e-05 1.69106285806e-05 1.48228966571e-05 1.56579894265e-05 1.81632677347e-05 1.50316698494e-05 1.48228966571e-05 1.08562060024e-05 8.97724727118e-06 1.10649791947e-05 9.18602046353e-06
1.54492162341e-05 1.35702575029e-05 1.54492162341e-05 1.54492162341e-05 2.06685460429e-05 1.92071336965e-05 2.40089171206e-05 2.484400989e-05 2.65141954288e-05 3.06896592759e-05 3.15247520453e-05 2.839315416e-05 2.65141954288e-05 2.86019273524e-05 3.15247520453e-05 3.36124839688e-05 2.92282469294e-05 3.40300303535e-05 3.40300303535e-05 3.04808860835e-05 2.23387315818e-05 2.10860924277e-05 2.73492881982e-05 1.54492162341e-05 1.25263915412e-05 9.60356684824e-06 1.35702575029e-05 1.29439379259e-05 1.02298864253e-05 1.02298864253e-05 9.18602046353e-06 1.14825255794e-05 9.60356684824e-06 7.30706173235e-06 7.09828854e-06 8.35092769412e-06 7.30706173235e-06 9.60356684824e-06 8.14215450177e-06 1.00211132329e-05 1.16912987718e-05 1.31527111182e-05 1.31527111182e-05 1.58667626188e-05 1.29439379259e-05 1.29439379259e-05 1.02298864253e-05 1.29439379259e-05 1.16912987718e-05 1.00211132329e-05 7.93338130941e-06
2.33825975435e-05 1.85808141194e-05 1.54492162341e-05 1.19000719641e-05 9.18602046353e-06 9.60356684824e-06 1.10649791947e-05 1.39878038877e-05 1.21088451565e-05 1.33614843106e-05 2.60966490441e-05 1.31527111182e-05 1.39878038877e-05 1.85808141194e-05 1.87895873118e-05 2.60966490441e-05 2.46352366977e-05 2.73492881982e-05 3.15247520453e-05 2.88107005447e-05 3.17335252377e-05 2.92282469294e-05 3.06896592759e-05 2.65141954288e-05 1.87895873118e-05 1.62843090035e-05 1.54492162341e-05 1.52404430418e-05 1.419657708e-05 1.14825255794e-05 1.08562060024e-05 1.29439379259e-05 1.064743281e-05 8.76847407883e-06 1.10649791947e-05 1.02298864253e-05 1.10649791947e-05 1.29439379259e-05 1.31527111182e-05 1.37790306953e-05 1.39878038877e-05 1.69106285806e-05 1.54492162341e-05 1.37790306953e-05 1.29439379259e-05 1.21088451565e-05 1.29439379259e-05 1.02298864253e-05 1.02298864253e-05 8.35092769412e-06 8.35092769412e-06
2.56791026594e-05 2.88107005447e-05 2.21299583894e-05 1.73281749653e-05 1.58667626188e-05 1.21088451565e-05 9.60356684824e-06 8.35092769412e-06 8.35092769412e-06 7.51583492471e-06 7.30706173235e-06 1.21088451565e-05 9.18602046353e-06 8.35092769412e-06 9.60356684824e-06 1.16912987718e-05 1.54492162341e-05 2.60966490441e-05 2.56791026594e-05 1.67018553882e-05 2.60966490441e-05 2.46352366977e-05 1.85808141194e-05 1.94159068888e-05 2.33825975435e-05 1.69106285806e-05 1.87895873118e-05 1.69106285806e-05 1.419657708e-05 1.52404430418e-05 1.54492162341e-05 1.39878038877e-05 1.54492162341e-05 1.39878038877e-05 1.69106285806e-05 1.25263915412e-05 1.58667626188e-05 1.54492162341e-05 1.29439379259e-05 1.29439379259e-05 1.16912987718e-05 1.29439379259e-05 1.21088451565e-05 1.16912987718e-05 1.29439379259e-05 1.21088451565e-05 1.29439379259e-05 1.29439379259e-05 8.14215450177e-06 1.14825255794e-05 7.09828854e-06
2.21299583894e-05 2.839315416e-05 2.94370201218e-05 2.71405150059e-05 2.46352366977e-05 1.48228966571e-05 1.419657708e-05 9.18602046353e-06 6.6807421553e-06 8.97724727118e-06 1.04386596176e-05 8.55970088647e-06 7.30706173235e-06 5.84564938588e-06 5.42810300118e-06 5.42810300118e-06 6.05442257824e-06 1.27351647335e-05 1.37790306953e-05 7.30706173235e-06 7.30706173235e-06 1.31527111182e-05 9.18602046353e-06 8.14215450177e-06 9.18602046353e-06 1.35702575029e-05 1.02298864253e-05 1.02298864253e-05 1.52404430418e-05 1.54492162341e-05 1.94159068888e-05 1.54492162341e-05 1.419657708e-05 1.29439379259e-05 1.56579894265e-05 1.62843090035e-05 1.96246800812e-05 1.98334532735e-05 1.58667626188e-05 1.19000719641e-05 1.29439379259e-05 1.94159068888e-05 1.69106285806e-05 1.37790306953e-05 1.16912987718e-05 1.23176183488e-05 8.97724727118e-06 9.18602046353e-06 1.14825255794e-05 1.02298864253e-05 1.10649791947e-05
1.774572135e-05 2.88107005447e-05 2.10860924277e-05 1.98334532735e-05 2.08773192353e-05 2.52615562747e-05 1.774572135e-05 1.31527111182e-05 1.10649791947e-05 9.60356684824e-06 1.25263915412e-05 1.12737523871e-05 8.14215450177e-06 8.35092769412e-06 3.96669065471e-06 2.29650511588e-06 2.08773192353e-06 5.84564938588e-06 6.05442257824e-06 2.71405150059e-06 5.84564938588e-06 8.97724727118e-06 8.97724727118e-06 6.88951534765e-06 7.30706173235e-06 1.29439379259e-05 7.93338130941e-06 1.25263915412e-05 1.31527111182e-05 1.23176183488e-05 1.02298864253e-05 1.37790306953e-05 1.21088451565e-05 9.60356684824e-06 1.29439379259e-05 1.29439379259e-05 1.21088451565e-05 1.69106285806e-05 1.29439379259e-05 1.54492162341e-05 1.37790306953e-05 1.37790306953e-05 1.31527111182e-05 1.46141234647e-05 1.35702575029e-05 1.29439379259e-05 1.12737523871e-05 1.02298864253e-05 1.064743281e-05 8.35092769412e-06 1.29439379259e-05
1.54492162341e-05 2.17124120047e-05 2.75580613906e-05 2.60966490441e-05 1.37790306953e-05 1.69106285806e-05 1.58667626188e-05 1.54492162341e-05 1.39878038877e-05 1.62843090035e-05 1.62843090035e-05 1.31527111182e-05 1.29439379259e-05 1.419657708e-05 6.05442257824e-06 2.50527830824e-06 1.87895873118e-06 1.87895873118e-06 2.29650511588e-06 1.04386596176e-06 1.87895873118e-06 4.59301023177e-06 6.05442257824e-06 5.84564938588e-06 1.16912987718e-05 8.14215450177e-06 7.09828854e-06 1.14825255794e-05 1.29439379259e-05 1.29439379259e-05 9.60356684824e-06 1.02298864253e-05 1.33614843106e-05 1.12737523871e-05 1.12737523871e-05 8.97724727118e-06 7.30706173235e-06 8.35092769412e-06 1.16912987718e-05 1.25263915412e-05 1.419657708e-05 1.31527111182e-05 1.33614843106e-05 1.29439379259e-05 1.29439379259e-05 1.12737523871e-05 1.16912987718e-05 1.02298864253e-05 8.97724727118e-06 1.10649791947e-05 1.19000719641e-05
1.33614843106e-05 1.25263915412e-05 9.60356684824e-06 1.31527111182e-05 2.33825975435e-05 2.69317418135e-05 2.484400989e-05 1.96246800812e-05 2.10860924277e-05 1.25263915412e-05 1.14825255794e-05 1.23176183488e-05 8.35092769412e-06 6.88951534765e-06 1.10649791947e-05 1.02298864253e-05 5.42810300118e-06 2.08773192353e-06 1.04386596176e-06 1.04386596176e-06 1.25263915412e-06 1.04386596176e-06 1.25263915412e-06 1.04386596176e-06 1.25263915412e-06 1.25263915412e-06 1.04386596176e-06 2.71405150059e-06 6.05442257824e-06 6.05442257824e-06 7.09828854e-06 6.05442257824e-06 6.6807421553e-06 6.05442257824e-06 6.05442257824e-06 6.05442257824e-06 6.6807421553e-06 6.6807421553e-06 6.6807421553e-06 6.05442257824e-06 8.14215450177e-06 8.14215450177e-06 8.97724727118e-06 9.60356684824e-06 1.02298864253e-05 1.16912987718e-05 1.10649791947e-05 1.02298864253e-05 8.35092769412e-06 1.12737523871e-05 8.76847407883e-06
1.56579894265e-05 1.54492162341e-05 1.54492162341e-05 1.14825255794e-05 1.29439379259e-05 1.33614843106e-05 1.67018553882e-05 2.02509996582e-05 2.42176903129e-05 2.27562779665e-05 1.419657708e-05 1.12737523871e-05 9.60356684824e-06 6.05442257824e-06 5.21932980882e-06 5.84564938588e-06 8.55970088647e-06 5.42810300118e-06 2.50527830824e-06 1.67018553882e-06 1.04386596176e-06 1.25263915412e-06 1.04386596176e-06 1.04386596176e-06 1.04386596176e-06 1.04386596176e-06 8.35092769412e-07 8.35092769412e-07 1.04386596176e-06 8.35092769412e-07 1.04386596176e-06 2.71405150059e-06 2.50527830824e-06 2.08773192353e-06 1.04386596176e-06 2.08773192353e-06 2.71405150059e-06 4.17546384706e-06 4.38423703941e-06 2.71405150059e-06 3.75791746235e-06 6.6807421553e-06 9.60356684824e-06 6.05442257824e-06 6.05442257824e-06 4.59301023177e-06 5.84564938588e-06 6.05442257824e-06 5.63687619353e-06 5.84564938588e-06 6.05442257824e-06
1.16912987718e-05 1.54492162341e-05 1.31527111182e-05 1.29439379259e-05 1.25263915412e-05 1.16912987718e-05 1.25263915412e-05 1.12737523871e-05 1.419657708e-05 1.62843090035e-05 2.129486562e-05 1.52404430418e-05 1.31527111182e-05 8.35092769412e-06 1.14825255794e-05 7.30706173235e-06 8.14215450177e-06 7.30706173235e-06 5.63687619353e-06 6.05442257824e-06 6.05442257824e-06 4.17546384706e-06 1.25263915412e-06 1.04386596176e-06 1.04386596176e-06 1.04386596176e-06 1.04386596176e-06 8.35092769412e-07 6.26319577059e-07 6.26319577059e-07 4.17546384706e-07 4.17546384706e-07 1.04386596176e-06 1.04386596176e-06 1.04386596176e-06 1.04386596176e-06 1.04386596176e-06 1.25263915412e-06 1.87895873118e-06 1.87895873118e-06 1.87895873118e-06 5.84564938588e-06 5.84564938588e-06 6.6807421553e-06 5.84564938588e-06 3.75791746235e-06 2.71405150059e-06 2.29650511588e-06 3.75791746235e-06 5.01055661647e-06 2.71405150059e-06
1.33614843106e-05 1.37790306953e-05 1.37790306953e-05 1.54492162341e-05 1.419657708e-05 1.16912987718e-05 1.23176183488e-05 1.27351647335e-05 1.29439379259e-05 1.19000719641e-05 1.56579894265e-05 1.58667626188e-05 1.52404430418e-05 1.29439379259e-05 1.25263915412e-05 1.27351647335e-05 1.08562060024e-05 1.12737523871e-05 1.02298864253e-05 8.14215450177e-06 5.84564938588e-06 2.71405150059e-06 2.08773192353e-06 3.13159788529e-06 5.01055661647e-06 3.54914427e-06 1.67018553882e-06 8.35092769412e-07 8.35092769412e-07 1.04386596176e-06 1.04386596176e-06 1.04386596176e-06 1.04386596176e-06 1.04386596176e-06 1.04386596176e-06 1.04386596176e-06 1.04386596176e-06 1.04386596176e-06 1.87895873118e-06 2.71405150059e-06 2.71405150059e-06 2.71405150059e-06 1.87895873118e-06 2.71405150059e-06 1.67018553882e-06 1.04386596176e-06 1.04386596176e-06 1.04386596176e-06 1.04386596176e-06 1.04386596176e-06 1.87895873118e-06
1.31527111182e-05 2.65141954288e-05 2.65141954288e-05 1.69106285806e-05 1.54492162341e-05 1.21088451565e-05 1.29439379259e-05 1.16912987718e-05 1.10649791947e-05 1.10649791947e-05 1.16912987718e-05 1.39878038877e-05 9.60356684824e-06 1.04386596176e-05 1.29439379259e-05 1.10649791947e-05 1.14825255794e-05 9.60356684824e-06 8.35092769412e-06 7.30706173235e-06 6.6807421553e-06 6.05442257824e-06 5.63687619353e-06 7.09828854e-06 1.29439379259e-05 7.30706173235e-06 6.05442257824e-06 1.87895873118e-06 1.87895873118e-06 1.87895873118e-06 1.87895873118e-06 2.71405150059e-06 4.38423703941e-06 5.01055661647e-06 5.42810300118e-06 5.63687619353e-06 6.6807421553e-06 7.09828854e-06 8.35092769412e-06 9.18602046353e-06 6.6807421553e-06 5.42810300118e-06 4.38423703941e-06 3.34037107765e-06 1.04386596176e-06 8.35092769412e-07 6.26319577059e-07 8.35092769412e-07 4.17546384706e-07 6.26319577059e-07 8.35092769412e-07
2.484400989e-05 2.79756077753e-05 2.46352366977e-05 2.52615562747e-05 1.56579894265e-05 1.54492162341e-05 1.58667626188e-05 1.29439379259e-05 1.16912987718e-05 1.02298864253e-05 1.10649791947e-05 7.93338130941e-06 1.16912987718e-05 1.12737523871e-05 8.35092769412e-06 1.31527111182e-05 1.29439379259e-05 1.54492162341e-05 1.69106285806e-05 1.37790306953e-05 1.54492162341e-05 1.02298864253e-05 1.29439379259e-05 8.55970088647e-06 1.56579894265e-05 1.29439379259e-05 4.38423703941e-06 3.13159788529e-06 2.08773192353e-06 2.50527830824e-06 3.34037107765e-06 4.59301023177e-06 5.01055661647e-06 5.84564938588e-06 8.55970088647e-06 9.39479365588e-06 1.10649791947e-05 8.35092769412e-06 1.00211132329e-05 9.60356684824e-06 8.35092769412e-06 1.10649791947e-05 1.12737523871e-05 1.12737523871e-05 6.88951534765e-06 5.84564938588e-06 5.21932980882e-06 4.59301023177e-06 1.04386596176e-06 1.04386596176e-06 4.17546384706e-07
