Example/niche_background/models/ENFA/normalized_grids/Anolis_chlorocyanus.asc
ncols        743
nrows        319
xllcorner    -74.500956448335
yllcorner    17.448920549066
cellsize     0.008333333333
NODATA_value  -9999
[rows 161 to 183 of 318, columns 676 to 727 of 743]
2.31832091744e-05 2.14079183817e-05 2.0885774031e-05 2.45407844864e-05 2.30787803042e-05 2.47496422267e-05 2.50629288372e-05 2.20344916027e-05 2.45407844864e-05 2.52717865775e-05 2.52717865775e-05 2.44363556162e-05 2.29743514341e-05 2.38097823953e-05 2.56895020581e-05 2.39142112655e-05 2.51673577073e-05 2.56895020581e-05 2.56895020581e-05 2.56895020581e-05 2.58983597984e-05 2.56895020581e-05 2.56895020581e-05 2.56895020581e-05 2.56895020581e-05 2.45407844864e-05 2.50629288372e-05 2.50629288372e-05 2.52717865775e-05 2.44363556162e-05 2.28699225639e-05 2.18256338624e-05 2.25566359534e-05 2.39142112655e-05 2.2243349343e-05 2.26610648236e-05 2.2243349343e-05 1.9528198719e-05 2.03636296802e-05 1.98414853294e-05 2.07813451608e-05 1.96326275891e-05 2.04680585503e-05 -9999 -9999 -9999 -9999 -9999 -9999 -9999 -9999 -9999
1.92149121085e-05 2.18256338624e-05 2.3600924655e-05 2.4958499967e-05 2.52717865775e-05 2.56895020581e-05 2.41230690058e-05 2.19300627325e-05 2.52717865775e-05 2.56895020581e-05 2.45407844864e-05 2.44363556162e-05 2.31832091744e-05 2.26610648236e-05 2.1616776122e-05 2.31832091744e-05 2.43319267461e-05 2.31832091744e-05 2.26610648236e-05 2.52717865775e-05 2.57939309282e-05 2.56895020581e-05 2.56895020581e-05 2.56895020581e-05 2.56895020581e-05 2.56895020581e-05 2.53762154476e-05 2.45407844864e-05 2.45407844864e-05 2.44363556162e-05 2.39142112655e-05 2.14079183817e-05 2.26610648236e-05 2.19300627325e-05 2.1616776122e-05 2.2243349343e-05 2.18256338624e-05 2.18256338624e-05 1.76484790562e-05 2.05724874205e-05 1.98414853294e-05 1.53510439128e-05 1.82750522771e-05 1.90060543682e-05 -9999 -9999 -9999 -9999 -9999 -9999 -9999 -9999
2.18256338624e-05 2.26610648236e-05 2.41230690058e-05 2.30787803042e-05 2.52717865775e-05 2.4958499967e-05 2.45407844864e-05 2.52717865775e-05 2.52717865775e-05 2.56895020581e-05 2.45407844864e-05 2.43319267461e-05 2.52717865775e-05 2.52717865775e-05 2.19300627325e-05 2.41230690058e-05 2.47496422267e-05 2.54806443178e-05 2.56895020581e-05 2.56895020581e-05 2.56895020581e-05 2.52717865775e-05 2.4958499967e-05 2.52717865775e-05 2.56895020581e-05 2.52717865775e-05 2.56895020581e-05 2.56895020581e-05 2.53762154476e-05 2.26610648236e-05 2.41230690058e-05 2.30787803042e-05 2.30787803042e-05 2.1616776122e-05 2.19300627325e-05 2.1616776122e-05 2.15123472519e-05 2.18256338624e-05 1.92149121085e-05 1.97370564593e-05 1.73351924457e-05 1.57687593934e-05 2.14079183817e-05 1.98414853294e-05 1.62909037442e-05 -9999 -9999 -9999 -9999 -9999 -9999 -9999
2.43319267461e-05 2.41230690058e-05 2.56895020581e-05 2.39142112655e-05 2.52717865775e-05 2.45407844864e-05 2.30787803042e-05 2.55850731879e-05 2.55850731879e-05 2.56895020581e-05 2.56895020581e-05 2.55850731879e-05 2.56895020581e-05 2.52717865775e-05 2.18256338624e-05 2.43319267461e-05 2.39142112655e-05 2.52717865775e-05 2.55850731879e-05 2.56895020581e-05 2.4958499967e-05 2.03636296802e-05 2.14079183817e-05 2.52717865775e-05 2.56895020581e-05 2.47496422267e-05 2.56895020581e-05 2.56895020581e-05 2.52717865775e-05 2.44363556162e-05 2.24522070833e-05 2.1616776122e-05 2.30787803042e-05 2.11990606414e-05 2.26610648236e-05 2.18256338624e-05 2.15123472519e-05 2.23477782131e-05 2.025920081e-05 1.94237698488e-05 1.72307635755e-05 1.58731882635e-05 1.97370564593e-05 1.77529079263e-05 1.6186474874e-05 1.38890397306e-05 1.38890397306e-05 -9999 -9999 -9999 -9999 -9999
2.42274978759e-05 2.44363556162e-05 2.52717865775e-05 2.54806443178e-05 2.44363556162e-05 2.42274978759e-05 2.41230690058e-05 2.56895020581e-05 2.52717865775e-05 2.41230690058e-05 2.56895020581e-05 2.60027886686e-05 2.41230690058e-05 2.26610648236e-05 2.39142112655e-05 2.51673577073e-05 2.45407844864e-05 2.51673577073e-05 2.55850731879e-05 2.56895020581e-05 2.31832091744e-05 2.18256338624e-05 2.52717865775e-05 2.56895020581e-05 2.56895020581e-05 2.52717865775e-05 2.56895020581e-05 2.52717865775e-05 2.4958499967e-05 2.44363556162e-05 2.42274978759e-05 2.33920669147e-05 2.30787803042e-05 2.18256338624e-05 2.33920669147e-05 2.19300627325e-05 2.14079183817e-05 2.15123472519e-05 2.11990606414e-05 1.97370564593e-05 1.73351924457e-05 1.6186474874e-05 1.71263347054e-05 2.06769162907e-05 1.57687593934e-05 1.43067552112e-05 1.4828899562e-05 1.26358932887e-05 1.4828899562e-05 -9999 -9999 -9999
2.4958499967e-05 2.56895020581e-05 2.56895020581e-05 2.4958499967e-05 2.56895020581e-05 2.4958499967e-05 2.52717865775e-05 2.53762154476e-05 2.56895020581e-05 2.52717865775e-05 2.56895020581e-05 2.56895020581e-05 2.27654936938e-05 2.45407844864e-05 2.52717865775e-05 2.55850731879e-05 2.54806443178e-05 2.17212049922e-05 2.45407844864e-05 2.56895020581e-05 2.52717865775e-05 2.52717865775e-05 2.56895020581e-05 2.44363556162e-05 2.56895020581e-05 2.56895020581e-05 2.45407844864e-05 2.52717865775e-05 2.4958499967e-05 2.33920669147e-05 2.39142112655e-05 2.43319267461e-05 2.45407844864e-05 2.31832091744e-05 2.11990606414e-05 2.18256338624e-05 2.18256338624e-05 2.14079183817e-05 2.1616776122e-05 1.9528198719e-05 1.67086192248e-05 1.50377573023e-05 1.56643305232e-05 1.73351924457e-05 1.76484790562e-05 1.43067552112e-05 1.52466150426e-05 1.52466150426e-05 1.4828899562e-05 1.73351924457e-05 -9999 -9999
2.56895020581e-05 2.44363556162e-05 2.56895020581e-05 2.56895020581e-05 2.50629288372e-05 2.39142112655e-05 2.60027886686e-05 2.54806443178e-05 2.50629288372e-05 2.51673577073e-05 2.56895020581e-05 2.45407844864e-05 2.39142112655e-05 2.24522070833e-05 2.47496422267e-05 2.56895020581e-05 2.52717865775e-05 2.18256338624e-05 2.45407844864e-05 2.56895020581e-05 2.52717865775e-05 2.56895020581e-05 2.56895020581e-05 2.43319267461e-05 2.52717865775e-05 2.51673577073e-05 2.48540710968e-05 2.45407844864e-05 2.25566359534e-05 2.41230690058e-05 2.39142112655e-05 2.43319267461e-05 2.14079183817e-05 2.39142112655e-05 2.42274978759e-05 2.30787803042e-05 2.23477782131e-05 2.26610648236e-05 2.07813451608e-05 1.74396213159e-05 1.70219058352e-05 1.6186474874e-05 1.52466150426e-05 1.96326275891e-05 1.52466150426e-05 1.53510439128e-05 1.73351924457e-05 1.40978974709e-05 1.72307635755e-05 1.72307635755e-05 1.46200418217e-05 -9999
2.4958499967e-05 2.56895020581e-05 2.56895020581e-05 2.56895020581e-05 2.56895020581e-05 2.56895020581e-05 2.52717865775e-05 2.43319267461e-05 2.56895020581e-05 2.26610648236e-05 2.56895020581e-05 2.56895020581e-05 2.56895020581e-05 2.31832091744e-05 2.44363556162e-05 2.54806443178e-05 2.56895020581e-05 2.56895020581e-05 2.43319267461e-05 2.43319267461e-05 2.48540710968e-05 2.56895020581e-05 2.56895020581e-05 2.41230690058e-05 2.52717865775e-05 2.53762154476e-05 2.44363556162e-05 2.39142112655e-05 2.39142112655e-05 2.33920669147e-05 2.43319267461e-05 2.42274978759e-05 2.31832091744e-05 2.31832091744e-05 2.33920669147e-05 2.33920669147e-05 2.15123472519e-05 2.18256338624e-05 2.14079183817e-05 2.03636296802e-05 2.03636296802e-05 1.52466150426e-05 1.73351924457e-05 1.83794811472e-05 2.025920081e-05 1.52466150426e-05 1.29491798992e-05 1.72307635755e-05 1.72307635755e-05 1.83794811472e-05 1.67086192248e-05 -9999
2.53762154476e-05 2.56895020581e-05 2.56895020581e-05 2.57939309282e-05 2.56895020581e-05 2.60027886686e-05 2.56895020581e-05 2.56895020581e-05 2.56895020581e-05 2.4958499967e-05 2.45407844864e-05 2.56895020581e-05 2.56895020581e-05 2.56895020581e-05 2.52717865775e-05 2.52717865775e-05 2.56895020581e-05 2.56895020581e-05 2.45407844864e-05 2.54806443178e-05 2.41230690058e-05 2.56895020581e-05 2.56895020581e-05 2.56895020581e-05 2.56895020581e-05 2.54806443178e-05 2.42274978759e-05 2.31832091744e-05 2.52717865775e-05 2.45407844864e-05 2.30787803042e-05 2.31832091744e-05 2.34964957848e-05 2.3600924655e-05 2.30787803042e-05 2.30787803042e-05 2.26610648236e-05 2.03636296802e-05 2.05724874205e-05 2.05724874205e-05 2.025920081e-05 2.03636296802e-05 2.00503430697e-05 2.03636296802e-05 1.79617656666e-05 1.92149121085e-05 1.76484790562e-05 1.52466150426e-05 1.74396213159e-05 1.77529079263e-05 1.66041903546e-05 1.57687593934e-05
2.45407844864e-05 2.52717865775e-05 2.53762154476e-05 2.56895020581e-05 2.60027886686e-05 2.56895020581e-05 2.52717865775e-05 2.53762154476e-05 2.57939309282e-05 2.56895020581e-05 2.4958499967e-05 2.39142112655e-05 2.60027886686e-05 2.56895020581e-05 2.56895020581e-05 2.53762154476e-05 2.56895020581e-05 2.56895020581e-05 2.56895020581e-05 2.56895020581e-05 2.52717865775e-05 2.56895020581e-05 2.56895020581e-05 2.56895020581e-05 2.56895020581e-05 2.55850731879e-05 2.4958499967e-05 2.52717865775e-05 2.52717865775e-05 2.31832091744e-05 2.26610648236e-05 2.39142112655e-05 2.30787803042e-05 2.30787803042e-05 2.30787803042e-05 2.14079183817e-05 2.19300627325e-05 2.18256338624e-05 1.93193409786e-05 2.2243349343e-05 1.96326275891e-05 1.92149121085e-05 2.00503430697e-05 2.03636296802e-05 1.96326275891e-05 2.03636296802e-05 1.73351924457e-05 1.43067552112e-05 1.53510439128e-05 1.4828899562e-05 1.92149121085e-05 1.4828899562e-05
2.60027886686e-05 2.52717865775e-05 2.30787803042e-05 2.33920669147e-05 2.56895020581e-05 2.60027886686e-05 2.58983597984e-05 2.52717865775e-05 2.56895020581e-05 2.56895020581e-05 2.56895020581e-05 2.52717865775e-05 2.57939309282e-05 2.56895020581e-05 2.56895020581e-05 2.55850731879e-05 2.56895020581e-05 2.56895020581e-05 2.56895020581e-05 2.56895020581e-05 2.56895020581e-05 2.52717865775e-05 2.51673577073e-05 2.45407844864e-05 2.44363556162e-05 2.48540710968e-05 2.52717865775e-05 2.52717865775e-05 2.43319267461e-05 2.43319267461e-05 2.46452133565e-05 2.26610648236e-05 2.37053535251e-05 2.33920669147e-05 2.31832091744e-05 2.10946317713e-05 2.2243349343e-05 2.18256338624e-05 2.19300627325e-05 2.1616776122e-05 2.1616776122e-05 1.79617656666e-05 1.73351924457e-05 1.92149121085e-05 1.9528198719e-05 1.87971966279e-05 1.72307635755e-05 1.15916045872e-05 1.27403221589e-05 1.73351924457e-05 1.58731882635e-05 1.39934686007e-05
2.4958499967e-05 2.56895020581e-05 2.45407844864e-05 2.52717865775e-05 2.50629288372e-05 2.58983597984e-05 2.58983597984e-05 2.60027886686e-05 2.60027886686e-05 2.60027886686e-05 2.56895020581e-05 2.56895020581e-05 2.56895020581e-05 2.56895020581e-05 2.56895020581e-05 2.56895020581e-05 2.56895020581e-05 2.56895020581e-05 2.56895020581e-05 2.56895020581e-05 2.56895020581e-05 2.56895020581e-05 2.52717865775e-05 2.52717865775e-05 2.55850731879e-05 2.52717865775e-05 2.52717865775e-05 2.43319267461e-05 2.50629288372e-05 2.44363556162e-05 2.33920669147e-05 2.42274978759e-05 2.24522070833e-05 2.30787803042e-05 2.42274978759e-05 2.30787803042e-05 2.18256338624e-05 2.18256338624e-05 2.20344916027e-05 2.14079183817e-05 2.14079183817e-05 2.0885774031e-05 1.84839100174e-05 1.76484790562e-05 1.73351924457e-05 1.73351924457e-05 1.79617656666e-05 1.32624665097e-05 1.31580376395e-05 1.4828899562e-05 1.42023263411e-05 1.58731882635e-05
2.45407844864e-05 2.60027886686e-05 2.60027886686e-05 2.45407844864e-05 2.56895020581e-05 2.60027886686e-05 2.42274978759e-05 2.60027886686e-05 2.60027886686e-05 2.56895020581e-05 2.58983597984e-05 2.56895020581e-05 2.56895020581e-05 2.57939309282e-05 2.56895020581e-05 2.56895020581e-05 2.56895020581e-05 2.56895020581e-05 2.56895020581e-05 2.56895020581e-05 2.56895020581e-05 2.56895020581e-05 2.55850731879e-05 2.52717865775e-05 2.52717865775e-05 2.52717865775e-05 2.50629288372e-05 2.41230690058e-05 2.4958499967e-05 2.43319267461e-05 2.33920669147e-05 2.39142112655e-05 2.43319267461e-05 2.41230690058e-05 2.43319267461e-05 2.41230690058e-05 2.39142112655e-05 2.1616776122e-05 2.18256338624e-05 2.31832091744e-05 2.1616776122e-05 2.14079183817e-05 1.97370564593e-05 1.97370564593e-05 1.79617656666e-05 1.73351924457e-05 1.67086192248e-05 1.50377573023e-05 1.38890397306e-05 1.4828899562e-05 1.52466150426e-05 9.7118849244e-06
2.60027886686e-05 2.60027886686e-05 2.60027886686e-05 2.60027886686e-05 2.54806443178e-05 2.60027886686e-05 2.56895020581e-05 2.52717865775e-05 2.60027886686e-05 2.56895020581e-05 2.60027886686e-05 2.56895020581e-05 2.56895020581e-05 2.57939309282e-05 2.56895020581e-05 2.56895020581e-05 2.56895020581e-05 2.56895020581e-05 2.56895020581e-05 2.56895020581e-05 2.56895020581e-05 2.56895020581e-05 2.52717865775e-05 2.50629288372e-05 2.52717865775e-05 2.52717865775e-05 2.41230690058e-05 2.39142112655e-05 2.44363556162e-05 2.44363556162e-05 2.30787803042e-05 2.39142112655e-05 2.42274978759e-05 2.30787803042e-05 2.39142112655e-05 2.33920669147e-05 2.39142112655e-05 2.25566359534e-05 2.10946317713e-05 2.14079183817e-05 2.19300627325e-05 2.17212049922e-05 2.00503430697e-05 1.74396213159e-05 1.53510439128e-05 1.73351924457e-05 1.71263347054e-05 1.73351924457e-05 1.26358932887e-05 1.39934686007e-05 1.35757531201e-05 1.46200418217e-05
2.4958499967e-05 2.56895020581e-05 2.56895020581e-05 2.52717865775e-05 2.4958499967e-05 2.60027886686e-05 2.56895020581e-05 2.56895020581e-05 2.60027886686e-05 2.60027886686e-05 2.60027886686e-05 2.56895020581e-05 2.54806443178e-05 2.56895020581e-05 2.56895020581e-05 2.56895020581e-05 2.56895020581e-05 2.56895020581e-05 2.56895020581e-05 2.56895020581e-05 2.56895020581e-05 2.56895020581e-05 2.55850731879e-05 2.52717865775e-05 2.53762154476e-05 2.52717865775e-05 2.4958499967e-05 2.28699225639e-05 2.41230690058e-05 2.2243349343e-05 2.30787803042e-05 2.39142112655e-05 2.18256338624e-05 2.1616776122e-05 2.30787803042e-05 2.31832091744e-05 2.31832091744e-05 2.24522070833e-05 2.20344916027e-05 1.96326275891e-05 2.03636296802e-05 2.11990606414e-05 2.1616776122e-05 2.03636296802e-05 1.56643305232e-05 1.71263347054e-05 1.97370564593e-05 1.79617656666e-05 1.42023263411e-05 1.15916045872e-05 1.32624665097e-05 1.35757531201e-05
2.62116464089e-05 2.56895020581e-05 2.62116464089e-05 2.56895020581e-05 2.56895020581e-05 2.60027886686e-05 2.52717865775e-05 2.48540710968e-05 2.60027886686e-05 2.60027886686e-05 2.57939309282e-05 2.56895020581e-05 2.56895020581e-05 2.52717865775e-05 2.56895020581e-05 2.56895020581e-05 2.56895020581e-05 2.56895020581e-05 2.56895020581e-05 2.56895020581e-05 2.56895020581e-05 2.55850731879e-05 2.53762154476e-05 2.52717865775e-05 2.52717865775e-05 2.50629288372e-05 2.41230690058e-05 2.42274978759e-05 2.30787803042e-05 2.26610648236e-05 2.31832091744e-05 2.30787803042e-05 2.30787803042e-05 2.30787803042e-05 2.23477782131e-05 2.1616776122e-05 2.19300627325e-05 2.30787803042e-05 1.97370564593e-05 2.03636296802e-05 2.10946317713e-05 2.0885774031e-05 2.0885774031e-05 2.025920081e-05 1.87971966279e-05 1.97370564593e-05 1.77529079263e-05 1.73351924457e-05 1.76484790562e-05 1.03384581453e-05 1.73351924457e-05 1.32624665097e-05
2.60027886686e-05 2.60027886686e-05 2.61072175387e-05 2.55850731879e-05 2.56895020581e-05 2.56895020581e-05 2.52717865775e-05 2.51673577073e-05 2.60027886686e-05 2.60027886686e-05 2.56895020581e-05 2.56895020581e-05 2.58983597984e-05 2.56895020581e-05 2.56895020581e-05 2.56895020581e-05 2.56895020581e-05 2.56895020581e-05 2.55850731879e-05 2.56895020581e-05 2.52717865775e-05 2.46452133565e-05 2.52717865775e-05 2.46452133565e-05 2.43319267461e-05 2.4958499967e-05 2.30787803042e-05 2.39142112655e-05 2.30787803042e-05 2.31832091744e-05 2.2243349343e-05 2.39142112655e-05 2.33920669147e-05 2.40186401356e-05 2.28699225639e-05 2.30787803042e-05 2.26610648236e-05 2.38097823953e-05 2.04680585503e-05 2.18256338624e-05 1.98414853294e-05 1.94237698488e-05 2.10946317713e-05 2.18256338624e-05 2.03636296802e-05 2.14079183817e-05 1.60820460038e-05 1.74396213159e-05 1.99459141996e-05 1.74396213159e-05 1.36801819903e-05 1.76484790562e-05
2.43319267461e-05 2.62116464089e-05 2.56895020581e-05 2.52717865775e-05 2.60027886686e-05 2.60027886686e-05 2.60027886686e-05 2.52717865775e-05 2.60027886686e-05 2.58983597984e-05 2.56895020581e-05 2.56895020581e-05 2.58983597984e-05 2.56895020581e-05 2.56895020581e-05 2.56895020581e-05 2.56895020581e-05 2.4958499967e-05 2.55850731879e-05 2.45407844864e-05 2.47496422267e-05 2.4958499967e-05 2.52717865775e-05 2.51673577073e-05 2.45407844864e-05 2.45407844864e-05 2.39142112655e-05 2.41230690058e-05 2.31832091744e-05 2.26610648236e-05 2.30787803042e-05 2.2243349343e-05 2.42274978759e-05 2.31832091744e-05 2.19300627325e-05 2.18256338624e-05 2.2243349343e-05 2.26610648236e-05 2.26610648236e-05 2.05724874205e-05 1.94237698488e-05 2.0885774031e-05 2.05724874205e-05 1.97370564593e-05 1.74396213159e-05 2.025920081e-05 1.57687593934e-05 1.46200418217e-05 1.82750522771e-05 1.39934686007e-05 1.76484790562e-05 1.49333284321e-05
2.60027886686e-05 2.56895020581e-05 2.56895020581e-05 2.56895020581e-05 2.58983597984e-05 2.60027886686e-05 2.56895020581e-05 2.56895020581e-05 2.60027886686e-05 2.57939309282e-05 2.60027886686e-05 2.56895020581e-05 2.58983597984e-05 2.56895020581e-05 2.56895020581e-05 2.56895020581e-05 2.56895020581e-05 2.56895020581e-05 2.55850731879e-05 2.55850731879e-05 2.4958499967e-05 2.4958499967e-05 2.43319267461e-05 2.31832091744e-05 2.41230690058e-05 2.44363556162e-05 2.30787803042e-05 2.33920669147e-05 2.26610648236e-05 2.29743514341e-05 2.26610648236e-05 2.18256338624e-05 2.29743514341e-05 2.42274978759e-05 2.05724874205e-05 2.0885774031e-05 2.1616776122e-05 2.26610648236e-05 2.2243349343e-05 2.1616776122e-05 2.15123472519e-05 2.03636296802e-05 2.18256338624e-05 2.2243349343e-05 2.03636296802e-05 1.56643305232e-05 1.67086192248e-05 1.26358932887e-05 1.58731882635e-05 1.58731882635e-05 1.40978974709e-05 1.32624665097e-05
2.52717865775e-05 2.56895020581e-05 2.52717865775e-05 2.60027886686e-05 2.56895020581e-05 2.58983597984e-05 2.60027886686e-05 2.56895020581e-05 2.58983597984e-05 2.58983597984e-05 2.56895020581e-05 2.56895020581e-05 2.56895020581e-05 2.56895020581e-05 2.56895020581e-05 2.56895020581e-05 2.56895020581e-05 2.56895020581e-05 2.56895020581e-05 2.52717865775e-05 2.52717865775e-05 2.4958499967e-05 2.43319267461e-05 2.30787803042e-05 2.38097823953e-05 2.31832091744e-05 2.44363556162e-05 2.41230690058e-05 2.2243349343e-05 2.26610648236e-05 2.30787803042e-05 2.1616776122e-05 2.24522070833e-05 2.18256338624e-05 2.14079183817e-05 2.18256338624e-05 2.26610648236e-05 2.18256338624e-05 2.14079183817e-05 2.14079183817e-05 2.09902029011e-05 1.83794811472e-05 2.15123472519e-05 2.11990606414e-05 2.1616776122e-05 1.96326275891e-05 1.99459141996e-05 1.7544050186e-05 1.55599016531e-05 1.62909037442e-05 1.56643305232e-05 1.47244706918e-05
2.56895020581e-05 2.58983597984e-05 2.62116464089e-05 2.60027886686e-05 2.58983597984e-05 2.60027886686e-05 2.60027886686e-05 2.60027886686e-05 2.60027886686e-05 2.56895020581e-05 2.57939309282e-05 2.56895020581e-05 2.58983597984e-05 2.56895020581e-05 2.54806443178e-05 2.56895020581e-05 2.56895020581e-05 2.56895020581e-05 2.55850731879e-05 2.52717865775e-05 2.45407844864e-05 2.4958499967e-05 2.4958499967e-05 2.43319267461e-05 2.30787803042e-05 2.19300627325e-05 2.30787803042e-05 2.41230690058e-05 2.41230690058e-05 2.28699225639e-05 2.18256338624e-05 2.26610648236e-05 2.24522070833e-05 2.18256338624e-05 2.19300627325e-05 2.15123472519e-05 2.18256338624e-05 2.20344916027e-05 2.18256338624e-05 2.2243349343e-05 2.15123472519e-05 1.58731882635e-05 1.92149121085e-05 1.98414853294e-05 2.13034895116e-05 2.10946317713e-05 1.97370564593e-05 1.72307635755e-05 1.56643305232e-05 1.70219058352e-05 1.73351924457e-05 1.52466150426e-05
2.56895020581e-05 2.61072175387e-05 2.60027886686e-05 2.60027886686e-05 2.56895020581e-05 2.56895020581e-05 2.57939309282e-05 2.55850731879e-05 2.56895020581e-05 2.58983597984e-05 2.60027886686e-05 2.56895020581e-05 2.56895020581e-05 2.56895020581e-05 2.56895020581e-05 2.56895020581e-05 2.56895020581e-05 2.52717865775e-05 2.52717865775e-05 2.45407844864e-05 2.51673577073e-05 2.51673577073e-05 2.50629288372e-05 2.48540710968e-05 2.30787803042e-05 2.39142112655e-05 2.39142112655e-05 2.33920669147e-05 2.39142112655e-05 2.31832091744e-05 2.24522070833e-05 2.05724874205e-05 2.07813451608e-05 2.0885774031e-05 2.04680585503e-05 2.17212049922e-05 2.18256338624e-05 2.18256338624e-05 2.2243349343e-05 2.14079183817e-05 2.1616776122e-05 1.98414853294e-05 1.83794811472e-05 2.03636296802e-05 2.15123472519e-05 1.99459141996e-05 1.40978974709e-05 1.79617656666e-05 1.76484790562e-05 1.58731882635e-05 1.55599016531e-05 1.52466150426e-05
2.60027886686e-05 2.56895020581e-05 2.60027886686e-05 2.60027886686e-05 2.56895020581e-05 2.56895020581e-05 2.56895020581e-05 2.56895020581e-05 2.56895020581e-05 2.58983597984e-05 2.56895020581e-05 2.56895020581e-05 2.56895020581e-05 2.56895020581e-05 2.56895020581e-05 2.56895020581e-05 2.56895020581e-05 2.54806443178e-05 2.52717865775e-05 2.39142112655e-05 2.4958499967e-05 2.51673577073e-05 2.45407844864e-05 2.44363556162e-05 2.45407844864e-05 2.43319267461e-05 2.31832091744e-05 2.26610648236e-05 2.18256338624e-05 2.39142112655e-05 2.33920669147e-05 2.2243349343e-05 2.04680585503e-05 1.73351924457e-05 2.03636296802e-05 1.94237698488e-05 2.14079183817e-05 2.1616776122e-05 2.00503430697e-05 2.18256338624e-05 2.00503430697e-05 2.03636296802e-05 1.77529079263e-05 2.03636296802e-05 2.0885774031e-05 2.03636296802e-05 1.52466150426e-05 1.57687593934e-05 1.96326275891e-05 1.73351924457e-05 1.2844751029e-05 1.66041903546e-05
