Example/niche_background/models/ENFA/normalized_grids/Anolis_chlorocyanus_0.asc
ncols        743
nrows        319
xllcorner    -74.500956448335
yllcorner    17.448920549066
cellsize     0.008333333333
NODATA_value  -9999
[rows 161 to 183 of 318, columns 357 to 407 of 743]
1.46902554891e-05 1.45954796473e-05 1.21313077588e-05 8.24549824229e-06 4.83356793513e-06 2.36939604663e-06 1.23208594425e-06 1.32686178612e-06 2.36939604663e-06 2.36939604663e-06 1.89551683731e-06 1.42163762798e-06 1.23208594425e-06 1.42163762798e-06 1.23208594425e-06 1.23208594425e-06 1.70596515358e-06 1.89551683731e-06 2.08506852104e-06 4.73879209327e-06 2.93805109783e-06 4.54924040954e-06 9.00370497721e-06 1.06148942889e-05 1.45954796473e-05 1.56380139078e-05 1.66805481683e-05 1.25104111262e-05 1.44059279635e-05 1.49745830147e-05 1.49745830147e-05 1.46902554891e-05 9.95146339586e-06 1.59223414334e-05 1.1941756075e-05 9.95146339586e-06 1.36477212286e-05 1.36477212286e-05 1.34581695449e-05 1.34581695449e-05 1.58275655915e-05 1.63962206427e-05 1.38372729123e-05 1.20365319169e-05 1.16574285494e-05 1.54484622241e-05 1.44059279635e-05 1.53536863822e-05 1.34581695449e-05 1.56380139078e-05 1.63962206427e-05
1.55432380659e-05 1.37424970705e-05 1.24156352844e-05 7.96117071669e-06 3.31715446529e-06 1.23208594425e-06 3.79103367461e-07 3.79103367461e-07 1.89551683731e-07 4.73879209327e-07 5.68655051192e-07 2.84327525596e-07 1.89551683731e-07 5.68655051192e-07 5.68655051192e-07 3.79103367461e-07 4.73879209327e-07 5.68655051192e-07 6.63430893058e-07 1.80074099544e-06 3.12760278156e-06 2.36939604663e-06 8.43504992602e-06 9.76191171213e-06 1.27947386518e-05 1.3363393703e-05 1.44059279635e-05 1.6870099852e-05 1.56380139078e-05 1.45954796473e-05 1.39320487542e-05 1.56380139078e-05 1.45954796473e-05 1.56380139078e-05 1.46902554891e-05 1.36477212286e-05 1.32686178612e-05 1.55432380659e-05 1.35529453867e-05 1.6206668959e-05 1.55432380659e-05 1.6206668959e-05 1.6206668959e-05 1.3363393703e-05 1.3363393703e-05 1.31738420193e-05 1.39320487542e-05 1.46902554891e-05 1.44059279635e-05 1.36477212286e-05 1.57327897496e-05
1.46902554891e-05 1.26051869681e-05 1.08992218145e-05 2.93805109783e-06 1.80074099544e-06 3.79103367461e-07 9.47758418654e-08 9.47758418654e-08 9.47758418654e-08 3.79103367461e-07 3.79103367461e-07 4.73879209327e-07 4.73879209327e-07 3.79103367461e-07 4.73879209327e-07 3.79103367461e-07 3.79103367461e-07 3.79103367461e-07 3.79103367461e-07 3.79103367461e-07 1.70596515358e-06 2.36939604663e-06 2.55894773036e-06 3.41193030715e-06 5.30744714446e-06 8.05594655856e-06 1.1278325182e-05 1.269996281e-05 1.65857723264e-05 1.34581695449e-05 1.39320487542e-05 1.67753240102e-05 1.46902554891e-05 1.07096701308e-05 1.46902554891e-05 1.44059279635e-05 1.53536863822e-05 1.6206668959e-05 1.59223414334e-05 1.41216004379e-05 1.53536863822e-05 1.39320487542e-05 1.53536863822e-05 1.45007038054e-05 1.44059279635e-05 1.48798071729e-05 1.46902554891e-05 1.55432380659e-05 1.6206668959e-05 1.56380139078e-05 1.51641346985e-05
1.50693588566e-05 1.43111521217e-05 4.6440162514e-06 2.65372357223e-06 1.51641346985e-06 4.73879209327e-07 4.73879209327e-07 3.79103367461e-07 5.68655051192e-07 3.79103367461e-07 5.68655051192e-07 5.68655051192e-07 1.23208594425e-06 2.08506852104e-06 9.47758418654e-07 3.79103367461e-07 3.79103367461e-07 2.84327525596e-07 3.79103367461e-07 2.84327525596e-07 5.68655051192e-07 1.80074099544e-06 2.1798443629e-06 1.51641346985e-06 3.79103367461e-07 5.68655051192e-07 2.1798443629e-06 1.16574285494e-05 1.13731010238e-05 1.51641346985e-05 1.3363393703e-05 1.65857723264e-05 1.66805481683e-05 1.45954796473e-05 1.56380139078e-05 1.59223414334e-05 1.45954796473e-05 1.20365319169e-05 1.51641346985e-05 1.58275655915e-05 1.65857723264e-05 1.55432380659e-05 1.59223414334e-05 1.58275655915e-05 1.65857723264e-05 1.64909964846e-05 1.63962206427e-05 1.6206668959e-05 1.51641346985e-05 1.51641346985e-05 1.63962206427e-05
1.53536863822e-05 1.3363393703e-05 5.40222298633e-06 6.72908477244e-06 2.4641718885e-06 2.36939604663e-06 1.89551683731e-06 1.70596515358e-06 1.32686178612e-06 1.23208594425e-06 1.04253426052e-06 2.36939604663e-06 2.55894773036e-06 3.41193030715e-06 2.65372357223e-06 1.80074099544e-06 5.68655051192e-07 1.23208594425e-06 4.73879209327e-07 3.79103367461e-07 3.79103367461e-07 6.63430893058e-07 1.32686178612e-06 2.55894773036e-06 2.7484994141e-06 3.03282693969e-06 6.53953308871e-06 1.05201184471e-05 1.3363393703e-05 1.53536863822e-05 1.53536863822e-05 1.67753240102e-05 1.67753240102e-05 1.61118931171e-05 1.53536863822e-05 1.21313077588e-05 1.51641346985e-05 1.64909964846e-05 1.65857723264e-05 1.6870099852e-05 1.46902554891e-05 1.58275655915e-05 1.56380139078e-05 1.45954796473e-05 1.55432380659e-05 1.44059279635e-05 1.55432380659e-05 1.56380139078e-05 1.51641346985e-05 1.58275655915e-05 1.51641346985e-05
1.16574285494e-05 1.01410150796e-05 1.23208594425e-05 5.49699882819e-06 8.24549824229e-06 5.30744714446e-06 5.87610219565e-06 3.98058535835e-06 2.36939604663e-06 2.36939604663e-06 3.41193030715e-06 6.25520556311e-06 7.29773982363e-06 5.78132635379e-06 4.83356793513e-06 2.65372357223e-06 2.36939604663e-06 2.65372357223e-06 2.4641718885e-06 4.73879209327e-07 2.84327525596e-07 4.73879209327e-07 1.61118931171e-06 2.08506852104e-06 3.41193030715e-06 4.928343777e-06 7.20296398177e-06 8.34027408415e-06 1.16574285494e-05 1.16574285494e-05 1.45954796473e-05 1.44059279635e-05 1.24156352844e-05 1.56380139078e-05 1.6206668959e-05 1.64909964846e-05 1.3363393703e-05 1.34581695449e-05 1.53536863822e-05 1.56380139078e-05 1.25104111262e-05 1.65857723264e-05 1.51641346985e-05 1.64909964846e-05 1.6206668959e-05 1.56380139078e-05 1.51641346985e-05 1.6206668959e-05 1.64909964846e-05 1.39320487542e-05 1.53536863822e-05
8.34027408415e-06 1.09939976564e-05 1.06148942889e-05 1.09939976564e-05 9.856687554e-06 9.19325666094e-06 8.34027408415e-06 4.83356793513e-06 3.69625783275e-06 4.83356793513e-06 7.58206734923e-06 5.40222298633e-06 9.00370497721e-06 8.34027408415e-06 9.28803250281e-06 9.95146339586e-06 7.86639487482e-06 4.6440162514e-06 2.36939604663e-06 2.08506852104e-06 1.23208594425e-06 4.73879209327e-07 1.23208594425e-06 1.61118931171e-06 2.1798443629e-06 3.12760278156e-06 3.31715446529e-06 5.30744714446e-06 5.97087803752e-06 7.86639487482e-06 1.18469802332e-05 1.1941756075e-05 1.56380139078e-05 1.31738420193e-05 1.56380139078e-05 1.56380139078e-05 1.75335307451e-05 1.48798071729e-05 1.6870099852e-05 1.63962206427e-05 1.6206668959e-05 1.6206668959e-05 1.61118931171e-05 1.63962206427e-05 1.65857723264e-05 1.4785031331e-05 1.63962206427e-05 1.64909964846e-05 1.54484622241e-05 1.6206668959e-05 1.59223414334e-05
9.47758418654e-06 4.54924040954e-06 4.928343777e-06 5.68655051192e-06 8.62460160975e-06 8.05594655856e-06 5.97087803752e-06 5.40222298633e-06 4.73879209327e-06 5.40222298633e-06 5.30744714446e-06 7.96117071669e-06 1.1278325182e-05 1.16574285494e-05 1.05201184471e-05 8.34027408415e-06 8.62460160975e-06 9.856687554e-06 7.67684319109e-06 6.25520556311e-06 2.4641718885e-06 1.61118931171e-06 1.23208594425e-06 7.58206734923e-07 1.23208594425e-06 2.08506852104e-06 2.1798443629e-06 1.89551683731e-06 2.7484994141e-06 8.34027408415e-06 1.36477212286e-05 1.73439790614e-05 1.45954796473e-05 1.57327897496e-05 1.6870099852e-05 1.46902554891e-05 1.46902554891e-05 1.45954796473e-05 1.46902554891e-05 1.65857723264e-05 1.67753240102e-05 1.50693588566e-05 1.65857723264e-05 1.58275655915e-05 1.64909964846e-05 1.59223414334e-05 1.46902554891e-05 1.55432380659e-05 1.6206668959e-05 1.59223414334e-05 1.59223414334e-05
7.96117071669e-06 7.48729150736e-06 4.928343777e-06 1.04253426052e-05 8.62460160975e-06 3.12760278156e-06 3.60148199088e-06 4.26491288394e-06 4.35968872581e-06 3.98058535835e-06 4.54924040954e-06 4.928343777e-06 5.49699882819e-06 1.01410150796e-05 9.19325666094e-06 7.86639487482e-06 8.52982576788e-06 8.62460160975e-06 1.27947386518e-05 1.269996281e-05 8.62460160975e-06 3.41193030715e-06 2.08506852104e-06 2.55894773036e-06 2.08506852104e-06 1.80074099544e-06 2.36939604663e-06 2.36939604663e-06 5.49699882819e-06 1.06148942889e-05 1.45954796473e-05 1.45954796473e-05 1.57327897496e-05 1.46902554891e-05 1.49745830147e-05 1.56380139078e-05 1.56380139078e-05 1.51641346985e-05 1.53536863822e-05 1.65857723264e-05 1.58275655915e-05 1.45954796473e-05 1.45954796473e-05 1.57327897496e-05 1.58275655915e-05 1.46902554891e-05 1.63962206427e-05 1.53536863822e-05 1.53536863822e-05 1.6206668959e-05 1.56380139078e-05
4.73879209327e-06 5.11789546073e-06 8.24549824229e-06 4.83356793513e-06 8.34027408415e-06 7.48729150736e-06 3.12760278156e-06 4.928343777e-06 5.49699882819e-06 2.7484994141e-06 2.65372357223e-06 4.83356793513e-06 1.08044459727e-05 1.09939976564e-05 3.12760278156e-06 7.67684319109e-06 1.25104111262e-05 1.45954796473e-05 1.09939976564e-05 1.07096701308e-05 1.21313077588e-05 1.09939976564e-05 1.18469802332e-05 7.48729150736e-06 5.87610219565e-06 3.12760278156e-06 3.41193030715e-06 4.6440162514e-06 1.07096701308e-05 1.40268245961e-05 1.63962206427e-05 1.56380139078e-05 1.21313077588e-05 1.45954796473e-05 1.65857723264e-05 1.65857723264e-05 1.56380139078e-05 1.46902554891e-05 1.64909964846e-05 1.44059279635e-05 1.53536863822e-05 1.13731010238e-05 1.20365319169e-05 1.25104111262e-05 1.45954796473e-05 1.49745830147e-05 1.52589105403e-05 1.53536863822e-05 1.6206668959e-05 1.58275655915e-05 1.6206668959e-05
1.80074099544e-06 1.89551683731e-06 3.03282693969e-06 4.83356793513e-06 2.7484994141e-06 4.83356793513e-06 3.98058535835e-06 5.30744714446e-06 7.20296398177e-06 7.58206734923e-06 8.34027408415e-06 9.76191171213e-06 4.54924040954e-06 2.93805109783e-06 2.7484994141e-06 4.54924040954e-06 5.68655051192e-06 1.09939976564e-05 1.07096701308e-05 1.55432380659e-05 1.06148942889e-05 1.27947386518e-05 1.45954796473e-05 1.35529453867e-05 1.32686178612e-05 1.18469802332e-05 1.45954796473e-05 1.14678768657e-05 1.3363393703e-05 1.3363393703e-05 1.18469802332e-05 1.36477212286e-05 1.3363393703e-05 1.45954796473e-05 1.46902554891e-05 1.40268245961e-05 1.52589105403e-05 1.6206668959e-05 1.64909964846e-05 1.3363393703e-05 1.21313077588e-05 1.24156352844e-05 1.38372729123e-05 1.36477212286e-05 1.55432380659e-05 1.1278325182e-05 1.38372729123e-05 1.34581695449e-05 1.18469802332e-05 1.64909964846e-05 1.3363393703e-05
4.73879209327e-07 5.68655051192e-07 1.23208594425e-06 2.1798443629e-06 3.98058535835e-06 3.41193030715e-06 3.03282693969e-06 4.83356793513e-06 5.11789546073e-06 5.78132635379e-06 7.01341229804e-06 6.16042972125e-06 8.34027408415e-06 6.44475724684e-06 4.83356793513e-06 3.98058535835e-06 3.31715446529e-06 6.63430893058e-06 1.20365319169e-05 1.14678768657e-05 1.26051869681e-05 1.58275655915e-05 1.25104111262e-05 1.3363393703e-05 1.53536863822e-05 1.45954796473e-05 1.37424970705e-05 1.37424970705e-05 1.14678768657e-05 1.05201184471e-05 1.22260836006e-05 1.3363393703e-05 1.3363393703e-05 1.21313077588e-05 1.64909964846e-05 1.44059279635e-05 1.65857723264e-05 1.51641346985e-05 1.56380139078e-05 1.20365319169e-05 1.44059279635e-05 1.3363393703e-05 1.15626527076e-05 1.21313077588e-05 1.18469802332e-05 1.69648756939e-05 1.90499442149e-05 1.55432380659e-05 1.55432380659e-05 1.43111521217e-05 9.95146339586e-06
9.47758418654e-08 1.89551683731e-07 1.89551683731e-07 4.73879209327e-07 4.73879209327e-07 1.80074099544e-06 2.55894773036e-06 2.36939604663e-06 3.12760278156e-06 3.88580951648e-06 5.49699882819e-06 5.97087803752e-06 4.6440162514e-06 2.93805109783e-06 1.89551683731e-06 2.65372357223e-06 5.68655051192e-06 1.14678768657e-05 1.08992218145e-05 1.38372729123e-05 1.3363393703e-05 1.57327897496e-05 1.65857723264e-05 1.65857723264e-05 1.65857723264e-05 1.18469802332e-05 1.38372729123e-05 1.46902554891e-05 1.43111521217e-05 1.55432380659e-05 1.51641346985e-05 1.1278325182e-05 1.1941756075e-05 1.21313077588e-05 1.36477212286e-05 1.65857723264e-05 1.65857723264e-05 1.49745830147e-05 1.36477212286e-05 1.3363393703e-05 1.39320487542e-05 1.56380139078e-05 1.6206668959e-05 1.51641346985e-05 1.46902554891e-05 1.3363393703e-05 1.1941756075e-05 1.25104111262e-05 1.56380139078e-05 1.14678768657e-05 1.6206668959e-05
0.0 0.0 0.0 1.89551683731e-07 9.47758418654e-08 1.89551683731e-07 6.63430893058e-07 2.08506852104e-06 2.55894773036e-06 3.03282693969e-06 2.65372357223e-06 4.26491288394e-06 4.83356793513e-06 2.4641718885e-06 5.68655051192e-07 5.68655051192e-07 3.41193030715e-06 9.95146339586e-06 1.06148942889e-05 1.36477212286e-05 1.46902554891e-05 1.56380139078e-05 1.46902554891e-05 1.63962206427e-05 1.65857723264e-05 1.46902554891e-05 1.65857723264e-05 1.65857723264e-05 1.61118931171e-05 1.36477212286e-05 1.56380139078e-05 1.65857723264e-05 1.56380139078e-05 1.60171172752e-05 1.58275655915e-05 1.6206668959e-05 1.49745830147e-05 1.65857723264e-05 1.51641346985e-05 1.35529453867e-05 1.56380139078e-05 1.56380139078e-05 1.53536863822e-05 1.51641346985e-05 1.51641346985e-05 1.64909964846e-05 1.3363393703e-05 1.44059279635e-05 1.37424970705e-05 1.07096701308e-05 1.32686178612e-05
0.0 0.0 0.0 0.0 0.0 9.47758418654e-08 1.89551683731e-07 3.79103367461e-07 5.68655051192e-07 6.63430893058e-07 1.42163762798e-06 1.23208594425e-06 1.80074099544e-06 1.99029267917e-06 1.70596515358e-06 4.73879209327e-06 5.40222298633e-06 7.3925156655e-06 5.87610219565e-06 1.00462392377e-05 1.3363393703e-05 1.08044459727e-05 1.57327897496e-05 1.3363393703e-05 1.38372729123e-05 1.6870099852e-05 1.46902554891e-05 1.58275655915e-05 1.55432380659e-05 1.56380139078e-05 1.45954796473e-05 1.56380139078e-05 1.59223414334e-05 1.51641346985e-05 1.58275655915e-05 1.65857723264e-05 1.3363393703e-05 1.65857723264e-05 1.65857723264e-05 1.6206668959e-05 1.64909964846e-05 1.49745830147e-05 1.60171172752e-05 1.44059279635e-05 1.45954796473e-05 8.52982576788e-06 7.86639487482e-06 1.45954796473e-05 9.95146339586e-06 1.08044459727e-05 1.55432380659e-05
0.0 0.0 0.0 0.0 0.0 0.0 0.0 1.89551683731e-07 9.47758418654e-08 1.89551683731e-07 2.84327525596e-07 3.79103367461e-07 1.61118931171e-06 2.65372357223e-06 2.36939604663e-06 4.54924040954e-06 8.34027408415e-06 8.05594655856e-06 2.65372357223e-06 5.68655051192e-06 1.07096701308e-05 1.269996281e-05 1.15626527076e-05 1.40268245961e-05 1.34581695449e-05 1.56380139078e-05 1.51641346985e-05 1.65857723264e-05 1.49745830147e-05 1.6870099852e-05 1.58275655915e-05 1.60171172752e-05 1.65857723264e-05 1.6870099852e-05 1.57327897496e-05 1.45954796473e-05 1.58275655915e-05 1.45954796473e-05 1.24156352844e-05 1.52589105403e-05 1.3363393703e-05 1.23208594425e-05 1.58275655915e-05 1.23208594425e-05 1.3363393703e-05 1.07096701308e-05 1.41216004379e-05 9.19325666094e-06 1.14678768657e-05 9.95146339586e-06 1.45954796473e-05
0.0 0.0 0.0 0.0 0.0 0.0 0.0 1.89551683731e-07 0.0 0.0 0.0 1.89551683731e-07 1.42163762798e-06 1.23208594425e-06 1.89551683731e-06 3.98058535835e-06 5.87610219565e-06 9.856687554e-06 6.44475724684e-06 2.08506852104e-06 2.55894773036e-06 4.54924040954e-06 9.19325666094e-06 1.37424970705e-05 1.51641346985e-05 1.18469802332e-05 1.6206668959e-05 1.53536863822e-05 1.67753240102e-05 1.64909964846e-05 1.65857723264e-05 1.65857723264e-05 1.63962206427e-05 1.65857723264e-05 1.64909964846e-05 1.3363393703e-05 1.38372729123e-05 1.65857723264e-05 1.56380139078e-05 1.48798071729e-05 1.34581695449e-05 9.95146339586e-06 1.23208594425e-05 8.34027408415e-06 1.34581695449e-05 1.07096701308e-05 8.34027408415e-06 1.1941756075e-05 1.23208594425e-05 1.56380139078e-05 1.07096701308e-05
1.89551683731e-07 0.0 2.84327525596e-07 1.89551683731e-07 2.84327525596e-07 9.47758418654e-08 9.47758418654e-08 1.89551683731e-07 9.47758418654e-07 3.79103367461e-07 2.84327525596e-07 9.47758418654e-08 1.89551683731e-07 1.89551683731e-07 9.47758418654e-08 3.79103367461e-07 1.80074099544e-06 2.55894773036e-06 5.59177467006e-06 4.83356793513e-06 2.36939604663e-06 1.70596515358e-06 3.88580951648e-06 7.48729150736e-06 1.1278325182e-05 1.37424970705e-05 1.24156352844e-05 1.1278325182e-05 1.07096701308e-05 1.14678768657e-05 1.45954796473e-05 1.3363393703e-05 1.34581695449e-05 1.31738420193e-05 1.6870099852e-05 1.69648756939e-05 1.65857723264e-05 1.71544273776e-05 1.73439790614e-05 1.56380139078e-05 1.67753240102e-05 1.55432380659e-05 1.02357909215e-05 1.04253426052e-05 1.04253426052e-05 1.46902554891e-05 1.57327897496e-05 1.45954796473e-05 1.57327897496e-05 1.39320487542e-05 1.59223414334e-05
1.89551683731e-07 9.47758418654e-08 2.84327525596e-07 1.23208594425e-06 2.36939604663e-06 5.68655051192e-07 2.08506852104e-06 1.23208594425e-06 2.36939604663e-06 1.23208594425e-06 5.68655051192e-07 1.89551683731e-07 9.47758418654e-08 9.47758418654e-08 3.79103367461e-07 9.47758418654e-08 1.89551683731e-07 3.79103367461e-07 1.51641346985e-06 3.03282693969e-06 2.55894773036e-06 2.55894773036e-06 1.23208594425e-06 1.89551683731e-06 4.83356793513e-06 8.71937745161e-06 1.36477212286e-05 1.72492032195e-05 1.6206668959e-05 1.45954796473e-05 1.56380139078e-05 1.83865133219e-05 1.65857723264e-05 1.65857723264e-05 1.70596515358e-05 1.70596515358e-05 1.73439790614e-05 1.85760650056e-05 1.64909964846e-05 1.67753240102e-05 1.51641346985e-05 1.58275655915e-05 1.65857723264e-05 1.63962206427e-05 1.80074099544e-05 1.26051869681e-05 1.6206668959e-05 1.3363393703e-05 1.56380139078e-05 1.45954796473e-05 1.67753240102e-05
9.47758418654e-08 4.73879209327e-07 2.36939604663e-06 4.26491288394e-06 3.03282693969e-06 1.89551683731e-06 4.928343777e-06 3.88580951648e-06 2.7484994141e-06 5.02311961886e-06 2.1798443629e-06 3.79103367461e-07 2.84327525596e-07 1.89551683731e-07 5.68655051192e-07 9.47758418654e-08 9.47758418654e-08 0.0 1.89551683731e-07 3.79103367461e-07 3.79103367461e-07 1.70596515358e-06 1.80074099544e-06 1.89551683731e-06 1.80074099544e-06 4.928343777e-06 8.62460160975e-06 1.32686178612e-05 1.58275655915e-05 1.63962206427e-05 1.65857723264e-05 1.6870099852e-05 1.85760650056e-05 1.6870099852e-05 1.67753240102e-05 1.75335307451e-05 1.72492032195e-05 1.72492032195e-05 1.79126341126e-05 1.72492032195e-05 1.63962206427e-05 1.65857723264e-05 1.58275655915e-05 1.59223414334e-05 1.53536863822e-05 1.65857723264e-05 1.60171172752e-05 1.65857723264e-05 1.56380139078e-05 1.64909964846e-05 1.65857723264e-05
3.79103367461e-07 3.79103367461e-07 2.36939604663e-06 2.7484994141e-06 5.40222298633e-06 4.83356793513e-06 7.96117071669e-06 3.12760278156e-06 1.89551683731e-06 8.24549824229e-06 6.06565387938e-06 2.93805109783e-06 2.55894773036e-06 2.08506852104e-06 2.36939604663e-06 3.79103367461e-07 9.47758418654e-08 9.47758418654e-08 9.47758418654e-08 1.89551683731e-07 9.47758418654e-08 2.84327525596e-07 3.79103367461e-07 2.36939604663e-06 4.54924040954e-06 3.41193030715e-06 3.03282693969e-06 8.34027408415e-06 1.18469802332e-05 1.45954796473e-05 1.46902554891e-05 1.64909964846e-05 1.6870099852e-05 1.77230824288e-05 1.77230824288e-05 1.73439790614e-05 1.73439790614e-05 1.72492032195e-05 1.77230824288e-05 1.75335307451e-05 1.6870099852e-05 1.6870099852e-05 1.65857723264e-05 1.70596515358e-05 1.53536863822e-05 1.56380139078e-05 1.60171172752e-05 1.46902554891e-05 1.56380139078e-05 1.46902554891e-05 1.58275655915e-05
2.65372357223e-06 5.68655051192e-07 3.79103367461e-07 1.70596515358e-06 3.03282693969e-06 9.95146339586e-06 8.24549824229e-06 2.65372357223e-06 2.7484994141e-06 8.62460160975e-06 9.95146339586e-06 1.65857723264e-05 5.87610219565e-06 1.07096701308e-05 8.43504992602e-06 3.41193030715e-06 3.79103367461e-07 1.04253426052e-06 1.23208594425e-06 1.32686178612e-06 3.79103367461e-07 4.73879209327e-07 2.55894773036e-06 2.55894773036e-06 3.22237862342e-06 1.18469802332e-05 4.54924040954e-06 3.98058535835e-06 6.25520556311e-06 1.01410150796e-05 8.62460160975e-06 1.08044459727e-05 1.38372729123e-05 1.56380139078e-05 1.65857723264e-05 1.72492032195e-05 1.73439790614e-05 1.75335307451e-05 1.6870099852e-05 1.56380139078e-05 1.66805481683e-05 1.6870099852e-05 1.67753240102e-05 1.6870099852e-05 1.60171172752e-05 1.53536863822e-05 1.38372729123e-05 1.18469802332e-05 1.45954796473e-05 1.46902554891e-05 1.64909964846e-05
9.47758418654e-07 5.30744714446e-06 3.41193030715e-06 1.99029267917e-06 1.23208594425e-06 3.60148199088e-06 1.3363393703e-05 1.3363393703e-05 1.23208594425e-06 1.70596515358e-06 2.55894773036e-06 1.23208594425e-05 1.16574285494e-05 1.45007038054e-05 1.79126341126e-05 2.36939604663e-06 1.23208594425e-06 4.83356793513e-06 3.79103367461e-06 3.22237862342e-06 2.4641718885e-06 5.02311961886e-06 5.49699882819e-06 1.3363393703e-05 1.3363393703e-05 1.31738420193e-05 3.12760278156e-06 1.70596515358e-06 2.55894773036e-06 3.98058535835e-06 5.02311961886e-06 7.86639487482e-06 7.48729150736e-06 1.31738420193e-05 1.58275655915e-05 1.67753240102e-05 1.79126341126e-05 1.72492032195e-05 1.65857723264e-05 1.72492032195e-05 1.70596515358e-05 1.70596515358e-05 1.70596515358e-05 1.6870099852e-05 1.59223414334e-05 1.69648756939e-05 1.51641346985e-05 1.34581695449e-05 1.46902554891e-05 1.44059279635e-05 1.35529453867e-05
