Example/niche_background/models/ENFA/normalized_grids/Anolis_chlorocyanus_1.asc
ncols        743
nrows        319
xllcorner    -74.500956448335
yllcorner    17.448920549066
cellsize     0.008333333333
NODATA_value  -9999
[rows 115 to 137 of 318, columns 520 to 571 of 743]
1.20376610263e-05 1.12351502912e-05 1.13354641331e-05 1.10345226074e-05 1.23386025519e-05 1.39436240221e-05 1.35423686546e-05 1.15360918169e-05 1.45455070734e-05 1.21379748682e-05 1.50470762829e-05 1.62508423855e-05 1.56489593342e-05 1.42445655478e-05 1.57492731761e-05 1.61505285436e-05 1.38433101802e-05 1.45455070734e-05 1.54483316504e-05 1.43448793897e-05 1.47461347572e-05 1.4043937864e-05 1.30407994451e-05 1.23386025519e-05 1.21379748682e-05 1.13354641331e-05 1.04326395561e-05 9.93107034669e-06 8.32604887651e-06 9.32918729537e-06 8.82761808594e-06 7.52353814143e-06 5.71788898749e-06 5.01569209429e-06 5.51726130371e-06 4.11286751731e-06 2.70847373091e-06 2.70847373091e-06 3.10972909846e-06 2.70847373091e-06 2.30721836337e-06 2.20690452149e-06 1.30407994451e-06 2.30721836337e-06 1.00313841886e-06 1.10345226074e-06 1.30407994451e-06 1.70533531206e-06 2.20690452149e-06 1.20376610263e-06 1.30407994451e-06 1.30407994451e-06
1.0532953398e-05 1.12351502912e-05 1.07335810818e-05 1.03323257142e-05 1.08338949237e-05 1.12351502912e-05 1.13354641331e-05 1.07335810818e-05 1.07335810818e-05 1.22382887101e-05 1.33417409708e-05 1.10345226074e-05 1.60502147017e-05 1.45455070734e-05 1.33417409708e-05 1.45455070734e-05 1.50470762829e-05 1.4946762441e-05 1.42445655478e-05 1.45455070734e-05 1.45455070734e-05 1.42445655478e-05 1.24389163938e-05 1.21379748682e-05 1.22382887101e-05 1.16364056587e-05 1.13354641331e-05 1.06332672399e-05 1.01316980305e-05 9.8307565048e-06 8.72730424406e-06 7.021968932e-06 6.52039972257e-06 5.51726130371e-06 5.31663361994e-06 4.61443672674e-06 2.90910141469e-06 2.70847373091e-06 2.70847373091e-06 3.00941525657e-06 2.70847373091e-06 2.40753220526e-06 2.00627683771e-06 1.90596299583e-06 1.20376610263e-06 1.4043937864e-06 1.90596299583e-06 2.20690452149e-06 2.30721836337e-06 1.30407994451e-06 1.4043937864e-06 1.90596299583e-06
1.13354641331e-05 1.32414271289e-05 1.13354641331e-05 1.20376610263e-05 1.26395440776e-05 1.15360918169e-05 1.52477039666e-05 1.10345226074e-05 1.54483316504e-05 1.61505285436e-05 1.755492233e-05 1.61505285436e-05 1.80564915394e-05 1.76552361719e-05 1.71536669625e-05 1.79561776975e-05 1.755492233e-05 1.46458209153e-05 1.50470762829e-05 1.50470762829e-05 1.45455070734e-05 1.42445655478e-05 1.38433101802e-05 1.45455070734e-05 1.34420548127e-05 1.20376610263e-05 1.13354641331e-05 1.10345226074e-05 1.03323257142e-05 1.02320118723e-05 9.42950113726e-06 7.82447966709e-06 6.62071356446e-06 5.81820282937e-06 5.71788898749e-06 4.01255367543e-06 3.71161214977e-06 3.00941525657e-06 3.21004294034e-06 2.90910141469e-06 4.31349520109e-06 4.11286751731e-06 4.01255367543e-06 2.70847373091e-06 2.30721836337e-06 2.30721836337e-06 2.30721836337e-06 1.90596299583e-06 2.30721836337e-06 2.60815988903e-06 2.40753220526e-06 1.70533531206e-06
1.57492731761e-05 1.4043937864e-05 1.43448793897e-05 1.58495870179e-05 1.45455070734e-05 1.6652097753e-05 1.12351502912e-05 1.85580607489e-05 1.54483316504e-05 1.70533531206e-05 1.83574330651e-05 1.91599438002e-05 1.94608853258e-05 1.87586884326e-05 1.8457746907e-05 1.59499008598e-05 2.02633960609e-05 1.93605714839e-05 2.05643375866e-05 2.06646514285e-05 2.02633960609e-05 2.00627683771e-05 2.11662206379e-05 2.13668483217e-05 2.13668483217e-05 1.94608853258e-05 1.83574330651e-05 1.29404856033e-05 1.08338949237e-05 1.03323257142e-05 9.93107034669e-06 9.42950113726e-06 8.12542119274e-06 6.82134124823e-06 5.6175751456e-06 5.6175751456e-06 4.9153782524e-06 4.11286751731e-06 4.01255367543e-06 2.70847373091e-06 2.90910141469e-06 3.91223983354e-06 4.31349520109e-06 4.41380904297e-06 2.70847373091e-06 2.70847373091e-06 2.20690452149e-06 2.40753220526e-06 2.30721836337e-06 2.40753220526e-06 2.40753220526e-06 1.90596299583e-06
1.71536669625e-05 1.54483316504e-05 1.32414271289e-05 1.65517839111e-05 1.71536669625e-05 1.755492233e-05 1.23386025519e-05 1.6652097753e-05 1.45455070734e-05 1.89593161164e-05 1.97618268515e-05 2.06646514285e-05 1.99624545353e-05 1.97618268515e-05 2.02633960609e-05 2.07649652703e-05 2.05643375866e-05 2.07649652703e-05 2.06646514285e-05 2.1065906796e-05 2.20690452149e-05 2.20690452149e-05 2.1968731373e-05 2.22696728986e-05 2.09655929541e-05 2.13668483217e-05 2.1968731373e-05 1.4946762441e-05 1.10345226074e-05 1.92602576421e-05 1.86583745907e-05 1.98621406934e-05 1.94608853258e-05 1.8457746907e-05 2.03637099028e-05 1.755492233e-05 6.52039972257e-06 5.11600593617e-06 5.01569209429e-06 4.9153782524e-06 4.61443672674e-06 4.51412288486e-06 3.00941525657e-06 4.31349520109e-06 4.31349520109e-06 5.01569209429e-06 2.70847373091e-06 2.70847373091e-06 3.00941525657e-06 2.70847373091e-06 2.70847373091e-06 2.90910141469e-06
1.42445655478e-05 1.33417409708e-05 1.62508423855e-05 1.38433101802e-05 1.755492233e-05 1.54483316504e-05 1.69530392787e-05 1.55486454923e-05 1.54483316504e-05 1.69530392787e-05 1.94608853258e-05 2.05643375866e-05 2.02633960609e-05 1.97618268515e-05 2.04640237447e-05 2.02633960609e-05 2.06646514285e-05 2.13668483217e-05 2.06646514285e-05 2.22696728986e-05 2.24703005824e-05 2.11662206379e-05 2.09655929541e-05 2.11662206379e-05 2.06646514285e-05 2.22696728986e-05 2.25706144243e-05 2.24703005824e-05 1.30407994451e-05 1.10345226074e-05 1.01316980305e-05 1.94608853258e-05 2.06646514285e-05 2.02633960609e-05 1.92602576421e-05 1.80564915394e-05 2.02633960609e-05 2.04640237447e-05 1.34420548127e-05 1.22382887101e-05 9.8307565048e-06 6.82134124823e-06 7.021968932e-06 1.02320118723e-05 1.21379748682e-05 1.13354641331e-05 6.42008588069e-06 3.00941525657e-06 4.2131813592e-06 4.11286751731e-06 3.10972909846e-06 3.10972909846e-06
1.35423686546e-05 1.77555500138e-05 1.33417409708e-05 1.77555500138e-05 1.70533531206e-05 1.83574330651e-05 1.8457746907e-05 1.65517839111e-05 1.60502147017e-05 1.76552361719e-05 1.62508423855e-05 1.8457746907e-05 1.83574330651e-05 1.94608853258e-05 2.00627683771e-05 2.02633960609e-05 1.91599438002e-05 2.03637099028e-05 2.05643375866e-05 2.04640237447e-05 2.09655929541e-05 2.20690452149e-05 2.06646514285e-05 2.06646514285e-05 2.22696728986e-05 2.12665344798e-05 2.26709282662e-05 2.24703005824e-05 2.24703005824e-05 2.22696728986e-05 1.3141113287e-05 1.24389163938e-05 1.00313841886e-05 2.20690452149e-05 2.06646514285e-05 2.02633960609e-05 2.0163082219e-05 2.06646514285e-05 2.06646514285e-05 2.06646514285e-05 1.99624545353e-05 2.02633960609e-05 2.06646514285e-05 1.8457746907e-05 1.52477039666e-05 1.73542946462e-05 1.755492233e-05 1.54483316504e-05 1.33417409708e-05 1.20376610263e-05 6.52039972257e-06 4.9153782524e-06
1.60502147017e-05 1.67524115949e-05 1.71536669625e-05 1.73542946462e-05 1.56489593342e-05 1.35423686546e-05 1.33417409708e-05 1.43448793897e-05 1.41442517059e-05 1.8457746907e-05 1.83574330651e-05 1.60502147017e-05 1.92602576421e-05 2.05643375866e-05 1.95611991677e-05 1.8457746907e-05 2.00627683771e-05 1.89593161164e-05 1.97618268515e-05 2.05643375866e-05 2.09655929541e-05 1.92602576421e-05 1.82571192232e-05 2.06646514285e-05 2.12665344798e-05 2.13668483217e-05 2.20690452149e-05 2.22696728986e-05 2.22696728986e-05 2.20690452149e-05 2.20690452149e-05 1.755492233e-05 1.89593161164e-05 2.22696728986e-05 2.24703005824e-05 2.20690452149e-05 2.13668483217e-05 1.97618268515e-05 2.06646514285e-05 1.95611991677e-05 2.06646514285e-05 2.06646514285e-05 2.12665344798e-05 1.91599438002e-05 1.90596299583e-05 2.02633960609e-05 2.02633960609e-05 1.89593161164e-05 2.04640237447e-05 2.05643375866e-05 1.67524115949e-05 1.4946762441e-05
1.67524115949e-05 1.71536669625e-05 1.45455070734e-05 1.8457746907e-05 1.68527254368e-05 1.63511562274e-05 1.61505285436e-05 1.87586884326e-05 1.60502147017e-05 1.65517839111e-05 1.8457746907e-05 2.06646514285e-05 1.97618268515e-05 2.06646514285e-05 2.02633960609e-05 2.06646514285e-05 2.02633960609e-05 2.02633960609e-05 2.05643375866e-05 2.13668483217e-05 1.89593161164e-05 1.86583745907e-05 1.98621406934e-05 2.04640237447e-05 1.89593161164e-05 1.92602576421e-05 2.1968731373e-05 2.24703005824e-05 2.24703005824e-05 2.20690452149e-05 2.27712421081e-05 1.26395440776e-05 2.18684175311e-05 2.24703005824e-05 2.25706144243e-05 2.22696728986e-05 2.22696728986e-05 2.06646514285e-05 2.18684175311e-05 2.11662206379e-05 2.07649652703e-05 2.22696728986e-05 2.07649652703e-05 2.07649652703e-05 2.08652791122e-05 2.06646514285e-05 2.1968731373e-05 2.06646514285e-05 2.06646514285e-05 2.06646514285e-05 2.06646514285e-05 1.98621406934e-05
1.71536669625e-05 1.73542946462e-05 1.71536669625e-05 1.755492233e-05 1.91599438002e-05 1.755492233e-05 1.88590022745e-05 1.77555500138e-05 1.76552361719e-05 1.71536669625e-05 1.62508423855e-05 1.97618268515e-05 1.89593161164e-05 2.06646514285e-05 2.15674760054e-05 2.22696728986e-05 2.06646514285e-05 2.07649652703e-05 2.06646514285e-05 1.83574330651e-05 1.74546084881e-05 2.07649652703e-05 1.94608853258e-05 1.86583745907e-05 1.80564915394e-05 1.89593161164e-05 2.21693590567e-05 2.13668483217e-05 2.22696728986e-05 2.23699867405e-05 2.13668483217e-05 1.29404856033e-05 2.25706144243e-05 2.33731251594e-05 2.33731251594e-05 2.24703005824e-05 2.24703005824e-05 2.21693590567e-05 2.24703005824e-05 2.22696728986e-05 2.20690452149e-05 2.26709282662e-05 2.25706144243e-05 2.20690452149e-05 2.20690452149e-05 2.22696728986e-05 2.20690452149e-05 2.20690452149e-05 2.13668483217e-05 2.14671621635e-05 2.12665344798e-05 2.07649652703e-05
1.71536669625e-05 2.02633960609e-05 1.83574330651e-05 1.74546084881e-05 1.89593161164e-05 1.92602576421e-05 1.50470762829e-05 1.755492233e-05 1.82571192232e-05 1.62508423855e-05 1.85580607489e-05 1.89593161164e-05 1.92602576421e-05 2.05643375866e-05 2.18684175311e-05 1.97618268515e-05 2.06646514285e-05 2.06646514285e-05 1.71536669625e-05 1.76552361719e-05 1.65517839111e-05 2.07649652703e-05 1.85580607489e-05 1.85580607489e-05 1.8457746907e-05 1.89593161164e-05 2.06646514285e-05 2.14671621635e-05 2.06646514285e-05 2.20690452149e-05 2.06646514285e-05 1.30407994451e-05 2.22696728986e-05 2.32728113175e-05 2.29718697918e-05 2.24703005824e-05 2.31724974756e-05 2.33731251594e-05 2.33731251594e-05 2.30721836337e-05 2.26709282662e-05 2.27712421081e-05 2.26709282662e-05 2.26709282662e-05 2.27712421081e-05 2.27712421081e-05 2.29718697918e-05 2.24703005824e-05 2.14671621635e-05 2.12665344798e-05 2.26709282662e-05 2.1968731373e-05
1.94608853258e-05 1.755492233e-05 1.91599438002e-05 1.89593161164e-05 1.73542946462e-05 1.755492233e-05 1.89593161164e-05 1.89593161164e-05 1.89593161164e-05 1.88590022745e-05 1.90596299583e-05 1.83574330651e-05 1.74546084881e-05 1.91599438002e-05 2.05643375866e-05 2.12665344798e-05 1.89593161164e-05 2.05643375866e-05 1.8457746907e-05 1.82571192232e-05 1.76552361719e-05 1.755492233e-05 1.79561776975e-05 1.85580607489e-05 2.02633960609e-05 1.93605714839e-05 2.00627683771e-05 2.27712421081e-05 2.25706144243e-05 2.24703005824e-05 1.39436240221e-05 1.36426824965e-05 2.26709282662e-05 2.33731251594e-05 2.42759497363e-05 2.43762635782e-05 2.42759497363e-05 2.33731251594e-05 2.33731251594e-05 2.33731251594e-05 2.35737528431e-05 2.26709282662e-05 2.32728113175e-05 2.33731251594e-05 2.42759497363e-05 2.33731251594e-05 2.27712421081e-05 2.35737528431e-05 2.29718697918e-05 2.26709282662e-05 2.27712421081e-05 2.26709282662e-05
1.80564915394e-05 2.02633960609e-05 1.54483316504e-05 2.02633960609e-05 1.92602576421e-05 1.96615130096e-05 1.86583745907e-05 1.85580607489e-05 1.98621406934e-05 1.89593161164e-05 1.86583745907e-05 1.8457746907e-05 1.8457746907e-05 1.90596299583e-05 2.06646514285e-05 2.06646514285e-05 2.11662206379e-05 1.98621406934e-05 1.96615130096e-05 1.85580607489e-05 2.20690452149e-05 1.96615130096e-05 1.74546084881e-05 1.67524115949e-05 1.74546084881e-05 2.06646514285e-05 2.22696728986e-05 2.22696728986e-05 2.25706144243e-05 2.1968731373e-05 1.43448793897e-05 1.42445655478e-05 2.30721836337e-05 2.29718697918e-05 2.40753220526e-05 2.43762635782e-05 2.41756358945e-05 2.43762635782e-05 2.43762635782e-05 2.43762635782e-05 2.42759497363e-05 2.33731251594e-05 2.31724974756e-05 2.40753220526e-05 2.3674066685e-05 2.32728113175e-05 2.43762635782e-05 2.3674066685e-05 2.31724974756e-05 2.40753220526e-05 2.3674066685e-05 2.33731251594e-05
1.93605714839e-05 1.89593161164e-05 1.98621406934e-05 1.92602576421e-05 1.88590022745e-05 1.8457746907e-05 1.93605714839e-05 1.92602576421e-05 1.94608853258e-05 1.92602576421e-05 1.85580607489e-05 1.8457746907e-05 1.68527254368e-05 1.98621406934e-05 2.06646514285e-05 2.06646514285e-05 2.05643375866e-05 1.96615130096e-05 1.90596299583e-05 1.88590022745e-05 1.89593161164e-05 2.03637099028e-05 1.88590022745e-05 1.67524115949e-05 2.05643375866e-05 1.88590022745e-05 2.07649652703e-05 2.20690452149e-05 2.06646514285e-05 1.54483316504e-05 1.45455070734e-05 1.4043937864e-05 2.27712421081e-05 2.39750082107e-05 2.37743805269e-05 2.31724974756e-05 2.41756358945e-05 2.43762635782e-05 2.43762635782e-05 2.43762635782e-05 2.41756358945e-05 2.40753220526e-05 2.42759497363e-05 2.43762635782e-05 2.43762635782e-05 2.42759497363e-05 2.44765774201e-05 2.43762635782e-05 2.29718697918e-05 2.35737528431e-05 2.3674066685e-05 2.35737528431e-05
1.61505285436e-05 1.57492731761e-05 1.88590022745e-05 2.07649652703e-05 1.89593161164e-05 1.86583745907e-05 1.92602576421e-05 1.92602576421e-05 1.74546084881e-05 1.93605714839e-05 1.83574330651e-05 1.92602576421e-05 1.76552361719e-05 1.77555500138e-05 1.89593161164e-05 1.90596299583e-05 1.92602576421e-05 2.02633960609e-05 1.85580607489e-05 1.89593161164e-05 1.97618268515e-05 2.0163082219e-05 1.88590022745e-05 1.86583745907e-05 2.06646514285e-05 2.05643375866e-05 2.05643375866e-05 2.06646514285e-05 1.73542946462e-05 1.45455070734e-05 1.45455070734e-05 1.8457746907e-05 2.26709282662e-05 2.27712421081e-05 2.31724974756e-05 2.33731251594e-05 2.43762635782e-05 2.42759497363e-05 2.40753220526e-05 2.42759497363e-05 2.33731251594e-05 2.42759497363e-05 2.43762635782e-05 2.41756358945e-05 2.37743805269e-05 2.43762635782e-05 2.46772051039e-05 2.46772051039e-05 2.42759497363e-05 2.43762635782e-05 2.35737528431e-05 2.38746943688e-05
2.06646514285e-05 1.88590022745e-05 1.74546084881e-05 1.8457746907e-05 1.89593161164e-05 1.71536669625e-05 1.92602576421e-05 1.86583745907e-05 1.86583745907e-05 1.86583745907e-05 1.92602576421e-05 1.755492233e-05 2.0163082219e-05 1.77555500138e-05 1.86583745907e-05 1.92602576421e-05 1.93605714839e-05 2.07649652703e-05 2.05643375866e-05 1.94608853258e-05 1.90596299583e-05 1.89593161164e-05 1.89593161164e-05 1.94608853258e-05 2.07649652703e-05 2.09655929541e-05 2.06646514285e-05 2.13668483217e-05 1.45455070734e-05 1.45455070734e-05 1.4946762441e-05 1.83574330651e-05 2.08652791122e-05 2.24703005824e-05 2.27712421081e-05 2.31724974756e-05 2.31724974756e-05 2.41756358945e-05 2.35737528431e-05 2.33731251594e-05 2.42759497363e-05 2.42759497363e-05 2.43762635782e-05 2.43762635782e-05 2.42759497363e-05 2.44765774201e-05 2.35737528431e-05 2.43762635782e-05 2.47775189458e-05 2.43762635782e-05 2.43762635782e-05 2.43762635782e-05
1.83574330651e-05 1.89593161164e-05 1.71536669625e-05 1.97618268515e-05 2.05643375866e-05 1.755492233e-05 1.755492233e-05 1.82571192232e-05 1.80564915394e-05 1.8457746907e-05 1.8457746907e-05 1.8457746907e-05 1.8457746907e-05 1.6652097753e-05 1.67524115949e-05 1.8457746907e-05 2.06646514285e-05 1.92602576421e-05 2.02633960609e-05 2.11662206379e-05 1.83574330651e-05 1.85580607489e-05 1.65517839111e-05 1.92602576421e-05 1.97618268515e-05 2.0163082219e-05 1.91599438002e-05 1.93605714839e-05 1.45455070734e-05 1.45455070734e-05 1.45455070734e-05 1.50470762829e-05 1.97618268515e-05 2.02633960609e-05 2.22696728986e-05 2.27712421081e-05 2.31724974756e-05 2.27712421081e-05 2.31724974756e-05 2.42759497363e-05 2.40753220526e-05 2.43762635782e-05 2.43762635782e-05 2.41756358945e-05 2.44765774201e-05 2.43762635782e-05 2.42759497363e-05 2.4576891262e-05 2.44765774201e-05 2.46772051039e-05 2.43762635782e-05 2.43762635782e-05
1.62508423855e-05 1.82571192232e-05 1.96615130096e-05 1.89593161164e-05 1.89593161164e-05 1.67524115949e-05 1.79561776975e-05 1.71536669625e-05 1.85580607489e-05 1.89593161164e-05 1.86583745907e-05 1.73542946462e-05 1.85580607489e-05 1.86583745907e-05 1.8457746907e-05 1.8457746907e-05 1.85580607489e-05 2.07649652703e-05 2.02633960609e-05 1.91599438002e-05 1.91599438002e-05 1.90596299583e-05 1.89593161164e-05 1.92602576421e-05 1.88590022745e-05 2.02633960609e-05 1.89593161164e-05 1.35423686546e-05 1.42445655478e-05 1.42445655478e-05 1.61505285436e-05 1.56489593342e-05 1.47461347572e-05 2.06646514285e-05 2.22696728986e-05 2.24703005824e-05 2.24703005824e-05 2.30721836337e-05 2.43762635782e-05 2.39750082107e-05 2.35737528431e-05 2.43762635782e-05 2.42759497363e-05 2.44765774201e-05 2.44765774201e-05 2.44765774201e-05 2.46772051039e-05 2.44765774201e-05 2.43762635782e-05 2.44765774201e-05 2.43762635782e-05 2.43762635782e-05
1.6652097753e-05 1.83574330651e-05 1.82571192232e-05 1.71536669625e-05 1.88590022745e-05 1.8457746907e-05 1.74546084881e-05 1.80564915394e-05 1.91599438002e-05 1.8457746907e-05 1.90596299583e-05 1.755492233e-05 1.67524115949e-05 1.69530392787e-05 1.46458209153e-05 1.89593161164e-05 1.97618268515e-05 2.26709282662e-05 2.24703005824e-05 2.06646514285e-05 1.54483316504e-05 1.90596299583e-05 1.755492233e-05 1.70533531206e-05 1.93605714839e-05 1.77555500138e-05 1.54483316504e-05 1.45455070734e-05 1.35423686546e-05 1.26395440776e-05 1.54483316504e-05 1.86583745907e-05 1.89593161164e-05 1.89593161164e-05 2.11662206379e-05 2.07649652703e-05 2.29718697918e-05 2.32728113175e-05 2.27712421081e-05 2.32728113175e-05 2.40753220526e-05 2.42759497363e-05 2.43762635782e-05 2.43762635782e-05 2.43762635782e-05 2.44765774201e-05 2.46772051039e-05 2.4576891262e-05 2.43762635782e-05 2.43762635782e-05 2.40753220526e-05 2.43762635782e-05
1.68527254368e-05 1.8457746907e-05 1.80564915394e-05 1.83574330651e-05 1.89593161164e-05 1.85580607489e-05 1.77555500138e-05 1.92602576421e-05 1.92602576421e-05 1.92602576421e-05 1.54483316504e-05 1.45455070734e-05 1.71536669625e-05 1.83574330651e-05 1.76552361719e-05 1.71536669625e-05 1.91599438002e-05 2.34734390013e-05 2.25706144243e-05 2.20690452149e-05 1.83574330651e-05 1.60502147017e-05 1.92602576421e-05 1.755492233e-05 1.85580607489e-05 1.755492233e-05 1.65517839111e-05 1.63511562274e-05 1.42445655478e-05 1.24389163938e-05 1.45455070734e-05 1.76552361719e-05 2.06646514285e-05 2.06646514285e-05 2.11662206379e-05 1.93605714839e-05 2.06646514285e-05 2.20690452149e-05 2.33731251594e-05 2.42759497363e-05 2.43762635782e-05 2.43762635782e-05 2.43762635782e-05 2.43762635782e-05 2.43762635782e-05 2.44765774201e-05 2.44765774201e-05 2.43762635782e-05 2.43762635782e-05 2.44765774201e-05 2.41756358945e-05 2.43762635782e-05
1.89593161164e-05 1.53480178085e-05 1.80564915394e-05 1.67524115949e-05 1.74546084881e-05 1.60502147017e-05 1.51473901247e-05 1.86583745907e-05 2.06646514285e-05 1.89593161164e-05 1.4946762441e-05 1.77555500138e-05 1.73542946462e-05 1.90596299583e-05 1.61505285436e-05 1.62508423855e-05 1.97618268515e-05 2.29718697918e-05 2.31724974756e-05 2.05643375866e-05 1.755492233e-05 1.61505285436e-05 1.72539808043e-05 1.82571192232e-05 1.42445655478e-05 1.59499008598e-05 1.61505285436e-05 1.8457746907e-05 1.41442517059e-05 1.45455070734e-05 1.80564915394e-05 1.89593161164e-05 1.755492233e-05 1.97618268515e-05 1.98621406934e-05 2.07649652703e-05 2.05643375866e-05 2.27712421081e-05 2.33731251594e-05 2.42759497363e-05 2.35737528431e-05 2.41756358945e-05 2.42759497363e-05 2.43762635782e-05 2.43762635782e-05 2.43762635782e-05 2.42759497363e-05 2.46772051039e-05 2.43762635782e-05 2.35737528431e-05 2.43762635782e-05 2.43762635782e-05
1.43448793897e-05 1.60502147017e-05 1.74546084881e-05 1.83574330651e-05 1.755492233e-05 1.55486454923e-05 1.59499008598e-05 1.61505285436e-05 1.8457746907e-05 1.63511562274e-05 1.42445655478e-05 1.59499008598e-05 2.08652791122e-05 2.18684175311e-05 2.05643375866e-05 1.33417409708e-05 2.20690452149e-05 2.07649652703e-05 2.24703005824e-05 1.92602576421e-05 1.60502147017e-05 1.71536669625e-05 2.07649652703e-05 2.02633960609e-05 1.71536669625e-05 1.8457746907e-05 1.45455070734e-05 1.60502147017e-05 1.21379748682e-05 1.10345226074e-05 1.26395440776e-05 1.45455070734e-05 1.54483316504e-05 1.755492233e-05 2.06646514285e-05 2.13668483217e-05 2.20690452149e-05 2.22696728986e-05 2.21693590567e-05 2.35737528431e-05 2.32728113175e-05 2.39750082107e-05 2.41756358945e-05 2.42759497363e-05 2.43762635782e-05 2.43762635782e-05 2.39750082107e-05 2.43762635782e-05 2.42759497363e-05 2.40753220526e-05 2.43762635782e-05 2.44765774201e-05
1.54483316504e-05 1.38433101802e-05 1.76552361719e-05 1.71536669625e-05 1.60502147017e-05 1.4946762441e-05 1.51473901247e-05 1.62508423855e-05 1.60502147017e-05 1.71536669625e-05 1.38433101802e-05 1.54483316504e-05 1.60502147017e-05 2.06646514285e-05 2.13668483217e-05 1.86583745907e-05 2.26709282662e-05 1.8457746907e-05 2.20690452149e-05 2.09655929541e-05 1.85580607489e-05 1.45455070734e-05 1.80564915394e-05 1.90596299583e-05 1.76552361719e-05 1.8457746907e-05 1.29404856033e-05 1.35423686546e-05 1.13354641331e-05 1.12351502912e-05 1.21379748682e-05 1.23386025519e-05 1.62508423855e-05 2.09655929541e-05 1.98621406934e-05 2.18684175311e-05 2.20690452149e-05 2.13668483217e-05 2.23699867405e-05 2.25706144243e-05 2.27712421081e-05 2.35737528431e-05 2.3674066685e-05 2.40753220526e-05 2.43762635782e-05 2.43762635782e-05 2.43762635782e-05 2.33731251594e-05 2.43762635782e-05 2.44765774201e-05 2.43762635782e-05 2.43762635782e-05
