Example/niche_background/models/ENFA/normalized_grids/Anolis_coelestinus.asc
ncols        743
nrows        319
xllcorner    -74.500956448335
yllcorner    17.448920549066
cellsize     0.008333333333
NODATA_value  -9999
[rows 184 to 206 of 318, columns 0 to 50 of 743]
-9999 -9999 -9999 -9999 -9999 -9999 -9999 -9999 -9999 -9999 2.25324794425e-07 4.5064958885e-07 1.12662397212e-06 1.12662397212e-06 1.12662397212e-06 1.57727356097e-06 2.92922232752e-06 1.4871436432e-05 1.44207868432e-05 4.73182068292e-06 6.98506862717e-06 1.35194876655e-05 1.35194876655e-05 7.43571821602e-06 5.85844465505e-06 3.37987191637e-06 3.15454712195e-06 1.35194876655e-06 2.02792314982e-06 1.35194876655e-06 1.35194876655e-06 1.35194876655e-06 1.35194876655e-06 2.02792314982e-06 1.57727356097e-06 2.47857273867e-06 2.7038975331e-06 3.6051967108e-06 3.37987191637e-06 4.5064958885e-06 4.5064958885e-06 3.6051967108e-06 3.83052150522e-06 4.5064958885e-06 6.98506862717e-06 8.1116925993e-06 3.15454712195e-06 3.6051967108e-06 9.46364136585e-06 1.0590265338e-05 1.17168893101e-05
-9999 -9999 -9999 -9999 -9999 -9999 -9999 -9999 -9999 0.0 4.5064958885e-07 6.75974383275e-07 1.35194876655e-06 2.02792314982e-06 2.02792314982e-06 4.5064958885e-06 1.37448124599e-05 1.37448124599e-05 5.63311986062e-06 1.03649405435e-05 7.2103934216e-06 1.21675388989e-05 1.10409149268e-05 2.92922232752e-06 1.35194876655e-06 1.12662397212e-06 1.35194876655e-06 1.35194876655e-06 1.35194876655e-06 1.35194876655e-06 1.35194876655e-06 1.35194876655e-06 2.92922232752e-06 3.37987191637e-06 1.57727356097e-06 2.7038975331e-06 9.9142909547e-06 6.53441903832e-06 4.73182068292e-06 4.95714547735e-06 7.2103934216e-06 4.73182068292e-06 4.73182068292e-06 4.73182068292e-06 5.63311986062e-06 6.08376944947e-06 4.05584629965e-06 3.37987191637e-06 5.4077950662e-06 9.012991777e-06 1.03649405435e-05
-9999 -9999 -9999 -9999 -9999 -9999 -9999 -9999 4.5064958885e-07 2.25324794425e-07 2.25324794425e-07 2.25324794425e-07 6.75974383275e-07 2.02792314982e-06 4.5064958885e-06 4.73182068292e-06 1.37448124599e-05 1.35194876655e-05 7.2103934216e-06 6.98506862717e-06 2.92922232752e-06 1.8025983554e-06 2.02792314982e-06 1.12662397212e-06 6.75974383275e-07 4.5064958885e-07 1.12662397212e-06 1.35194876655e-06 1.12662397212e-06 1.12662397212e-06 1.35194876655e-06 2.02792314982e-06 2.92922232752e-06 2.7038975331e-06 2.02792314982e-06 2.92922232752e-06 3.15454712195e-06 3.37987191637e-06 5.4077950662e-06 6.98506862717e-06 4.73182068292e-06 5.18247027177e-06 4.73182068292e-06 5.18247027177e-06 7.43571821602e-06 5.18247027177e-06 3.37987191637e-06 4.05584629965e-06 3.6051967108e-06 4.73182068292e-06 8.1116925993e-06
-9999 -9999 -9999 -9999 -9999 -9999 -9999 -9999 4.5064958885e-07 2.25324794425e-07 2.25324794425e-07 4.5064958885e-07 1.12662397212e-06 1.12662397212e-06 1.35194876655e-06 3.83052150522e-06 1.08155901324e-05 1.57727356097e-05 7.43571821602e-06 2.7038975331e-06 6.75974383275e-07 4.5064958885e-07 1.12662397212e-06 4.5064958885e-07 1.12662397212e-06 1.12662397212e-06 1.12662397212e-06 1.12662397212e-06 1.12662397212e-06 1.35194876655e-06 1.35194876655e-06 2.7038975331e-06 4.05584629965e-06 4.05584629965e-06 3.15454712195e-06 1.8025983554e-06 4.28117109407e-06 2.7038975331e-06 5.18247027177e-06 7.43571821602e-06 1.08155901324e-05 8.78766698257e-06 7.43571821602e-06 5.18247027177e-06 1.01396157491e-05 3.15454712195e-06 3.6051967108e-06 7.43571821602e-06 7.2103934216e-06 1.01396157491e-05 1.23928636934e-05
-9999 -9999 -9999 -9999 -9999 -9999 -9999 2.25324794425e-07 2.25324794425e-07 2.25324794425e-07 4.5064958885e-07 2.25324794425e-07 1.12662397212e-06 2.47857273867e-06 1.35194876655e-06 1.17168893101e-05 5.18247027177e-06 1.35194876655e-06 1.8025983554e-06 1.12662397212e-06 4.5064958885e-07 6.75974383275e-07 1.12662397212e-06 1.12662397212e-06 1.12662397212e-06 1.35194876655e-06 1.35194876655e-06 1.12662397212e-06 1.35194876655e-06 1.35194876655e-06 1.35194876655e-06 2.02792314982e-06 4.73182068292e-06 7.43571821602e-06 3.15454712195e-06 1.8025983554e-06 5.18247027177e-06 4.5064958885e-06 3.37987191637e-06 5.18247027177e-06 1.01396157491e-05 1.03649405435e-05 1.17168893101e-05 1.03649405435e-05 1.10409149268e-05 3.37987191637e-06 4.73182068292e-06 6.08376944947e-06 1.21675388989e-05 8.56234218815e-06 1.28435132822e-05
-9999 -9999 -9999 -9999 -9999 -9999 -9999 2.25324794425e-07 2.25324794425e-07 4.5064958885e-07 1.12662397212e-06 2.25324794425e-07 1.12662397212e-06 4.05584629965e-06 1.03649405435e-05 4.73182068292e-06 1.57727356097e-06 1.35194876655e-06 1.12662397212e-06 2.02792314982e-06 1.12662397212e-06 1.12662397212e-06 2.92922232752e-06 1.12662397212e-06 4.28117109407e-06 1.12662397212e-06 1.12662397212e-06 1.35194876655e-06 2.02792314982e-06 2.7038975331e-06 3.37987191637e-06 1.35194876655e-06 3.37987191637e-06 4.5064958885e-06 4.73182068292e-06 2.02792314982e-06 7.2103934216e-06 6.98506862717e-06 4.05584629965e-06 7.43571821602e-06 1.28435132822e-05 1.17168893101e-05 1.21675388989e-05 1.26181884878e-05 1.0590265338e-05 3.15454712195e-06 3.15454712195e-06 1.32941628711e-05 1.28435132822e-05 1.28435132822e-05 1.21675388989e-05
-9999 -9999 -9999 -9999 -9999 -9999 -9999 4.5064958885e-07 2.25324794425e-07 6.75974383275e-07 1.12662397212e-06 1.35194876655e-06 1.8025983554e-06 2.92922232752e-06 1.57727356097e-06 1.57727356097e-06 1.12662397212e-06 1.35194876655e-06 1.35194876655e-06 1.35194876655e-06 1.12662397212e-06 2.7038975331e-06 2.02792314982e-06 1.57727356097e-06 1.12662397212e-06 1.12662397212e-06 1.35194876655e-06 2.92922232752e-06 2.02792314982e-06 3.15454712195e-06 2.7038975331e-06 5.4077950662e-06 6.08376944947e-06 5.18247027177e-06 2.92922232752e-06 6.08376944947e-06 1.35194876655e-05 1.21675388989e-05 1.03649405435e-05 7.2103934216e-06 4.73182068292e-06 1.37448124599e-05 1.35194876655e-05 7.88636780487e-06 5.4077950662e-06 3.37987191637e-06 4.5064958885e-06 9.46364136585e-06 1.03649405435e-05 1.35194876655e-05 1.35194876655e-05
-9999 -9999 -9999 -9999 -9999 -9999 -9999 2.25324794425e-07 2.25324794425e-07 4.5064958885e-07 1.12662397212e-06 4.5064958885e-07 1.12662397212e-06 3.37987191637e-06 6.08376944947e-06 4.73182068292e-06 1.35194876655e-06 2.92922232752e-06 1.8025983554e-06 1.12662397212e-06 1.12662397212e-06 2.02792314982e-06 3.15454712195e-06 3.37987191637e-06 2.92922232752e-06 1.57727356097e-06 4.28117109407e-06 3.6051967108e-06 6.08376944947e-06 7.2103934216e-06 1.17168893101e-05 8.1116925993e-06 1.26181884878e-05 7.43571821602e-06 4.28117109407e-06 5.18247027177e-06 1.37448124599e-05 1.10409149268e-05 1.28435132822e-05 1.37448124599e-05 1.28435132822e-05 1.14915645157e-05 1.39701372543e-05 1.46461116376e-05 1.26181884878e-05 6.08376944947e-06 9.46364136585e-06 1.03649405435e-05 1.35194876655e-05 1.26181884878e-05 1.35194876655e-05
-9999 -9999 -9999 -9999 -9999 -9999 2.25324794425e-07 4.5064958885e-07 4.5064958885e-07 2.02792314982e-06 1.57727356097e-06 2.25324794425e-07 1.12662397212e-06 3.15454712195e-06 2.7038975331e-06 1.12662397212e-06 2.47857273867e-06 4.73182068292e-06 1.57727356097e-06 1.12662397212e-06 1.57727356097e-06 7.43571821602e-06 4.73182068292e-06 7.43571821602e-06 3.6051967108e-06 1.8025983554e-06 6.08376944947e-06 7.43571821602e-06 9.012991777e-06 1.4871436432e-05 1.37448124599e-05 1.0590265338e-05 9.012991777e-06 1.17168893101e-05 8.33701739372e-06 1.01396157491e-05 7.2103934216e-06 6.08376944947e-06 1.46461116376e-05 1.44207868432e-05 1.35194876655e-05 1.21675388989e-05 1.19422141045e-05 5.18247027177e-06 1.17168893101e-05 1.4871436432e-05 1.17168893101e-05 1.10409149268e-05 1.17168893101e-05 1.28435132822e-05 1.46461116376e-05
-9999 -9999 -9999 -9999 -9999 6.75974383275e-07 2.25324794425e-07 4.5064958885e-07 1.12662397212e-06 1.12662397212e-06 1.35194876655e-06 2.25324794425e-07 4.5064958885e-07 1.57727356097e-06 1.8025983554e-06 1.12662397212e-06 2.02792314982e-06 4.73182068292e-06 2.02792314982e-06 1.57727356097e-06 2.02792314982e-06 3.6051967108e-06 1.37448124599e-05 1.35194876655e-05 9.46364136585e-06 1.12662397212e-06 2.92922232752e-06 1.4871436432e-05 1.46461116376e-05 1.28435132822e-05 1.28435132822e-05 1.46461116376e-05 1.35194876655e-05 1.39701372543e-05 1.17168893101e-05 1.46461116376e-05 1.37448124599e-05 1.39701372543e-05 1.37448124599e-05 1.35194876655e-05 1.39701372543e-05 1.37448124599e-05 1.21675388989e-05 7.2103934216e-06 1.37448124599e-05 8.1116925993e-06 1.35194876655e-05 1.12662397212e-05 1.17168893101e-05 1.4871436432e-05 7.66104301045e-06
-9999 -9999 -9999 -9999 -9999 -9999 2.25324794425e-07 4.5064958885e-07 4.5064958885e-07 1.12662397212e-06 6.75974383275e-07 1.35194876655e-06 1.12662397212e-06 2.7038975331e-06 2.02792314982e-06 1.57727356097e-06 3.6051967108e-06 1.12662397212e-06 1.12662397212e-06 1.35194876655e-06 2.7038975331e-06 4.73182068292e-06 1.28435132822e-05 3.15454712195e-06 1.57727356097e-06 1.12662397212e-06 4.73182068292e-06 1.53220860209e-05 1.59980604042e-05 1.35194876655e-05 1.35194876655e-05 1.57727356097e-05 8.78766698257e-06 1.44207868432e-05 1.37448124599e-05 1.37448124599e-05 1.26181884878e-05 1.26181884878e-05 1.46461116376e-05 1.26181884878e-05 1.21675388989e-05 1.4871436432e-05 5.18247027177e-06 4.73182068292e-06 1.4871436432e-05 5.4077950662e-06 9.9142909547e-06 7.43571821602e-06 9.012991777e-06 7.43571821602e-06 1.03649405435e-05
-9999 -9999 -9999 -9999 -9999 -9999 2.25324794425e-07 6.75974383275e-07 1.12662397212e-06 4.5064958885e-07 4.5064958885e-07 1.35194876655e-06 3.37987191637e-06 3.83052150522e-06 1.35194876655e-06 2.92922232752e-06 2.7038975331e-06 1.35194876655e-06 1.35194876655e-06 1.8025983554e-06 1.35194876655e-06 2.7038975331e-06 2.7038975331e-06 5.4077950662e-06 3.37987191637e-06 1.35194876655e-06 2.92922232752e-06 7.2103934216e-06 1.62233851986e-05 1.28435132822e-05 1.44207868432e-05 1.35194876655e-05 1.35194876655e-05 1.17168893101e-05 1.28435132822e-05 1.37448124599e-05 1.4871436432e-05 1.4871436432e-05 1.28435132822e-05 1.32941628711e-05 1.17168893101e-05 1.35194876655e-05 5.18247027177e-06 9.46364136585e-06 1.28435132822e-05 7.88636780487e-06 1.10409149268e-05 1.10409149268e-05 1.26181884878e-05 8.1116925993e-06 9.46364136585e-06
-9999 -9999 -9999 -9999 -9999 -9999 1.12662397212e-06 4.5064958885e-07 1.12662397212e-06 1.35194876655e-06 4.5064958885e-07 1.12662397212e-06 2.02792314982e-06 9.012991777e-06 7.43571821602e-06 6.08376944947e-06 4.28117109407e-06 2.02792314982e-06 5.18247027177e-06 2.47857273867e-06 6.08376944947e-06 7.43571821602e-06 1.17168893101e-05 1.19422141045e-05 1.10409149268e-05 2.92922232752e-06 3.37987191637e-06 2.7038975331e-06 1.37448124599e-05 1.53220860209e-05 1.03649405435e-05 1.08155901324e-05 9.46364136585e-06 1.28435132822e-05 1.37448124599e-05 1.35194876655e-05 1.4871436432e-05 1.59980604042e-05 1.46461116376e-05 6.75974383275e-06 1.35194876655e-05 5.4077950662e-06 9.012991777e-06 1.35194876655e-05 1.35194876655e-05 1.03649405435e-05 1.28435132822e-05 1.19422141045e-05 1.21675388989e-05 1.01396157491e-05 9.9142909547e-06
-9999 -9999 -9999 -9999 -9999 4.5064958885e-07 1.12662397212e-06 1.12662397212e-06 1.12662397212e-06 1.35194876655e-06 4.5064958885e-07 3.6051967108e-06 5.4077950662e-06 2.92922232752e-06 1.0590265338e-05 1.03649405435e-05 1.21675388989e-05 8.78766698257e-06 7.43571821602e-06 4.05584629965e-06 1.35194876655e-06 3.83052150522e-06 4.73182068292e-06 9.46364136585e-06 4.73182068292e-06 2.92922232752e-06 4.73182068292e-06 1.46461116376e-05 1.46461116376e-05 1.21675388989e-05 1.17168893101e-05 7.2103934216e-06 1.17168893101e-05 9.46364136585e-06 1.35194876655e-05 1.44207868432e-05 1.08155901324e-05 5.18247027177e-06 9.46364136585e-06 1.32941628711e-05 1.26181884878e-05 1.08155901324e-05 1.35194876655e-05 6.98506862717e-06 6.98506862717e-06 9.46364136585e-06 1.26181884878e-05 1.03649405435e-05 1.17168893101e-05 1.03649405435e-05 1.23928636934e-05
-9999 -9999 -9999 -9999 4.5064958885e-07 4.5064958885e-07 1.12662397212e-06 1.35194876655e-06 1.12662397212e-06 1.8025983554e-06 2.02792314982e-06 1.35194876655e-06 2.02792314982e-06 7.88636780487e-06 5.18247027177e-06 9.012991777e-06 3.37987191637e-06 4.73182068292e-06 2.02792314982e-06 2.92922232752e-06 4.28117109407e-06 7.66104301045e-06 9.46364136585e-06 1.28435132822e-05 6.08376944947e-06 2.02792314982e-06 9.012991777e-06 1.46461116376e-05 1.59980604042e-05 1.01396157491e-05 7.43571821602e-06 1.01396157491e-05 1.26181884878e-05 1.4871436432e-05 1.37448124599e-05 1.37448124599e-05 1.08155901324e-05 1.03649405435e-05 1.35194876655e-05 1.35194876655e-05 1.53220860209e-05 1.19422141045e-05 1.4871436432e-05 1.17168893101e-05 1.21675388989e-05 8.1116925993e-06 1.03649405435e-05 9.012991777e-06 5.18247027177e-06 1.35194876655e-05 9.46364136585e-06
-9999 -9999 -9999 -9999 4.5064958885e-07 1.12662397212e-06 1.12662397212e-06 1.12662397212e-06 2.02792314982e-06 1.35194876655e-06 4.73182068292e-06 7.2103934216e-06 3.37987191637e-06 7.43571821602e-06 2.92922232752e-06 2.47857273867e-06 5.18247027177e-06 3.37987191637e-06 2.02792314982e-06 4.28117109407e-06 1.17168893101e-05 1.35194876655e-05 7.43571821602e-06 4.05584629965e-06 3.15454712195e-06 2.92922232752e-06 7.2103934216e-06 1.39701372543e-05 1.26181884878e-05 1.46461116376e-05 7.2103934216e-06 6.98506862717e-06 1.17168893101e-05 1.46461116376e-05 1.03649405435e-05 1.03649405435e-05 9.46364136585e-06 1.37448124599e-05 1.37448124599e-05 1.59980604042e-05 1.35194876655e-05 1.35194876655e-05 1.35194876655e-05 1.17168893101e-05 1.28435132822e-05 7.43571821602e-06 7.2103934216e-06 6.08376944947e-06 8.78766698257e-06 5.85844465505e-06 1.35194876655e-05
-9999 -9999 -9999 1.12662397212e-06 1.12662397212e-06 1.12662397212e-06 1.12662397212e-06 1.12662397212e-06 1.12662397212e-06 2.92922232752e-06 4.5064958885e-06 2.02792314982e-06 2.7038975331e-06 7.66104301045e-06 5.18247027177e-06 2.02792314982e-06 2.7038975331e-06 1.12662397212e-06 1.35194876655e-06 7.43571821602e-06 1.03649405435e-05 7.43571821602e-06 1.26181884878e-05 1.37448124599e-05 1.4871436432e-05 4.5064958885e-06 4.05584629965e-06 1.26181884878e-05 1.4871436432e-05 1.4871436432e-05 7.43571821602e-06 1.01396157491e-05 1.23928636934e-05 1.4871436432e-05 1.4871436432e-05 1.28435132822e-05 1.35194876655e-05 1.17168893101e-05 1.41954620488e-05 1.35194876655e-05 1.59980604042e-05 1.03649405435e-05 1.10409149268e-05 1.37448124599e-05 1.03649405435e-05 9.012991777e-06 3.83052150522e-06 3.37987191637e-06 5.18247027177e-06 1.26181884878e-05 6.08376944947e-06
-9999 -9999 -9999 1.12662397212e-06 1.12662397212e-06 1.35194876655e-06 1.12662397212e-06 1.12662397212e-06 2.02792314982e-06 2.02792314982e-06 1.35194876655e-06 1.57727356097e-06 2.92922232752e-06 3.6051967108e-06 4.28117109407e-06 4.05584629965e-06 2.7038975331e-06 3.15454712195e-06 9.012991777e-06 1.35194876655e-05 1.4871436432e-05 1.62233851986e-05 1.46461116376e-05 1.35194876655e-05 1.35194876655e-05 1.17168893101e-05 6.98506862717e-06 1.37448124599e-05 1.26181884878e-05 1.46461116376e-05 1.4871436432e-05 8.78766698257e-06 9.9142909547e-06 1.4871436432e-05 1.46461116376e-05 1.4871436432e-05 1.46461116376e-05 1.62233851986e-05 1.10409149268e-05 1.44207868432e-05 1.14915645157e-05 9.46364136585e-06 1.28435132822e-05 1.35194876655e-05 1.03649405435e-05 6.08376944947e-06 3.6051967108e-06 6.98506862717e-06 1.01396157491e-05 8.1116925993e-06 4.05584629965e-06
-9999 -9999 -9999 1.12662397212e-06 1.12662397212e-06 1.12662397212e-06 1.35194876655e-06 1.12662397212e-06 1.35194876655e-06 2.7038975331e-06 1.35194876655e-06 1.35194876655e-06 2.02792314982e-06 2.02792314982e-06 2.47857273867e-06 2.47857273867e-06 2.02792314982e-06 2.47857273867e-06 3.37987191637e-06 4.73182068292e-06 7.43571821602e-06 5.18247027177e-06 1.01396157491e-05 1.4871436432e-05 1.59980604042e-05 1.53220860209e-05 6.08376944947e-06 1.03649405435e-05 7.66104301045e-06 1.35194876655e-05 1.35194876655e-05 1.4871436432e-05 1.17168893101e-05 1.44207868432e-05 1.4871436432e-05 1.26181884878e-05 1.39701372543e-05 1.35194876655e-05 1.17168893101e-05 1.4871436432e-05 6.98506862717e-06 9.46364136585e-06 1.03649405435e-05 1.35194876655e-05 1.26181884878e-05 7.66104301045e-06 7.2103934216e-06 3.37987191637e-06 2.92922232752e-06 2.7038975331e-06 3.37987191637e-06
-9999 -9999 -9999 -9999 -9999 1.12662397212e-06 1.12662397212e-06 1.12662397212e-06 1.35194876655e-06 2.7038975331e-06 1.57727356097e-06 1.35194876655e-06 3.83052150522e-06 9.012991777e-06 4.73182068292e-06 2.7038975331e-06 2.47857273867e-06 2.47857273867e-06 1.57727356097e-06 2.47857273867e-06 4.73182068292e-06 4.28117109407e-06 5.18247027177e-06 1.19422141045e-05 1.41954620488e-05 1.28435132822e-05 7.43571821602e-06 4.73182068292e-06 7.43571821602e-06 9.9142909547e-06 1.35194876655e-05 1.53220860209e-05 1.4871436432e-05 1.12662397212e-05 1.23928636934e-05 1.28435132822e-05 1.37448124599e-05 1.37448124599e-05 1.37448124599e-05 1.46461116376e-05 1.26181884878e-05 7.88636780487e-06 4.73182068292e-06 9.23831657142e-06 9.012991777e-06 1.26181884878e-05 9.46364136585e-06 3.37987191637e-06 2.7038975331e-06 3.6051967108e-06 1.01396157491e-05
-9999 -9999 -9999 -9999 -9999 -9999 1.12662397212e-06 1.12662397212e-06 1.35194876655e-06 4.5064958885e-06 2.92922232752e-06 2.02792314982e-06 3.15454712195e-06 4.73182068292e-06 4.73182068292e-06 3.6051967108e-06 3.37987191637e-06 3.37987191637e-06 4.73182068292e-06 2.7038975331e-06 9.9142909547e-06 7.88636780487e-06 1.35194876655e-05 1.37448124599e-05 1.37448124599e-05 1.21675388989e-05 7.43571821602e-06 7.43571821602e-06 1.35194876655e-05 1.35194876655e-05 1.35194876655e-05 1.17168893101e-05 1.46461116376e-05 1.37448124599e-05 1.21675388989e-05 1.35194876655e-05 1.28435132822e-05 1.46461116376e-05 1.46461116376e-05 1.41954620488e-05 1.17168893101e-05 8.56234218815e-06 3.37987191637e-06 5.4077950662e-06 2.7038975331e-06 4.5064958885e-06 2.92922232752e-06 1.12662397212e-06 1.12662397212e-06 2.02792314982e-06 8.78766698257e-06
-9999 -9999 -9999 -9999 -9999 -9999 1.35194876655e-06 1.12662397212e-06 2.7038975331e-06 3.15454712195e-06 2.02792314982e-06 1.57727356097e-06 3.15454712195e-06 2.7038975331e-06 4.73182068292e-06 1.21675388989e-05 1.23928636934e-05 6.98506862717e-06 1.10409149268e-05 7.2103934216e-06 5.18247027177e-06 1.26181884878e-05 1.35194876655e-05 1.35194876655e-05 1.37448124599e-05 1.10409149268e-05 5.4077950662e-06 1.37448124599e-05 1.62233851986e-05 1.46461116376e-05 1.03649405435e-05 1.28435132822e-05 1.23928636934e-05 1.21675388989e-05 1.68993595819e-05 1.35194876655e-05 1.03649405435e-05 1.37448124599e-05 1.21675388989e-05 9.012991777e-06 6.98506862717e-06 7.43571821602e-06 9.46364136585e-06 9.46364136585e-06 2.92922232752e-06 1.35194876655e-06 1.12662397212e-06 2.02792314982e-06 2.02792314982e-06 3.6051967108e-06 7.66104301045e-06
-9999 -9999 -9999 -9999 -9999 -9999 1.12662397212e-06 3.37987191637e-06 4.05584629965e-06 4.5064958885e-06 3.6051967108e-06 4.28117109407e-06 2.47857273867e-06 4.28117109407e-06 2.92922232752e-06 4.5064958885e-06 1.21675388989e-05 1.28435132822e-05 1.23928636934e-05 1.37448124599e-05 1.10409149268e-05 1.6448709993e-05 1.59980604042e-05 1.39701372543e-05 1.28435132822e-05 1.17168893101e-05 1.26181884878e-05 1.26181884878e-05 1.4871436432e-05 1.53220860209e-05 1.46461116376e-05 1.28435132822e-05 9.46364136585e-06 1.23928636934e-05 1.26181884878e-05 1.26181884878e-05 1.0590265338e-05 1.26181884878e-05 1.17168893101e-05 3.6051967108e-06 4.5064958885e-06 6.98506862717e-06 7.43571821602e-06 1.03649405435e-05 3.6051967108e-06 5.18247027177e-06 3.15454712195e-06 1.35194876655e-06 1.35194876655e-06 2.02792314982e-06 7.43571821602e-06
