Example/niche_background/models/ENFA/normalized_grids/Anolis_coelestinus_0.asc
ncols        743
nrows        319
xllcorner    -74.500956448335
yllcorner    17.448920549066
cellsize     0.008333333333
NODATA_value  -9999
[rows 176 to 197 of 318, columns 357 to 407 of 743]
2.08692850246e-07 6.26078550737e-07 6.26078550737e-07 8.34771400982e-07 1.04346425123e-06 1.04346425123e-06 1.66954280196e-06 2.2956213527e-06 2.50431420295e-06 3.54777845417e-06 4.5912427054e-06 5.84339980688e-06 7.09555690835e-06 6.46947835761e-06 6.46947835761e-06 8.55640686007e-06 7.09555690835e-06 7.3042497586e-06 6.05209265712e-06 7.09555690835e-06 7.09555690835e-06 7.09555690835e-06 8.55640686007e-06 6.05209265712e-06 7.09555690835e-06 6.46947835761e-06 7.09555690835e-06 7.72163545909e-06 7.09555690835e-06 6.05209265712e-06 8.13902115958e-06 6.05209265712e-06 6.8868640581e-06 7.09555690835e-06 7.09555690835e-06 6.46947835761e-06 6.05209265712e-06 5.84339980688e-06 5.21732125614e-06 5.84339980688e-06 6.8868640581e-06 6.46947835761e-06 5.84339980688e-06 6.05209265712e-06 5.84339980688e-06 4.79993555565e-06 5.21732125614e-06 3.96516415467e-06 5.84339980688e-06 5.00862840589e-06 5.21732125614e-06
1.25215710147e-06 6.26078550737e-07 8.34771400982e-07 8.34771400982e-07 8.34771400982e-07 8.34771400982e-07 1.04346425123e-06 3.54777845417e-06 1.66954280196e-06 1.04346425123e-06 1.66954280196e-06 3.75647130442e-06 7.09555690835e-06 6.46947835761e-06 7.09555690835e-06 8.55640686007e-06 7.51294260884e-06 9.18248541081e-06 9.18248541081e-06 5.84339980688e-06 7.09555690835e-06 6.05209265712e-06 7.09555690835e-06 7.09555690835e-06 7.09555690835e-06 8.34771400982e-06 7.93032830933e-06 7.09555690835e-06 5.84339980688e-06 8.55640686007e-06 7.09555690835e-06 6.26078550737e-06 8.55640686007e-06 6.05209265712e-06 5.84339980688e-06 5.84339980688e-06 5.21732125614e-06 7.09555690835e-06 7.09555690835e-06 5.84339980688e-06 7.09555690835e-06 6.05209265712e-06 6.05209265712e-06 6.05209265712e-06 5.84339980688e-06 6.46947835761e-06 5.84339980688e-06 6.05209265712e-06 5.84339980688e-06 6.46947835761e-06 5.84339980688e-06
4.5912427054e-06 1.04346425123e-06 5.84339980688e-06 3.54777845417e-06 5.84339980688e-06 2.2956213527e-06 3.13039275368e-06 2.71300705319e-06 8.13902115958e-06 3.75647130442e-06 5.21732125614e-06 2.2956213527e-06 3.75647130442e-06 3.54777845417e-06 2.2956213527e-06 3.75647130442e-06 6.46947835761e-06 8.13902115958e-06 7.93032830933e-06 8.13902115958e-06 7.93032830933e-06 5.84339980688e-06 6.46947835761e-06 6.8868640581e-06 6.05209265712e-06 9.18248541081e-06 8.55640686007e-06 7.93032830933e-06 7.09555690835e-06 6.8868640581e-06 6.05209265712e-06 7.51294260884e-06 5.84339980688e-06 6.46947835761e-06 6.46947835761e-06 6.46947835761e-06 5.63470695663e-06 6.8868640581e-06 7.09555690835e-06 4.79993555565e-06 6.26078550737e-06 7.09555690835e-06 6.46947835761e-06 6.46947835761e-06 6.46947835761e-06 6.05209265712e-06 6.46947835761e-06 5.84339980688e-06 5.84339980688e-06 5.63470695663e-06 5.84339980688e-06
4.38254985516e-06 3.75647130442e-06 5.84339980688e-06 8.55640686007e-06 1.12694139133e-05 7.09555690835e-06 7.09555690835e-06 8.55640686007e-06 1.00172568118e-05 7.93032830933e-06 5.84339980688e-06 3.54777845417e-06 2.2956213527e-06 2.2956213527e-06 3.54777845417e-06 2.2956213527e-06 3.54777845417e-06 5.21732125614e-06 6.05209265712e-06 6.05209265712e-06 8.55640686007e-06 8.55640686007e-06 4.5912427054e-06 6.05209265712e-06 6.8868640581e-06 6.46947835761e-06 7.09555690835e-06 8.13902115958e-06 8.34771400982e-06 8.13902115958e-06 7.51294260884e-06 8.97379256056e-06 7.72163545909e-06 8.55640686007e-06 6.05209265712e-06 6.05209265712e-06 7.09555690835e-06 5.84339980688e-06 6.05209265712e-06 6.05209265712e-06 5.84339980688e-06 6.05209265712e-06 7.09555690835e-06 7.09555690835e-06 7.09555690835e-06 6.05209265712e-06 6.46947835761e-06 5.84339980688e-06 6.05209265712e-06 5.84339980688e-06 6.05209265712e-06
3.54777845417e-06 7.09555690835e-06 1.1895492464e-05 1.31476495655e-05 1.21041853142e-05 6.46947835761e-06 9.39117826105e-06 9.18248541081e-06 9.18248541081e-06 1.31476495655e-05 9.18248541081e-06 6.05209265712e-06 5.21732125614e-06 4.38254985516e-06 6.46947835761e-06 2.08692850246e-06 1.66954280196e-06 1.46084995172e-06 2.92169990344e-06 4.79993555565e-06 4.5912427054e-06 6.46947835761e-06 5.84339980688e-06 6.46947835761e-06 6.05209265712e-06 8.13902115958e-06 6.46947835761e-06 8.55640686007e-06 6.46947835761e-06 7.09555690835e-06 8.13902115958e-06 7.09555690835e-06 8.55640686007e-06 8.13902115958e-06 7.09555690835e-06 6.26078550737e-06 5.84339980688e-06 6.05209265712e-06 6.05209265712e-06 5.84339980688e-06 5.84339980688e-06 5.84339980688e-06 6.05209265712e-06 5.84339980688e-06 6.46947835761e-06 6.05209265712e-06 6.26078550737e-06 5.21732125614e-06 6.05209265712e-06 5.84339980688e-06 5.84339980688e-06
7.09555690835e-06 5.84339980688e-06 7.09555690835e-06 1.12694139133e-05 1.1895492464e-05 1.29389567152e-05 1.31476495655e-05 8.13902115958e-06 7.93032830933e-06 9.5998711113e-06 1.23128781645e-05 1.12694139133e-05 1.12694139133e-05 9.18248541081e-06 1.06433353625e-05 5.84339980688e-06 2.2956213527e-06 2.08692850246e-06 2.2956213527e-06 2.92169990344e-06 2.2956213527e-06 3.54777845417e-06 4.17385700491e-06 7.93032830933e-06 9.18248541081e-06 8.55640686007e-06 7.09555690835e-06 9.18248541081e-06 7.09555690835e-06 9.18248541081e-06 8.13902115958e-06 8.34771400982e-06 8.55640686007e-06 9.18248541081e-06 6.46947835761e-06 7.09555690835e-06 5.84339980688e-06 6.26078550737e-06 6.05209265712e-06 6.05209265712e-06 7.09555690835e-06 6.46947835761e-06 7.09555690835e-06 6.46947835761e-06 5.84339980688e-06 7.09555690835e-06 5.84339980688e-06 5.84339980688e-06 5.84339980688e-06 5.63470695663e-06 5.21732125614e-06
1.29389567152e-05 8.97379256056e-06 4.38254985516e-06 6.05209265712e-06 8.13902115958e-06 1.1060721063e-05 1.46084995172e-05 1.1895492464e-05 8.13902115958e-06 9.18248541081e-06 1.29389567152e-05 1.48171923674e-05 1.21041853142e-05 1.25215710147e-05 1.31476495655e-05 1.31476495655e-05 5.84339980688e-06 7.09555690835e-06 7.09555690835e-06 6.46947835761e-06 5.00862840589e-06 5.84339980688e-06 9.5998711113e-06 9.18248541081e-06 8.55640686007e-06 9.18248541081e-06 7.09555690835e-06 6.46947835761e-06 9.18248541081e-06 8.55640686007e-06 7.93032830933e-06 8.13902115958e-06 6.46947835761e-06 7.51294260884e-06 6.46947835761e-06 6.46947835761e-06 5.84339980688e-06 5.84339980688e-06 7.09555690835e-06 6.46947835761e-06 6.05209265712e-06 6.05209265712e-06 6.05209265712e-06 6.05209265712e-06 7.09555690835e-06 6.46947835761e-06 5.84339980688e-06 5.84339980688e-06 6.05209265712e-06 5.84339980688e-06 5.84339980688e-06
7.09555690835e-06 1.3565035266e-05 1.2730263865e-05 9.80856396154e-06 7.09555690835e-06 8.55640686007e-06 1.23128781645e-05 1.54432709182e-05 7.09555690835e-06 7.51294260884e-06 7.09555690835e-06 9.18248541081e-06 1.31476495655e-05 1.14781067635e-05 1.21041853142e-05 9.18248541081e-06 6.46947835761e-06 1.08520282128e-05 1.14781067635e-05 8.55640686007e-06 9.18248541081e-06 1.23128781645e-05 1.14781067635e-05 1.06433353625e-05 9.18248541081e-06 1.2730263865e-05 7.09555690835e-06 6.05209265712e-06 5.21732125614e-06 6.8868640581e-06 7.09555690835e-06 7.09555690835e-06 6.8868640581e-06 7.09555690835e-06 8.55640686007e-06 7.09555690835e-06 6.05209265712e-06 5.84339980688e-06 6.8868640581e-06 5.84339980688e-06 7.09555690835e-06 5.84339980688e-06 7.09555690835e-06 7.93032830933e-06 6.8868640581e-06 7.3042497586e-06 6.46947835761e-06 6.46947835761e-06 6.05209265712e-06 6.05209265712e-06 7.09555690835e-06
1.43998066669e-05 1.25215710147e-05 1.43998066669e-05 1.31476495655e-05 1.21041853142e-05 7.09555690835e-06 1.29389567152e-05 1.54432709182e-05 1.52345780679e-05 9.18248541081e-06 7.09555690835e-06 9.18248541081e-06 1.2730263865e-05 1.54432709182e-05 1.21041853142e-05 1.25215710147e-05 1.04346425123e-05 1.31476495655e-05 1.1895492464e-05 1.37737281162e-05 1.46084995172e-05 1.31476495655e-05 1.14781067635e-05 1.1895492464e-05 1.12694139133e-05 8.13902115958e-06 6.46947835761e-06 8.55640686007e-06 7.09555690835e-06 7.09555690835e-06 1.14781067635e-05 8.55640686007e-06 7.3042497586e-06 8.55640686007e-06 8.13902115958e-06 9.18248541081e-06 6.8868640581e-06 5.84339980688e-06 6.26078550737e-06 6.05209265712e-06 6.05209265712e-06 6.46947835761e-06 5.84339980688e-06 8.55640686007e-06 6.46947835761e-06 5.00862840589e-06 7.09555690835e-06 6.05209265712e-06 7.09555690835e-06 7.09555690835e-06 6.46947835761e-06
1.73215065704e-05 1.64867351694e-05 9.5998711113e-06 1.60693494689e-05 1.54432709182e-05 1.33563424157e-05 1.31476495655e-05 1.31476495655e-05 1.69041208699e-05 1.64867351694e-05 1.1060721063e-05 8.55640686007e-06 8.97379256056e-06 1.1895492464e-05 1.23128781645e-05 1.1895492464e-05 1.1895492464e-05 1.31476495655e-05 1.1895492464e-05 1.23128781645e-05 1.06433353625e-05 1.31476495655e-05 1.1895492464e-05 1.04346425123e-05 7.09555690835e-06 7.09555690835e-06 1.1060721063e-05 1.12694139133e-05 8.55640686007e-06 6.26078550737e-06 6.05209265712e-06 9.18248541081e-06 8.55640686007e-06 8.55640686007e-06 9.5998711113e-06 7.93032830933e-06 6.46947835761e-06 6.05209265712e-06 7.3042497586e-06 7.51294260884e-06 6.05209265712e-06 8.13902115958e-06 5.84339980688e-06 7.09555690835e-06 9.18248541081e-06 9.18248541081e-06 7.72163545909e-06 7.09555690835e-06 6.05209265712e-06 6.46947835761e-06 7.09555690835e-06
2.58779134305e-05 2.08692850246e-05 1.31476495655e-05 1.25215710147e-05 2.27475206768e-05 1.98258207733e-05 1.25215710147e-05 1.25215710147e-05 1.39824209665e-05 1.73215065704e-05 1.31476495655e-05 9.5998711113e-06 1.54432709182e-05 1.21041853142e-05 1.43998066669e-05 1.31476495655e-05 1.31476495655e-05 1.31476495655e-05 1.31476495655e-05 1.3565035266e-05 9.18248541081e-06 9.18248541081e-06 9.5998711113e-06 1.37737281162e-05 1.25215710147e-05 1.31476495655e-05 9.5998711113e-06 1.12694139133e-05 1.14781067635e-05 8.55640686007e-06 9.5998711113e-06 9.18248541081e-06 1.12694139133e-05 1.21041853142e-05 8.55640686007e-06 9.80856396154e-06 8.55640686007e-06 5.21732125614e-06 5.84339980688e-06 8.55640686007e-06 7.93032830933e-06 7.09555690835e-06 6.46947835761e-06 6.46947835761e-06 8.13902115958e-06 8.13902115958e-06 8.55640686007e-06 9.18248541081e-06 9.5998711113e-06 8.55640686007e-06 7.09555690835e-06
1.64867351694e-05 2.4625756329e-05 1.75301994206e-05 1.54432709182e-05 1.60693494689e-05 2.2121442126e-05 1.46084995172e-05 1.64867351694e-05 1.2730263865e-05 1.85736636719e-05 1.54432709182e-05 1.48171923674e-05 1.31476495655e-05 1.31476495655e-05 1.25215710147e-05 1.46084995172e-05 1.29389567152e-05 1.1895492464e-05 1.1895492464e-05 1.04346425123e-05 7.09555690835e-06 6.46947835761e-06 8.55640686007e-06 1.23128781645e-05 1.39824209665e-05 1.39824209665e-05 1.31476495655e-05 1.06433353625e-05 1.14781067635e-05 1.14781067635e-05 9.18248541081e-06 1.21041853142e-05 1.14781067635e-05 9.80856396154e-06 9.80856396154e-06 9.18248541081e-06 7.3042497586e-06 5.84339980688e-06 5.84339980688e-06 5.21732125614e-06 6.05209265712e-06 5.84339980688e-06 6.46947835761e-06 6.46947835761e-06 6.05209265712e-06 7.09555690835e-06 6.46947835761e-06 7.09555690835e-06 8.55640686007e-06 8.13902115958e-06 7.93032830933e-06
2.14953635753e-05 2.14953635753e-05 1.66954280196e-05 2.17040564255e-05 1.46084995172e-05 1.91997422226e-05 1.64867351694e-05 1.75301994206e-05 1.54432709182e-05 9.5998711113e-06 1.46084995172e-05 1.43998066669e-05 1.3565035266e-05 1.31476495655e-05 1.1895492464e-05 1.31476495655e-05 1.16867996138e-05 1.29389567152e-05 9.18248541081e-06 8.55640686007e-06 7.09555690835e-06 7.3042497586e-06 6.46947835761e-06 7.93032830933e-06 8.34771400982e-06 1.29389567152e-05 1.29389567152e-05 1.1895492464e-05 1.3565035266e-05 1.08520282128e-05 1.29389567152e-05 1.23128781645e-05 1.1060721063e-05 1.1060721063e-05 1.04346425123e-05 8.55640686007e-06 7.51294260884e-06 6.46947835761e-06 6.05209265712e-06 5.00862840589e-06 5.21732125614e-06 5.84339980688e-06 6.05209265712e-06 5.84339980688e-06 6.05209265712e-06 6.46947835761e-06 7.09555690835e-06 6.46947835761e-06 7.09555690835e-06 7.09555690835e-06 6.46947835761e-06
2.2121442126e-05 2.39996777782e-05 1.85736636719e-05 1.64867351694e-05 1.43998066669e-05 1.1895492464e-05 1.62780423192e-05 1.31476495655e-05 1.12694139133e-05 9.5998711113e-06 1.00172568118e-05 1.31476495655e-05 1.31476495655e-05 9.18248541081e-06 1.31476495655e-05 1.31476495655e-05 1.04346425123e-05 9.18248541081e-06 7.09555690835e-06 6.46947835761e-06 5.84339980688e-06 5.42601410639e-06 5.63470695663e-06 5.00862840589e-06 5.84339980688e-06 7.09555690835e-06 9.18248541081e-06 9.18248541081e-06 1.52345780679e-05 1.2730263865e-05 1.31476495655e-05 1.12694139133e-05 9.18248541081e-06 8.55640686007e-06 8.13902115958e-06 6.46947835761e-06 7.09555690835e-06 6.05209265712e-06 6.05209265712e-06 5.21732125614e-06 5.21732125614e-06 5.00862840589e-06 5.84339980688e-06 5.63470695663e-06 5.84339980688e-06 4.79993555565e-06 5.63470695663e-06 4.79993555565e-06 5.84339980688e-06 6.05209265712e-06 5.00862840589e-06
1.56519637684e-05 1.39824209665e-05 8.55640686007e-06 1.1060721063e-05 1.14781067635e-05 1.14781067635e-05 1.29389567152e-05 9.18248541081e-06 8.13902115958e-06 8.34771400982e-06 7.09555690835e-06 8.55640686007e-06 7.93032830933e-06 9.5998711113e-06 1.1060721063e-05 1.54432709182e-05 1.31476495655e-05 8.55640686007e-06 5.84339980688e-06 6.05209265712e-06 4.79993555565e-06 3.33908560393e-06 2.2956213527e-06 2.2956213527e-06 2.92169990344e-06 2.2956213527e-06 4.17385700491e-06 5.21732125614e-06 7.09555690835e-06 7.09555690835e-06 8.55640686007e-06 8.13902115958e-06 8.55640686007e-06 8.97379256056e-06 1.14781067635e-05 8.55640686007e-06 6.26078550737e-06 6.05209265712e-06 7.09555690835e-06 5.84339980688e-06 4.79993555565e-06 5.21732125614e-06 5.84339980688e-06 5.21732125614e-06 5.21732125614e-06 5.00862840589e-06 5.42601410639e-06 5.84339980688e-06 5.84339980688e-06 5.84339980688e-06 5.42601410639e-06
8.55640686007e-06 9.18248541081e-06 9.18248541081e-06 8.55640686007e-06 6.46947835761e-06 8.55640686007e-06 7.93032830933e-06 6.46947835761e-06 6.46947835761e-06 6.05209265712e-06 5.84339980688e-06 5.84339980688e-06 6.05209265712e-06 6.05209265712e-06 6.26078550737e-06 4.79993555565e-06 5.84339980688e-06 6.05209265712e-06 4.5912427054e-06 2.2956213527e-06 2.08692850246e-06 2.2956213527e-06 2.2956213527e-06 1.66954280196e-06 2.08692850246e-06 1.04346425123e-06 1.25215710147e-06 2.2956213527e-06 3.54777845417e-06 4.38254985516e-06 5.63470695663e-06 5.84339980688e-06 6.05209265712e-06 5.21732125614e-06 3.96516415467e-06 5.00862840589e-06 4.5912427054e-06 3.75647130442e-06 3.54777845417e-06 5.84339980688e-06 5.21732125614e-06 3.75647130442e-06 4.38254985516e-06 4.38254985516e-06 4.5912427054e-06 5.21732125614e-06 5.21732125614e-06 5.84339980688e-06 5.84339980688e-06 5.84339980688e-06 5.21732125614e-06
6.46947835761e-06 7.09555690835e-06 7.09555690835e-06 6.46947835761e-06 7.09555690835e-06 6.46947835761e-06 6.05209265712e-06 5.84339980688e-06 5.84339980688e-06 5.84339980688e-06 5.84339980688e-06 5.21732125614e-06 5.84339980688e-06 5.63470695663e-06 4.38254985516e-06 2.2956213527e-06 5.00862840589e-06 5.21732125614e-06 3.75647130442e-06 2.08692850246e-06 1.66954280196e-06 2.08692850246e-06 1.66954280196e-06 1.25215710147e-06 1.04346425123e-06 1.04346425123e-06 1.04346425123e-06 1.25215710147e-06 1.25215710147e-06 1.66954280196e-06 2.08692850246e-06 2.2956213527e-06 4.17385700491e-06 2.50431420295e-06 2.2956213527e-06 3.13039275368e-06 3.54777845417e-06 3.13039275368e-06 3.54777845417e-06 5.84339980688e-06 5.84339980688e-06 4.5912427054e-06 3.75647130442e-06 4.38254985516e-06 4.38254985516e-06 4.5912427054e-06 4.79993555565e-06 5.21732125614e-06 5.84339980688e-06 5.84339980688e-06 5.00862840589e-06
6.46947835761e-06 6.05209265712e-06 6.8868640581e-06 7.3042497586e-06 6.8868640581e-06 6.05209265712e-06 7.93032830933e-06 6.46947835761e-06 5.84339980688e-06 5.21732125614e-06 4.79993555565e-06 4.5912427054e-06 4.38254985516e-06 3.54777845417e-06 3.54777845417e-06 2.2956213527e-06 3.54777845417e-06 5.21732125614e-06 5.21732125614e-06 1.04346425123e-06 1.25215710147e-06 1.25215710147e-06 1.04346425123e-06 1.04346425123e-06 1.04346425123e-06 1.04346425123e-06 1.04346425123e-06 1.04346425123e-06 1.04346425123e-06 1.04346425123e-06 1.25215710147e-06 1.46084995172e-06 2.08692850246e-06 1.46084995172e-06 1.66954280196e-06 2.08692850246e-06 2.08692850246e-06 2.2956213527e-06 3.54777845417e-06 6.05209265712e-06 5.84339980688e-06 5.21732125614e-06 4.38254985516e-06 4.17385700491e-06 3.54777845417e-06 5.00862840589e-06 5.21732125614e-06 5.84339980688e-06 6.05209265712e-06 5.42601410639e-06 4.5912427054e-06
3.54777845417e-06 4.38254985516e-06 5.84339980688e-06 4.79993555565e-06 4.38254985516e-06 6.05209265712e-06 6.46947835761e-06 6.05209265712e-06 6.05209265712e-06 5.21732125614e-06 3.96516415467e-06 3.54777845417e-06 2.71300705319e-06 2.50431420295e-06 2.2956213527e-06 1.66954280196e-06 1.04346425123e-06 1.25215710147e-06 1.04346425123e-06 1.04346425123e-06 1.04346425123e-06 1.25215710147e-06 1.04346425123e-06 1.04346425123e-06 1.04346425123e-06 1.04346425123e-06 1.04346425123e-06 1.04346425123e-06 1.04346425123e-06 1.04346425123e-06 1.04346425123e-06 1.25215710147e-06 1.04346425123e-06 1.25215710147e-06 1.46084995172e-06 1.66954280196e-06 2.08692850246e-06 2.08692850246e-06 2.92169990344e-06 7.09555690835e-06 6.05209265712e-06 5.84339980688e-06 5.00862840589e-06 4.38254985516e-06 3.54777845417e-06 3.54777845417e-06 4.38254985516e-06 5.84339980688e-06 5.84339980688e-06 4.79993555565e-06 5.21732125614e-06
2.2956213527e-06 2.50431420295e-06 2.71300705319e-06 2.50431420295e-06 3.54777845417e-06 3.54777845417e-06 3.96516415467e-06 5.00862840589e-06 3.96516415467e-06 4.17385700491e-06 2.71300705319e-06 2.2956213527e-06 2.2956213527e-06 1.66954280196e-06 1.25215710147e-06 1.04346425123e-06 1.04346425123e-06 1.04346425123e-06 1.04346425123e-06 1.04346425123e-06 1.04346425123e-06 1.04346425123e-06 1.04346425123e-06 1.04346425123e-06 1.04346425123e-06 1.04346425123e-06 1.04346425123e-06 1.04346425123e-06 1.04346425123e-06 1.04346425123e-06 1.04346425123e-06 1.04346425123e-06 1.04346425123e-06 1.25215710147e-06 1.25215710147e-06 1.46084995172e-06 1.66954280196e-06 2.2956213527e-06 2.2956213527e-06 3.54777845417e-06 6.05209265712e-06 6.26078550737e-06 5.84339980688e-06 5.84339980688e-06 4.38254985516e-06 4.79993555565e-06 5.84339980688e-06 5.21732125614e-06 5.21732125614e-06 4.79993555565e-06 3.54777845417e-06
2.2956213527e-06 2.2956213527e-06 2.50431420295e-06 2.71300705319e-06 2.2956213527e-06 2.92169990344e-06 3.54777845417e-06 2.71300705319e-06 2.50431420295e-06 2.71300705319e-06 2.2956213527e-06 2.08692850246e-06 1.66954280196e-06 1.25215710147e-06 1.25215710147e-06 1.04346425123e-06 1.04346425123e-06 1.04346425123e-06 1.04346425123e-06 1.04346425123e-06 1.04346425123e-06 1.04346425123e-06 1.04346425123e-06 1.04346425123e-06 1.04346425123e-06 1.04346425123e-06 1.04346425123e-06 1.04346425123e-06 1.04346425123e-06 1.04346425123e-06 1.04346425123e-06 1.04346425123e-06 1.04346425123e-06 1.04346425123e-06 1.04346425123e-06 1.25215710147e-06 1.25215710147e-06 1.66954280196e-06 2.2956213527e-06 2.50431420295e-06 3.54777845417e-06 6.46947835761e-06 7.09555690835e-06 6.26078550737e-06 4.79993555565e-06 3.96516415467e-06 4.5912427054e-06 4.17385700491e-06 5.00862840589e-06 5.00862840589e-06 3.54777845417e-06
2.08692850246e-06 2.2956213527e-06 2.2956213527e-06 2.2956213527e-06 2.2956213527e-06 2.2956213527e-06 2.2956213527e-06 2.2956213527e-06 2.2956213527e-06 2.08692850246e-06 2.08692850246e-06 2.08692850246e-06 1.66954280196e-06 1.25215710147e-06 1.25215710147e-06 1.04346425123e-06 1.04346425123e-06 1.04346425123e-06 1.04346425123e-06 1.04346425123e-06 1.04346425123e-06 1.04346425123e-06 1.04346425123e-06 1.04346425123e-06 1.04346425123e-06 1.04346425123e-06 1.04346425123e-06 1.04346425123e-06 1.04346425123e-06 1.04346425123e-06 1.04346425123e-06 1.04346425123e-06 1.04346425123e-06 1.04346425123e-06 1.04346425123e-06 1.04346425123e-06 1.25215710147e-06 1.25215710147e-06 2.08692850246e-06 2.2956213527e-06 2.2956213527e-06 3.54777845417e-06 4.38254985516e-06 4.79993555565e-06 3.75647130442e-06 3.75647130442e-06 4.5912427054e-06 3.54777845417e-06 3.75647130442e-06 5.00862840589e-06 2.92169990344e-06
