Example/niche_background/models/ENFA/normalized_grids/Anolis_coelestinus_0.asc
ncols        743
nrows        319
xllcorner    -74.500956448335
yllcorner    17.448920549066
cellsize     0.008333333333
NODATA_value  -9999
[rows 66 to 87 of 318, columns 357 to 407 of 743]
2.08773192353e-06 2.71405150059e-06 1.25263915412e-06 2.71405150059e-06 4.17546384706e-06 2.71405150059e-06 1.67018553882e-06 1.67018553882e-06 1.67018553882e-06 1.04386596176e-06 1.04386596176e-06 8.35092769412e-07 6.26319577059e-07 6.26319577059e-07 8.35092769412e-07 8.35092769412e-07 8.35092769412e-07 8.35092769412e-07 1.04386596176e-06 1.04386596176e-06 4.17546384706e-07 1.04386596176e-06 1.04386596176e-06 1.87895873118e-06 1.04386596176e-06 1.04386596176e-06 1.04386596176e-06 4.17546384706e-07 1.04386596176e-06 1.04386596176e-06 1.04386596176e-06 1.04386596176e-06 8.35092769412e-07 8.35092769412e-07 2.08773192353e-07 2.08773192353e-07 0.0 0.0 0.0 0.0 0.0 0.0 0.0 0.0 0.0 0.0 0.0 0.0 0.0 0.0 0.0
1.25263915412e-06 1.25263915412e-06 1.25263915412e-06 2.92282469294e-06 2.29650511588e-06 2.29650511588e-06 2.71405150059e-06 1.67018553882e-06 1.04386596176e-06 1.46141234647e-06 1.04386596176e-06 1.04386596176e-06 8.35092769412e-07 6.26319577059e-07 6.26319577059e-07 8.35092769412e-07 8.35092769412e-07 6.26319577059e-07 8.35092769412e-07 1.46141234647e-06 1.04386596176e-06 1.04386596176e-06 1.04386596176e-06 1.04386596176e-06 8.35092769412e-07 8.35092769412e-07 8.35092769412e-07 4.17546384706e-07 1.04386596176e-06 1.25263915412e-06 1.04386596176e-06 1.46141234647e-06 8.35092769412e-07 1.04386596176e-06 4.17546384706e-07 6.26319577059e-07 6.26319577059e-07 4.17546384706e-07 2.08773192353e-07 2.08773192353e-07 0.0 0.0 0.0 0.0 0.0 0.0 0.0 0.0 0.0 0.0 0.0
1.25263915412e-06 1.87895873118e-06 1.25263915412e-06 2.71405150059e-06 3.34037107765e-06 2.71405150059e-06 1.87895873118e-06 1.87895873118e-06 1.67018553882e-06 1.04386596176e-06 1.25263915412e-06 1.04386596176e-06 8.35092769412e-07 1.04386596176e-06 8.35092769412e-07 8.35092769412e-07 4.17546384706e-07 6.26319577059e-07 1.04386596176e-06 1.04386596176e-06 1.04386596176e-06 1.04386596176e-06 6.26319577059e-07 8.35092769412e-07 1.04386596176e-06 6.26319577059e-07 6.26319577059e-07 4.17546384706e-07 4.17546384706e-07 8.35092769412e-07 1.25263915412e-06 1.67018553882e-06 1.04386596176e-06 1.04386596176e-06 8.35092769412e-07 1.04386596176e-06 4.17546384706e-07 4.17546384706e-07 6.26319577059e-07 4.17546384706e-07 0.0 2.08773192353e-07 0.0 2.08773192353e-07 0.0 0.0 0.0 0.0 0.0 0.0 0.0
4.17546384706e-06 2.71405150059e-06 2.08773192353e-06 2.71405150059e-06 2.08773192353e-06 2.71405150059e-06 1.87895873118e-06 1.87895873118e-06 1.04386596176e-06 1.04386596176e-06 1.04386596176e-06 8.35092769412e-07 1.04386596176e-06 1.04386596176e-06 1.04386596176e-06 8.35092769412e-07 6.26319577059e-07 4.17546384706e-07 1.04386596176e-06 1.04386596176e-06 1.04386596176e-06 1.04386596176e-06 8.35092769412e-07 1.04386596176e-06 8.35092769412e-07 8.35092769412e-07 8.35092769412e-07 8.35092769412e-07 2.08773192353e-07 1.04386596176e-06 8.35092769412e-07 1.04386596176e-06 1.04386596176e-06 1.04386596176e-06 1.04386596176e-06 1.04386596176e-06 1.04386596176e-06 8.35092769412e-07 8.35092769412e-07 2.08773192353e-07 0.0 6.26319577059e-07 4.17546384706e-07 4.17546384706e-07 2.08773192353e-07 0.0 0.0 0.0 0.0 0.0 0.0
4.17546384706e-06 5.42810300118e-06 2.08773192353e-06 2.29650511588e-06 2.71405150059e-06 2.50527830824e-06 2.29650511588e-06 1.87895873118e-06 1.04386596176e-06 1.04386596176e-06 1.04386596176e-06 1.04386596176e-06 1.04386596176e-06 1.04386596176e-06 1.04386596176e-06 8.35092769412e-07 6.26319577059e-07 1.04386596176e-06 1.04386596176e-06 1.04386596176e-06 1.04386596176e-06 1.04386596176e-06 1.04386596176e-06 1.04386596176e-06 8.35092769412e-07 8.35092769412e-07 4.17546384706e-07 8.35092769412e-07 6.26319577059e-07 6.26319577059e-07 4.17546384706e-07 8.35092769412e-07 4.17546384706e-07 4.17546384706e-07 8.35092769412e-07 8.35092769412e-07 1.04386596176e-06 8.35092769412e-07 6.26319577059e-07 0.0 0.0 1.04386596176e-06 8.35092769412e-07 8.35092769412e-07 4.17546384706e-07 4.17546384706e-07 0.0 0.0 0.0 0.0 0.0
3.54914427e-06 4.59301023177e-06 4.17546384706e-06 2.50527830824e-06 2.50527830824e-06 2.08773192353e-06 1.67018553882e-06 2.08773192353e-06 1.87895873118e-06 1.25263915412e-06 1.04386596176e-06 1.04386596176e-06 1.04386596176e-06 1.46141234647e-06 1.04386596176e-06 1.04386596176e-06 1.04386596176e-06 1.04386596176e-06 1.04386596176e-06 1.04386596176e-06 8.35092769412e-07 1.04386596176e-06 1.04386596176e-06 1.04386596176e-06 1.04386596176e-06 1.04386596176e-06 1.04386596176e-06 8.35092769412e-07 6.26319577059e-07 4.17546384706e-07 6.26319577059e-07 6.26319577059e-07 8.35092769412e-07 4.17546384706e-07 4.17546384706e-07 8.35092769412e-07 1.04386596176e-06 1.04386596176e-06 4.17546384706e-07 0.0 0.0 0.0 2.08773192353e-07 4.17546384706e-07 8.35092769412e-07 6.26319577059e-07 0.0 0.0 0.0 2.08773192353e-07 0.0
5.01055661647e-06 5.21932980882e-06 4.38423703941e-06 2.71405150059e-06 2.71405150059e-06 2.29650511588e-06 2.71405150059e-06 1.25263915412e-06 2.71405150059e-06 1.25263915412e-06 1.67018553882e-06 1.67018553882e-06 1.25263915412e-06 1.87895873118e-06 1.67018553882e-06 1.04386596176e-06 1.04386596176e-06 8.35092769412e-07 8.35092769412e-07 1.04386596176e-06 8.35092769412e-07 1.04386596176e-06 1.04386596176e-06 1.04386596176e-06 1.04386596176e-06 1.04386596176e-06 1.25263915412e-06 1.25263915412e-06 6.26319577059e-07 6.26319577059e-07 8.35092769412e-07 8.35092769412e-07 6.26319577059e-07 8.35092769412e-07 8.35092769412e-07 8.35092769412e-07 6.26319577059e-07 8.35092769412e-07 4.17546384706e-07 2.08773192353e-07 0.0 0.0 2.08773192353e-07 2.08773192353e-07 4.17546384706e-07 0.0 0.0 0.0 0.0 0.0 0.0
7.30706173235e-06 4.59301023177e-06 4.38423703941e-06 2.50527830824e-06 2.71405150059e-06 2.08773192353e-06 2.50527830824e-06 2.50527830824e-06 2.08773192353e-06 2.08773192353e-06 1.87895873118e-06 1.25263915412e-06 2.08773192353e-06 1.25263915412e-06 1.04386596176e-06 1.04386596176e-06 1.04386596176e-06 1.04386596176e-06 8.35092769412e-07 8.35092769412e-07 1.04386596176e-06 1.04386596176e-06 1.25263915412e-06 1.25263915412e-06 1.04386596176e-06 8.35092769412e-07 1.04386596176e-06 1.04386596176e-06 1.04386596176e-06 8.35092769412e-07 1.04386596176e-06 8.35092769412e-07 8.35092769412e-07 8.35092769412e-07 6.26319577059e-07 8.35092769412e-07 4.17546384706e-07 1.04386596176e-06 1.04386596176e-06 6.26319577059e-07 2.08773192353e-07 2.08773192353e-07 2.08773192353e-07 0.0 2.08773192353e-07 0.0 0.0 0.0 0.0 0.0 0.0
6.6807421553e-06 5.84564938588e-06 2.71405150059e-06 5.42810300118e-06 2.71405150059e-06 2.50527830824e-06 5.42810300118e-06 4.38423703941e-06 5.63687619353e-06 3.96669065471e-06 2.50527830824e-06 2.71405150059e-06 1.67018553882e-06 1.87895873118e-06 1.87895873118e-06 1.25263915412e-06 1.46141234647e-06 1.04386596176e-06 1.67018553882e-06 1.67018553882e-06 8.35092769412e-07 1.04386596176e-06 1.04386596176e-06 1.04386596176e-06 1.04386596176e-06 1.04386596176e-06 1.04386596176e-06 1.04386596176e-06 1.04386596176e-06 1.04386596176e-06 8.35092769412e-07 8.35092769412e-07 6.26319577059e-07 4.17546384706e-07 6.26319577059e-07 6.26319577059e-07 4.17546384706e-07 8.35092769412e-07 1.04386596176e-06 1.04386596176e-06 4.17546384706e-07 2.08773192353e-07 2.08773192353e-07 2.08773192353e-07 2.08773192353e-07 4.17546384706e-07 0.0 0.0 0.0 0.0 0.0
6.05442257824e-06 5.01055661647e-06 5.84564938588e-06 5.01055661647e-06 5.42810300118e-06 6.6807421553e-06 5.21932980882e-06 5.42810300118e-06 3.75791746235e-06 3.96669065471e-06 3.96669065471e-06 1.87895873118e-06 2.71405150059e-06 2.08773192353e-06 1.46141234647e-06 1.46141234647e-06 1.67018553882e-06 1.04386596176e-06 1.67018553882e-06 1.87895873118e-06 1.04386596176e-06 1.46141234647e-06 1.04386596176e-06 1.67018553882e-06 1.46141234647e-06 1.04386596176e-06 1.04386596176e-06 1.04386596176e-06 1.04386596176e-06 1.04386596176e-06 8.35092769412e-07 1.04386596176e-06 8.35092769412e-07 8.35092769412e-07 6.26319577059e-07 4.17546384706e-07 8.35092769412e-07 1.04386596176e-06 1.04386596176e-06 1.04386596176e-06 4.17546384706e-07 4.17546384706e-07 1.04386596176e-06 1.04386596176e-06 1.04386596176e-06 4.17546384706e-07 8.35092769412e-07 4.17546384706e-07 2.08773192353e-07 0.0 0.0
6.05442257824e-06 7.30706173235e-06 5.42810300118e-06 5.42810300118e-06 5.42810300118e-06 6.05442257824e-06 6.05442257824e-06 5.84564938588e-06 5.01055661647e-06 6.05442257824e-06 6.05442257824e-06 3.54914427e-06 2.08773192353e-06 2.92282469294e-06 2.08773192353e-06 2.08773192353e-06 2.08773192353e-06 2.29650511588e-06 2.29650511588e-06 1.87895873118e-06 1.04386596176e-06 1.04386596176e-06 1.04386596176e-06 1.46141234647e-06 8.35092769412e-07 1.04386596176e-06 1.25263915412e-06 1.04386596176e-06 1.04386596176e-06 1.04386596176e-06 1.04386596176e-06 8.35092769412e-07 8.35092769412e-07 8.35092769412e-07 8.35092769412e-07 6.26319577059e-07 8.35092769412e-07 1.04386596176e-06 1.04386596176e-06 1.04386596176e-06 2.08773192353e-07 4.17546384706e-07 1.04386596176e-06 1.04386596176e-06 1.46141234647e-06 1.04386596176e-06 1.04386596176e-06 6.26319577059e-07 8.35092769412e-07 6.26319577059e-07 4.17546384706e-07
1.29439379259e-05 1.35702575029e-05 1.29439379259e-05 9.18602046353e-06 5.42810300118e-06 6.05442257824e-06 7.30706173235e-06 4.38423703941e-06 5.84564938588e-06 5.84564938588e-06 6.05442257824e-06 4.38423703941e-06 2.71405150059e-06 2.29650511588e-06 2.29650511588e-06 1.87895873118e-06 2.29650511588e-06 2.71405150059e-06 2.29650511588e-06 1.87895873118e-06 1.67018553882e-06 1.04386596176e-06 1.04386596176e-06 1.04386596176e-06 1.25263915412e-06 1.04386596176e-06 1.04386596176e-06 1.04386596176e-06 1.04386596176e-06 1.04386596176e-06 1.04386596176e-06 1.04386596176e-06 6.26319577059e-07 8.35092769412e-07 1.04386596176e-06 1.04386596176e-06 1.04386596176e-06 1.04386596176e-06 1.04386596176e-06 1.04386596176e-06 4.17546384706e-07 1.04386596176e-06 1.04386596176e-06 1.04386596176e-06 1.87895873118e-06 1.46141234647e-06 1.04386596176e-06 4.17546384706e-07 1.04386596176e-06 4.17546384706e-07 2.08773192353e-07
1.54492162341e-05 1.54492162341e-05 1.02298864253e-05 6.05442257824e-06 1.02298864253e-05 6.05442257824e-06 5.84564938588e-06 6.05442257824e-06 5.01055661647e-06 6.05442257824e-06 3.34037107765e-06 2.92282469294e-06 2.71405150059e-06 2.71405150059e-06 2.29650511588e-06 4.17546384706e-06 2.71405150059e-06 5.42810300118e-06 1.87895873118e-06 1.67018553882e-06 1.67018553882e-06 1.04386596176e-06 1.67018553882e-06 1.04386596176e-06 1.04386596176e-06 1.25263915412e-06 1.04386596176e-06 1.04386596176e-06 1.67018553882e-06 1.04386596176e-06 1.04386596176e-06 1.04386596176e-06 8.35092769412e-07 1.04386596176e-06 1.04386596176e-06 1.04386596176e-06 1.04386596176e-06 1.04386596176e-06 1.04386596176e-06 8.35092769412e-07 1.04386596176e-06 1.04386596176e-06 1.04386596176e-06 1.04386596176e-06 1.04386596176e-06 1.04386596176e-06 8.35092769412e-07 6.26319577059e-07 6.26319577059e-07 4.17546384706e-07 2.08773192353e-07
1.00211132329e-05 1.29439379259e-05 1.29439379259e-05 6.05442257824e-06 5.42810300118e-06 5.42810300118e-06 6.05442257824e-06 8.76847407883e-06 4.59301023177e-06 2.71405150059e-06 4.38423703941e-06 3.75791746235e-06 4.38423703941e-06 1.10649791947e-05 7.30706173235e-06 5.84564938588e-06 6.05442257824e-06 5.84564938588e-06 5.42810300118e-06 2.29650511588e-06 5.01055661647e-06 1.87895873118e-06 1.87895873118e-06 1.25263915412e-06 1.87895873118e-06 1.04386596176e-06 1.46141234647e-06 1.04386596176e-06 1.04386596176e-06 1.04386596176e-06 1.04386596176e-06 1.04386596176e-06 1.04386596176e-06 1.04386596176e-06 1.04386596176e-06 1.25263915412e-06 1.67018553882e-06 1.25263915412e-06 1.04386596176e-06 8.35092769412e-07 4.17546384706e-07 8.35092769412e-07 1.04386596176e-06 1.04386596176e-06 1.04386596176e-06 1.04386596176e-06 4.17546384706e-07 8.35092769412e-07 6.26319577059e-07 4.17546384706e-07 2.08773192353e-07
1.58667626188e-05 1.37790306953e-05 9.60356684824e-06 6.05442257824e-06 6.88951534765e-06 5.42810300118e-06 5.42810300118e-06 6.6807421553e-06 6.05442257824e-06 5.21932980882e-06 5.42810300118e-06 4.38423703941e-06 5.01055661647e-06 6.05442257824e-06 9.60356684824e-06 7.30706173235e-06 5.42810300118e-06 5.42810300118e-06 5.01055661647e-06 3.54914427e-06 2.71405150059e-06 2.71405150059e-06 2.50527830824e-06 2.50527830824e-06 2.29650511588e-06 2.50527830824e-06 1.04386596176e-06 2.50527830824e-06 1.67018553882e-06 1.46141234647e-06 1.04386596176e-06 1.04386596176e-06 1.25263915412e-06 1.04386596176e-06 1.04386596176e-06 1.87895873118e-06 1.04386596176e-06 1.87895873118e-06 1.04386596176e-06 6.26319577059e-07 1.04386596176e-06 1.04386596176e-06 1.04386596176e-06 1.04386596176e-06 1.04386596176e-06 8.35092769412e-07 4.17546384706e-07 4.17546384706e-07 4.17546384706e-07 2.08773192353e-07 2.08773192353e-07
1.67018553882e-05 2.06685460429e-05 1.62843090035e-05 9.60356684824e-06 1.10649791947e-05 7.93338130941e-06 6.05442257824e-06 6.05442257824e-06 5.63687619353e-06 5.01055661647e-06 4.17546384706e-06 3.54914427e-06 6.05442257824e-06 5.84564938588e-06 7.09828854e-06 7.30706173235e-06 6.05442257824e-06 5.42810300118e-06 3.54914427e-06 2.71405150059e-06 4.17546384706e-06 2.71405150059e-06 2.08773192353e-06 1.87895873118e-06 2.08773192353e-06 1.87895873118e-06 1.67018553882e-06 2.50527830824e-06 2.08773192353e-06 2.08773192353e-06 1.67018553882e-06 1.04386596176e-06 1.04386596176e-06 1.04386596176e-06 1.25263915412e-06 1.04386596176e-06 1.87895873118e-06 2.08773192353e-06 1.04386596176e-06 1.87895873118e-06 1.04386596176e-06 8.35092769412e-07 1.04386596176e-06 1.04386596176e-06 1.04386596176e-06 8.35092769412e-07 6.26319577059e-07 1.04386596176e-06 8.35092769412e-07 4.17546384706e-07 4.17546384706e-07
2.60966490441e-05 3.11072056606e-05 1.52404430418e-05 2.10860924277e-05 1.16912987718e-05 1.12737523871e-05 9.60356684824e-06 8.55970088647e-06 1.16912987718e-05 6.05442257824e-06 8.14215450177e-06 6.88951534765e-06 9.60356684824e-06 6.05442257824e-06 9.60356684824e-06 5.84564938588e-06 7.09828854e-06 6.05442257824e-06 6.05442257824e-06 6.6807421553e-06 6.88951534765e-06 2.71405150059e-06 2.71405150059e-06 5.42810300118e-06 2.29650511588e-06 6.05442257824e-06 5.84564938588e-06 2.29650511588e-06 3.75791746235e-06 3.54914427e-06 1.87895873118e-06 1.46141234647e-06 2.29650511588e-06 2.29650511588e-06 2.71405150059e-06 2.71405150059e-06 1.87895873118e-06 2.50527830824e-06 2.29650511588e-06 1.25263915412e-06 1.25263915412e-06 8.35092769412e-07 1.04386596176e-06 1.04386596176e-06 1.04386596176e-06 1.04386596176e-06 1.04386596176e-06 1.04386596176e-06 8.35092769412e-07 8.35092769412e-07 8.35092769412e-07
2.86019273524e-05 2.27562779665e-05 2.10860924277e-05 1.29439379259e-05 1.419657708e-05 1.29439379259e-05 6.05442257824e-06 1.02298864253e-05 1.16912987718e-05 9.18602046353e-06 6.88951534765e-06 7.93338130941e-06 1.10649791947e-05 6.88951534765e-06 6.05442257824e-06 5.01055661647e-06 6.05442257824e-06 9.18602046353e-06 9.18602046353e-06 1.29439379259e-05 7.30706173235e-06 5.42810300118e-06 4.38423703941e-06 5.63687619353e-06 8.55970088647e-06 5.63687619353e-06 5.42810300118e-06 5.84564938588e-06 5.42810300118e-06 2.71405150059e-06 1.87895873118e-06 1.87895873118e-06 2.50527830824e-06 1.87895873118e-06 2.71405150059e-06 1.87895873118e-06 3.75791746235e-06 3.75791746235e-06 2.71405150059e-06 1.46141234647e-06 2.29650511588e-06 1.87895873118e-06 2.08773192353e-06 1.67018553882e-06 1.67018553882e-06 1.04386596176e-06 1.04386596176e-06 1.04386596176e-06 1.04386596176e-06 4.17546384706e-07 4.17546384706e-07
1.54492162341e-05 1.62843090035e-05 1.58667626188e-05 2.10860924277e-05 1.29439379259e-05 1.58667626188e-05 1.23176183488e-05 1.37790306953e-05 8.14215450177e-06 7.72460811706e-06 1.02298864253e-05 7.09828854e-06 8.35092769412e-06 7.30706173235e-06 5.63687619353e-06 6.88951534765e-06 4.38423703941e-06 7.30706173235e-06 1.31527111182e-05 1.14825255794e-05 8.35092769412e-06 8.35092769412e-06 6.6807421553e-06 6.05442257824e-06 9.60356684824e-06 7.72460811706e-06 6.05442257824e-06 6.05442257824e-06 4.38423703941e-06 4.59301023177e-06 5.42810300118e-06 2.29650511588e-06 2.71405150059e-06 2.92282469294e-06 3.54914427e-06 2.29650511588e-06 4.17546384706e-06 3.54914427e-06 2.29650511588e-06 1.87895873118e-06 1.67018553882e-06 2.29650511588e-06 2.29650511588e-06 1.87895873118e-06 1.67018553882e-06 1.67018553882e-06 1.04386596176e-06 1.04386596176e-06 4.17546384706e-07 6.26319577059e-07 4.17546384706e-07
1.73281749653e-05 1.89983605041e-05 2.73492881982e-05 2.60966490441e-05 1.54492162341e-05 1.29439379259e-05 1.29439379259e-05 8.35092769412e-06 1.33614843106e-05 7.30706173235e-06 9.18602046353e-06 8.35092769412e-06 8.14215450177e-06 5.84564938588e-06 5.84564938588e-06 7.93338130941e-06 8.35092769412e-06 7.30706173235e-06 6.05442257824e-06 9.60356684824e-06 1.31527111182e-05 9.39479365588e-06 7.09828854e-06 7.93338130941e-06 8.55970088647e-06 1.04386596176e-05 8.35092769412e-06 7.30706173235e-06 5.01055661647e-06 5.01055661647e-06 5.42810300118e-06 5.42810300118e-06 2.50527830824e-06 2.71405150059e-06 2.71405150059e-06 6.05442257824e-06 3.75791746235e-06 4.59301023177e-06 3.75791746235e-06 2.29650511588e-06 2.29650511588e-06 2.08773192353e-06 1.46141234647e-06 2.08773192353e-06 1.25263915412e-06 1.25263915412e-06 1.04386596176e-06 6.26319577059e-07 4.17546384706e-07 1.04386596176e-06 8.35092769412e-07
1.54492162341e-05 2.73492881982e-05 2.50527830824e-05 2.484400989e-05 2.10860924277e-05 1.31527111182e-05 7.30706173235e-06 1.14825255794e-05 8.35092769412e-06 1.02298864253e-05 1.14825255794e-05 1.29439379259e-05 7.09828854e-06 6.88951534765e-06 1.29439379259e-05 1.16912987718e-05 2.04597728506e-05 1.29439379259e-05 1.31527111182e-05 1.10649791947e-05 1.25263915412e-05 9.18602046353e-06 7.30706173235e-06 1.02298864253e-05 1.02298864253e-05 8.76847407883e-06 8.55970088647e-06 5.01055661647e-06 5.42810300118e-06 5.84564938588e-06 5.42810300118e-06 5.84564938588e-06 5.84564938588e-06 4.59301023177e-06 4.38423703941e-06 5.84564938588e-06 3.75791746235e-06 5.42810300118e-06 3.75791746235e-06 3.75791746235e-06 1.04386596176e-06 1.04386596176e-06 1.04386596176e-06 1.87895873118e-06 1.04386596176e-06 1.04386596176e-06 8.35092769412e-07 4.17546384706e-07 4.17546384706e-07 8.35092769412e-07 6.26319577059e-07
1.67018553882e-05 1.94159068888e-05 2.15036388124e-05 2.17124120047e-05 1.71194017729e-05 1.16912987718e-05 8.97724727118e-06 2.10860924277e-05 1.89983605041e-05 1.774572135e-05 1.54492162341e-05 2.17124120047e-05 1.10649791947e-05 7.72460811706e-06 1.10649791947e-05 1.56579894265e-05 1.73281749653e-05 1.54492162341e-05 1.29439379259e-05 1.23176183488e-05 1.29439379259e-05 1.16912987718e-05 1.25263915412e-05 1.02298864253e-05 1.16912987718e-05 6.05442257824e-06 6.88951534765e-06 6.05442257824e-06 5.84564938588e-06 6.05442257824e-06 5.01055661647e-06 5.42810300118e-06 5.42810300118e-06 3.75791746235e-06 5.63687619353e-06 5.84564938588e-06 4.59301023177e-06 2.50527830824e-06 2.08773192353e-06 2.08773192353e-06 1.46141234647e-06 1.87895873118e-06 1.87895873118e-06 1.46141234647e-06 1.04386596176e-06 1.04386596176e-06 1.04386596176e-06 1.04386596176e-06 4.17546384706e-07 8.35092769412e-07 6.26319577059e-07
