Example/niche_background/models/ENFA/normalized_grids/Anolis_chlorocyanus.asc
ncols        743
nrows        319
xllcorner    -74.500956448335
yllcorner    17.448920549066
cellsize     0.008333333333
NODATA_value  -9999
[rows 69 to 91 of 318, columns 312 to 363 of 743]
2.39142112655e-05 2.26610648236e-05 2.46452133565e-05 2.45407844864e-05 2.39142112655e-05 2.27654936938e-05 2.025920081e-05 1.99459141996e-05 2.18256338624e-05 2.19300627325e-05 2.18256338624e-05 2.03636296802e-05 1.73351924457e-05 1.76484790562e-05 1.52466150426e-05 1.96326275891e-05 2.14079183817e-05 1.57687593934e-05 1.63953326143e-05 1.73351924457e-05 1.62909037442e-05 1.40978974709e-05 9.18974057362e-06 1.04428870155e-05 1.25314644186e-05 1.38890397306e-05 9.50302718409e-06 7.93659413177e-06 9.18974057362e-06 1.42023263411e-05 8.04102300192e-06 1.52466150426e-05 1.52466150426e-05 1.52466150426e-05 1.38890397306e-05 1.18004623275e-05 1.03384581453e-05 1.04428870155e-05 1.05473158856e-05 8.45873848254e-06 1.04428870155e-05 1.04428870155e-05 8.35430961239e-06 8.5631673527e-06 7.83216526161e-06 9.29416944378e-06 8.45873848254e-06 8.04102300192e-06 9.50302718409e-06 7.83216526161e-06 7.72773639146e-06 8.66759622285e-06
2.30787803042e-05 2.27654936938e-05 2.29743514341e-05 2.26610648236e-05 2.19300627325e-05 2.14079183817e-05 2.03636296802e-05 2.39142112655e-05 2.26610648236e-05 2.1616776122e-05 2.14079183817e-05 2.0885774031e-05 1.52466150426e-05 1.73351924457e-05 2.10946317713e-05 1.72307635755e-05 1.71263347054e-05 1.43067552112e-05 1.66041903546e-05 1.56643305232e-05 1.43067552112e-05 1.35757531201e-05 1.37846108604e-05 1.55599016531e-05 1.04428870155e-05 1.15916045872e-05 1.03384581453e-05 9.18974057362e-06 1.32624665097e-05 8.04102300192e-06 8.87645396316e-06 1.02340292752e-05 1.38890397306e-05 6.4745899496e-06 9.08531170347e-06 1.32624665097e-05 9.50302718409e-06 7.72773639146e-06 8.5631673527e-06 8.04102300192e-06 8.45873848254e-06 1.09650313663e-05 1.1487175717e-05 9.60745605424e-06 1.04428870155e-05 7.41444978099e-06 1.03384581453e-05 6.26573220929e-06 6.57901881975e-06 8.5631673527e-06 6.4745899496e-06 9.18974057362e-06
2.41230690058e-05 2.19300627325e-05 2.1616776122e-05 2.09902029011e-05 2.2243349343e-05 2.31832091744e-05 2.18256338624e-05 1.76484790562e-05 2.13034895116e-05 2.19300627325e-05 2.31832091744e-05 2.19300627325e-05 2.18256338624e-05 1.94237698488e-05 1.92149121085e-05 1.73351924457e-05 1.58731882635e-05 1.43067552112e-05 1.84839100174e-05 2.07813451608e-05 1.6186474874e-05 1.06517447558e-05 1.09650313663e-05 1.09650313663e-05 1.26358932887e-05 1.2844751029e-05 9.18974057362e-06 1.10694602364e-05 7.83216526161e-06 1.4828899562e-05 8.45873848254e-06 9.60745605424e-06 8.5631673527e-06 1.11738891066e-05 1.35757531201e-05 1.11738891066e-05 1.08606024961e-05 9.18974057362e-06 7.72773639146e-06 8.77202509301e-06 1.40978974709e-05 9.18974057362e-06 9.18974057362e-06 7.41444978099e-06 6.16130333913e-06 6.4745899496e-06 9.18974057362e-06 9.18974057362e-06 6.4745899496e-06 6.4745899496e-06 5.53473011821e-06 5.3258723779e-06
2.14079183817e-05 2.45407844864e-05 2.18256338624e-05 2.14079183817e-05 2.21389204728e-05 2.0885774031e-05 1.9528198719e-05 2.14079183817e-05 2.03636296802e-05 2.07813451608e-05 1.9528198719e-05 1.98414853294e-05 2.01547719399e-05 1.50377573023e-05 1.32624665097e-05 1.52466150426e-05 1.90060543682e-05 1.67086192248e-05 1.73351924457e-05 2.04680585503e-05 1.55599016531e-05 1.4828899562e-05 1.09650313663e-05 1.37846108604e-05 1.26358932887e-05 8.98088283331e-06 1.25314644186e-05 1.35757531201e-05 1.38890397306e-05 1.50377573023e-05 1.18004623275e-05 9.18974057362e-06 1.27403221589e-05 1.62909037442e-05 1.25314644186e-05 1.62909037442e-05 9.92074266471e-06 9.18974057362e-06 8.35430961239e-06 1.32624665097e-05 9.18974057362e-06 1.29491798992e-05 1.06517447558e-05 5.11701463759e-06 9.60745605424e-06 7.72773639146e-06 8.45873848254e-06 7.93659413177e-06 6.4745899496e-06 6.26573220929e-06 5.01258576743e-06 7.72773639146e-06
2.24522070833e-05 2.11990606414e-05 2.18256338624e-05 2.18256338624e-05 1.55599016531e-05 1.9528198719e-05 8.45873848254e-06 1.09650313663e-05 2.2243349343e-05 1.94237698488e-05 1.74396213159e-05 1.73351924457e-05 2.03636296802e-05 1.73351924457e-05 1.99459141996e-05 1.4828899562e-05 1.92149121085e-05 2.03636296802e-05 9.18974057362e-06 1.02340292752e-05 1.26358932887e-05 1.11738891066e-05 1.46200418217e-05 8.35430961239e-06 1.04428870155e-05 8.45873848254e-06 1.24270355484e-05 1.26358932887e-05 6.4745899496e-06 6.57901881975e-06 9.18974057362e-06 9.29416944378e-06 1.62909037442e-05 1.15916045872e-05 1.25314644186e-05 9.29416944378e-06 1.2844751029e-05 1.42023263411e-05 6.05687446898e-06 7.83216526161e-06 8.35430961239e-06 1.32624665097e-05 8.35430961239e-06 6.16130333913e-06 1.22181778081e-05 1.24270355484e-05 6.4745899496e-06 6.4745899496e-06 4.3860125465e-06 4.90815689728e-06 4.3860125465e-06 5.11701463759e-06
1.76484790562e-05 2.07813451608e-05 2.19300627325e-05 2.0885774031e-05 1.94237698488e-05 6.4745899496e-06 5.95244559883e-06 7.83216526161e-06 1.52466150426e-05 2.00503430697e-05 1.73351924457e-05 2.03636296802e-05 1.66041903546e-05 1.56643305232e-05 1.56643305232e-05 1.51421861724e-05 1.6186474874e-05 1.09650313663e-05 1.58731882635e-05 1.73351924457e-05 1.7544050186e-05 1.09650313663e-05 8.45873848254e-06 7.83216526161e-06 7.83216526161e-06 6.4745899496e-06 9.18974057362e-06 9.18974057362e-06 9.18974057362e-06 8.35430961239e-06 9.18974057362e-06 1.02340292752e-05 1.26358932887e-05 1.32624665097e-05 9.60745605424e-06 8.98088283331e-06 1.06517447558e-05 9.60745605424e-06 1.09650313663e-05 1.08606024961e-05 8.45873848254e-06 6.57901881975e-06 9.7118849244e-06 8.5631673527e-06 8.5631673527e-06 9.50302718409e-06 8.04102300192e-06 4.28158367635e-06 7.72773639146e-06 5.22144350774e-06 4.3860125465e-06 6.4745899496e-06
1.52466150426e-05 1.97370564593e-05 2.025920081e-05 1.79617656666e-05 1.73351924457e-05 1.74396213159e-05 5.22144350774e-06 8.5631673527e-06 1.03384581453e-05 1.70219058352e-05 1.46200418217e-05 1.32624665097e-05 1.32624665097e-05 1.11738891066e-05 1.08606024961e-05 1.58731882635e-05 1.24270355484e-05 1.52466150426e-05 1.29491798992e-05 1.24270355484e-05 1.04428870155e-05 1.04428870155e-05 1.37846108604e-05 6.4745899496e-06 7.41444978099e-06 1.32624665097e-05 1.03384581453e-05 1.04428870155e-05 8.35430961239e-06 1.06517447558e-05 1.15916045872e-05 8.98088283331e-06 8.14545187208e-06 9.29416944378e-06 9.18974057362e-06 1.27403221589e-05 1.36801819903e-05 1.36801819903e-05 1.39934686007e-05 7.72773639146e-06 6.4745899496e-06 8.24988074223e-06 9.50302718409e-06 6.57901881975e-06 5.11701463759e-06 6.57901881975e-06 4.69929915697e-06 6.4745899496e-06 5.95244559883e-06 6.4745899496e-06 8.45873848254e-06 4.07272593604e-06
8.35430961239e-06 8.5631673527e-06 1.2844751029e-05 1.04428870155e-05 1.32624665097e-05 8.35430961239e-06 6.4745899496e-06 5.22144350774e-06 1.18004623275e-05 1.36801819903e-05 1.2844751029e-05 2.11990606414e-05 1.73351924457e-05 7.41444978099e-06 9.18974057362e-06 9.92074266471e-06 1.52466150426e-05 1.38890397306e-05 1.32624665097e-05 9.18974057362e-06 1.39934686007e-05 9.60745605424e-06 1.09650313663e-05 1.52466150426e-05 1.23226066783e-05 1.26358932887e-05 7.72773639146e-06 5.84801672867e-06 8.35430961239e-06 1.11738891066e-05 9.92074266471e-06 6.4745899496e-06 8.45873848254e-06 9.60745605424e-06 1.11738891066e-05 1.09650313663e-05 1.56643305232e-05 1.4828899562e-05 9.18974057362e-06 1.35757531201e-05 1.32624665097e-05 6.57901881975e-06 8.14545187208e-06 7.6233075213e-06 4.69929915697e-06 5.11701463759e-06 7.41444978099e-06 4.90815689728e-06 5.11701463759e-06 5.22144350774e-06 7.83216526161e-06 6.26573220929e-06
3.65501045542e-06 3.55058158526e-06 4.90815689728e-06 6.16130333913e-06 6.16130333913e-06 4.07272593604e-06 5.53473011821e-06 6.4745899496e-06 1.53510439128e-05 1.50377573023e-05 1.54554727829e-05 1.32624665097e-05 1.32624665097e-05 9.18974057362e-06 1.05473158856e-05 7.72773639146e-06 7.83216526161e-06 1.29491798992e-05 1.08606024961e-05 8.35430961239e-06 8.45873848254e-06 7.6233075213e-06 1.03384581453e-05 1.35757531201e-05 9.18974057362e-06 8.45873848254e-06 8.04102300192e-06 1.09650313663e-05 1.27403221589e-05 7.93659413177e-06 8.5631673527e-06 5.84801672867e-06 7.41444978099e-06 7.10116317053e-06 1.51421861724e-05 1.1487175717e-05 1.4828899562e-05 1.43067552112e-05 1.43067552112e-05 1.2844751029e-05 1.35757531201e-05 1.18004623275e-05 1.32624665097e-05 4.69929915697e-06 9.50302718409e-06 9.18974057362e-06 1.08606024961e-05 1.24270355484e-05 8.5631673527e-06 4.28158367635e-06 6.26573220929e-06 8.35430961239e-06
3.86386819573e-06 6.57901881975e-06 9.18974057362e-06 6.4745899496e-06 5.53473011821e-06 5.11701463759e-06 6.4745899496e-06 4.90815689728e-06 7.93659413177e-06 1.52466150426e-05 1.74396213159e-05 1.32624665097e-05 1.03384581453e-05 9.50302718409e-06 9.50302718409e-06 1.12783179767e-05 1.08606024961e-05 7.83216526161e-06 1.03384581453e-05 1.52466150426e-05 1.35757531201e-05 1.09650313663e-05 6.57901881975e-06 1.07561736259e-05 7.41444978099e-06 7.41444978099e-06 9.18974057362e-06 1.35757531201e-05 8.35430961239e-06 7.83216526161e-06 6.4745899496e-06 9.60745605424e-06 8.35430961239e-06 1.32624665097e-05 1.06517447558e-05 1.47244706918e-05 1.52466150426e-05 1.52466150426e-05 1.35757531201e-05 1.32624665097e-05 1.05473158856e-05 1.32624665097e-05 7.41444978099e-06 1.15916045872e-05 8.35430961239e-06 1.04428870155e-05 1.29491798992e-05 7.72773639146e-06 4.28158367635e-06 8.98088283331e-06 5.22144350774e-06 4.90815689728e-06
7.83216526161e-06 7.41444978099e-06 6.26573220929e-06 9.18974057362e-06 6.57901881975e-06 5.43030124805e-06 7.72773639146e-06 6.4745899496e-06 5.22144350774e-06 6.4745899496e-06 8.45873848254e-06 8.35430961239e-06 8.24988074223e-06 6.57901881975e-06 6.57901881975e-06 8.45873848254e-06 8.45873848254e-06 8.45873848254e-06 8.5631673527e-06 7.31002091084e-06 1.35757531201e-05 8.66759622285e-06 8.5631673527e-06 6.16130333913e-06 7.72773639146e-06 6.4745899496e-06 1.37846108604e-05 7.6233075213e-06 8.45873848254e-06 8.87645396316e-06 8.45873848254e-06 9.18974057362e-06 7.41444978099e-06 7.83216526161e-06 8.45873848254e-06 1.02340292752e-05 1.94237698488e-05 1.46200418217e-05 1.50377573023e-05 9.50302718409e-06 1.35757531201e-05 9.7118849244e-06 8.24988074223e-06 1.35757531201e-05 8.35430961239e-06 5.22144350774e-06 8.35430961239e-06 8.45873848254e-06 3.86386819573e-06 3.34172384495e-06 3.55058158526e-06 4.90815689728e-06
8.45873848254e-06 9.29416944378e-06 5.11701463759e-06 1.56643305232e-06 8.98088283331e-06 7.41444978099e-06 5.11701463759e-06 8.66759622285e-06 8.87645396316e-06 4.3860125465e-06 4.17715480619e-06 4.17715480619e-06 6.4745899496e-06 8.45873848254e-06 1.0129600405e-05 6.4745899496e-06 8.14545187208e-06 8.45873848254e-06 9.60745605424e-06 7.72773639146e-06 6.16130333913e-06 8.04102300192e-06 9.29416944378e-06 1.15916045872e-05 8.04102300192e-06 1.0129600405e-05 1.03384581453e-05 6.4745899496e-06 4.17715480619e-06 4.90815689728e-06 1.12783179767e-05 1.03384581453e-05 4.90815689728e-06 9.29416944378e-06 6.16130333913e-06 6.26573220929e-06 6.4745899496e-06 1.09650313663e-05 1.32624665097e-05 1.31580376395e-05 1.06517447558e-05 1.32624665097e-05 9.18974057362e-06 8.87645396316e-06 1.52466150426e-05 8.35430961239e-06 8.35430961239e-06 6.05687446898e-06 3.86386819573e-06 4.90815689728e-06 3.02843723449e-06 2.92400836434e-06
9.18974057362e-06 1.32624665097e-05 8.5631673527e-06 3.96829706588e-06 4.07272593604e-06 1.03384581453e-05 7.93659413177e-06 4.90815689728e-06 8.14545187208e-06 1.06517447558e-05 1.04428870155e-05 4.69929915697e-06 6.16130333913e-06 4.07272593604e-06 4.90815689728e-06 8.04102300192e-06 5.53473011821e-06 8.35430961239e-06 7.93659413177e-06 8.5631673527e-06 8.5631673527e-06 7.83216526161e-06 7.41444978099e-06 8.66759622285e-06 6.26573220929e-06 9.50302718409e-06 6.16130333913e-06 6.4745899496e-06 7.83216526161e-06 1.18004623275e-05 7.41444978099e-06 6.4745899496e-06 7.31002091084e-06 8.04102300192e-06 7.72773639146e-06 1.02340292752e-05 8.35430961239e-06 1.1487175717e-05 8.45873848254e-06 8.45873848254e-06 8.35430961239e-06 1.58731882635e-05 1.52466150426e-05 1.67086192248e-05 7.83216526161e-06 8.04102300192e-06 8.45873848254e-06 8.45873848254e-06 5.22144350774e-06 6.4745899496e-06 4.90815689728e-06 3.86386819573e-06
4.07272593604e-06 5.53473011821e-06 1.27403221589e-05 9.18974057362e-06 1.03384581453e-05 8.5631673527e-06 8.35430961239e-06 4.28158367635e-06 9.50302718409e-06 9.60745605424e-06 1.09650313663e-05 1.03384581453e-05 5.22144350774e-06 6.26573220929e-06 8.04102300192e-06 3.55058158526e-06 6.4745899496e-06 5.11701463759e-06 5.3258723779e-06 5.11701463759e-06 5.11701463759e-06 9.39859831393e-06 5.22144350774e-06 6.4745899496e-06 3.86386819573e-06 6.4745899496e-06 7.72773639146e-06 6.4745899496e-06 7.72773639146e-06 6.4745899496e-06 5.22144350774e-06 6.05687446898e-06 7.83216526161e-06 8.04102300192e-06 8.04102300192e-06 6.57901881975e-06 6.4745899496e-06 9.18974057362e-06 8.35430961239e-06 9.18974057362e-06 9.18974057362e-06 9.50302718409e-06 1.4828899562e-05 1.67086192248e-05 1.32624665097e-05 1.04428870155e-05 1.77529079263e-05 6.57901881975e-06 1.03384581453e-05 6.4745899496e-06 6.4745899496e-06 6.4745899496e-06
7.72773639146e-06 8.5631673527e-06 7.72773639146e-06 1.09650313663e-05 1.04428870155e-05 1.03384581453e-05 1.03384581453e-05 1.04428870155e-05 6.57901881975e-06 6.99673430037e-06 9.60745605424e-06 1.02340292752e-05 1.09650313663e-05 1.09650313663e-05 1.03384581453e-05 8.35430961239e-06 5.74358785852e-06 5.11701463759e-06 6.26573220929e-06 1.03384581453e-05 5.74358785852e-06 5.11701463759e-06 3.86386819573e-06 5.53473011821e-06 8.24988074223e-06 9.50302718409e-06 5.84801672867e-06 3.44615271511e-06 4.69929915697e-06 5.53473011821e-06 6.4745899496e-06 7.6233075213e-06 8.45873848254e-06 8.04102300192e-06 6.89230543022e-06 6.99673430037e-06 5.01258576743e-06 8.04102300192e-06 8.98088283331e-06 9.29416944378e-06 1.04428870155e-05 1.39934686007e-05 8.35430961239e-06 1.05473158856e-05 9.7118849244e-06 1.43067552112e-05 8.98088283331e-06 1.04428870155e-05 6.89230543022e-06 8.5631673527e-06 8.24988074223e-06 4.28158367635e-06
8.14545187208e-06 8.5631673527e-06 1.24270355484e-05 8.35430961239e-06 9.50302718409e-06 9.7118849244e-06 1.03384581453e-05 1.04428870155e-05 1.08606024961e-05 7.10116317053e-06 1.04428870155e-05 1.04428870155e-05 1.05473158856e-05 1.03384581453e-05 1.10694602364e-05 1.04428870155e-05 1.11738891066e-05 1.08606024961e-05 4.90815689728e-06 4.17715480619e-06 5.11701463759e-06 4.90815689728e-06 6.26573220929e-06 5.22144350774e-06 5.11701463759e-06 7.72773639146e-06 6.26573220929e-06 8.45873848254e-06 8.5631673527e-06 6.4745899496e-06 6.4745899496e-06 7.83216526161e-06 7.6233075213e-06 6.4745899496e-06 8.5631673527e-06 5.53473011821e-06 8.35430961239e-06 9.18974057362e-06 6.4745899496e-06 9.50302718409e-06 9.39859831393e-06 9.18974057362e-06 1.25314644186e-05 6.57901881975e-06 6.4745899496e-06 6.78787656006e-06 8.04102300192e-06 8.35430961239e-06 1.03384581453e-05 6.16130333913e-06 9.29416944378e-06 7.41444978099e-06
8.35430961239e-06 6.4745899496e-06 6.57901881975e-06 6.26573220929e-06 1.06517447558e-05 9.50302718409e-06 9.18974057362e-06 1.02340292752e-05 9.60745605424e-06 9.50302718409e-06 1.11738891066e-05 1.0129600405e-05 1.04428870155e-05 1.15916045872e-05 1.09650313663e-05 1.09650313663e-05 1.13827468469e-05 1.23226066783e-05 1.11738891066e-05 8.35430961239e-06 6.89230543022e-06 6.16130333913e-06 5.11701463759e-06 6.57901881975e-06 6.57901881975e-06 6.4745899496e-06 4.90815689728e-06 5.84801672867e-06 6.57901881975e-06 5.11701463759e-06 5.11701463759e-06 5.22144350774e-06 5.95244559883e-06 8.35430961239e-06 6.4745899496e-06 6.4745899496e-06 6.4745899496e-06 7.83216526161e-06 8.14545187208e-06 8.35430961239e-06 1.03384581453e-05 1.03384581453e-05 1.2844751029e-05 6.57901881975e-06 6.4745899496e-06 7.83216526161e-06 8.45873848254e-06 1.32624665097e-05 1.23226066783e-05 6.99673430037e-06 6.4745899496e-06 7.72773639146e-06
9.92074266471e-06 6.4745899496e-06 4.69929915697e-06 7.41444978099e-06 6.4745899496e-06 8.98088283331e-06 1.03384581453e-05 9.92074266471e-06 1.06517447558e-05 1.04428870155e-05 1.05473158856e-05 1.08606024961e-05 1.09650313663e-05 1.06517447558e-05 1.18004623275e-05 1.1487175717e-05 1.24270355484e-05 1.15916045872e-05 1.15916045872e-05 1.05473158856e-05 8.35430961239e-06 8.35430961239e-06 3.34172384495e-06 6.4745899496e-06 5.43030124805e-06 6.16130333913e-06 8.45873848254e-06 8.5631673527e-06 6.57901881975e-06 4.28158367635e-06 3.75943932557e-06 6.16130333913e-06 8.5631673527e-06 7.41444978099e-06 6.57901881975e-06 8.35430961239e-06 9.50302718409e-06 1.32624665097e-05 8.45873848254e-06 1.08606024961e-05 8.5631673527e-06 1.42023263411e-05 1.09650313663e-05 8.35430961239e-06 4.90815689728e-06 6.37016107944e-06 1.27403221589e-05 1.03384581453e-05 9.50302718409e-06 8.35430961239e-06 6.16130333913e-06 4.07272593604e-06
9.50302718409e-06 6.26573220929e-06 5.11701463759e-06 3.02843723449e-06 4.90815689728e-06 9.18974057362e-06 1.04428870155e-05 9.7118849244e-06 9.50302718409e-06 8.45873848254e-06 1.09650313663e-05 1.03384581453e-05 1.03384581453e-05 1.03384581453e-05 1.03384581453e-05 1.03384581453e-05 1.10694602364e-05 1.18004623275e-05 1.09650313663e-05 1.06517447558e-05 5.53473011821e-06 4.69929915697e-06 8.98088283331e-06 7.72773639146e-06 4.90815689728e-06 9.39859831393e-06 1.11738891066e-05 1.15916045872e-05 8.5631673527e-06 7.83216526161e-06 4.90815689728e-06 5.11701463759e-06 8.24988074223e-06 8.35430961239e-06 7.83216526161e-06 1.15916045872e-05 1.15916045872e-05 6.4745899496e-06 1.43067552112e-05 1.38890397306e-05 1.52466150426e-05 1.09650313663e-05 1.03384581453e-05 5.74358785852e-06 5.11701463759e-06 6.4745899496e-06 6.68344768991e-06 8.45873848254e-06 8.45873848254e-06 8.45873848254e-06 4.90815689728e-06 4.80372802712e-06
8.45873848254e-06 4.69929915697e-06 1.56643305232e-06 3.55058158526e-06 6.4745899496e-06 1.03384581453e-05 1.04428870155e-05 1.05473158856e-05 8.45873848254e-06 1.0129600405e-05 9.50302718409e-06 1.03384581453e-05 1.09650313663e-05 1.09650313663e-05 1.05473158856e-05 1.08606024961e-05 1.04428870155e-05 8.14545187208e-06 1.12783179767e-05 1.26358932887e-05 1.06517447558e-05 6.4745899496e-06 4.90815689728e-06 7.72773639146e-06 5.84801672867e-06 6.89230543022e-06 7.72773639146e-06 1.56643305232e-05 6.4745899496e-06 5.53473011821e-06 6.89230543022e-06 8.35430961239e-06 8.35430961239e-06 1.06517447558e-05 1.15916045872e-05 9.60745605424e-06 1.09650313663e-05 1.2844751029e-05 1.18004623275e-05 1.1487175717e-05 9.18974057362e-06 1.4828899562e-05 1.46200418217e-05 8.5631673527e-06 6.4745899496e-06 8.5631673527e-06 6.4745899496e-06 9.18974057362e-06 7.93659413177e-06 6.16130333913e-06 4.3860125465e-06 6.99673430037e-06
9.50302718409e-06 6.05687446898e-06 5.11701463759e-06 3.55058158526e-06 4.90815689728e-06 8.35430961239e-06 8.5631673527e-06 8.04102300192e-06 7.41444978099e-06 1.02340292752e-05 1.06517447558e-05 1.09650313663e-05 1.18004623275e-05 1.04428870155e-05 1.04428870155e-05 1.15916045872e-05 1.11738891066e-05 1.03384581453e-05 1.25314644186e-05 1.03384581453e-05 8.35430961239e-06 1.15916045872e-05 1.26358932887e-05 1.32624665097e-05 8.45873848254e-06 9.29416944378e-06 8.5631673527e-06 5.11701463759e-06 6.4745899496e-06 7.31002091084e-06 6.4745899496e-06 7.93659413177e-06 1.06517447558e-05 1.25314644186e-05 1.37846108604e-05 1.42023263411e-05 1.32624665097e-05 9.50302718409e-06 1.06517447558e-05 1.32624665097e-05 1.35757531201e-05 1.42023263411e-05 1.57687593934e-05 1.43067552112e-05 1.58731882635e-05 8.35430961239e-06 7.93659413177e-06 9.18974057362e-06 9.50302718409e-06 5.43030124805e-06 7.72773639146e-06 8.45873848254e-06
1.05473158856e-05 1.03384581453e-05 7.83216526161e-06 5.11701463759e-06 5.11701463759e-06 6.4745899496e-06 6.26573220929e-06 5.22144350774e-06 5.22144350774e-06 9.18974057362e-06 9.60745605424e-06 1.09650313663e-05 1.06517447558e-05 1.08606024961e-05 1.1487175717e-05 1.09650313663e-05 1.15916045872e-05 1.10694602364e-05 1.11738891066e-05 1.10694602364e-05 1.15916045872e-05 1.09650313663e-05 1.24270355484e-05 9.50302718409e-06 1.03384581453e-05 1.2844751029e-05 1.24270355484e-05 1.10694602364e-05 1.24270355484e-05 1.08606024961e-05 1.05473158856e-05 1.32624665097e-05 1.35757531201e-05 1.25314644186e-05 1.49333284321e-05 1.43067552112e-05 1.42023263411e-05 1.49333284321e-05 1.52466150426e-05 1.15916045872e-05 9.18974057362e-06 5.01258576743e-06 4.90815689728e-06 8.35430961239e-06 1.55599016531e-05 1.43067552112e-05 1.32624665097e-05 8.5631673527e-06 1.08606024961e-05 9.50302718409e-06 7.72773639146e-06 6.16130333913e-06
1.24270355484e-05 1.03384581453e-05 7.72773639146e-06 6.4745899496e-06 6.16130333913e-06 8.45873848254e-06 7.6233075213e-06 5.74358785852e-06 6.37016107944e-06 9.18974057362e-06 1.05473158856e-05 1.15916045872e-05 9.7118849244e-06 1.03384581453e-05 1.18004623275e-05 1.23226066783e-05 9.18974057362e-06 3.55058158526e-06 9.50302718409e-06 1.1487175717e-05 1.2844751029e-05 1.26358932887e-05 1.20093200678e-05 1.15916045872e-05 1.24270355484e-05 1.15916045872e-05 1.25314644186e-05 1.2844751029e-05 1.09650313663e-05 1.32624665097e-05 1.27403221589e-05 1.06517447558e-05 1.39934686007e-05 1.32624665097e-05 1.35757531201e-05 1.2844751029e-05 1.4828899562e-05 1.03384581453e-05 7.72773639146e-06 4.17715480619e-06 4.90815689728e-06 2.0885774031e-06 9.39859831393e-07 3.02843723449e-06 5.22144350774e-06 8.5631673527e-06 1.19048911977e-05 1.08606024961e-05 1.27403221589e-05 1.36801819903e-05 1.42023263411e-05 1.04428870155e-05
