Example/niche_background/models/ENFA/normalized_grids/Anolis_chlorocyanus_0.asc
ncols        743
nrows        319
xllcorner    -74.500956448335
yllcorner    17.448920549066
cellsize     0.008333333333
NODATA_value  -9999
[rows 207 to 229 of 318, columns 255 to 305 of 743]
9.47229288026e-08 0.0 4.73614644013e-07 0.0 4.73614644013e-07 1.32612100324e-06 2.84168786408e-07 9.47229288026e-08 1.89445857605e-07 9.47229288026e-08 0.0 9.47229288026e-08 2.46279614887e-06 1.61028978964e-06 4.73614644013e-07 4.73614644013e-07 2.93641079288e-06 5.20976108414e-06 2.46279614887e-06 3.12585665049e-06 3.5994712945e-06 3.12585665049e-06 2.46279614887e-06 1.42084393204e-06 2.84168786408e-07 2.27335029126e-06 4.64142351133e-06 5.49392987055e-06 5.30448401295e-06 8.71450944984e-06 3.41002543689e-06 9.47229288026e-08 0.0 0.0 0.0 1.89445857605e-07 9.47229288026e-08 9.47229288026e-08 9.47229288026e-08 6.63060501618e-07 1.42084393204e-06 9.47229288026e-08 0.0 0.0 0.0 0.0 0.0 0.0 0.0 0.0 0.0
0.0 0.0 0.0 0.0 9.47229288026e-08 9.47229288026e-08 5.68337572816e-07 1.89445857605e-07 0.0 0.0 0.0 0.0 9.47229288026e-08 9.47229288026e-08 0.0 9.47229288026e-08 6.63060501618e-07 1.89445857605e-07 4.73614644013e-07 1.32612100324e-06 2.65224200647e-06 1.89445857605e-06 5.68337572816e-07 9.47229288026e-08 3.78891715211e-07 1.89445857605e-06 7.67255723301e-06 2.46279614887e-06 3.5047483657e-06 4.07308593851e-06 5.39920694175e-06 1.13667514563e-06 9.47229288026e-08 0.0 0.0 0.0 0.0 0.0 0.0 0.0 0.0 0.0 0.0 0.0 0.0 0.0 0.0 0.0 0.0 0.0 0.0
0.0 0.0 0.0 0.0 0.0 0.0 9.47229288026e-08 1.89445857605e-07 9.47229288026e-08 0.0 0.0 0.0 0.0 0.0 0.0 0.0 9.47229288026e-08 0.0 9.47229288026e-08 0.0 9.47229288026e-08 9.47229288026e-08 9.47229288026e-08 1.89445857605e-07 4.73614644013e-07 2.46279614887e-06 1.51556686084e-06 6.63060501618e-07 2.46279614887e-06 1.70501271845e-06 4.64142351133e-06 3.03113372168e-06 2.84168786408e-07 9.47229288026e-08 9.47229288026e-08 0.0 0.0 0.0 0.0 0.0 0.0 0.0 0.0 0.0 0.0 0.0 0.0 0.0 0.0 0.0 0.0
0.0 0.0 0.0 0.0 0.0 0.0 0.0 9.47229288026e-08 0.0 0.0 0.0 0.0 0.0 0.0 0.0 0.0 0.0 0.0 0.0 0.0 0.0 0.0 0.0 0.0 1.89445857605e-07 1.89445857605e-07 9.47229288026e-08 9.47229288026e-08 9.47229288026e-08 3.78891715211e-07 3.03113372168e-06 4.54670058253e-06 6.63060501618e-07 1.89445857605e-07 0.0 0.0 0.0 0.0 0.0 0.0 0.0 0.0 0.0 0.0 0.0 0.0 0.0 0.0 0.0 0.0 0.0
0.0 9.47229288026e-08 0.0 0.0 0.0 0.0 0.0 0.0 0.0 0.0 0.0 0.0 0.0 0.0 0.0 0.0 0.0 0.0 0.0 0.0 0.0 0.0 0.0 0.0 0.0 0.0 0.0 0.0 0.0 1.89445857605e-07 9.47229288026e-08 6.63060501618e-07 9.47229288026e-08 0.0 0.0 0.0 0.0 0.0 0.0 0.0 0.0 0.0 0.0 0.0 0.0 0.0 0.0 0.0 0.0 0.0 0.0
0.0 0.0 0.0 0.0 0.0 0.0 9.47229288026e-08 0.0 0.0 0.0 0.0 0.0 0.0 0.0 0.0 0.0 0.0 0.0 0.0 0.0 0.0 0.0 0.0 0.0 0.0 0.0 0.0 0.0 0.0 0.0 0.0 0.0 0.0 0.0 0.0 0.0 0.0 0.0 0.0 0.0 0.0 0.0 0.0 0.0 0.0 0.0 0.0 0.0 0.0 0.0 0.0
0.0 0.0 0.0 0.0 4.73614644013e-07 4.73614644013e-07 3.78891715211e-07 9.47229288026e-08 0.0 0.0 0.0 0.0 0.0 0.0 0.0 0.0 0.0 0.0 0.0 0.0 0.0 0.0 0.0 0.0 0.0 0.0 0.0 0.0 0.0 0.0 0.0 0.0 0.0 0.0 0.0 0.0 0.0 0.0 0.0 0.0 0.0 0.0 0.0 0.0 0.0 0.0 0.0 0.0 0.0 0.0 0.0
0.0 1.13667514563e-06 7.57783430421e-06 4.73614644013e-07 3.03113372168e-06 2.74696493528e-06 3.41002543689e-06 3.78891715211e-07 1.89445857605e-07 9.47229288026e-08 0.0 0.0 0.0 0.0 0.0 0.0 0.0 0.0 0.0 0.0 0.0 0.0 0.0 0.0 0.0 0.0 0.0 0.0 0.0 0.0 0.0 0.0 0.0 0.0 9.47229288026e-08 9.47229288026e-08 9.47229288026e-08 9.47229288026e-08 0.0 0.0 0.0 0.0 0.0 0.0 0.0 0.0 0.0 0.0 0.0 0.0 0.0
2.27335029126e-06 4.07308593851e-06 1.40189934628e-05 2.74696493528e-06 4.73614644013e-06 1.54398373948e-05 7.48311137541e-06 5.20976108414e-06 1.42084393204e-06 9.47229288026e-08 0.0 0.0 0.0 0.0 0.0 0.0 0.0 0.0 0.0 0.0 0.0 0.0 0.0 0.0 0.0 0.0 0.0 9.47229288026e-08 0.0 9.47229288026e-08 0.0 9.47229288026e-08 9.47229288026e-08 3.78891715211e-07 1.89445857605e-07 4.73614644013e-07 1.89445857605e-07 9.47229288026e-08 9.47229288026e-08 0.0 0.0 0.0 9.47229288026e-08 0.0 0.0 0.0 0.0 0.0 0.0 0.0 0.0
2.65224200647e-06 1.42084393204e-05 2.2070442411e-05 2.0649598479e-05 2.22598882686e-05 2.02707067638e-05 6.34643622978e-06 5.49392987055e-06 2.93641079288e-06 2.17862736246e-06 4.73614644013e-07 9.47229288026e-08 0.0 0.0 0.0 0.0 0.0 0.0 0.0 0.0 0.0 9.47229288026e-08 0.0 9.47229288026e-08 9.47229288026e-08 9.47229288026e-08 9.47229288026e-08 9.47229288026e-08 9.47229288026e-08 3.78891715211e-07 4.73614644013e-07 3.78891715211e-07 1.89445857605e-06 3.5994712945e-06 3.03113372168e-06 3.5994712945e-06 2.17862736246e-06 1.42084393204e-06 4.73614644013e-07 3.78891715211e-07 1.23139807443e-06 9.47229288026e-08 9.47229288026e-07 2.65224200647e-06 9.47229288026e-08 1.89445857605e-07 4.73614644013e-07 6.63060501618e-07 1.89445857605e-07 9.47229288026e-08 0.0
6.63060501618e-07 6.06226744337e-06 2.23546111974e-05 2.43437927023e-05 2.42490697735e-05 1.44926081068e-05 5.02031522654e-06 4.64142351133e-06 3.5994712945e-06 3.6941942233e-06 4.73614644013e-07 4.73614644013e-07 0.0 0.0 0.0 0.0 0.0 0.0 0.0 0.0 0.0 9.47229288026e-08 1.89445857605e-07 9.47229288026e-08 4.73614644013e-07 3.78891715211e-07 3.78891715211e-07 6.63060501618e-07 1.89445857605e-06 1.32612100324e-06 2.46279614887e-06 2.17862736246e-06 2.65224200647e-06 7.57783430421e-06 5.39920694175e-06 8.43034066343e-06 9.66173873787e-06 7.57783430421e-06 4.07308593851e-06 5.77809865696e-06 6.34643622978e-06 8.33561773463e-06 1.16509202427e-05 6.06226744337e-06 8.71450944984e-06 8.33561773463e-06 5.39920694175e-06 7.67255723301e-06 6.34643622978e-06 0.0 9.47229288026e-08
2.65224200647e-06 5.20976108414e-06 1.77131876861e-05 2.41543468447e-05 2.33018404854e-05 9.56701580907e-06 1.85656940453e-05 1.77131876861e-05 1.22192578155e-05 8.05144894822e-06 9.75646166667e-06 3.5994712945e-06 2.84168786408e-07 9.47229288026e-08 9.47229288026e-08 0.0 0.0 0.0 9.47229288026e-08 9.47229288026e-08 1.89445857605e-07 1.89445857605e-07 3.78891715211e-07 4.73614644013e-07 1.23139807443e-06 2.84168786408e-06 2.65224200647e-06 4.64142351133e-06 5.20976108414e-06 3.31530250809e-06 4.64142351133e-06 4.92559229774e-06 4.64142351133e-06 9.56701580907e-06 8.52506359224e-06 1.57240061812e-05 1.41137163916e-05 1.12720285275e-05 7.86200309062e-06 4.83086936893e-06 6.15699037217e-06 8.52506359224e-06 1.4871499822e-05 1.17456431715e-05 5.49392987055e-06 5.30448401295e-06 5.20976108414e-06 5.20976108414e-06 7.57783430421e-06 4.73614644013e-06 3.12585665049e-06
4.73614644013e-06 1.50609456796e-05 2.38701780583e-05 2.47226844175e-05 2.49121302751e-05 1.61976208253e-05 2.26387799838e-05 2.26387799838e-05 2.37754551295e-05 2.34912863431e-05 2.1596827767e-05 1.00406304531e-05 3.41002543689e-06 1.32612100324e-06 3.78891715211e-07 1.89445857605e-07 9.47229288026e-08 9.47229288026e-08 1.89445857605e-07 2.84168786408e-07 4.73614644013e-07 5.68337572816e-07 5.68337572816e-07 1.32612100324e-06 2.17862736246e-06 5.39920694175e-06 4.83086936893e-06 1.13667514563e-05 1.54398373948e-05 1.00406304531e-05 6.34643622978e-06 6.34643622978e-06 6.34643622978e-06 9.37756995146e-06 2.03654296926e-05 1.85656940453e-05 1.83762481877e-05 1.99865379774e-05 1.57240061812e-05 1.16509202427e-05 2.03654296926e-05 1.581872911e-05 2.18809965534e-05 1.19350890291e-05 1.54398373948e-05 2.02707067638e-05 2.2070442411e-05 8.71450944984e-06 5.77809865696e-06 1.17456431715e-05 1.16509202427e-05
5.39920694175e-06 1.33559329612e-05 2.1596827767e-05 2.40596239159e-05 2.49121302751e-05 2.34912863431e-05 2.44385156311e-05 2.48174073463e-05 2.47226844175e-05 2.49121302751e-05 2.32071175566e-05 2.18809965534e-05 5.49392987055e-06 3.97836300971e-06 2.17862736246e-06 1.04195221683e-06 5.68337572816e-07 4.73614644013e-07 4.73614644013e-07 1.04195221683e-06 1.89445857605e-06 2.36807322007e-06 3.12585665049e-06 1.03247992395e-05 6.63060501618e-06 8.33561773463e-06 5.30448401295e-06 9.47229288026e-06 1.61976208253e-05 2.0175983835e-05 2.3017671699e-05 2.3017671699e-05 1.98918150486e-05 1.54398373948e-05 2.40596239159e-05 2.47226844175e-05 2.42490697735e-05 2.40596239159e-05 1.85656940453e-05 2.07443214078e-05 2.40596239159e-05 2.47226844175e-05 2.18809965534e-05 2.33965634143e-05 2.41543468447e-05 2.46279614887e-05 2.49121302751e-05 2.45332385599e-05 2.46279614887e-05 2.31123946278e-05 2.45332385599e-05
1.12720285275e-05 7.57783430421e-06 1.35453788188e-05 2.46279614887e-05 2.49121302751e-05 2.49121302751e-05 2.49121302751e-05 2.49121302751e-05 2.49121302751e-05 2.49121302751e-05 2.36807322007e-05 8.33561773463e-06 5.87282158576e-06 9.94590752428e-06 5.39920694175e-06 3.12585665049e-06 2.46279614887e-06 3.78891715211e-06 3.03113372168e-06 3.88364008091e-06 3.78891715211e-06 4.73614644013e-06 6.72532794499e-06 1.44926081068e-05 1.13667514563e-05 2.0175983835e-05 2.04601526214e-05 2.03654296926e-05 2.31123946278e-05 2.33965634143e-05 2.42490697735e-05 2.47226844175e-05 2.37754551295e-05 2.48174073463e-05 2.40596239159e-05 2.46279614887e-05 1.61976208253e-05 2.49121302751e-05 2.03654296926e-05 2.46279614887e-05 2.46279614887e-05 2.2070442411e-05 2.46279614887e-05 2.41543468447e-05 2.35860092719e-05 2.46279614887e-05 2.46279614887e-05 2.42490697735e-05 2.42490697735e-05 2.42490697735e-05 2.46279614887e-05
1.80920794013e-05 2.07443214078e-05 2.34912863431e-05 2.34912863431e-05 2.0649598479e-05 2.49121302751e-05 2.47226844175e-05 2.40596239159e-05 2.42490697735e-05 2.49121302751e-05 2.3017671699e-05 1.55345603236e-05 1.581872911e-05 1.14614743851e-05 9.47229288026e-06 1.64817896117e-05 4.64142351133e-06 5.11503815534e-06 8.33561773463e-06 8.52506359224e-06 5.49392987055e-06 8.33561773463e-06 1.16509202427e-05 1.69554042557e-05 1.71448501133e-05 2.35860092719e-05 2.42490697735e-05 2.26387799838e-05 2.44385156311e-05 2.46279614887e-05 2.39649009871e-05 2.49121302751e-05 2.46279614887e-05 2.47226844175e-05 2.18809965534e-05 2.1596827767e-05 1.55345603236e-05 1.63870666829e-05 2.0649598479e-05 2.41543468447e-05 2.24493341262e-05 1.61976208253e-05 1.85656940453e-05 2.1596827767e-05 2.3017671699e-05 2.37754551295e-05 2.42490697735e-05 2.42490697735e-05 2.42490697735e-05 2.42490697735e-05 2.40596239159e-05
2.47226844175e-05 2.49121302751e-05 2.49121302751e-05 2.49121302751e-05 2.45332385599e-05 2.47226844175e-05 2.49121302751e-05 2.35860092719e-05 2.35860092719e-05 2.26387799838e-05 2.49121302751e-05 2.34912863431e-05 1.83762481877e-05 2.03654296926e-05 2.02707067638e-05 1.71448501133e-05 2.2070442411e-05 1.80920794013e-05 1.33559329612e-05 1.27875953884e-05 1.16509202427e-05 1.57240061812e-05 2.08390443366e-05 2.26387799838e-05 2.47226844175e-05 2.48174073463e-05 2.46279614887e-05 2.48174073463e-05 2.47226844175e-05 2.40596239159e-05 2.19757194822e-05 1.83762481877e-05 2.0649598479e-05 1.65765125405e-05 1.36401017476e-05 8.33561773463e-06 8.33561773463e-06 1.16509202427e-05 1.82815252589e-05 2.26387799838e-05 2.18809965534e-05 2.02707067638e-05 1.72395730421e-05 1.33559329612e-05 1.64817896117e-05 1.94182004045e-05 2.16915506958e-05 2.42490697735e-05 2.46279614887e-05 2.44385156311e-05 2.40596239159e-05
2.49121302751e-05 2.47226844175e-05 2.42490697735e-05 2.40596239159e-05 2.40596239159e-05 2.42490697735e-05 2.46279614887e-05 2.40596239159e-05 2.32071175566e-05 2.2070442411e-05 2.47226844175e-05 2.48174073463e-05 2.49121302751e-05 2.46279614887e-05 2.21651653398e-05 2.47226844175e-05 2.46279614887e-05 2.18809965534e-05 2.33965634143e-05 2.1596827767e-05 2.0649598479e-05 2.31123946278e-05 2.40596239159e-05 2.46279614887e-05 2.47226844175e-05 2.35860092719e-05 2.1596827767e-05 2.03654296926e-05 1.99865379774e-05 1.99865379774e-05 2.07443214078e-05 1.71448501133e-05 1.15561973139e-05 1.12720285275e-05 1.06089680259e-05 -9999 7.00949673139e-06 6.15699037217e-06 -9999 1.12720285275e-05 1.49662227508e-05 1.42084393204e-05 1.27875953884e-05 1.26928724596e-05 1.06089680259e-05 1.54398373948e-05 1.90393086893e-05 2.03654296926e-05 2.03654296926e-05 2.40596239159e-05 2.42490697735e-05
-9999 -9999 -9999 -9999 -9999 -9999 -9999 -9999 2.14073819094e-05 2.07443214078e-05 2.0175983835e-05 2.0175983835e-05 2.0649598479e-05 1.96076462621e-05 1.93234774757e-05 2.0175983835e-05 2.35860092719e-05 2.36807322007e-05 2.49121302751e-05 2.46279614887e-05 2.47226844175e-05 2.45332385599e-05 2.48174073463e-05 2.40596239159e-05 1.44926081068e-05 -9999 -9999 -9999 -9999 -9999 -9999 -9999 -9999 -9999 -9999 -9999 -9999 -9999 -9999 -9999 5.39920694175e-06 6.34643622978e-06 8.33561773463e-06 8.33561773463e-06 9.09340116505e-06 1.15561973139e-05 1.37348246764e-05 1.77131876861e-05 2.03654296926e-05 2.46279614887e-05 2.42490697735e-05
-9999 -9999 -9999 -9999 -9999 -9999 -9999 -9999 -9999 -9999 -9999 -9999 -9999 -9999 -9999 -9999 -9999 -9999 -9999 -9999 -9999 -9999 -9999 -9999 -9999 -9999 -9999 -9999 -9999 -9999 -9999 -9999 -9999 -9999 -9999 -9999 -9999 -9999 -9999 -9999 -9999 5.39920694175e-06 5.49392987055e-06 5.87282158576e-06 5.68337572816e-06 1.23139807443e-05 1.37348246764e-05 2.46279614887e-05 2.31123946278e-05 2.40596239159e-05 2.42490697735e-05
-9999 -9999 -9999 -9999 -9999 -9999 -9999 -9999 -9999 -9999 -9999 -9999 -9999 -9999 -9999 -9999 -9999 -9999 -9999 -9999 -9999 -9999 -9999 -9999 -9999 -9999 -9999 -9999 -9999 -9999 -9999 -9999 -9999 -9999 -9999 -9999 -9999 -9999 -9999 -9999 -9999 -9999 -9999 5.68337572816e-06 4.73614644013e-06 -9999 1.33559329612e-05 1.66712354693e-05 2.26387799838e-05 2.42490697735e-05 2.44385156311e-05
-9999 -9999 -9999 -9999 -9999 -9999 -9999 -9999 -9999 -9999 -9999 -9999 -9999 -9999 -9999 -9999 -9999 -9999 -9999 -9999 -9999 -9999 -9999 -9999 -9999 -9999 -9999 -9999 -9999 -9999 -9999 -9999 -9999 -9999 -9999 -9999 -9999 -9999 -9999 -9999 -9999 -9999 -9999 -9999 -9999 -9999 -9999 1.54398373948e-05 2.32071175566e-05 2.26387799838e-05 2.24493341262e-05
-9999 -9999 -9999 -9999 -9999 -9999 -9999 -9999 -9999 -9999 -9999 -9999 -9999 -9999 -9999 -9999 -9999 -9999 -9999 -9999 -9999 -9999 -9999 -9999 -9999 -9999 -9999 -9999 -9999 -9999 -9999 -9999 -9999 -9999 -9999 -9999 -9999 -9999 -9999 -9999 -9999 -9999 -9999 -9999 -9999 -9999 -9999 -9999 -9999 -9999 -9999
