Example/niche_background/models/ENFA/normalized_grids/Anolis_coelestinus_1.asc
ncols        743
nrows        319
xllcorner    -74.500956448335
yllcorner    17.448920549066
cellsize     0.008333333333
NODATA_value  -9999
[rows 154 to 175 of 318, columns 357 to 407 of 743]
1.24057473346e-05 1.03381227789e-05 8.68402313424e-06 6.20287366731e-06 6.82316103404e-06 5.375823845e-06 4.34201156712e-06 5.375823845e-06 4.34201156712e-06 6.20287366731e-06 5.16906138943e-06 4.75553647827e-06 3.30819928923e-06 3.30819928923e-06 4.96229893385e-06 5.375823845e-06 4.34201156712e-06 2.89467437808e-06 2.06762455577e-06 3.30819928923e-06 2.6879119225e-06 2.6879119225e-06 2.27438701135e-06 2.06762455577e-06 2.06762455577e-06 1.65409964462e-06 1.65409964462e-06 1.86086210019e-06 1.65409964462e-06 1.65409964462e-06 8.27049822308e-07 8.27049822308e-07 1.03381227789e-06 1.86086210019e-06 1.03381227789e-06 8.27049822308e-07 1.24057473346e-06 8.27049822308e-07 8.27049822308e-07 1.03381227789e-06 8.27049822308e-07 1.24057473346e-06 2.06762455577e-06 1.24057473346e-06 1.24057473346e-06 8.27049822308e-07 8.27049822308e-07 8.27049822308e-07 8.27049822308e-07 1.86086210019e-06 8.27049822308e-07
1.19922224235e-05 1.15786975123e-05 5.78934875616e-06 5.16906138943e-06 4.34201156712e-06 4.96229893385e-06 4.96229893385e-06 4.96229893385e-06 3.30819928923e-06 3.30819928923e-06 5.16906138943e-06 4.96229893385e-06 4.5487740227e-06 3.30819928923e-06 3.30819928923e-06 4.34201156712e-06 3.30819928923e-06 2.6879119225e-06 3.51496174481e-06 2.6879119225e-06 2.48114946693e-06 2.48114946693e-06 2.27438701135e-06 2.06762455577e-06 2.06762455577e-06 1.86086210019e-06 8.27049822308e-07 2.06762455577e-06 1.65409964462e-06 1.24057473346e-06 1.65409964462e-06 8.27049822308e-07 8.27049822308e-07 1.86086210019e-06 1.03381227789e-06 8.27049822308e-07 8.27049822308e-07 8.27049822308e-07 1.24057473346e-06 8.27049822308e-07 8.27049822308e-07 6.20287366731e-07 8.27049822308e-07 8.27049822308e-07 1.65409964462e-06 8.27049822308e-07 8.27049822308e-07 1.65409964462e-06 8.27049822308e-07 8.27049822308e-07 1.44733718904e-06
9.09754804539e-06 9.9245978677e-06 5.375823845e-06 4.96229893385e-06 6.40963612289e-06 7.02992348962e-06 5.375823845e-06 3.30819928923e-06 3.92848665596e-06 4.34201156712e-06 4.34201156712e-06 4.34201156712e-06 3.30819928923e-06 2.6879119225e-06 3.92848665596e-06 3.30819928923e-06 2.48114946693e-06 3.30819928923e-06 2.89467437808e-06 2.6879119225e-06 4.34201156712e-06 2.06762455577e-06 2.48114946693e-06 2.27438701135e-06 1.65409964462e-06 1.65409964462e-06 2.06762455577e-06 1.24057473346e-06 2.06762455577e-06 1.24057473346e-06 1.24057473346e-06 2.06762455577e-06 1.65409964462e-06 1.03381227789e-06 1.24057473346e-06 1.65409964462e-06 1.65409964462e-06 8.27049822308e-07 8.27049822308e-07 6.20287366731e-07 6.20287366731e-07 8.27049822308e-07 8.27049822308e-07 8.27049822308e-07 8.27049822308e-07 8.27049822308e-07 8.27049822308e-07 8.27049822308e-07 8.27049822308e-07 1.24057473346e-06 1.24057473346e-06
7.02992348962e-06 6.20287366731e-06 7.85697331193e-06 4.96229893385e-06 5.78934875616e-06 5.99611121174e-06 6.20287366731e-06 4.96229893385e-06 4.5487740227e-06 3.30819928923e-06 4.75553647827e-06 3.92848665596e-06 3.92848665596e-06 2.48114946693e-06 2.27438701135e-06 3.30819928923e-06 3.30819928923e-06 3.30819928923e-06 2.6879119225e-06 2.27438701135e-06 2.89467437808e-06 2.06762455577e-06 2.06762455577e-06 2.27438701135e-06 2.27438701135e-06 1.86086210019e-06 1.86086210019e-06 2.06762455577e-06 1.24057473346e-06 1.86086210019e-06 1.65409964462e-06 2.06762455577e-06 8.27049822308e-07 1.65409964462e-06 1.03381227789e-06 1.44733718904e-06 8.27049822308e-07 1.44733718904e-06 8.27049822308e-07 1.03381227789e-06 8.27049822308e-07 1.65409964462e-06 8.27049822308e-07 8.27049822308e-07 8.27049822308e-07 8.27049822308e-07 1.24057473346e-06 8.27049822308e-07 1.24057473346e-06 1.44733718904e-06 1.03381227789e-06
4.5487740227e-06 4.75553647827e-06 5.78934875616e-06 6.40963612289e-06 5.16906138943e-06 4.75553647827e-06 8.68402313424e-06 4.96229893385e-06 7.02992348962e-06 6.82316103404e-06 5.16906138943e-06 4.96229893385e-06 4.96229893385e-06 3.30819928923e-06 2.06762455577e-06 3.92848665596e-06 3.51496174481e-06 2.27438701135e-06 2.6879119225e-06 3.30819928923e-06 2.6879119225e-06 3.30819928923e-06 3.30819928923e-06 2.89467437808e-06 1.86086210019e-06 2.89467437808e-06 1.65409964462e-06 2.06762455577e-06 2.06762455577e-06 8.27049822308e-07 2.06762455577e-06 1.24057473346e-06 1.86086210019e-06 1.44733718904e-06 8.27049822308e-07 1.44733718904e-06 1.86086210019e-06 8.27049822308e-07 6.20287366731e-07 8.27049822308e-07 8.27049822308e-07 8.27049822308e-07 8.27049822308e-07 8.27049822308e-07 8.27049822308e-07 1.03381227789e-06 1.24057473346e-06 1.65409964462e-06 1.24057473346e-06 8.27049822308e-07 8.27049822308e-07
4.96229893385e-06 3.92848665596e-06 4.96229893385e-06 4.96229893385e-06 4.96229893385e-06 4.75553647827e-06 4.34201156712e-06 4.75553647827e-06 7.02992348962e-06 5.375823845e-06 7.02992348962e-06 6.20287366731e-06 4.96229893385e-06 4.96229893385e-06 4.75553647827e-06 4.96229893385e-06 2.6879119225e-06 3.92848665596e-06 3.30819928923e-06 3.30819928923e-06 3.30819928923e-06 3.30819928923e-06 3.30819928923e-06 2.27438701135e-06 3.10143683366e-06 1.65409964462e-06 2.06762455577e-06 2.06762455577e-06 1.86086210019e-06 2.06762455577e-06 2.06762455577e-06 1.65409964462e-06 2.06762455577e-06 1.24057473346e-06 2.06762455577e-06 2.06762455577e-06 2.06762455577e-06 8.27049822308e-07 8.27049822308e-07 1.03381227789e-06 8.27049822308e-07 1.44733718904e-06 8.27049822308e-07 8.27049822308e-07 8.27049822308e-07 1.44733718904e-06 8.27049822308e-07 1.03381227789e-06 8.27049822308e-07 1.24057473346e-06 8.27049822308e-07
7.02992348962e-06 4.75553647827e-06 3.30819928923e-06 4.34201156712e-06 4.96229893385e-06 6.20287366731e-06 5.78934875616e-06 6.82316103404e-06 5.99611121174e-06 4.96229893385e-06 5.16906138943e-06 5.16906138943e-06 4.96229893385e-06 4.96229893385e-06 4.96229893385e-06 4.96229893385e-06 4.75553647827e-06 4.96229893385e-06 5.375823845e-06 3.30819928923e-06 2.6879119225e-06 3.30819928923e-06 2.27438701135e-06 2.27438701135e-06 2.06762455577e-06 2.27438701135e-06 2.27438701135e-06 2.06762455577e-06 2.06762455577e-06 2.06762455577e-06 2.06762455577e-06 1.86086210019e-06 2.06762455577e-06 2.06762455577e-06 1.24057473346e-06 1.44733718904e-06 1.24057473346e-06 1.44733718904e-06 1.03381227789e-06 8.27049822308e-07 8.27049822308e-07 1.03381227789e-06 2.06762455577e-06 2.06762455577e-06 1.03381227789e-06 8.27049822308e-07 8.27049822308e-07 8.27049822308e-07 8.27049822308e-07 8.27049822308e-07 1.24057473346e-06
4.75553647827e-06 4.96229893385e-06 3.92848665596e-06 5.375823845e-06 6.20287366731e-06 5.16906138943e-06 5.16906138943e-06 5.16906138943e-06 5.16906138943e-06 4.96229893385e-06 5.78934875616e-06 4.5487740227e-06 4.96229893385e-06 4.96229893385e-06 5.16906138943e-06 3.30819928923e-06 4.96229893385e-06 4.75553647827e-06 5.16906138943e-06 6.20287366731e-06 3.30819928923e-06 4.34201156712e-06 2.27438701135e-06 2.6879119225e-06 2.6879119225e-06 2.27438701135e-06 2.6879119225e-06 2.06762455577e-06 1.65409964462e-06 1.65409964462e-06 2.06762455577e-06 2.06762455577e-06 8.27049822308e-07 2.27438701135e-06 8.27049822308e-07 8.27049822308e-07 1.24057473346e-06 1.24057473346e-06 1.03381227789e-06 8.27049822308e-07 8.27049822308e-07 1.24057473346e-06 8.27049822308e-07 8.27049822308e-07 8.27049822308e-07 1.24057473346e-06 8.27049822308e-07 1.03381227789e-06 8.27049822308e-07 1.24057473346e-06 1.86086210019e-06
4.96229893385e-06 4.75553647827e-06 5.16906138943e-06 6.20287366731e-06 6.20287366731e-06 6.82316103404e-06 4.34201156712e-06 3.92848665596e-06 3.30819928923e-06 4.75553647827e-06 4.96229893385e-06 3.30819928923e-06 2.89467437808e-06 4.75553647827e-06 3.30819928923e-06 4.5487740227e-06 4.75553647827e-06 3.30819928923e-06 3.30819928923e-06 4.96229893385e-06 4.96229893385e-06 4.96229893385e-06 4.96229893385e-06 2.89467437808e-06 2.6879119225e-06 2.27438701135e-06 2.48114946693e-06 2.89467437808e-06 2.6879119225e-06 2.27438701135e-06 2.06762455577e-06 2.06762455577e-06 1.03381227789e-06 2.06762455577e-06 2.06762455577e-06 1.65409964462e-06 1.24057473346e-06 2.06762455577e-06 1.03381227789e-06 2.06762455577e-06 8.27049822308e-07 2.06762455577e-06 2.06762455577e-06 8.27049822308e-07 8.27049822308e-07 8.27049822308e-07 8.27049822308e-07 8.27049822308e-07 8.27049822308e-07 8.27049822308e-07 1.24057473346e-06
4.5487740227e-06 3.30819928923e-06 4.96229893385e-06 8.68402313424e-06 7.02992348962e-06 4.75553647827e-06 2.27438701135e-06 2.27438701135e-06 2.6879119225e-06 4.5487740227e-06 4.96229893385e-06 4.96229893385e-06 4.75553647827e-06 4.75553647827e-06 4.96229893385e-06 4.34201156712e-06 3.92848665596e-06 3.92848665596e-06 3.92848665596e-06 3.92848665596e-06 3.30819928923e-06 4.96229893385e-06 4.75553647827e-06 3.30819928923e-06 3.30819928923e-06 2.27438701135e-06 2.89467437808e-06 2.06762455577e-06 2.27438701135e-06 2.27438701135e-06 2.27438701135e-06 2.27438701135e-06 2.06762455577e-06 8.27049822308e-07 2.06762455577e-06 1.65409964462e-06 2.06762455577e-06 2.27438701135e-06 2.06762455577e-06 1.24057473346e-06 1.65409964462e-06 8.27049822308e-07 1.65409964462e-06 8.27049822308e-07 8.27049822308e-07 1.03381227789e-06 8.27049822308e-07 1.24057473346e-06 1.65409964462e-06 1.24057473346e-06 8.27049822308e-07
4.75553647827e-06 4.96229893385e-06 7.02992348962e-06 8.06373576751e-06 7.02992348962e-06 4.96229893385e-06 5.16906138943e-06 4.96229893385e-06 4.96229893385e-06 4.96229893385e-06 5.16906138943e-06 4.96229893385e-06 5.16906138943e-06 6.61639857847e-06 5.16906138943e-06 3.51496174481e-06 3.51496174481e-06 3.30819928923e-06 3.30819928923e-06 2.27438701135e-06 3.30819928923e-06 4.75553647827e-06 4.96229893385e-06 4.96229893385e-06 2.6879119225e-06 2.48114946693e-06 3.30819928923e-06 3.92848665596e-06 2.27438701135e-06 2.89467437808e-06 1.65409964462e-06 2.27438701135e-06 2.6879119225e-06 2.06762455577e-06 2.27438701135e-06 2.27438701135e-06 1.86086210019e-06 8.27049822308e-07 8.27049822308e-07 2.06762455577e-06 2.27438701135e-06 1.86086210019e-06 2.06762455577e-06 1.86086210019e-06 2.06762455577e-06 1.86086210019e-06 1.86086210019e-06 1.65409964462e-06 8.27049822308e-07 8.27049822308e-07 1.65409964462e-06
4.96229893385e-06 4.34201156712e-06 6.82316103404e-06 7.02992348962e-06 8.68402313424e-06 5.99611121174e-06 6.20287366731e-06 7.02992348962e-06 5.58258630058e-06 6.40963612289e-06 6.82316103404e-06 7.02992348962e-06 7.02992348962e-06 7.02992348962e-06 7.02992348962e-06 6.20287366731e-06 4.96229893385e-06 5.16906138943e-06 4.96229893385e-06 2.6879119225e-06 3.30819928923e-06 4.75553647827e-06 4.96229893385e-06 4.96229893385e-06 5.16906138943e-06 5.16906138943e-06 4.5487740227e-06 3.30819928923e-06 3.30819928923e-06 3.51496174481e-06 2.06762455577e-06 2.89467437808e-06 2.6879119225e-06 2.6879119225e-06 2.06762455577e-06 1.03381227789e-06 2.06762455577e-06 2.27438701135e-06 3.30819928923e-06 2.06762455577e-06 1.65409964462e-06 2.06762455577e-06 1.86086210019e-06 1.24057473346e-06 1.44733718904e-06 8.27049822308e-07 1.44733718904e-06 1.86086210019e-06 8.27049822308e-07 1.44733718904e-06 8.27049822308e-07
4.75553647827e-06 2.6879119225e-06 7.02992348962e-06 6.61639857847e-06 7.02992348962e-06 5.16906138943e-06 7.02992348962e-06 9.09754804539e-06 6.20287366731e-06 6.20287366731e-06 6.82316103404e-06 7.02992348962e-06 6.20287366731e-06 4.96229893385e-06 7.02992348962e-06 6.82316103404e-06 7.02992348962e-06 6.82316103404e-06 6.20287366731e-06 4.34201156712e-06 2.27438701135e-06 4.5487740227e-06 4.75553647827e-06 4.96229893385e-06 4.96229893385e-06 5.16906138943e-06 5.375823845e-06 3.30819928923e-06 3.72172420039e-06 2.27438701135e-06 3.30819928923e-06 2.89467437808e-06 2.27438701135e-06 3.30819928923e-06 1.86086210019e-06 2.6879119225e-06 1.24057473346e-06 1.44733718904e-06 2.06762455577e-06 2.06762455577e-06 8.27049822308e-07 2.06762455577e-06 1.65409964462e-06 2.06762455577e-06 2.06762455577e-06 1.65409964462e-06 1.44733718904e-06 2.27438701135e-06 1.86086210019e-06 8.27049822308e-07 8.27049822308e-07
5.58258630058e-06 6.82316103404e-06 5.16906138943e-06 4.96229893385e-06 4.96229893385e-06 5.99611121174e-06 5.375823845e-06 6.82316103404e-06 5.375823845e-06 6.20287366731e-06 5.16906138943e-06 5.16906138943e-06 5.16906138943e-06 4.96229893385e-06 5.375823845e-06 6.82316103404e-06 6.20287366731e-06 5.375823845e-06 4.96229893385e-06 6.40963612289e-06 5.375823845e-06 4.75553647827e-06 4.96229893385e-06 4.75553647827e-06 4.5487740227e-06 4.96229893385e-06 4.96229893385e-06 4.75553647827e-06 3.30819928923e-06 2.6879119225e-06 2.6879119225e-06 4.5487740227e-06 3.30819928923e-06 2.06762455577e-06 2.27438701135e-06 3.30819928923e-06 2.27438701135e-06 1.86086210019e-06 3.30819928923e-06 2.27438701135e-06 2.06762455577e-06 2.06762455577e-06 2.06762455577e-06 2.06762455577e-06 2.06762455577e-06 1.24057473346e-06 2.06762455577e-06 2.06762455577e-06 1.24057473346e-06 2.06762455577e-06 1.65409964462e-06
6.82316103404e-06 7.02992348962e-06 8.68402313424e-06 8.68402313424e-06 5.16906138943e-06 5.375823845e-06 6.20287366731e-06 7.02992348962e-06 6.40963612289e-06 7.02992348962e-06 4.96229893385e-06 7.02992348962e-06 4.96229893385e-06 5.375823845e-06 3.72172420039e-06 5.58258630058e-06 6.20287366731e-06 6.20287366731e-06 6.40963612289e-06 7.02992348962e-06 5.78934875616e-06 4.96229893385e-06 4.96229893385e-06 4.96229893385e-06 4.96229893385e-06 5.16906138943e-06 4.75553647827e-06 4.96229893385e-06 4.75553647827e-06 4.75553647827e-06 4.75553647827e-06 4.34201156712e-06 2.6879119225e-06 2.6879119225e-06 2.27438701135e-06 2.27438701135e-06 2.89467437808e-06 2.27438701135e-06 2.27438701135e-06 2.6879119225e-06 2.06762455577e-06 1.65409964462e-06 2.27438701135e-06 2.06762455577e-06 2.06762455577e-06 2.06762455577e-06 1.24057473346e-06 2.06762455577e-06 2.06762455577e-06 2.06762455577e-06 2.06762455577e-06
7.02992348962e-06 7.02992348962e-06 8.68402313424e-06 9.09754804539e-06 6.20287366731e-06 6.82316103404e-06 6.20287366731e-06 6.82316103404e-06 7.44344840078e-06 5.375823845e-06 6.40963612289e-06 5.16906138943e-06 4.96229893385e-06 4.96229893385e-06 4.96229893385e-06 3.30819928923e-06 4.75553647827e-06 5.16906138943e-06 4.96229893385e-06 5.78934875616e-06 6.20287366731e-06 6.82316103404e-06 5.16906138943e-06 6.40963612289e-06 5.375823845e-06 4.75553647827e-06 6.20287366731e-06 4.5487740227e-06 4.96229893385e-06 3.92848665596e-06 4.34201156712e-06 2.48114946693e-06 2.27438701135e-06 2.27438701135e-06 2.27438701135e-06 2.27438701135e-06 2.27438701135e-06 2.06762455577e-06 2.06762455577e-06 2.27438701135e-06 2.06762455577e-06 2.06762455577e-06 2.06762455577e-06 2.06762455577e-06 2.06762455577e-06 1.24057473346e-06 2.06762455577e-06 1.65409964462e-06 1.24057473346e-06 2.06762455577e-06 1.65409964462e-06
7.02992348962e-06 9.30431050097e-06 7.02992348962e-06 4.96229893385e-06 7.02992348962e-06 6.20287366731e-06 6.82316103404e-06 6.82316103404e-06 7.02992348962e-06 6.20287366731e-06 6.20287366731e-06 6.20287366731e-06 6.82316103404e-06 6.20287366731e-06 5.78934875616e-06 4.34201156712e-06 5.16906138943e-06 4.75553647827e-06 4.34201156712e-06 4.5487740227e-06 4.96229893385e-06 4.5487740227e-06 6.20287366731e-06 7.85697331193e-06 7.02992348962e-06 4.96229893385e-06 5.16906138943e-06 5.78934875616e-06 4.34201156712e-06 4.96229893385e-06 4.96229893385e-06 4.34201156712e-06 2.06762455577e-06 3.30819928923e-06 2.27438701135e-06 2.6879119225e-06 2.6879119225e-06 1.86086210019e-06 2.27438701135e-06 2.27438701135e-06 2.27438701135e-06 3.30819928923e-06 4.34201156712e-06 2.27438701135e-06 2.27438701135e-06 1.65409964462e-06 2.06762455577e-06 1.86086210019e-06 2.06762455577e-06 1.86086210019e-06 1.65409964462e-06
6.40963612289e-06 7.02992348962e-06 8.68402313424e-06 6.40963612289e-06 5.16906138943e-06 6.20287366731e-06 8.68402313424e-06 4.96229893385e-06 7.02992348962e-06 7.02992348962e-06 9.09754804539e-06 8.68402313424e-06 8.68402313424e-06 6.20287366731e-06 6.40963612289e-06 4.96229893385e-06 6.82316103404e-06 5.16906138943e-06 5.16906138943e-06 4.96229893385e-06 5.78934875616e-06 6.20287366731e-06 4.96229893385e-06 4.5487740227e-06 5.16906138943e-06 3.92848665596e-06 5.375823845e-06 4.96229893385e-06 4.96229893385e-06 4.34201156712e-06 3.30819928923e-06 3.30819928923e-06 2.27438701135e-06 3.92848665596e-06 4.96229893385e-06 2.89467437808e-06 2.6879119225e-06 3.30819928923e-06 2.89467437808e-06 2.27438701135e-06 2.89467437808e-06 4.96229893385e-06 2.89467437808e-06 3.30819928923e-06 2.06762455577e-06 3.30819928923e-06 2.27438701135e-06 4.34201156712e-06 1.65409964462e-06 2.06762455577e-06 2.06762455577e-06
4.75553647827e-06 6.40963612289e-06 4.96229893385e-06 8.68402313424e-06 6.82316103404e-06 7.02992348962e-06 7.02992348962e-06 6.82316103404e-06 7.02992348962e-06 7.02992348962e-06 7.85697331193e-06 5.16906138943e-06 5.16906138943e-06 7.02992348962e-06 6.20287366731e-06 6.20287366731e-06 5.99611121174e-06 6.20287366731e-06 4.34201156712e-06 3.30819928923e-06 4.75553647827e-06 4.75553647827e-06 4.34201156712e-06 4.96229893385e-06 4.96229893385e-06 4.96229893385e-06 4.75553647827e-06 3.92848665596e-06 5.375823845e-06 6.40963612289e-06 3.92848665596e-06 4.96229893385e-06 4.75553647827e-06 4.5487740227e-06 4.96229893385e-06 4.75553647827e-06 4.75553647827e-06 3.51496174481e-06 4.34201156712e-06 4.5487740227e-06 4.75553647827e-06 4.96229893385e-06 2.6879119225e-06 2.27438701135e-06 3.30819928923e-06 4.5487740227e-06 4.34201156712e-06 3.92848665596e-06 1.65409964462e-06 3.51496174481e-06 3.30819928923e-06
2.6879119225e-06 3.30819928923e-06 4.34201156712e-06 5.16906138943e-06 4.75553647827e-06 4.5487740227e-06 6.40963612289e-06 6.20287366731e-06 9.09754804539e-06 7.02992348962e-06 7.02992348962e-06 5.16906138943e-06 5.99611121174e-06 6.20287366731e-06 6.40963612289e-06 6.20287366731e-06 6.20287366731e-06 4.5487740227e-06 6.40963612289e-06 5.16906138943e-06 5.99611121174e-06 5.16906138943e-06 5.78934875616e-06 4.96229893385e-06 4.75553647827e-06 2.6879119225e-06 4.34201156712e-06 5.16906138943e-06 4.96229893385e-06 5.375823845e-06 4.96229893385e-06 4.96229893385e-06 4.96229893385e-06 4.75553647827e-06 3.30819928923e-06 4.75553647827e-06 2.89467437808e-06 4.34201156712e-06 3.30819928923e-06 4.75553647827e-06 3.30819928923e-06 3.30819928923e-06 2.48114946693e-06 2.27438701135e-06 3.72172420039e-06 3.51496174481e-06 4.13524911154e-06 1.86086210019e-06 3.30819928923e-06 3.51496174481e-06 4.96229893385e-06
1.24057473346e-06 2.06762455577e-06 2.27438701135e-06 4.75553647827e-06 3.30819928923e-06 4.75553647827e-06 6.20287366731e-06 6.20287366731e-06 5.78934875616e-06 5.375823845e-06 8.68402313424e-06 6.82316103404e-06 5.375823845e-06 7.02992348962e-06 5.375823845e-06 5.16906138943e-06 5.99611121174e-06 4.5487740227e-06 4.96229893385e-06 6.40963612289e-06 4.75553647827e-06 4.96229893385e-06 5.99611121174e-06 4.34201156712e-06 4.96229893385e-06 5.16906138943e-06 3.30819928923e-06 3.30819928923e-06 4.75553647827e-06 3.30819928923e-06 5.16906138943e-06 4.96229893385e-06 4.75553647827e-06 4.96229893385e-06 3.30819928923e-06 4.96229893385e-06 2.06762455577e-06 4.75553647827e-06 2.48114946693e-06 2.6879119225e-06 3.30819928923e-06 3.30819928923e-06 3.30819928923e-06 3.30819928923e-06 3.30819928923e-06 2.6879119225e-06 4.96229893385e-06 4.75553647827e-06 4.96229893385e-06 4.96229893385e-06 3.30819928923e-06
8.27049822308e-07 8.27049822308e-07 1.44733718904e-06 2.06762455577e-06 1.24057473346e-06 3.30819928923e-06 4.34201156712e-06 5.16906138943e-06 4.96229893385e-06 5.16906138943e-06 6.82316103404e-06 5.16906138943e-06 4.96229893385e-06 6.20287366731e-06 6.40963612289e-06 7.02992348962e-06 7.02992348962e-06 5.375823845e-06 4.75553647827e-06 7.02992348962e-06 4.96229893385e-06 4.5487740227e-06 5.16906138943e-06 5.16906138943e-06 4.96229893385e-06 4.96229893385e-06 4.75553647827e-06 5.16906138943e-06 4.96229893385e-06 4.75553647827e-06 3.30819928923e-06 5.16906138943e-06 4.75553647827e-06 4.75553647827e-06 3.30819928923e-06 4.5487740227e-06 4.34201156712e-06 4.34201156712e-06 3.30819928923e-06 3.30819928923e-06 4.96229893385e-06 3.30819928923e-06 3.30819928923e-06 3.92848665596e-06 3.30819928923e-06 3.30819928923e-06 4.34201156712e-06 3.30819928923e-06 4.96229893385e-06 4.96229893385e-06 2.27438701135e-06
