Example/niche_background/models/ENFA/normalized_grids/Anolis_coelestinus_1.asc
ncols        743
nrows        319
xllcorner    -74.500956448335
yllcorner    17.448920549066
cellsize     0.008333333333
NODATA_value  -9999
[rows 110 to 131 of 318, columns 561 to 611 of 743]
2.27438701135e-06 2.27438701135e-06 2.06762455577e-06 2.06762455577e-06 2.27438701135e-06 2.06762455577e-06 2.06762455577e-06 2.06762455577e-06 2.06762455577e-06 2.06762455577e-06 2.06762455577e-06 2.27438701135e-06 2.27438701135e-06 2.27438701135e-06 2.6879119225e-06 2.27438701135e-06 2.27438701135e-06 2.6879119225e-06 2.89467437808e-06 3.30819928923e-06 3.30819928923e-06 2.27438701135e-06 2.27438701135e-06 2.6879119225e-06 -9999 -9999 -9999 -9999 -9999 -9999 -9999 -9999 -9999 -9999 -9999 -9999 -9999 -9999 -9999 -9999 -9999 -9999 -9999 -9999 -9999 -9999 -9999 -9999 -9999 -9999 -9999
2.06762455577e-06 2.27438701135e-06 2.27438701135e-06 2.27438701135e-06 2.06762455577e-06 2.06762455577e-06 2.06762455577e-06 2.27438701135e-06 2.27438701135e-06 2.06762455577e-06 2.27438701135e-06 2.27438701135e-06 2.27438701135e-06 2.6879119225e-06 2.6879119225e-06 3.30819928923e-06 2.27438701135e-06 2.48114946693e-06 2.6879119225e-06 2.48114946693e-06 3.30819928923e-06 3.30819928923e-06 3.30819928923e-06 3.30819928923e-06 -9999 -9999 -9999 -9999 -9999 -9999 -9999 -9999 -9999 -9999 -9999 -9999 -9999 -9999 -9999 -9999 -9999 -9999 -9999 -9999 -9999 -9999 -9999 -9999 -9999 -9999 -9999
2.06762455577e-06 2.27438701135e-06 2.27438701135e-06 2.27438701135e-06 2.06762455577e-06 2.27438701135e-06 2.27438701135e-06 2.27438701135e-06 2.27438701135e-06 2.27438701135e-06 2.27438701135e-06 2.6879119225e-06 2.6879119225e-06 2.6879119225e-06 2.6879119225e-06 3.30819928923e-06 3.30819928923e-06 3.30819928923e-06 3.30819928923e-06 3.51496174481e-06 2.6879119225e-06 3.30819928923e-06 3.30819928923e-06 3.30819928923e-06 -9999 -9999 -9999 -9999 -9999 -9999 -9999 -9999 -9999 -9999 -9999 -9999 -9999 -9999 -9999 -9999 -9999 -9999 -9999 -9999 -9999 -9999 -9999 -9999 -9999 -9999 -9999
2.27438701135e-06 2.27438701135e-06 2.06762455577e-06 2.27438701135e-06 2.27438701135e-06 2.6879119225e-06 2.6879119225e-06 2.6879119225e-06 2.27438701135e-06 2.27438701135e-06 2.6879119225e-06 3.30819928923e-06 3.30819928923e-06 3.30819928923e-06 3.51496174481e-06 3.51496174481e-06 3.30819928923e-06 3.51496174481e-06 3.51496174481e-06 3.72172420039e-06 2.89467437808e-06 3.30819928923e-06 3.30819928923e-06 -9999 -9999 -9999 -9999 -9999 -9999 -9999 -9999 -9999 -9999 -9999 -9999 -9999 -9999 -9999 -9999 -9999 -9999 -9999 -9999 -9999 -9999 -9999 -9999 -9999 -9999 -9999 -9999
3.30819928923e-06 2.89467437808e-06 2.48114946693e-06 3.30819928923e-06 2.6879119225e-06 2.6879119225e-06 2.27438701135e-06 2.27438701135e-06 2.6879119225e-06 2.89467437808e-06 3.10143683366e-06 2.6879119225e-06 2.6879119225e-06 3.30819928923e-06 3.30819928923e-06 3.51496174481e-06 3.30819928923e-06 3.30819928923e-06 3.92848665596e-06 4.75553647827e-06 2.6879119225e-06 3.30819928923e-06 3.92848665596e-06 -9999 -9999 -9999 -9999 -9999 -9999 -9999 -9999 -9999 -9999 -9999 -9999 -9999 -9999 -9999 -9999 -9999 -9999 -9999 -9999 -9999 -9999 -9999 -9999 -9999 -9999 -9999 -9999
3.30819928923e-06 2.6879119225e-06 3.30819928923e-06 2.27438701135e-06 2.27438701135e-06 2.6879119225e-06 2.89467437808e-06 3.30819928923e-06 2.27438701135e-06 2.48114946693e-06 2.6879119225e-06 3.30819928923e-06 3.30819928923e-06 2.89467437808e-06 3.30819928923e-06 3.72172420039e-06 4.34201156712e-06 4.5487740227e-06 4.34201156712e-06 3.30819928923e-06 2.89467437808e-06 4.34201156712e-06 4.75553647827e-06 -9999 -9999 -9999 -9999 -9999 -9999 -9999 -9999 -9999 -9999 -9999 -9999 -9999 -9999 -9999 -9999 -9999 -9999 -9999 -9999 -9999 -9999 -9999 -9999 -9999 -9999 -9999 -9999
3.51496174481e-06 3.30819928923e-06 3.30819928923e-06 2.48114946693e-06 2.89467437808e-06 3.30819928923e-06 3.30819928923e-06 3.30819928923e-06 2.6879119225e-06 2.89467437808e-06 3.30819928923e-06 2.89467437808e-06 3.30819928923e-06 3.51496174481e-06 3.51496174481e-06 4.5487740227e-06 4.34201156712e-06 4.75553647827e-06 4.75553647827e-06 4.34201156712e-06 4.34201156712e-06 4.96229893385e-06 4.5487740227e-06 -9999 -9999 -9999 -9999 -9999 -9999 -9999 -9999 -9999 -9999 -9999 -9999 -9999 -9999 -9999 -9999 -9999 -9999 -9999 -9999 -9999 -9999 -9999 -9999 -9999 -9999 -9999 -9999
4.96229893385e-06 4.75553647827e-06 4.5487740227e-06 3.51496174481e-06 3.30819928923e-06 3.30819928923e-06 3.30819928923e-06 3.30819928923e-06 4.34201156712e-06 3.92848665596e-06 3.30819928923e-06 3.30819928923e-06 4.34201156712e-06 4.75553647827e-06 4.34201156712e-06 4.75553647827e-06 4.34201156712e-06 4.5487740227e-06 3.92848665596e-06 4.96229893385e-06 4.75553647827e-06 4.75553647827e-06 4.5487740227e-06 -9999 -9999 -9999 -9999 -9999 -9999 -9999 -9999 -9999 -9999 -9999 -9999 -9999 -9999 -9999 -9999 -9999 -9999 -9999 -9999 -9999 -9999 -9999 -9999 -9999 -9999 -9999 -9999
4.96229893385e-06 4.96229893385e-06 4.96229893385e-06 4.75553647827e-06 4.75553647827e-06 3.51496174481e-06 4.34201156712e-06 3.51496174481e-06 3.92848665596e-06 4.34201156712e-06 3.30819928923e-06 3.30819928923e-06 3.51496174481e-06 4.5487740227e-06 4.96229893385e-06 4.96229893385e-06 4.75553647827e-06 4.75553647827e-06 5.16906138943e-06 4.75553647827e-06 4.13524911154e-06 3.51496174481e-06 4.75553647827e-06 -9999 -9999 -9999 -9999 -9999 -9999 -9999 -9999 -9999 -9999 -9999 -9999 -9999 -9999 -9999 -9999 -9999 -9999 -9999 -9999 -9999 -9999 -9999 -9999 -9999 -9999 -9999 -9999
4.96229893385e-06 4.75553647827e-06 4.96229893385e-06 4.96229893385e-06 4.96229893385e-06 4.75553647827e-06 4.75553647827e-06 4.75553647827e-06 4.75553647827e-06 4.75553647827e-06 4.75553647827e-06 4.96229893385e-06 3.51496174481e-06 4.34201156712e-06 4.75553647827e-06 4.96229893385e-06 4.96229893385e-06 4.75553647827e-06 4.96229893385e-06 4.34201156712e-06 4.5487740227e-06 4.96229893385e-06 -9999 -9999 -9999 -9999 -9999 -9999 -9999 -9999 -9999 -9999 -9999 -9999 -9999 -9999 -9999 -9999 -9999 -9999 -9999 -9999 -9999 -9999 -9999 -9999 -9999 -9999 -9999 -9999 -9999
6.82316103404e-06 6.61639857847e-06 7.02992348962e-06 8.68402313424e-06 7.02992348962e-06 6.40963612289e-06 4.75553647827e-06 4.96229893385e-06 4.96229893385e-06 4.96229893385e-06 4.96229893385e-06 4.96229893385e-06 4.96229893385e-06 5.16906138943e-06 4.75553647827e-06 5.16906138943e-06 4.96229893385e-06 5.16906138943e-06 5.16906138943e-06 4.96229893385e-06 6.20287366731e-06 4.96229893385e-06 -9999 -9999 -9999 -9999 -9999 -9999 -9999 -9999 -9999 -9999 -9999 -9999 -9999 -9999 -9999 -9999 -9999 -9999 -9999 -9999 -9999 -9999 -9999 -9999 -9999 -9999 -9999 2.06762455577e-06 -9999
1.24057473346e-05 1.17854599679e-05 1.09584101456e-05 1.01313603233e-05 1.05448852344e-05 1.03381227789e-05 9.30431050097e-06 9.09754804539e-06 9.30431050097e-06 6.82316103404e-06 5.16906138943e-06 7.02992348962e-06 4.96229893385e-06 5.16906138943e-06 6.82316103404e-06 5.78934875616e-06 5.16906138943e-06 7.02992348962e-06 8.68402313424e-06 6.40963612289e-06 6.20287366731e-06 7.2366859452e-06 -9999 -9999 -9999 -9999 -9999 -9999 -9999 -9999 -9999 -9999 -9999 -9999 -9999 -9999 -9999 -9999 -9999 -9999 -9999 -9999 -9999 -9999 -9999 -9999 -9999 2.06762455577e-06 2.27438701135e-06 2.06762455577e-06 2.48114946693e-06
1.36463220681e-05 1.40598469792e-05 1.24057473346e-05 1.24057473346e-05 1.24057473346e-05 1.19922224235e-05 1.2198984879e-05 1.17854599679e-05 1.2198984879e-05 1.17854599679e-05 1.05448852344e-05 1.01313603233e-05 1.03381227789e-05 1.05448852344e-05 1.03381227789e-05 1.05448852344e-05 1.05448852344e-05 9.09754804539e-06 8.68402313424e-06 9.09754804539e-06 9.51107295655e-06 6.82316103404e-06 6.20287366731e-06 -9999 -9999 -9999 -9999 -9999 -9999 -9999 4.96229893385e-06 4.5487740227e-06 -9999 -9999 -9999 -9999 -9999 -9999 2.6879119225e-06 2.27438701135e-06 -9999 -9999 -9999 -9999 -9999 -9999 2.06762455577e-06 2.27438701135e-06 2.06762455577e-06 2.27438701135e-06 2.27438701135e-06
1.59207090794e-05 1.6127471535e-05 1.63342339906e-05 1.48868968016e-05 1.53004217127e-05 1.4680134346e-05 1.36463220681e-05 1.44733718904e-05 1.42666094348e-05 1.24057473346e-05 1.24057473346e-05 1.24057473346e-05 1.2198984879e-05 1.24057473346e-05 1.19922224235e-05 1.15786975123e-05 1.17854599679e-05 1.15786975123e-05 1.05448852344e-05 1.03381227789e-05 1.01313603233e-05 9.9245978677e-06 9.30431050097e-06 5.78934875616e-06 6.20287366731e-06 7.02992348962e-06 4.96229893385e-06 4.96229893385e-06 7.02992348962e-06 7.02992348962e-06 7.02992348962e-06 6.40963612289e-06 6.82316103404e-06 6.82316103404e-06 4.96229893385e-06 3.51496174481e-06 6.40963612289e-06 6.40963612289e-06 4.75553647827e-06 3.30819928923e-06 -9999 3.30819928923e-06 2.6879119225e-06 2.48114946693e-06 -9999 -9999 2.27438701135e-06 2.27438701135e-06 2.06762455577e-06 2.06762455577e-06 2.27438701135e-06
1.63342339906e-05 1.67477589017e-05 1.71612838129e-05 1.67477589017e-05 1.59207090794e-05 1.6127471535e-05 1.53004217127e-05 1.57139466239e-05 1.55071841683e-05 1.57139466239e-05 1.57139466239e-05 1.34395596125e-05 1.34395596125e-05 1.30260347014e-05 1.24057473346e-05 1.34395596125e-05 1.24057473346e-05 1.40598469792e-05 1.24057473346e-05 1.11651726012e-05 1.05448852344e-05 1.03381227789e-05 1.15786975123e-05 1.11651726012e-05 9.9245978677e-06 1.05448852344e-05 1.15786975123e-05 1.05448852344e-05 1.05448852344e-05 1.03381227789e-05 1.03381227789e-05 1.01313603233e-05 9.30431050097e-06 8.68402313424e-06 7.44344840078e-06 4.75553647827e-06 7.02992348962e-06 8.68402313424e-06 6.82316103404e-06 5.16906138943e-06 4.34201156712e-06 3.92848665596e-06 4.13524911154e-06 4.96229893385e-06 2.6879119225e-06 2.6879119225e-06 2.27438701135e-06 2.27438701135e-06 2.27438701135e-06 2.48114946693e-06 2.6879119225e-06
1.84018585464e-05 1.90221459131e-05 1.75748087241e-05 1.81950960908e-05 1.57139466239e-05 1.53004217127e-05 1.63342339906e-05 1.67477589017e-05 1.84018585464e-05 1.53004217127e-05 1.69545213573e-05 1.69545213573e-05 1.63342339906e-05 1.53004217127e-05 1.57139466239e-05 1.57139466239e-05 1.24057473346e-05 1.53004217127e-05 1.42666094348e-05 1.24057473346e-05 1.13719350567e-05 1.24057473346e-05 1.2198984879e-05 1.24057473346e-05 1.24057473346e-05 1.19922224235e-05 1.15786975123e-05 1.24057473346e-05 1.05448852344e-05 9.9245978677e-06 1.11651726012e-05 1.03381227789e-05 1.15786975123e-05 9.9245978677e-06 1.05448852344e-05 1.05448852344e-05 1.05448852344e-05 1.03381227789e-05 1.03381227789e-05 1.03381227789e-05 8.68402313424e-06 7.02992348962e-06 7.44344840078e-06 4.96229893385e-06 2.6879119225e-06 3.30819928923e-06 2.27438701135e-06 2.27438701135e-06 2.27438701135e-06 2.6879119225e-06 2.48114946693e-06
2.17100578356e-05 2.12965329244e-05 1.67477589017e-05 1.84018585464e-05 1.75748087241e-05 2.02627206466e-05 1.57139466239e-05 1.81950960908e-05 1.69545213573e-05 1.63342339906e-05 1.63342339906e-05 1.81950960908e-05 1.81950960908e-05 1.69545213573e-05 1.75748087241e-05 1.63342339906e-05 1.53004217127e-05 1.63342339906e-05 1.6127471535e-05 1.59207090794e-05 1.48868968016e-05 1.57139466239e-05 1.53004217127e-05 1.4680134346e-05 1.48868968016e-05 1.48868968016e-05 1.34395596125e-05 1.53004217127e-05 1.24057473346e-05 1.30260347014e-05 1.2198984879e-05 1.13719350567e-05 1.24057473346e-05 1.17854599679e-05 1.24057473346e-05 1.19922224235e-05 1.19922224235e-05 1.15786975123e-05 1.01313603233e-05 1.03381227789e-05 9.30431050097e-06 9.30431050097e-06 7.85697331193e-06 6.82316103404e-06 4.75553647827e-06 2.89467437808e-06 2.27438701135e-06 2.27438701135e-06 2.89467437808e-06 3.30819928923e-06 2.27438701135e-06
2.23303452023e-05 2.23303452023e-05 2.02627206466e-05 2.150329538e-05 2.150329538e-05 2.04694831021e-05 2.10897704689e-05 2.04694831021e-05 1.98491957354e-05 1.67477589017e-05 1.84018585464e-05 1.84018585464e-05 1.63342339906e-05 1.96424332798e-05 1.84018585464e-05 1.90221459131e-05 1.75748087241e-05 1.69545213573e-05 1.69545213573e-05 1.75748087241e-05 1.63342339906e-05 1.57139466239e-05 1.69545213573e-05 1.57139466239e-05 1.57139466239e-05 1.6127471535e-05 1.63342339906e-05 1.6127471535e-05 1.57139466239e-05 1.42666094348e-05 1.42666094348e-05 1.24057473346e-05 1.24057473346e-05 1.24057473346e-05 1.24057473346e-05 1.24057473346e-05 1.24057473346e-05 1.2198984879e-05 1.2198984879e-05 1.17854599679e-05 1.15786975123e-05 9.9245978677e-06 7.02992348962e-06 8.68402313424e-06 8.68402313424e-06 9.30431050097e-06 8.68402313424e-06 3.92848665596e-06 2.27438701135e-06 2.6879119225e-06 2.6879119225e-06
2.29506325691e-05 2.04694831021e-05 2.08830080133e-05 2.150329538e-05 2.150329538e-05 2.10897704689e-05 1.69545213573e-05 2.17100578356e-05 2.150329538e-05 2.08830080133e-05 2.08830080133e-05 2.04694831021e-05 1.94356708242e-05 1.84018585464e-05 2.10897704689e-05 1.84018585464e-05 1.81950960908e-05 2.0055958191e-05 1.88153834575e-05 1.90221459131e-05 1.81950960908e-05 1.77815711796e-05 1.75748087241e-05 1.63342339906e-05 1.63342339906e-05 1.67477589017e-05 1.6127471535e-05 1.67477589017e-05 1.69545213573e-05 1.6127471535e-05 1.6127471535e-05 1.4680134346e-05 1.48868968016e-05 1.53004217127e-05 1.42666094348e-05 1.24057473346e-05 1.24057473346e-05 1.24057473346e-05 1.24057473346e-05 1.13719350567e-05 1.24057473346e-05 9.30431050097e-06 7.02992348962e-06 9.30431050097e-06 9.9245978677e-06 7.02992348962e-06 6.20287366731e-06 6.20287366731e-06 3.30819928923e-06 3.30819928923e-06 2.27438701135e-06
2.35709199358e-05 2.31573950246e-05 2.23303452023e-05 1.86086210019e-05 2.08830080133e-05 2.150329538e-05 2.150329538e-05 1.53004217127e-05 1.67477589017e-05 2.12965329244e-05 2.150329538e-05 2.150329538e-05 2.150329538e-05 1.94356708242e-05 2.04694831021e-05 2.10897704689e-05 1.94356708242e-05 1.84018585464e-05 1.81950960908e-05 2.02627206466e-05 1.84018585464e-05 1.94356708242e-05 1.84018585464e-05 1.90221459131e-05 1.57139466239e-05 1.81950960908e-05 1.69545213573e-05 1.69545213573e-05 1.69545213573e-05 1.67477589017e-05 1.79883336352e-05 1.63342339906e-05 1.69545213573e-05 1.57139466239e-05 1.57139466239e-05 1.24057473346e-05 1.53004217127e-05 1.42666094348e-05 1.40598469792e-05 1.40598469792e-05 1.30260347014e-05 1.24057473346e-05 1.03381227789e-05 9.30431050097e-06 8.68402313424e-06 5.375823845e-06 6.20287366731e-06 4.96229893385e-06 4.34201156712e-06 4.96229893385e-06 4.34201156712e-06
2.29506325691e-05 2.29506325691e-05 2.37776823914e-05 1.90221459131e-05 2.23303452023e-05 1.40598469792e-05 1.84018585464e-05 2.12965329244e-05 2.17100578356e-05 2.02627206466e-05 1.75748087241e-05 2.150329538e-05 2.23303452023e-05 2.17100578356e-05 2.17100578356e-05 2.10897704689e-05 1.81950960908e-05 2.17100578356e-05 2.02627206466e-05 1.81950960908e-05 2.150329538e-05 2.02627206466e-05 1.94356708242e-05 1.92289083687e-05 1.86086210019e-05 1.90221459131e-05 1.84018585464e-05 1.86086210019e-05 1.81950960908e-05 1.84018585464e-05 1.75748087241e-05 1.69545213573e-05 1.90221459131e-05 1.69545213573e-05 1.81950960908e-05 1.57139466239e-05 1.53004217127e-05 1.67477589017e-05 1.59207090794e-05 1.53004217127e-05 1.42666094348e-05 1.42666094348e-05 1.17854599679e-05 1.03381227789e-05 1.05448852344e-05 1.15786975123e-05 1.01313603233e-05 7.02992348962e-06 6.20287366731e-06 6.40963612289e-06 4.96229893385e-06
2.31573950246e-05 2.25371076579e-05 2.12965329244e-05 2.39844448469e-05 2.150329538e-05 1.90221459131e-05 2.25371076579e-05 2.150329538e-05 2.150329538e-05 1.88153834575e-05 2.150329538e-05 2.150329538e-05 1.84018585464e-05 2.150329538e-05 2.12965329244e-05 1.94356708242e-05 1.90221459131e-05 2.06762455577e-05 1.69545213573e-05 1.98491957354e-05 2.04694831021e-05 2.150329538e-05 1.96424332798e-05 1.90221459131e-05 1.92289083687e-05 1.86086210019e-05 1.94356708242e-05 2.06762455577e-05 1.69545213573e-05 2.08830080133e-05 1.84018585464e-05 1.94356708242e-05 1.81950960908e-05 1.75748087241e-05 1.81950960908e-05 1.90221459131e-05 1.81950960908e-05 1.69545213573e-05 1.75748087241e-05 1.75748087241e-05 1.55071841683e-05 1.59207090794e-05 1.40598469792e-05 1.2198984879e-05 1.11651726012e-05 1.15786975123e-05 1.05448852344e-05 9.30431050097e-06 8.68402313424e-06 9.71783541212e-06 5.16906138943e-06
