Example/niche_background/models/ENFA/normalized_grids/Anolis_coelestinus.asc
ncols        743
nrows        319
xllcorner    -74.500956448335
yllcorner    17.448920549066
cellsize     0.008333333333
NODATA_value  -9999
[rows 115 to 137 of 318, columns 357 to 407 of 743]
2.67218978604e-05 2.40497080744e-05 2.56084854496e-05 1.44743613411e-05 8.90729928682e-06 8.01656935813e-06 4.89901460775e-06 5.78974453643e-06 2.67218978604e-06 3.11755475039e-06 1.33609489302e-06 1.33609489302e-06 2.67218978604e-06 3.7856021969e-06 3.11755475039e-06 2.89487226821e-06 2.00414233953e-06 1.11341241085e-06 1.33609489302e-06 2.67218978604e-06 1.33609489302e-06 2.2268248217e-07 4.45364964341e-07 1.11341241085e-06 1.33609489302e-06 1.11341241085e-06 1.11341241085e-06 1.11341241085e-06 1.11341241085e-06 1.11341241085e-06 1.11341241085e-06 1.11341241085e-06 1.11341241085e-06 1.11341241085e-06 4.45364964341e-07 2.2268248217e-07 2.2268248217e-07 2.2268248217e-07 0.0 0.0 0.0 0.0 0.0 0.0 0.0 0.0 0.0 2.2268248217e-07 2.2268248217e-07 2.2268248217e-07 2.2268248217e-07
2.36043431101e-05 1.60331387163e-05 1.44743613411e-05 3.11755475039e-06 3.56291971473e-06 4.89901460775e-06 3.11755475039e-06 3.34023723256e-06 3.34023723256e-06 1.55877737519e-06 1.33609489302e-06 1.11341241085e-06 1.78145985736e-06 3.56291971473e-06 3.34023723256e-06 4.23096716124e-06 3.11755475039e-06 1.33609489302e-06 1.11341241085e-06 1.33609489302e-06 1.11341241085e-06 2.2268248217e-07 1.11341241085e-06 1.11341241085e-06 1.33609489302e-06 1.33609489302e-06 1.11341241085e-06 1.33609489302e-06 1.33609489302e-06 1.33609489302e-06 1.33609489302e-06 1.11341241085e-06 1.11341241085e-06 1.11341241085e-06 1.11341241085e-06 4.45364964341e-07 4.45364964341e-07 4.45364964341e-07 4.45364964341e-07 2.2268248217e-07 0.0 0.0 0.0 0.0 0.0 0.0 0.0 0.0 0.0 0.0 2.2268248217e-07
1.69238686449e-05 6.90315694728e-06 6.0124270186e-06 6.90315694728e-06 2.89487226821e-06 1.33609489302e-06 1.11341241085e-06 1.33609489302e-06 1.11341241085e-06 1.11341241085e-06 1.11341241085e-06 1.11341241085e-06 1.11341241085e-06 2.67218978604e-06 3.34023723256e-06 3.11755475039e-06 1.78145985736e-06 1.11341241085e-06 1.11341241085e-06 1.33609489302e-06 1.11341241085e-06 1.11341241085e-06 2.2268248217e-07 1.11341241085e-06 1.11341241085e-06 1.78145985736e-06 2.00414233953e-06 1.78145985736e-06 1.78145985736e-06 1.11341241085e-06 1.11341241085e-06 6.68047446511e-07 4.45364964341e-07 1.11341241085e-06 1.11341241085e-06 4.45364964341e-07 4.45364964341e-07 4.45364964341e-07 4.45364964341e-07 4.45364964341e-07 2.2268248217e-07 2.2268248217e-07 2.2268248217e-07 0.0 0.0 0.0 0.0 0.0 0.0 0.0 0.0
2.44950730387e-05 1.71465511271e-05 1.22475365194e-05 4.67633212558e-06 2.89487226821e-06 2.44950730387e-06 2.00414233953e-06 2.00414233953e-06 2.00414233953e-06 1.33609489302e-06 1.11341241085e-06 1.11341241085e-06 1.33609489302e-06 1.33609489302e-06 1.78145985736e-06 1.33609489302e-06 4.45364964341e-07 1.11341241085e-06 1.11341241085e-06 1.33609489302e-06 4.45364964341e-07 6.68047446511e-07 1.11341241085e-06 1.11341241085e-06 1.11341241085e-06 1.11341241085e-06 1.11341241085e-06 1.78145985736e-06 1.55877737519e-06 1.33609489302e-06 4.45364964341e-07 4.45364964341e-07 2.2268248217e-07 2.2268248217e-07 6.68047446511e-07 2.2268248217e-07 2.2268248217e-07 2.2268248217e-07 2.2268248217e-07 4.45364964341e-07 4.45364964341e-07 2.2268248217e-07 0.0 0.0 0.0 0.0 0.0 0.0 0.0 0.0 0.0
6.90315694728e-06 8.46193432247e-06 4.67633212558e-06 6.45779198294e-06 3.34023723256e-06 3.7856021969e-06 3.34023723256e-06 2.00414233953e-06 2.44950730387e-06 2.44950730387e-06 2.00414233953e-06 2.00414233953e-06 1.11341241085e-06 1.33609489302e-06 1.33609489302e-06 1.11341241085e-06 1.33609489302e-06 1.11341241085e-06 4.45364964341e-07 4.45364964341e-07 2.2268248217e-07 4.45364964341e-07 1.11341241085e-06 1.11341241085e-06 1.11341241085e-06 1.33609489302e-06 1.78145985736e-06 1.78145985736e-06 1.33609489302e-06 6.68047446511e-07 2.2268248217e-07 2.2268248217e-07 2.2268248217e-07 2.2268248217e-07 2.2268248217e-07 2.2268248217e-07 0.0 2.2268248217e-07 2.2268248217e-07 2.2268248217e-07 2.2268248217e-07 2.2268248217e-07 2.2268248217e-07 2.2268248217e-07 0.0 0.0 0.0 0.0 0.0 0.0 0.0
6.90315694728e-06 9.12998176899e-06 1.42516788589e-05 6.0124270186e-06 5.78974453643e-06 4.67633212558e-06 3.11755475039e-06 3.7856021969e-06 3.11755475039e-06 3.11755475039e-06 2.89487226821e-06 3.56291971473e-06 3.11755475039e-06 1.33609489302e-06 2.00414233953e-06 1.33609489302e-06 1.55877737519e-06 1.11341241085e-06 1.11341241085e-06 4.45364964341e-07 6.68047446511e-07 6.68047446511e-07 1.33609489302e-06 4.45364964341e-07 1.11341241085e-06 1.11341241085e-06 1.33609489302e-06 3.11755475039e-06 1.78145985736e-06 1.33609489302e-06 1.55877737519e-06 6.68047446511e-07 1.33609489302e-06 2.2268248217e-07 0.0 2.2268248217e-07 0.0 2.2268248217e-07 2.2268248217e-07 2.2268248217e-07 2.2268248217e-07 0.0 2.2268248217e-07 2.2268248217e-07 2.2268248217e-07 0.0 0.0 0.0 0.0 0.0 0.0
1.69238686449e-05 1.1802171555e-05 1.44743613411e-05 1.06887591442e-05 3.34023723256e-06 3.34023723256e-06 3.56291971473e-06 4.67633212558e-06 3.7856021969e-06 4.23096716124e-06 3.11755475039e-06 2.89487226821e-06 3.11755475039e-06 3.11755475039e-06 3.11755475039e-06 2.67218978604e-06 2.00414233953e-06 2.67218978604e-06 1.11341241085e-06 1.11341241085e-06 1.33609489302e-06 1.11341241085e-06 2.2268248217e-06 1.11341241085e-06 1.11341241085e-06 1.33609489302e-06 1.78145985736e-06 2.67218978604e-06 1.55877737519e-06 2.00414233953e-06 1.11341241085e-06 1.11341241085e-06 1.11341241085e-06 1.11341241085e-06 4.45364964341e-07 0.0 0.0 2.2268248217e-07 2.2268248217e-07 0.0 0.0 0.0 0.0 0.0 0.0 0.0 0.0 0.0 0.0 0.0 0.0
1.00207116977e-05 1.15794890729e-05 4.23096716124e-06 4.67633212558e-06 2.00414233953e-06 2.44950730387e-06 3.34023723256e-06 4.89901460775e-06 1.78145985736e-06 1.55877737519e-06 1.78145985736e-06 2.44950730387e-06 3.11755475039e-06 2.89487226821e-06 3.11755475039e-06 3.11755475039e-06 3.11755475039e-06 4.67633212558e-06 2.00414233953e-06 2.00414233953e-06 1.11341241085e-06 1.33609489302e-06 2.00414233953e-06 2.00414233953e-06 4.45364964341e-07 1.11341241085e-06 1.33609489302e-06 1.78145985736e-06 2.00414233953e-06 1.78145985736e-06 1.33609489302e-06 1.33609489302e-06 1.11341241085e-06 2.2268248217e-07 0.0 0.0 0.0 0.0 0.0 2.2268248217e-07 0.0 0.0 0.0 0.0 0.0 0.0 0.0 0.0 0.0 0.0 0.0
4.67633212558e-06 4.89901460775e-06 2.89487226821e-06 2.00414233953e-06 1.11341241085e-06 1.11341241085e-06 2.67218978604e-06 2.89487226821e-06 1.11341241085e-06 6.68047446511e-07 1.11341241085e-06 6.68047446511e-07 1.55877737519e-06 2.89487226821e-06 1.33609489302e-06 1.33609489302e-06 1.78145985736e-06 3.11755475039e-06 3.11755475039e-06 3.11755475039e-06 3.11755475039e-06 1.55877737519e-06 2.44950730387e-06 1.33609489302e-06 1.11341241085e-06 1.11341241085e-06 1.55877737519e-06 1.55877737519e-06 2.67218978604e-06 1.78145985736e-06 2.00414233953e-06 1.11341241085e-06 4.45364964341e-07 2.2268248217e-07 0.0 0.0 0.0 2.2268248217e-07 0.0 2.2268248217e-07 2.2268248217e-07 0.0 0.0 0.0 0.0 0.0 0.0 0.0 0.0 0.0 0.0
1.33609489302e-06 2.44950730387e-06 3.56291971473e-06 2.67218978604e-06 2.44950730387e-06 3.11755475039e-06 3.56291971473e-06 4.45364964341e-06 1.33609489302e-06 3.11755475039e-06 2.00414233953e-06 2.2268248217e-07 1.11341241085e-06 1.33609489302e-06 1.78145985736e-06 1.11341241085e-06 1.11341241085e-06 1.11341241085e-06 1.78145985736e-06 2.44950730387e-06 3.11755475039e-06 4.45364964341e-06 3.56291971473e-06 1.33609489302e-06 1.11341241085e-06 1.33609489302e-06 1.33609489302e-06 1.78145985736e-06 3.11755475039e-06 3.34023723256e-06 2.00414233953e-06 1.33609489302e-06 4.45364964341e-07 4.45364964341e-07 2.2268248217e-07 4.45364964341e-07 2.2268248217e-07 2.2268248217e-07 0.0 2.2268248217e-07 2.2268248217e-07 0.0 0.0 0.0 0.0 0.0 0.0 0.0 0.0 0.0 0.0
5.12169708992e-06 2.67218978604e-06 3.34023723256e-06 3.34023723256e-06 4.23096716124e-06 6.45779198294e-06 4.67633212558e-06 5.12169708992e-06 5.78974453643e-06 5.12169708992e-06 2.67218978604e-06 1.55877737519e-06 2.00414233953e-06 2.00414233953e-06 3.11755475039e-06 1.11341241085e-06 1.11341241085e-06 1.11341241085e-06 1.11341241085e-06 1.33609489302e-06 1.78145985736e-06 3.11755475039e-06 3.11755475039e-06 3.56291971473e-06 1.11341241085e-06 1.33609489302e-06 1.33609489302e-06 2.67218978604e-06 2.89487226821e-06 1.55877737519e-06 1.33609489302e-06 1.11341241085e-06 1.33609489302e-06 1.11341241085e-06 4.45364964341e-07 1.11341241085e-06 4.45364964341e-07 2.2268248217e-07 0.0 0.0 2.2268248217e-07 0.0 0.0 2.2268248217e-07 0.0 0.0 0.0 0.0 0.0 0.0 0.0
4.89901460775e-06 6.45779198294e-06 4.45364964341e-06 7.79388687596e-06 1.15794890729e-05 1.15794890729e-05 6.90315694728e-06 4.67633212558e-06 2.67218978604e-06 1.78145985736e-06 1.78145985736e-06 2.89487226821e-06 3.34023723256e-06 3.11755475039e-06 2.00414233953e-06 3.11755475039e-06 2.67218978604e-06 2.00414233953e-06 1.11341241085e-06 6.68047446511e-07 1.55877737519e-06 1.33609489302e-06 2.89487226821e-06 3.11755475039e-06 3.56291971473e-06 2.00414233953e-06 2.67218978604e-06 2.67218978604e-06 1.33609489302e-06 1.33609489302e-06 1.33609489302e-06 1.33609489302e-06 1.33609489302e-06 4.45364964341e-07 1.11341241085e-06 1.11341241085e-06 6.68047446511e-07 2.2268248217e-07 0.0 2.2268248217e-07 2.2268248217e-07 2.2268248217e-07 2.2268248217e-07 2.2268248217e-07 0.0 0.0 0.0 0.0 0.0 0.0 0.0
1.29155839659e-05 1.42516788589e-05 8.90729928682e-06 7.57120439379e-06 1.22475365194e-05 5.12169708992e-06 8.2392518403e-06 4.67633212558e-06 3.7856021969e-06 2.44950730387e-06 1.11341241085e-06 1.55877737519e-06 1.55877737519e-06 3.11755475039e-06 3.11755475039e-06 1.78145985736e-06 1.55877737519e-06 1.33609489302e-06 1.33609489302e-06 1.11341241085e-06 4.45364964341e-07 1.33609489302e-06 1.33609489302e-06 1.11341241085e-06 1.33609489302e-06 3.11755475039e-06 2.67218978604e-06 2.89487226821e-06 3.56291971473e-06 1.55877737519e-06 1.78145985736e-06 1.78145985736e-06 1.33609489302e-06 1.55877737519e-06 1.11341241085e-06 1.11341241085e-06 4.45364964341e-07 4.45364964341e-07 4.45364964341e-07 2.2268248217e-07 2.2268248217e-07 2.2268248217e-07 2.2268248217e-07 2.2268248217e-07 0.0 0.0 2.2268248217e-07 0.0 0.0 0.0 0.0
1.44743613411e-05 1.31382664481e-05 1.15794890729e-05 8.90729928682e-06 1.38063138946e-05 1.00207116977e-05 4.67633212558e-06 3.11755475039e-06 1.78145985736e-06 1.11341241085e-06 4.45364964341e-07 1.11341241085e-06 1.11341241085e-06 2.00414233953e-06 2.44950730387e-06 2.89487226821e-06 1.33609489302e-06 1.11341241085e-06 2.2268248217e-07 2.2268248217e-07 2.2268248217e-07 2.2268248217e-07 1.11341241085e-06 1.11341241085e-06 1.11341241085e-06 2.00414233953e-06 2.44950730387e-06 2.67218978604e-06 2.00414233953e-06 1.78145985736e-06 1.33609489302e-06 1.33609489302e-06 1.11341241085e-06 6.68047446511e-07 4.45364964341e-07 4.45364964341e-07 2.2268248217e-07 6.68047446511e-07 6.68047446511e-07 2.2268248217e-07 4.45364964341e-07 4.45364964341e-07 2.2268248217e-07 2.2268248217e-07 0.0 0.0 2.2268248217e-07 0.0 0.0 0.0 0.0
1.67011861628e-05 1.44743613411e-05 1.31382664481e-05 6.90315694728e-06 1.31382664481e-05 7.57120439379e-06 4.89901460775e-06 3.11755475039e-06 1.33609489302e-06 1.33609489302e-06 1.33609489302e-06 4.45364964341e-07 1.11341241085e-06 1.33609489302e-06 3.7856021969e-06 2.00414233953e-06 2.2268248217e-06 2.67218978604e-06 1.78145985736e-06 1.33609489302e-06 1.11341241085e-06 1.11341241085e-06 1.33609489302e-06 1.55877737519e-06 1.33609489302e-06 1.33609489302e-06 1.33609489302e-06 3.11755475039e-06 1.78145985736e-06 3.11755475039e-06 1.33609489302e-06 1.11341241085e-06 1.33609489302e-06 1.33609489302e-06 1.33609489302e-06 2.00414233953e-06 1.78145985736e-06 4.45364964341e-07 1.11341241085e-06 4.45364964341e-07 4.45364964341e-07 2.2268248217e-07 0.0 2.2268248217e-07 0.0 2.2268248217e-07 2.2268248217e-07 2.2268248217e-07 0.0 0.0 0.0
2.71672628248e-05 1.98187409132e-05 1.1802171555e-05 1.24702190015e-05 1.31382664481e-05 1.31382664481e-05 4.89901460775e-06 4.89901460775e-06 4.45364964341e-06 4.67633212558e-06 2.89487226821e-06 3.11755475039e-06 3.34023723256e-06 2.67218978604e-06 3.56291971473e-06 4.67633212558e-06 3.11755475039e-06 3.11755475039e-06 4.89901460775e-06 1.78145985736e-06 1.33609489302e-06 1.33609489302e-06 1.11341241085e-06 2.44950730387e-06 2.44950730387e-06 1.11341241085e-06 2.00414233953e-06 3.11755475039e-06 3.11755475039e-06 1.78145985736e-06 2.67218978604e-06 1.78145985736e-06 1.33609489302e-06 2.44950730387e-06 2.67218978604e-06 1.55877737519e-06 1.11341241085e-06 1.55877737519e-06 1.11341241085e-06 1.11341241085e-06 1.11341241085e-06 1.11341241085e-06 2.2268248217e-07 0.0 2.2268248217e-07 2.2268248217e-07 2.2268248217e-07 2.2268248217e-07 0.0 0.0 0.0
1.60331387163e-05 2.33816606279e-05 1.64785036806e-05 1.60331387163e-05 1.51424087876e-05 1.60331387163e-05 9.35266425116e-06 6.90315694728e-06 6.90315694728e-06 4.89901460775e-06 5.12169708992e-06 4.67633212558e-06 3.34023723256e-06 3.56291971473e-06 4.89901460775e-06 4.45364964341e-06 1.33609489302e-06 1.33609489302e-06 2.89487226821e-06 2.67218978604e-06 2.89487226821e-06 3.11755475039e-06 3.11755475039e-06 2.44950730387e-06 2.67218978604e-06 2.00414233953e-06 3.11755475039e-06 3.11755475039e-06 3.7856021969e-06 3.11755475039e-06 2.89487226821e-06 3.34023723256e-06 2.2268248217e-06 1.33609489302e-06 1.33609489302e-06 1.11341241085e-06 4.45364964341e-07 1.11341241085e-06 1.11341241085e-06 1.11341241085e-06 1.11341241085e-06 1.11341241085e-06 4.45364964341e-07 2.2268248217e-07 2.2268248217e-07 4.45364964341e-07 4.45364964341e-07 2.2268248217e-07 2.2268248217e-07 0.0 0.0
2.67218978604e-05 1.42516788589e-05 1.98187409132e-05 1.75919160915e-05 1.42516788589e-05 1.60331387163e-05 1.51424087876e-05 1.00207116977e-05 8.46193432247e-06 6.90315694728e-06 9.35266425116e-06 3.56291971473e-06 5.34437957209e-06 6.45779198294e-06 1.06887591442e-05 3.7856021969e-06 3.11755475039e-06 3.11755475039e-06 3.11755475039e-06 1.78145985736e-06 2.89487226821e-06 3.7856021969e-06 3.11755475039e-06 3.34023723256e-06 1.78145985736e-06 3.7856021969e-06 3.11755475039e-06 2.67218978604e-06 3.34023723256e-06 2.67218978604e-06 2.00414233953e-06 1.55877737519e-06 1.33609489302e-06 1.11341241085e-06 1.11341241085e-06 1.11341241085e-06 2.2268248217e-07 1.11341241085e-06 4.45364964341e-07 2.2268248217e-07 4.45364964341e-07 2.2268248217e-07 4.45364964341e-07 2.2268248217e-07 2.2268248217e-07 2.2268248217e-07 4.45364964341e-07 2.2268248217e-07 2.2268248217e-07 2.2268248217e-07 0.0
1.9596058431e-05 1.51424087876e-05 1.42516788589e-05 1.29155839659e-05 1.62558211984e-05 1.20248540372e-05 1.00207116977e-05 8.46193432247e-06 6.90315694728e-06 1.02433941798e-05 6.90315694728e-06 4.89901460775e-06 8.46193432247e-06 9.7980292155e-06 5.78974453643e-06 5.34437957209e-06 3.56291971473e-06 4.67633212558e-06 3.11755475039e-06 1.78145985736e-06 1.33609489302e-06 1.33609489302e-06 2.67218978604e-06 3.34023723256e-06 3.11755475039e-06 2.44950730387e-06 2.00414233953e-06 3.7856021969e-06 3.11755475039e-06 3.11755475039e-06 4.67633212558e-06 1.11341241085e-06 1.11341241085e-06 1.11341241085e-06 2.2268248217e-07 4.45364964341e-07 2.2268248217e-07 2.2268248217e-07 2.2268248217e-07 2.2268248217e-07 2.2268248217e-07 0.0 2.2268248217e-07 2.2268248217e-07 2.2268248217e-07 4.45364964341e-07 4.45364964341e-07 2.2268248217e-07 2.2268248217e-07 2.2268248217e-07 0.0
1.44743613411e-05 1.58104562341e-05 2.2268248217e-05 1.49197263054e-05 1.00207116977e-05 8.46193432247e-06 1.44743613411e-05 1.13568065907e-05 1.1802171555e-05 1.15794890729e-05 9.57534673333e-06 6.90315694728e-06 5.78974453643e-06 5.12169708992e-06 4.67633212558e-06 4.89901460775e-06 3.56291971473e-06 5.12169708992e-06 2.67218978604e-06 4.89901460775e-06 3.34023723256e-06 3.34023723256e-06 2.00414233953e-06 3.34023723256e-06 4.45364964341e-06 3.11755475039e-06 2.67218978604e-06 3.11755475039e-06 2.89487226821e-06 2.44950730387e-06 2.67218978604e-06 3.11755475039e-06 1.11341241085e-06 4.45364964341e-07 1.11341241085e-06 1.11341241085e-06 4.45364964341e-07 4.45364964341e-07 4.45364964341e-07 2.2268248217e-07 2.2268248217e-07 0.0 0.0 2.2268248217e-07 4.45364964341e-07 6.68047446511e-07 2.2268248217e-07 0.0 0.0 0.0 0.0
1.98187409132e-05 2.18228832527e-05 1.98187409132e-05 1.44743613411e-05 1.33609489302e-05 1.33609489302e-05 1.49197263054e-05 1.51424087876e-05 6.90315694728e-06 1.1802171555e-05 1.31382664481e-05 6.0124270186e-06 8.68461680464e-06 8.90729928682e-06 4.67633212558e-06 6.90315694728e-06 3.56291971473e-06 4.45364964341e-06 2.89487226821e-06 3.11755475039e-06 3.56291971473e-06 3.34023723256e-06 3.34023723256e-06 4.89901460775e-06 3.34023723256e-06 3.34023723256e-06 3.11755475039e-06 2.89487226821e-06 3.56291971473e-06 3.34023723256e-06 3.11755475039e-06 3.34023723256e-06 1.33609489302e-06 1.11341241085e-06 1.33609489302e-06 1.11341241085e-06 1.11341241085e-06 6.68047446511e-07 1.11341241085e-06 1.11341241085e-06 2.2268248217e-07 2.2268248217e-07 2.2268248217e-07 0.0 0.0 2.2268248217e-07 6.68047446511e-07 0.0 2.2268248217e-07 0.0 0.0
1.51424087876e-05 1.42516788589e-05 1.53650912698e-05 8.46193432247e-06 1.44743613411e-05 1.46970438232e-05 1.00207116977e-05 1.33609489302e-05 1.44743613411e-05 4.89901460775e-06 1.15794890729e-05 1.00207116977e-05 7.57120439379e-06 5.12169708992e-06 4.67633212558e-06 5.78974453643e-06 6.90315694728e-06 4.67633212558e-06 4.89901460775e-06 2.67218978604e-06 3.11755475039e-06 3.11755475039e-06 2.00414233953e-06 3.11755475039e-06 3.11755475039e-06 2.44950730387e-06 3.11755475039e-06 1.78145985736e-06 4.23096716124e-06 2.89487226821e-06 2.67218978604e-06 3.11755475039e-06 3.11755475039e-06 2.00414233953e-06 1.33609489302e-06 1.33609489302e-06 1.55877737519e-06 1.11341241085e-06 1.11341241085e-06 1.55877737519e-06 1.11341241085e-06 1.11341241085e-06 2.2268248217e-07 0.0 0.0 2.2268248217e-07 1.11341241085e-06 4.45364964341e-07 4.45364964341e-07 0.0 0.0
1.51424087876e-05 1.98187409132e-05 1.31382664481e-05 1.1802171555e-05 1.24702190015e-05 7.57120439379e-06 7.57120439379e-06 1.31382664481e-05 7.57120439379e-06 7.79388687596e-06 4.89901460775e-06 6.45779198294e-06 3.56291971473e-06 4.89901460775e-06 5.12169708992e-06 7.57120439379e-06 5.34437957209e-06 4.23096716124e-06 4.23096716124e-06 2.67218978604e-06 3.11755475039e-06 2.44950730387e-06 4.67633212558e-06 2.67218978604e-06 4.23096716124e-06 3.34023723256e-06 3.11755475039e-06 2.67218978604e-06 3.34023723256e-06 1.33609489302e-06 2.00414233953e-06 3.7856021969e-06 2.67218978604e-06 3.11755475039e-06 2.44950730387e-06 3.11755475039e-06 2.67218978604e-06 1.33609489302e-06 1.11341241085e-06 1.78145985736e-06 1.11341241085e-06 6.68047446511e-07 2.2268248217e-07 0.0 0.0 2.2268248217e-07 4.45364964341e-07 1.33609489302e-06 2.2268248217e-07 2.2268248217e-07 2.2268248217e-07
