Example/niche_background/models/ENFA/normalized_grids/Anolis_coelestinus_0.asc
ncols        743
nrows        319
xllcorner    -74.500956448335
yllcorner    17.448920549066
cellsize     0.008333333333
NODATA_value  -9999
[rows 88 to 109 of 318, columns 510 to 560 of 743]
1.04346425123e-06 1.04346425123e-06 1.04346425123e-06 1.04346425123e-06 1.04346425123e-06 1.04346425123e-06 1.04346425123e-06 1.04346425123e-06 1.04346425123e-06 1.04346425123e-06 8.34771400982e-07 6.26078550737e-07 1.04346425123e-06 1.04346425123e-06 1.04346425123e-06 1.04346425123e-06 1.04346425123e-06 1.04346425123e-06 1.66954280196e-06 2.08692850246e-06 2.50431420295e-06 2.71300705319e-06 4.79993555565e-06 4.79993555565e-06 4.5912427054e-06 5.00862840589e-06 4.79993555565e-06 4.38254985516e-06 5.21732125614e-06 5.21732125614e-06 5.21732125614e-06 4.79993555565e-06 4.79993555565e-06 4.79993555565e-06 4.79993555565e-06 4.5912427054e-06 4.38254985516e-06 4.5912427054e-06 4.17385700491e-06 3.54777845417e-06 3.33908560393e-06 3.75647130442e-06 3.54777845417e-06 3.54777845417e-06 3.54777845417e-06 3.54777845417e-06 2.2956213527e-06 2.2956213527e-06 2.08692850246e-06 -9999 -9999
1.25215710147e-06 1.25215710147e-06 1.25215710147e-06 1.66954280196e-06 1.25215710147e-06 1.25215710147e-06 1.04346425123e-06 1.25215710147e-06 1.25215710147e-06 1.04346425123e-06 1.04346425123e-06 8.34771400982e-07 1.04346425123e-06 8.34771400982e-07 1.04346425123e-06 1.04346425123e-06 1.04346425123e-06 1.04346425123e-06 1.04346425123e-06 1.04346425123e-06 2.08692850246e-06 3.54777845417e-06 4.5912427054e-06 5.00862840589e-06 4.79993555565e-06 4.79993555565e-06 5.00862840589e-06 5.21732125614e-06 3.96516415467e-06 5.21732125614e-06 5.00862840589e-06 5.21732125614e-06 4.79993555565e-06 5.00862840589e-06 5.00862840589e-06 4.5912427054e-06 4.5912427054e-06 4.5912427054e-06 3.96516415467e-06 3.75647130442e-06 3.75647130442e-06 3.54777845417e-06 3.54777845417e-06 3.54777845417e-06 3.54777845417e-06 2.92169990344e-06 2.50431420295e-06 2.08692850246e-06 1.66954280196e-06 1.87823565221e-06 1.66954280196e-06
1.25215710147e-06 2.08692850246e-06 1.66954280196e-06 1.25215710147e-06 1.25215710147e-06 1.25215710147e-06 1.87823565221e-06 1.66954280196e-06 1.04346425123e-06 1.25215710147e-06 1.04346425123e-06 1.04346425123e-06 1.04346425123e-06 1.04346425123e-06 1.04346425123e-06 1.04346425123e-06 1.04346425123e-06 1.04346425123e-06 1.04346425123e-06 1.25215710147e-06 2.08692850246e-06 2.2956213527e-06 3.54777845417e-06 4.5912427054e-06 5.21732125614e-06 5.42601410639e-06 5.00862840589e-06 5.21732125614e-06 5.00862840589e-06 5.21732125614e-06 5.21732125614e-06 5.21732125614e-06 5.21732125614e-06 5.00862840589e-06 5.00862840589e-06 4.5912427054e-06 4.5912427054e-06 4.5912427054e-06 4.17385700491e-06 3.54777845417e-06 3.96516415467e-06 3.75647130442e-06 3.96516415467e-06 3.75647130442e-06 2.71300705319e-06 2.50431420295e-06 2.50431420295e-06 2.08692850246e-06 1.66954280196e-06 2.08692850246e-06 1.87823565221e-06
1.04346425123e-06 1.25215710147e-06 1.66954280196e-06 1.66954280196e-06 2.08692850246e-06 2.08692850246e-06 2.08692850246e-06 2.08692850246e-06 1.66954280196e-06 1.66954280196e-06 1.25215710147e-06 1.25215710147e-06 1.04346425123e-06 1.25215710147e-06 1.04346425123e-06 1.25215710147e-06 1.46084995172e-06 1.04346425123e-06 1.04346425123e-06 1.04346425123e-06 1.04346425123e-06 1.66954280196e-06 2.50431420295e-06 4.17385700491e-06 5.00862840589e-06 5.21732125614e-06 5.63470695663e-06 5.21732125614e-06 5.21732125614e-06 3.96516415467e-06 4.79993555565e-06 5.00862840589e-06 4.79993555565e-06 5.00862840589e-06 5.00862840589e-06 4.79993555565e-06 4.79993555565e-06 4.5912427054e-06 4.5912427054e-06 4.38254985516e-06 3.96516415467e-06 4.17385700491e-06 3.54777845417e-06 3.54777845417e-06 2.71300705319e-06 2.2956213527e-06 2.2956213527e-06 2.08692850246e-06 1.66954280196e-06 1.66954280196e-06 2.08692850246e-06
1.25215710147e-06 2.08692850246e-06 2.2956213527e-06 1.66954280196e-06 2.2956213527e-06 2.08692850246e-06 2.08692850246e-06 2.2956213527e-06 2.2956213527e-06 1.66954280196e-06 2.08692850246e-06 1.66954280196e-06 2.2956213527e-06 1.25215710147e-06 2.08692850246e-06 2.2956213527e-06 2.2956213527e-06 1.87823565221e-06 1.66954280196e-06 1.66954280196e-06 1.66954280196e-06 1.25215710147e-06 2.2956213527e-06 3.54777845417e-06 5.00862840589e-06 5.00862840589e-06 5.21732125614e-06 5.21732125614e-06 4.5912427054e-06 4.79993555565e-06 4.38254985516e-06 4.79993555565e-06 5.21732125614e-06 5.21732125614e-06 3.54777845417e-06 2.2956213527e-06 2.2956213527e-06 2.50431420295e-06 4.17385700491e-06 3.75647130442e-06 4.17385700491e-06 3.54777845417e-06 3.96516415467e-06 3.33908560393e-06 2.2956213527e-06 2.2956213527e-06 2.2956213527e-06 1.66954280196e-06 1.66954280196e-06 1.66954280196e-06 1.66954280196e-06
1.66954280196e-06 2.08692850246e-06 1.66954280196e-06 1.66954280196e-06 1.25215710147e-06 1.66954280196e-06 1.66954280196e-06 1.87823565221e-06 2.2956213527e-06 2.2956213527e-06 2.2956213527e-06 2.2956213527e-06 2.2956213527e-06 2.2956213527e-06 2.92169990344e-06 2.50431420295e-06 2.71300705319e-06 2.2956213527e-06 2.2956213527e-06 2.2956213527e-06 2.2956213527e-06 2.92169990344e-06 2.50431420295e-06 3.54777845417e-06 2.2956213527e-06 2.2956213527e-06 2.2956213527e-06 2.08692850246e-06 2.2956213527e-06 2.08692850246e-06 2.50431420295e-06 3.54777845417e-06 4.38254985516e-06 4.79993555565e-06 3.54777845417e-06 2.2956213527e-06 1.66954280196e-06 2.2956213527e-06 1.66954280196e-06 1.87823565221e-06 3.54777845417e-06 3.75647130442e-06 3.54777845417e-06 2.2956213527e-06 2.2956213527e-06 2.2956213527e-06 2.08692850246e-06 1.66954280196e-06 1.66954280196e-06 1.25215710147e-06 1.66954280196e-06
2.08692850246e-06 2.08692850246e-06 2.08692850246e-06 2.08692850246e-06 1.66954280196e-06 2.2956213527e-06 2.08692850246e-06 2.2956213527e-06 2.2956213527e-06 2.2956213527e-06 2.2956213527e-06 2.50431420295e-06 2.2956213527e-06 1.66954280196e-06 2.08692850246e-06 2.2956213527e-06 2.2956213527e-06 2.2956213527e-06 3.54777845417e-06 4.17385700491e-06 3.96516415467e-06 3.54777845417e-06 3.54777845417e-06 3.54777845417e-06 2.92169990344e-06 3.54777845417e-06 1.66954280196e-06 2.08692850246e-06 1.66954280196e-06 2.08692850246e-06 1.66954280196e-06 2.08692850246e-06 1.66954280196e-06 2.08692850246e-06 2.50431420295e-06 4.17385700491e-06 3.54777845417e-06 1.66954280196e-06 2.08692850246e-06 2.2956213527e-06 2.50431420295e-06 4.17385700491e-06 3.54777845417e-06 2.50431420295e-06 2.08692850246e-06 2.08692850246e-06 2.2956213527e-06 2.08692850246e-06 2.08692850246e-06 1.87823565221e-06 1.66954280196e-06
1.87823565221e-06 1.87823565221e-06 2.2956213527e-06 2.2956213527e-06 2.2956213527e-06 2.08692850246e-06 2.08692850246e-06 2.2956213527e-06 2.50431420295e-06 2.2956213527e-06 2.2956213527e-06 3.54777845417e-06 2.2956213527e-06 2.08692850246e-06 1.87823565221e-06 2.2956213527e-06 3.54777845417e-06 2.92169990344e-06 3.54777845417e-06 3.54777845417e-06 4.5912427054e-06 4.5912427054e-06 5.00862840589e-06 5.21732125614e-06 5.63470695663e-06 4.38254985516e-06 3.54777845417e-06 2.2956213527e-06 2.2956213527e-06 2.2956213527e-06 1.66954280196e-06 2.08692850246e-06 1.25215710147e-06 1.25215710147e-06 2.2956213527e-06 4.38254985516e-06 4.38254985516e-06 4.38254985516e-06 3.75647130442e-06 3.54777845417e-06 4.38254985516e-06 4.17385700491e-06 3.54777845417e-06 2.92169990344e-06 2.2956213527e-06 2.2956213527e-06 2.2956213527e-06 2.08692850246e-06 2.08692850246e-06 2.08692850246e-06 1.66954280196e-06
2.08692850246e-06 2.08692850246e-06 2.2956213527e-06 2.2956213527e-06 2.08692850246e-06 2.08692850246e-06 2.2956213527e-06 1.66954280196e-06 2.2956213527e-06 3.96516415467e-06 2.2956213527e-06 2.2956213527e-06 2.50431420295e-06 2.2956213527e-06 2.2956213527e-06 2.71300705319e-06 2.2956213527e-06 2.50431420295e-06 3.13039275368e-06 3.54777845417e-06 3.75647130442e-06 3.54777845417e-06 4.38254985516e-06 3.54777845417e-06 4.38254985516e-06 5.42601410639e-06 5.63470695663e-06 4.5912427054e-06 4.5912427054e-06 3.13039275368e-06 3.75647130442e-06 2.50431420295e-06 2.08692850246e-06 2.08692850246e-06 2.2956213527e-06 3.13039275368e-06 4.5912427054e-06 5.21732125614e-06 5.21732125614e-06 4.5912427054e-06 4.38254985516e-06 3.54777845417e-06 3.33908560393e-06 2.2956213527e-06 2.2956213527e-06 2.2956213527e-06 2.2956213527e-06 2.08692850246e-06 2.08692850246e-06 2.08692850246e-06 2.08692850246e-06
2.2956213527e-06 2.08692850246e-06 2.08692850246e-06 2.2956213527e-06 2.2956213527e-06 2.2956213527e-06 2.2956213527e-06 2.08692850246e-06 2.08692850246e-06 2.2956213527e-06 3.75647130442e-06 2.50431420295e-06 2.71300705319e-06 2.2956213527e-06 2.92169990344e-06 3.13039275368e-06 3.54777845417e-06 3.54777845417e-06 3.54777845417e-06 3.96516415467e-06 3.96516415467e-06 3.54777845417e-06 2.2956213527e-06 2.92169990344e-06 2.2956213527e-06 4.5912427054e-06 5.84339980688e-06 5.84339980688e-06 5.84339980688e-06 5.00862840589e-06 5.84339980688e-06 5.63470695663e-06 4.38254985516e-06 3.54777845417e-06 3.54777845417e-06 5.21732125614e-06 5.00862840589e-06 5.00862840589e-06 5.00862840589e-06 3.96516415467e-06 3.54777845417e-06 2.92169990344e-06 2.50431420295e-06 3.33908560393e-06 2.50431420295e-06 2.2956213527e-06 2.2956213527e-06 2.08692850246e-06 2.08692850246e-06 1.66954280196e-06 1.66954280196e-06
2.08692850246e-06 2.08692850246e-06 2.2956213527e-06 2.50431420295e-06 2.2956213527e-06 2.50431420295e-06 2.50431420295e-06 2.2956213527e-06 4.79993555565e-06 3.54777845417e-06 3.54777845417e-06 2.92169990344e-06 3.54777845417e-06 3.54777845417e-06 3.54777845417e-06 3.54777845417e-06 3.96516415467e-06 3.54777845417e-06 2.50431420295e-06 4.38254985516e-06 3.54777845417e-06 3.54777845417e-06 4.38254985516e-06 2.2956213527e-06 2.50431420295e-06 2.2956213527e-06 2.92169990344e-06 3.54777845417e-06 4.38254985516e-06 5.84339980688e-06 5.84339980688e-06 5.84339980688e-06 5.84339980688e-06 5.84339980688e-06 4.5912427054e-06 5.21732125614e-06 5.84339980688e-06 5.00862840589e-06 4.5912427054e-06 3.96516415467e-06 3.75647130442e-06 3.54777845417e-06 3.54777845417e-06 2.50431420295e-06 2.2956213527e-06 2.50431420295e-06 2.2956213527e-06 2.08692850246e-06 2.08692850246e-06 1.66954280196e-06 1.66954280196e-06
2.2956213527e-06 2.2956213527e-06 2.71300705319e-06 2.2956213527e-06 2.2956213527e-06 2.50431420295e-06 2.50431420295e-06 3.54777845417e-06 4.17385700491e-06 3.54777845417e-06 3.54777845417e-06 2.50431420295e-06 4.38254985516e-06 3.54777845417e-06 4.38254985516e-06 4.79993555565e-06 3.75647130442e-06 5.21732125614e-06 5.21732125614e-06 5.00862840589e-06 4.17385700491e-06 5.00862840589e-06 3.75647130442e-06 3.54777845417e-06 2.50431420295e-06 2.08692850246e-06 2.2956213527e-06 2.2956213527e-06 2.08692850246e-06 2.08692850246e-06 2.08692850246e-06 4.38254985516e-06 4.79993555565e-06 5.84339980688e-06 5.84339980688e-06 5.63470695663e-06 5.21732125614e-06 5.00862840589e-06 4.5912427054e-06 3.96516415467e-06 3.75647130442e-06 3.54777845417e-06 3.54777845417e-06 2.2956213527e-06 2.2956213527e-06 2.2956213527e-06 2.2956213527e-06 2.08692850246e-06 2.08692850246e-06 2.08692850246e-06 1.66954280196e-06
2.2956213527e-06 2.50431420295e-06 2.92169990344e-06 2.2956213527e-06 3.54777845417e-06 3.54777845417e-06 3.75647130442e-06 3.96516415467e-06 4.5912427054e-06 4.5912427054e-06 3.54777845417e-06 4.17385700491e-06 2.92169990344e-06 3.33908560393e-06 4.17385700491e-06 4.5912427054e-06 4.79993555565e-06 4.5912427054e-06 4.5912427054e-06 5.84339980688e-06 4.5912427054e-06 5.21732125614e-06 3.96516415467e-06 4.38254985516e-06 3.96516415467e-06 2.2956213527e-06 3.54777845417e-06 2.2956213527e-06 2.71300705319e-06 2.08692850246e-06 2.2956213527e-06 2.2956213527e-06 2.2956213527e-06 2.50431420295e-06 3.54777845417e-06 5.84339980688e-06 5.21732125614e-06 5.21732125614e-06 4.5912427054e-06 4.38254985516e-06 3.96516415467e-06 3.75647130442e-06 3.54777845417e-06 2.50431420295e-06 2.2956213527e-06 2.2956213527e-06 2.08692850246e-06 2.2956213527e-06 2.08692850246e-06 1.66954280196e-06 1.66954280196e-06
3.13039275368e-06 2.71300705319e-06 4.5912427054e-06 5.00862840589e-06 2.92169990344e-06 3.13039275368e-06 4.5912427054e-06 4.5912427054e-06 2.50431420295e-06 4.38254985516e-06 2.50431420295e-06 4.79993555565e-06 4.79993555565e-06 4.38254985516e-06 4.79993555565e-06 5.21732125614e-06 5.00862840589e-06 5.84339980688e-06 4.79993555565e-06 4.79993555565e-06 5.84339980688e-06 5.84339980688e-06 3.96516415467e-06 3.75647130442e-06 4.17385700491e-06 3.75647130442e-06 3.75647130442e-06 3.96516415467e-06 2.92169990344e-06 2.2956213527e-06 3.54777845417e-06 2.50431420295e-06 3.54777845417e-06 3.75647130442e-06 2.92169990344e-06 3.54777845417e-06 5.84339980688e-06 5.63470695663e-06 4.79993555565e-06 3.96516415467e-06 3.96516415467e-06 3.54777845417e-06 3.54777845417e-06 2.50431420295e-06 2.92169990344e-06 2.2956213527e-06 2.2956213527e-06 2.08692850246e-06 2.08692850246e-06 1.66954280196e-06 1.66954280196e-06
2.71300705319e-06 2.2956213527e-06 2.71300705319e-06 2.2956213527e-06 2.2956213527e-06 3.54777845417e-06 3.54777845417e-06 3.54777845417e-06 3.54777845417e-06 3.54777845417e-06 3.54777845417e-06 5.00862840589e-06 5.21732125614e-06 5.84339980688e-06 5.84339980688e-06 5.63470695663e-06 4.79993555565e-06 5.00862840589e-06 5.42601410639e-06 5.84339980688e-06 5.84339980688e-06 6.05209265712e-06 5.84339980688e-06 5.21732125614e-06 3.96516415467e-06 5.84339980688e-06 3.96516415467e-06 4.38254985516e-06 4.5912427054e-06 4.5912427054e-06 3.75647130442e-06 3.54777845417e-06 4.38254985516e-06 3.75647130442e-06 3.54777845417e-06 3.75647130442e-06 4.38254985516e-06 5.21732125614e-06 5.21732125614e-06 5.84339980688e-06 5.21732125614e-06 3.54777845417e-06 2.92169990344e-06 3.13039275368e-06 2.71300705319e-06 2.2956213527e-06 2.2956213527e-06 2.08692850246e-06 2.08692850246e-06 1.25215710147e-06 1.04346425123e-06
2.2956213527e-06 2.2956213527e-06 3.54777845417e-06 4.17385700491e-06 4.17385700491e-06 4.17385700491e-06 3.54777845417e-06 3.13039275368e-06 3.54777845417e-06 3.75647130442e-06 4.38254985516e-06 3.54777845417e-06 5.63470695663e-06 5.00862840589e-06 5.21732125614e-06 5.63470695663e-06 5.00862840589e-06 5.21732125614e-06 5.42601410639e-06 5.63470695663e-06 5.84339980688e-06 6.05209265712e-06 6.8868640581e-06 6.46947835761e-06 5.63470695663e-06 5.21732125614e-06 5.21732125614e-06 5.21732125614e-06 5.21732125614e-06 4.5912427054e-06 5.84339980688e-06 5.63470695663e-06 5.42601410639e-06 5.00862840589e-06 5.84339980688e-06 5.00862840589e-06 5.63470695663e-06 5.84339980688e-06 5.84339980688e-06 5.63470695663e-06 5.21732125614e-06 5.42601410639e-06 5.21732125614e-06 3.75647130442e-06 2.2956213527e-06 2.2956213527e-06 2.2956213527e-06 2.08692850246e-06 2.08692850246e-06 1.66954280196e-06 1.66954280196e-06
2.2956213527e-06 2.08692850246e-06 2.2956213527e-06 2.2956213527e-06 3.54777845417e-06 3.54777845417e-06 3.54777845417e-06 3.54777845417e-06 3.54777845417e-06 3.96516415467e-06 5.00862840589e-06 4.38254985516e-06 4.5912427054e-06 5.21732125614e-06 5.21732125614e-06 5.21732125614e-06 5.21732125614e-06 5.63470695663e-06 6.05209265712e-06 5.84339980688e-06 6.05209265712e-06 7.09555690835e-06 6.05209265712e-06 6.46947835761e-06 7.09555690835e-06 6.8868640581e-06 5.84339980688e-06 6.05209265712e-06 5.21732125614e-06 7.09555690835e-06 6.05209265712e-06 6.05209265712e-06 6.05209265712e-06 5.84339980688e-06 6.05209265712e-06 6.05209265712e-06 6.05209265712e-06 6.05209265712e-06 5.84339980688e-06 5.84339980688e-06 5.84339980688e-06 5.21732125614e-06 5.42601410639e-06 5.00862840589e-06 3.54777845417e-06 2.2956213527e-06 2.08692850246e-06 2.08692850246e-06 2.08692850246e-06 1.66954280196e-06 1.66954280196e-06
2.2956213527e-06 2.50431420295e-06 2.71300705319e-06 3.54777845417e-06 3.54777845417e-06 3.75647130442e-06 3.54777845417e-06 3.13039275368e-06 4.17385700491e-06 4.5912427054e-06 5.21732125614e-06 4.17385700491e-06 4.38254985516e-06 4.38254985516e-06 4.38254985516e-06 5.21732125614e-06 4.79993555565e-06 6.05209265712e-06 5.63470695663e-06 5.84339980688e-06 6.05209265712e-06 6.05209265712e-06 7.09555690835e-06 7.51294260884e-06 7.09555690835e-06 5.84339980688e-06 6.8868640581e-06 6.05209265712e-06 5.84339980688e-06 7.09555690835e-06 6.46947835761e-06 5.84339980688e-06 6.46947835761e-06 6.8868640581e-06 6.46947835761e-06 6.46947835761e-06 6.46947835761e-06 6.05209265712e-06 6.05209265712e-06 5.84339980688e-06 5.84339980688e-06 5.21732125614e-06 5.84339980688e-06 5.63470695663e-06 4.79993555565e-06 3.54777845417e-06 2.92169990344e-06 1.66954280196e-06 1.66954280196e-06 1.66954280196e-06 1.66954280196e-06
3.75647130442e-06 4.38254985516e-06 4.5912427054e-06 3.75647130442e-06 4.5912427054e-06 5.63470695663e-06 5.21732125614e-06 4.79993555565e-06 5.42601410639e-06 5.00862840589e-06 5.21732125614e-06 4.5912427054e-06 5.21732125614e-06 5.42601410639e-06 5.84339980688e-06 5.84339980688e-06 5.84339980688e-06 5.21732125614e-06 6.46947835761e-06 6.8868640581e-06 7.09555690835e-06 6.05209265712e-06 6.46947835761e-06 7.51294260884e-06 8.13902115958e-06 7.09555690835e-06 7.3042497586e-06 6.46947835761e-06 6.46947835761e-06 7.09555690835e-06 7.09555690835e-06 6.46947835761e-06 7.93032830933e-06 7.09555690835e-06 7.09555690835e-06 7.09555690835e-06 7.09555690835e-06 6.46947835761e-06 6.05209265712e-06 6.05209265712e-06 5.84339980688e-06 5.63470695663e-06 5.84339980688e-06 5.84339980688e-06 5.00862840589e-06 3.54777845417e-06 3.54777845417e-06 2.08692850246e-06 1.66954280196e-06 1.66954280196e-06 1.66954280196e-06
3.54777845417e-06 3.75647130442e-06 3.75647130442e-06 4.79993555565e-06 4.79993555565e-06 5.84339980688e-06 5.00862840589e-06 5.21732125614e-06 5.84339980688e-06 5.63470695663e-06 5.21732125614e-06 5.00862840589e-06 5.21732125614e-06 4.79993555565e-06 5.63470695663e-06 5.00862840589e-06 5.84339980688e-06 6.05209265712e-06 5.84339980688e-06 6.05209265712e-06 7.09555690835e-06 7.09555690835e-06 7.09555690835e-06 7.09555690835e-06 7.51294260884e-06 7.09555690835e-06 8.13902115958e-06 8.13902115958e-06 7.93032830933e-06 7.93032830933e-06 7.93032830933e-06 7.09555690835e-06 8.34771400982e-06 7.09555690835e-06 7.93032830933e-06 7.3042497586e-06 7.09555690835e-06 7.09555690835e-06 6.46947835761e-06 6.46947835761e-06 6.05209265712e-06 6.05209265712e-06 5.63470695663e-06 5.00862840589e-06 5.00862840589e-06 3.54777845417e-06 2.92169990344e-06 2.2956213527e-06 2.08692850246e-06 1.87823565221e-06 1.25215710147e-06
2.92169990344e-06 2.92169990344e-06 2.92169990344e-06 4.5912427054e-06 5.00862840589e-06 5.00862840589e-06 4.79993555565e-06 5.21732125614e-06 4.79993555565e-06 5.21732125614e-06 5.84339980688e-06 5.84339980688e-06 5.84339980688e-06 5.84339980688e-06 7.09555690835e-06 7.09555690835e-06 6.05209265712e-06 6.46947835761e-06 7.09555690835e-06 7.09555690835e-06 7.93032830933e-06 7.09555690835e-06 7.93032830933e-06 7.09555690835e-06 7.09555690835e-06 7.09555690835e-06 7.09555690835e-06 8.55640686007e-06 7.72163545909e-06 8.55640686007e-06 8.55640686007e-06 8.55640686007e-06 8.55640686007e-06 8.55640686007e-06 8.13902115958e-06 8.13902115958e-06 7.93032830933e-06 7.09555690835e-06 6.46947835761e-06 7.09555690835e-06 6.05209265712e-06 6.05209265712e-06 5.84339980688e-06 5.00862840589e-06 5.00862840589e-06 3.54777845417e-06 2.2956213527e-06 2.2956213527e-06 2.08692850246e-06 2.08692850246e-06 1.87823565221e-06
3.96516415467e-06 4.5912427054e-06 3.75647130442e-06 3.75647130442e-06 3.75647130442e-06 4.79993555565e-06 4.38254985516e-06 5.00862840589e-06 5.21732125614e-06 5.21732125614e-06 5.84339980688e-06 5.21732125614e-06 5.84339980688e-06 5.84339980688e-06 6.05209265712e-06 6.05209265712e-06 6.05209265712e-06 5.84339980688e-06 5.84339980688e-06 6.05209265712e-06 6.05209265712e-06 7.09555690835e-06 9.18248541081e-06 7.09555690835e-06 7.3042497586e-06 8.55640686007e-06 8.55640686007e-06 8.55640686007e-06 7.93032830933e-06 8.76509971031e-06 8.55640686007e-06 8.55640686007e-06 8.97379256056e-06 8.55640686007e-06 8.55640686007e-06 8.13902115958e-06 8.13902115958e-06 7.09555690835e-06 7.09555690835e-06 7.09555690835e-06 6.46947835761e-06 6.05209265712e-06 5.84339980688e-06 5.84339980688e-06 4.79993555565e-06 3.75647130442e-06 2.50431420295e-06 2.2956213527e-06 2.2956213527e-06 2.08692850246e-06 2.08692850246e-06
