Example/niche_background/models/ENFA/normalized_grids/Anolis_coelestinus_1.asc
ncols        743
nrows        319
xllcorner    -74.500956448335
yllcorner    17.448920549066
cellsize     0.008333333333
NODATA_value  -9999
[rows 115 to 137 of 318, columns 350 to 399 of 743]
3.15086442514e-05 3.10940568271e-05 3.06794694027e-05 2.83992385687e-05 2.15585460668e-05 2.03147837937e-05 1.45105598526e-05 2.9850294554e-05 2.73627700078e-05 2.88138259931e-05 1.82418466719e-05 9.95009818467e-06 9.12092333595e-06 6.4261050776e-06 7.25527992632e-06 4.56046166797e-06 4.56046166797e-06 2.28023083399e-06 2.48752454617e-06 3.73128681925e-06 5.38963651669e-06 4.35316795579e-06 4.56046166797e-06 3.31669939489e-06 2.07293712181e-06 2.69481825835e-06 4.35316795579e-06 2.69481825835e-06 8.29174848722e-07 8.29174848722e-07 1.86564340963e-06 2.48752454617e-06 2.07293712181e-06 1.86564340963e-06 1.86564340963e-06 1.86564340963e-06 1.86564340963e-06 1.86564340963e-06 1.86564340963e-06 1.86564340963e-06 1.86564340963e-06 8.29174848722e-07 8.29174848722e-07 8.29174848722e-07 8.29174848722e-07 6.21881136542e-07 6.21881136542e-07 6.21881136542e-07 2.07293712181e-07 2.07293712181e-07
2.63263014469e-05 3.17159379636e-05 3.06794694027e-05 2.73627700078e-05 2.77773574322e-05 2.65335951591e-05 1.9485608945e-05 2.65335951591e-05 2.1765839779e-05 1.82418466719e-05 5.18234280451e-06 5.59693022888e-06 6.63339878978e-06 4.97504909233e-06 5.18234280451e-06 5.18234280451e-06 3.31669939489e-06 3.31669939489e-06 2.28023083399e-06 3.31669939489e-06 5.18234280451e-06 4.97504909233e-06 5.38963651669e-06 4.56046166797e-06 3.31669939489e-06 1.86564340963e-06 2.07293712181e-06 2.07293712181e-06 8.29174848722e-07 1.86564340963e-06 2.07293712181e-06 2.69481825835e-06 2.07293712181e-06 1.86564340963e-06 2.07293712181e-06 2.07293712181e-06 2.07293712181e-06 2.07293712181e-06 2.07293712181e-06 1.86564340963e-06 1.86564340963e-06 1.86564340963e-06 1.24376227308e-06 1.0364685609e-06 8.29174848722e-07 8.29174848722e-07 8.29174848722e-07 6.21881136542e-07 4.14587424361e-07 6.21881136542e-07
8.91362962376e-06 1.57543221257e-05 1.34740912917e-05 3.06794694027e-05 2.86065322809e-05 2.65335951591e-05 3.13013505393e-05 2.23877209155e-05 8.91362962376e-06 7.66986735068e-06 8.91362962376e-06 4.97504909233e-06 3.31669939489e-06 2.28023083399e-06 2.69481825835e-06 2.07293712181e-06 1.86564340963e-06 1.86564340963e-06 2.07293712181e-06 2.07293712181e-06 4.35316795579e-06 4.97504909233e-06 4.76775538015e-06 3.31669939489e-06 2.07293712181e-06 2.07293712181e-06 2.28023083399e-06 2.07293712181e-06 1.86564340963e-06 8.29174848722e-07 1.86564340963e-06 1.86564340963e-06 3.31669939489e-06 3.31669939489e-06 3.31669939489e-06 2.48752454617e-06 2.07293712181e-06 1.86564340963e-06 1.24376227308e-06 8.29174848722e-07 1.86564340963e-06 1.86564340963e-06 8.29174848722e-07 8.29174848722e-07 8.29174848722e-07 8.29174848722e-07 8.29174848722e-07 8.29174848722e-07 8.29174848722e-07 8.29174848722e-07
4.97504909233e-06 1.0364685609e-05 8.91362962376e-06 1.11938604578e-05 7.66986735068e-06 1.2644916443e-05 1.47178535648e-05 2.73627700078e-05 2.28023083399e-05 1.34740912917e-05 6.4261050776e-06 4.97504909233e-06 4.35316795579e-06 4.35316795579e-06 4.14587424361e-06 3.73128681925e-06 3.31669939489e-06 2.07293712181e-06 2.07293712181e-06 2.69481825835e-06 2.28023083399e-06 3.31669939489e-06 2.69481825835e-06 1.65834969744e-06 1.86564340963e-06 1.86564340963e-06 2.48752454617e-06 1.24376227308e-06 1.86564340963e-06 1.86564340963e-06 1.86564340963e-06 2.07293712181e-06 2.07293712181e-06 1.86564340963e-06 2.69481825835e-06 2.69481825835e-06 2.07293712181e-06 8.29174848722e-07 8.29174848722e-07 8.29174848722e-07 8.29174848722e-07 1.65834969744e-06 8.29174848722e-07 8.29174848722e-07 8.29174848722e-07 8.29174848722e-07 8.29174848722e-07 8.29174848722e-07 8.29174848722e-07 6.21881136542e-07
1.01573918968e-05 1.2644916443e-05 1.09865667456e-05 8.91362962376e-06 1.05719793212e-05 7.66986735068e-06 9.95009818467e-06 8.91362962376e-06 9.95009818467e-06 6.4261050776e-06 7.66986735068e-06 5.59693022888e-06 5.59693022888e-06 5.38963651669e-06 3.31669939489e-06 3.73128681925e-06 4.35316795579e-06 4.35316795579e-06 3.73128681925e-06 2.07293712181e-06 3.31669939489e-06 2.48752454617e-06 1.86564340963e-06 2.48752454617e-06 2.07293712181e-06 1.65834969744e-06 1.65834969744e-06 8.29174848722e-07 1.24376227308e-06 1.86564340963e-06 1.86564340963e-06 2.07293712181e-06 2.07293712181e-06 2.69481825835e-06 2.69481825835e-06 2.07293712181e-06 1.24376227308e-06 8.29174848722e-07 8.29174848722e-07 8.29174848722e-07 8.29174848722e-07 6.21881136542e-07 8.29174848722e-07 6.21881136542e-07 8.29174848722e-07 8.29174848722e-07 8.29174848722e-07 6.21881136542e-07 8.29174848722e-07 8.29174848722e-07
2.40460706129e-05 2.15585460668e-05 2.32168957642e-05 2.03147837937e-05 1.24376227308e-05 1.24376227308e-05 1.0364685609e-05 8.91362962376e-06 1.05719793212e-05 1.65834969744e-05 7.66986735068e-06 7.04798621414e-06 6.4261050776e-06 4.97504909233e-06 5.59693022888e-06 4.97504909233e-06 4.97504909233e-06 4.76775538015e-06 5.18234280451e-06 4.97504909233e-06 2.69481825835e-06 3.52399310707e-06 2.69481825835e-06 3.31669939489e-06 2.07293712181e-06 1.86564340963e-06 8.29174848722e-07 1.86564340963e-06 1.65834969744e-06 2.28023083399e-06 8.29174848722e-07 1.86564340963e-06 1.86564340963e-06 2.28023083399e-06 3.52399310707e-06 2.69481825835e-06 2.07293712181e-06 2.69481825835e-06 1.45105598526e-06 2.07293712181e-06 8.29174848722e-07 6.21881136542e-07 6.21881136542e-07 6.21881136542e-07 6.21881136542e-07 8.29174848722e-07 6.21881136542e-07 8.29174848722e-07 6.21881136542e-07 6.21881136542e-07
2.32168957642e-05 2.63263014469e-05 2.42533643251e-05 1.88637278084e-05 1.86564340963e-05 2.19731334911e-05 1.20230353065e-05 2.21804272033e-05 1.20230353065e-05 1.63762032623e-05 1.0364685609e-05 4.97504909233e-06 5.38963651669e-06 5.18234280451e-06 5.59693022888e-06 5.18234280451e-06 5.38963651669e-06 4.97504909233e-06 4.76775538015e-06 4.97504909233e-06 4.97504909233e-06 4.76775538015e-06 4.35316795579e-06 3.52399310707e-06 4.35316795579e-06 2.07293712181e-06 1.86564340963e-06 2.69481825835e-06 1.86564340963e-06 3.52399310707e-06 2.07293712181e-06 1.86564340963e-06 2.69481825835e-06 2.69481825835e-06 3.52399310707e-06 2.28023083399e-06 3.31669939489e-06 2.07293712181e-06 1.86564340963e-06 1.86564340963e-06 2.07293712181e-06 8.29174848722e-07 6.21881136542e-07 6.21881136542e-07 6.21881136542e-07 8.29174848722e-07 6.21881136542e-07 6.21881136542e-07 2.07293712181e-07 6.21881136542e-07
2.65335951591e-05 2.67408888713e-05 2.92284134175e-05 2.54971265982e-05 2.19731334911e-05 2.42533643251e-05 1.88637278084e-05 1.01573918968e-05 1.14011541699e-05 6.01151765324e-06 6.4261050776e-06 3.73128681925e-06 4.35316795579e-06 5.38963651669e-06 6.4261050776e-06 3.31669939489e-06 3.31669939489e-06 3.52399310707e-06 3.93858053143e-06 4.76775538015e-06 4.35316795579e-06 4.35316795579e-06 4.14587424361e-06 4.35316795579e-06 5.59693022888e-06 3.52399310707e-06 3.31669939489e-06 2.07293712181e-06 2.07293712181e-06 3.31669939489e-06 3.52399310707e-06 1.24376227308e-06 2.07293712181e-06 2.07293712181e-06 2.69481825835e-06 3.31669939489e-06 2.69481825835e-06 2.28023083399e-06 2.07293712181e-06 2.07293712181e-06 8.29174848722e-07 6.21881136542e-07 4.14587424361e-07 2.07293712181e-07 6.21881136542e-07 6.21881136542e-07 6.21881136542e-07 6.21881136542e-07 6.21881136542e-07 2.07293712181e-07
2.65335951591e-05 2.63263014469e-05 2.73627700078e-05 1.20230353065e-05 8.91362962376e-06 9.53551076031e-06 6.4261050776e-06 6.4261050776e-06 7.04798621414e-06 4.97504909233e-06 4.35316795579e-06 1.86564340963e-06 2.28023083399e-06 4.35316795579e-06 4.76775538015e-06 2.07293712181e-06 1.86564340963e-06 2.07293712181e-06 1.86564340963e-06 3.31669939489e-06 4.76775538015e-06 2.28023083399e-06 2.07293712181e-06 3.31669939489e-06 4.35316795579e-06 4.35316795579e-06 4.14587424361e-06 4.97504909233e-06 3.31669939489e-06 3.31669939489e-06 2.69481825835e-06 2.07293712181e-06 2.07293712181e-06 2.69481825835e-06 2.28023083399e-06 3.31669939489e-06 2.69481825835e-06 3.31669939489e-06 1.86564340963e-06 8.29174848722e-07 8.29174848722e-07 6.21881136542e-07 6.21881136542e-07 6.21881136542e-07 8.29174848722e-07 6.21881136542e-07 6.21881136542e-07 6.21881136542e-07 6.21881136542e-07 6.21881136542e-07
1.16084478821e-05 1.09865667456e-05 6.84069250196e-06 1.22303290187e-05 8.91362962376e-06 6.01151765324e-06 4.76775538015e-06 3.31669939489e-06 4.56046166797e-06 5.80422394106e-06 4.97504909233e-06 4.56046166797e-06 5.18234280451e-06 5.18234280451e-06 5.59693022888e-06 2.69481825835e-06 4.97504909233e-06 4.76775538015e-06 8.29174848722e-07 2.07293712181e-06 2.69481825835e-06 3.73128681925e-06 2.07293712181e-06 2.07293712181e-06 2.07293712181e-06 3.31669939489e-06 3.31669939489e-06 4.35316795579e-06 5.18234280451e-06 4.97504909233e-06 2.07293712181e-06 1.86564340963e-06 2.28023083399e-06 2.28023083399e-06 3.31669939489e-06 3.52399310707e-06 4.35316795579e-06 2.69481825835e-06 2.28023083399e-06 8.29174848722e-07 1.45105598526e-06 8.29174848722e-07 8.29174848722e-07 8.29174848722e-07 6.21881136542e-07 6.21881136542e-07 6.21881136542e-07 6.21881136542e-07 6.21881136542e-07 6.21881136542e-07
1.80345529597e-05 1.40959724283e-05 1.4925147277e-05 1.84491403841e-05 8.91362962376e-06 7.04798621414e-06 8.91362962376e-06 8.29174848722e-06 4.97504909233e-06 5.59693022888e-06 5.38963651669e-06 5.59693022888e-06 7.25527992632e-06 6.01151765324e-06 7.04798621414e-06 7.25527992632e-06 7.04798621414e-06 4.35316795579e-06 3.31669939489e-06 3.73128681925e-06 3.73128681925e-06 4.97504909233e-06 2.07293712181e-06 1.86564340963e-06 1.86564340963e-06 1.86564340963e-06 2.48752454617e-06 2.69481825835e-06 3.52399310707e-06 3.52399310707e-06 4.97504909233e-06 2.07293712181e-06 2.28023083399e-06 2.07293712181e-06 3.52399310707e-06 3.31669939489e-06 2.28023083399e-06 2.07293712181e-06 1.86564340963e-06 2.07293712181e-06 1.86564340963e-06 8.29174848722e-07 1.86564340963e-06 1.24376227308e-06 8.29174848722e-07 6.21881136542e-07 6.21881136542e-07 6.21881136542e-07 6.21881136542e-07 6.21881136542e-07
2.54971265982e-05 2.15585460668e-05 2.13512523546e-05 2.15585460668e-05 1.65834969744e-05 1.43032661405e-05 8.91362962376e-06 6.84069250196e-06 7.66986735068e-06 6.01151765324e-06 9.53551076031e-06 1.0364685609e-05 1.01573918968e-05 7.66986735068e-06 6.4261050776e-06 4.35316795579e-06 3.31669939489e-06 3.31669939489e-06 4.76775538015e-06 4.97504909233e-06 4.97504909233e-06 3.52399310707e-06 4.97504909233e-06 4.56046166797e-06 3.73128681925e-06 2.07293712181e-06 1.65834969744e-06 2.69481825835e-06 2.07293712181e-06 3.52399310707e-06 4.14587424361e-06 4.56046166797e-06 3.31669939489e-06 3.31669939489e-06 2.69481825835e-06 2.07293712181e-06 2.07293712181e-06 2.69481825835e-06 2.28023083399e-06 2.69481825835e-06 1.24376227308e-06 1.86564340963e-06 2.07293712181e-06 1.65834969744e-06 8.29174848722e-07 6.21881136542e-07 8.29174848722e-07 8.29174848722e-07 8.29174848722e-07 6.21881136542e-07
3.00575882662e-05 2.86065322809e-05 2.38387769008e-05 2.42533643251e-05 2.38387769008e-05 2.15585460668e-05 1.34740912917e-05 1.2644916443e-05 1.43032661405e-05 9.12092333595e-06 8.91362962376e-06 1.14011541699e-05 6.63339878978e-06 8.91362962376e-06 6.01151765324e-06 5.18234280451e-06 4.56046166797e-06 1.86564340963e-06 3.31669939489e-06 3.31669939489e-06 4.56046166797e-06 4.35316795579e-06 3.31669939489e-06 3.31669939489e-06 2.69481825835e-06 2.69481825835e-06 2.07293712181e-06 1.65834969744e-06 2.07293712181e-06 2.07293712181e-06 1.86564340963e-06 2.07293712181e-06 3.31669939489e-06 3.31669939489e-06 3.31669939489e-06 4.56046166797e-06 2.28023083399e-06 2.48752454617e-06 2.69481825835e-06 2.07293712181e-06 2.69481825835e-06 2.07293712181e-06 1.86564340963e-06 1.24376227308e-06 8.29174848722e-07 8.29174848722e-07 6.21881136542e-07 8.29174848722e-07 8.29174848722e-07 8.29174848722e-07
2.63263014469e-05 2.69481825835e-05 2.65335951591e-05 2.757006372e-05 2.86065322809e-05 2.38387769008e-05 2.19731334911e-05 1.40959724283e-05 1.24376227308e-05 1.0364685609e-05 8.91362962376e-06 1.24376227308e-05 9.53551076031e-06 5.80422394106e-06 4.97504909233e-06 3.31669939489e-06 2.07293712181e-06 1.45105598526e-06 2.07293712181e-06 1.86564340963e-06 3.52399310707e-06 3.52399310707e-06 4.56046166797e-06 3.31669939489e-06 2.07293712181e-06 8.29174848722e-07 8.29174848722e-07 8.29174848722e-07 8.29174848722e-07 1.86564340963e-06 1.86564340963e-06 1.86564340963e-06 2.69481825835e-06 2.69481825835e-06 3.31669939489e-06 2.69481825835e-06 2.69481825835e-06 2.07293712181e-06 2.69481825835e-06 1.86564340963e-06 1.24376227308e-06 8.29174848722e-07 1.0364685609e-06 8.29174848722e-07 1.24376227308e-06 1.65834969744e-06 8.29174848722e-07 8.29174848722e-07 1.0364685609e-06 8.29174848722e-07
2.54971265982e-05 2.3009602052e-05 2.69481825835e-05 2.63263014469e-05 2.42533643251e-05 2.77773574322e-05 2.28023083399e-05 1.92783152328e-05 1.34740912917e-05 1.2644916443e-05 8.29174848722e-06 1.24376227308e-05 7.87716106286e-06 6.84069250196e-06 4.97504909233e-06 2.48752454617e-06 3.31669939489e-06 2.69481825835e-06 1.86564340963e-06 2.07293712181e-06 2.48752454617e-06 5.38963651669e-06 3.31669939489e-06 3.52399310707e-06 4.35316795579e-06 3.52399310707e-06 3.31669939489e-06 1.86564340963e-06 2.07293712181e-06 2.69481825835e-06 2.69481825835e-06 2.69481825835e-06 2.07293712181e-06 2.07293712181e-06 3.31669939489e-06 2.07293712181e-06 3.52399310707e-06 2.07293712181e-06 1.86564340963e-06 2.69481825835e-06 2.07293712181e-06 2.69481825835e-06 3.31669939489e-06 3.31669939489e-06 8.29174848722e-07 1.86564340963e-06 8.29174848722e-07 1.0364685609e-06 8.29174848722e-07 6.21881136542e-07
3.06794694027e-05 2.86065322809e-05 2.73627700078e-05 2.48752454617e-05 2.69481825835e-05 2.69481825835e-05 2.03147837937e-05 2.73627700078e-05 2.15585460668e-05 9.74280447249e-06 1.11938604578e-05 1.22303290187e-05 1.07792730334e-05 6.4261050776e-06 6.4261050776e-06 5.59693022888e-06 6.01151765324e-06 4.97504909233e-06 4.97504909233e-06 5.18234280451e-06 4.56046166797e-06 4.97504909233e-06 6.4261050776e-06 4.76775538015e-06 4.76775538015e-06 6.4261050776e-06 3.31669939489e-06 3.31669939489e-06 2.69481825835e-06 1.86564340963e-06 3.52399310707e-06 4.14587424361e-06 2.07293712181e-06 2.69481825835e-06 3.31669939489e-06 3.31669939489e-06 2.69481825835e-06 3.31669939489e-06 2.69481825835e-06 2.07293712181e-06 3.31669939489e-06 3.31669939489e-06 2.28023083399e-06 1.86564340963e-06 2.48752454617e-06 1.86564340963e-06 1.65834969744e-06 1.65834969744e-06 1.86564340963e-06 8.29174848722e-07
2.86065322809e-05 2.73627700078e-05 2.73627700078e-05 2.88138259931e-05 2.23877209155e-05 2.77773574322e-05 1.67907906866e-05 1.67907906866e-05 2.3009602052e-05 1.82418466719e-05 1.67907906866e-05 1.53397347014e-05 1.55470284135e-05 8.29174848722e-06 6.84069250196e-06 7.04798621414e-06 5.59693022888e-06 6.4261050776e-06 5.38963651669e-06 4.97504909233e-06 4.97504909233e-06 5.59693022888e-06 6.4261050776e-06 2.69481825835e-06 2.07293712181e-06 4.35316795579e-06 3.73128681925e-06 4.35316795579e-06 4.35316795579e-06 4.97504909233e-06 3.52399310707e-06 3.73128681925e-06 3.31669939489e-06 3.52399310707e-06 3.31669939489e-06 3.52399310707e-06 3.31669939489e-06 3.31669939489e-06 4.35316795579e-06 3.31669939489e-06 2.07293712181e-06 2.07293712181e-06 1.86564340963e-06 8.29174848722e-07 1.65834969744e-06 2.07293712181e-06 1.86564340963e-06 1.65834969744e-06 1.86564340963e-06 8.29174848722e-07
2.96430008418e-05 2.94357071296e-05 2.28023083399e-05 2.54971265982e-05 2.63263014469e-05 1.65834969744e-05 1.67907906866e-05 2.65335951591e-05 1.20230353065e-05 2.03147837937e-05 1.82418466719e-05 1.20230353065e-05 1.57543221257e-05 1.2644916443e-05 8.91362962376e-06 7.25527992632e-06 6.63339878978e-06 8.91362962376e-06 4.97504909233e-06 6.4261050776e-06 6.4261050776e-06 8.91362962376e-06 5.18234280451e-06 4.76775538015e-06 4.35316795579e-06 4.76775538015e-06 2.69481825835e-06 4.14587424361e-06 4.97504909233e-06 4.35316795579e-06 4.56046166797e-06 2.48752454617e-06 4.56046166797e-06 3.31669939489e-06 2.69481825835e-06 3.31669939489e-06 2.69481825835e-06 2.28023083399e-06 2.07293712181e-06 1.86564340963e-06 2.07293712181e-06 1.86564340963e-06 2.07293712181e-06 8.29174848722e-07 1.86564340963e-06 8.29174848722e-07 8.29174848722e-07 8.29174848722e-07 8.29174848722e-07 8.29174848722e-07
2.88138259931e-05 2.69481825835e-05 2.19731334911e-05 2.59117140226e-05 2.28023083399e-05 2.03147837937e-05 2.65335951591e-05 2.01074900815e-05 1.40959724283e-05 1.14011541699e-05 9.95009818467e-06 1.61689095501e-05 9.53551076031e-06 8.08445477504e-06 7.25527992632e-06 6.4261050776e-06 8.29174848722e-06 6.63339878978e-06 5.59693022888e-06 7.04798621414e-06 7.04798621414e-06 6.4261050776e-06 6.4261050776e-06 4.97504909233e-06 5.59693022888e-06 4.35316795579e-06 3.31669939489e-06 2.69481825835e-06 2.07293712181e-06 3.73128681925e-06 4.35316795579e-06 4.35316795579e-06 2.69481825835e-06 2.07293712181e-06 3.52399310707e-06 3.31669939489e-06 2.69481825835e-06 4.97504909233e-06 1.86564340963e-06 1.86564340963e-06 2.07293712181e-06 8.29174848722e-07 8.29174848722e-07 8.29174848722e-07 8.29174848722e-07 8.29174848722e-07 8.29174848722e-07 8.29174848722e-07 6.21881136542e-07 6.21881136542e-07
2.65335951591e-05 2.69481825835e-05 2.36314831886e-05 2.21804272033e-05 2.03147837937e-05 2.15585460668e-05 2.23877209155e-05 1.24376227308e-05 1.45105598526e-05 2.15585460668e-05 1.24376227308e-05 8.91362962376e-06 7.66986735068e-06 1.20230353065e-05 8.91362962376e-06 8.91362962376e-06 8.91362962376e-06 7.25527992632e-06 6.4261050776e-06 5.59693022888e-06 5.59693022888e-06 4.97504909233e-06 5.18234280451e-06 4.56046166797e-06 5.59693022888e-06 3.31669939489e-06 6.4261050776e-06 4.97504909233e-06 4.97504909233e-06 3.31669939489e-06 4.56046166797e-06 4.97504909233e-06 3.73128681925e-06 3.31669939489e-06 3.31669939489e-06 2.69481825835e-06 2.48752454617e-06 2.69481825835e-06 4.14587424361e-06 2.07293712181e-06 1.65834969744e-06 1.86564340963e-06 1.86564340963e-06 1.45105598526e-06 8.29174848722e-07 1.45105598526e-06 8.29174848722e-07 6.21881136542e-07 6.21881136542e-07 2.07293712181e-07
3.00575882662e-05 2.77773574322e-05 2.46679517495e-05 2.38387769008e-05 2.15585460668e-05 2.01074900815e-05 2.13512523546e-05 1.9485608945e-05 2.15585460668e-05 1.86564340963e-05 1.24376227308e-05 1.09865667456e-05 1.0364685609e-05 1.2644916443e-05 1.2644916443e-05 6.4261050776e-06 8.91362962376e-06 9.53551076031e-06 5.59693022888e-06 6.84069250196e-06 7.04798621414e-06 4.97504909233e-06 6.01151765324e-06 4.35316795579e-06 4.56046166797e-06 3.31669939489e-06 4.35316795579e-06 4.97504909233e-06 3.73128681925e-06 3.73128681925e-06 5.18234280451e-06 3.52399310707e-06 4.35316795579e-06 3.52399310707e-06 2.69481825835e-06 3.52399310707e-06 3.31669939489e-06 2.69481825835e-06 4.35316795579e-06 2.07293712181e-06 1.86564340963e-06 2.69481825835e-06 1.86564340963e-06 2.07293712181e-06 1.65834969744e-06 2.07293712181e-06 1.86564340963e-06 8.29174848722e-07 8.29174848722e-07 6.21881136542e-07
2.71554762957e-05 2.63263014469e-05 2.15585460668e-05 1.9485608945e-05 2.15585460668e-05 2.15585460668e-05 1.61689095501e-05 1.2644916443e-05 1.0364685609e-05 1.2644916443e-05 6.84069250196e-06 1.11938604578e-05 1.24376227308e-05 8.08445477504e-06 9.74280447249e-06 1.01573918968e-05 4.97504909233e-06 7.66986735068e-06 7.04798621414e-06 6.4261050776e-06 5.18234280451e-06 4.56046166797e-06 5.59693022888e-06 5.80422394106e-06 4.76775538015e-06 4.97504909233e-06 3.31669939489e-06 3.52399310707e-06 3.52399310707e-06 2.28023083399e-06 3.31669939489e-06 2.69481825835e-06 2.28023083399e-06 2.69481825835e-06 2.07293712181e-06 3.31669939489e-06 2.48752454617e-06 2.07293712181e-06 3.31669939489e-06 3.52399310707e-06 3.31669939489e-06 2.07293712181e-06 2.07293712181e-06 2.69481825835e-06 1.24376227308e-06 1.86564340963e-06 2.69481825835e-06 1.86564340963e-06 1.86564340963e-06 6.21881136542e-07
2.73627700078e-05 2.69481825835e-05 1.65834969744e-05 2.15585460668e-05 2.07293712181e-05 2.03147837937e-05 1.80345529597e-05 1.24376227308e-05 1.82418466719e-05 9.95009818467e-06 8.91362962376e-06 8.91362962376e-06 6.4261050776e-06 6.4261050776e-06 9.53551076031e-06 6.4261050776e-06 6.4261050776e-06 4.97504909233e-06 5.59693022888e-06 3.73128681925e-06 4.97504909233e-06 4.97504909233e-06 6.4261050776e-06 4.97504909233e-06 4.35316795579e-06 4.35316795579e-06 3.31669939489e-06 3.52399310707e-06 2.69481825835e-06 4.35316795579e-06 2.07293712181e-06 3.73128681925e-06 3.31669939489e-06 3.31669939489e-06 2.07293712181e-06 3.31669939489e-06 1.45105598526e-06 1.86564340963e-06 3.73128681925e-06 3.31669939489e-06 3.31669939489e-06 2.69481825835e-06 3.31669939489e-06 2.69481825835e-06 2.07293712181e-06 1.86564340963e-06 2.07293712181e-06 1.86564340963e-06 1.45105598526e-06 8.29174848722e-07
