Example/niche_background/models/ENFA/normalized_grids/Anolis_chlorocyanus_1.asc
ncols        743
nrows        319
xllcorner    -74.500956448335
yllcorner    17.448920549066
cellsize     0.008333333333
NODATA_value  -9999
[rows 92 to 114 of 318, columns 364 to 415 of 743]
2.09655929541e-05 2.02633960609e-05 2.02633960609e-05 2.02633960609e-05 1.92602576421e-05 2.09655929541e-05 1.89593161164e-05 2.12665344798e-05 2.07649652703e-05 1.71536669625e-05 2.06646514285e-05 2.26709282662e-05 1.88590022745e-05 2.02633960609e-05 1.85580607489e-05 2.03637099028e-05 1.88590022745e-05 2.02633960609e-05 1.88590022745e-05 1.94608853258e-05 1.98621406934e-05 1.96615130096e-05 1.83574330651e-05 1.51473901247e-05 1.62508423855e-05 1.92602576421e-05 1.83574330651e-05 1.86583745907e-05 1.54483316504e-05 1.88590022745e-05 1.60502147017e-05 1.4946762441e-05 9.93107034669e-06 1.02320118723e-05 1.60502147017e-05 1.71536669625e-05 1.61505285436e-05 1.12351502912e-05 1.32414271289e-05 1.43448793897e-05 1.61505285436e-05 1.64514700693e-05 1.65517839111e-05 1.26395440776e-05 1.06332672399e-05 1.15360918169e-05 1.21379748682e-05 1.17367195006e-05 1.22382887101e-05 1.47461347572e-05 8.4263627184e-06 1.10345226074e-05
2.22696728986e-05 2.11662206379e-05 2.20690452149e-05 2.08652791122e-05 2.14671621635e-05 2.20690452149e-05 2.20690452149e-05 2.20690452149e-05 2.09655929541e-05 2.05643375866e-05 2.07649652703e-05 2.21693590567e-05 2.16677898473e-05 1.92602576421e-05 2.04640237447e-05 1.79561776975e-05 1.86583745907e-05 1.97618268515e-05 1.74546084881e-05 1.755492233e-05 1.92602576421e-05 1.83574330651e-05 1.89593161164e-05 1.755492233e-05 1.89593161164e-05 1.89593161164e-05 1.80564915394e-05 1.755492233e-05 1.89593161164e-05 1.63511562274e-05 1.52477039666e-05 1.71536669625e-05 9.93107034669e-06 1.52477039666e-05 1.20376610263e-05 1.33417409708e-05 1.71536669625e-05 1.45455070734e-05 1.33417409708e-05 1.19373471844e-05 1.45455070734e-05 1.16364056587e-05 1.71536669625e-05 1.78558638557e-05 1.54483316504e-05 1.0532953398e-05 1.12351502912e-05 1.11348364493e-05 7.021968932e-06 9.22887345349e-06 1.16364056587e-05 1.12351502912e-05
2.07649652703e-05 2.22696728986e-05 2.09655929541e-05 2.07649652703e-05 2.02633960609e-05 2.09655929541e-05 2.20690452149e-05 2.06646514285e-05 2.18684175311e-05 2.14671621635e-05 2.1968731373e-05 2.06646514285e-05 1.97618268515e-05 1.71536669625e-05 1.89593161164e-05 1.94608853258e-05 1.62508423855e-05 1.82571192232e-05 8.52667656029e-06 1.16364056587e-05 1.60502147017e-05 1.86583745907e-05 1.67524115949e-05 1.755492233e-05 1.8457746907e-05 1.755492233e-05 1.89593161164e-05 1.86583745907e-05 1.74546084881e-05 2.05643375866e-05 1.60502147017e-05 1.54483316504e-05 1.29404856033e-05 1.47461347572e-05 1.43448793897e-05 1.04326395561e-05 1.32414271289e-05 1.21379748682e-05 1.26395440776e-05 1.24389163938e-05 1.755492233e-05 1.18370333425e-05 1.61505285436e-05 1.0532953398e-05 1.15360918169e-05 1.30407994451e-05 9.93107034669e-06 9.32918729537e-06 9.52981497914e-06 1.13354641331e-05 1.42445655478e-05 6.42008588069e-06
2.07649652703e-05 1.93605714839e-05 2.11662206379e-05 2.07649652703e-05 2.13668483217e-05 2.05643375866e-05 2.11662206379e-05 1.86583745907e-05 2.06646514285e-05 2.07649652703e-05 2.06646514285e-05 2.20690452149e-05 1.755492233e-05 1.59499008598e-05 1.71536669625e-05 1.67524115949e-05 1.12351502912e-05 1.23386025519e-05 1.16364056587e-05 1.67524115949e-05 1.43448793897e-05 1.88590022745e-05 1.79561776975e-05 1.98621406934e-05 2.02633960609e-05 1.88590022745e-05 1.77555500138e-05 1.71536669625e-05 1.45455070734e-05 1.72539808043e-05 1.80564915394e-05 1.43448793897e-05 1.03323257142e-05 1.22382887101e-05 1.45455070734e-05 1.32414271289e-05 1.24389163938e-05 1.60502147017e-05 1.52477039666e-05 1.71536669625e-05 1.67524115949e-05 1.62508423855e-05 1.10345226074e-05 9.42950113726e-06 6.82134124823e-06 5.6175751456e-06 1.12351502912e-05 1.22382887101e-05 1.00313841886e-05 1.13354641331e-05 1.71536669625e-05 1.15360918169e-05
1.99624545353e-05 1.91599438002e-05 2.22696728986e-05 2.07649652703e-05 2.07649652703e-05 2.07649652703e-05 2.02633960609e-05 2.11662206379e-05 1.94608853258e-05 2.1968731373e-05 2.09655929541e-05 1.98621406934e-05 1.45455070734e-05 1.00313841886e-05 1.61505285436e-05 1.8457746907e-05 1.755492233e-05 1.94608853258e-05 1.74546084881e-05 1.65517839111e-05 1.60502147017e-05 1.90596299583e-05 2.05643375866e-05 1.71536669625e-05 1.99624545353e-05 1.77555500138e-05 1.59499008598e-05 1.60502147017e-05 1.26395440776e-05 1.47461347572e-05 1.02320118723e-05 1.21379748682e-05 6.72102740634e-06 1.20376610263e-05 1.00313841886e-05 1.22382887101e-05 1.34420548127e-05 1.60502147017e-05 1.35423686546e-05 1.62508423855e-05 1.54483316504e-05 1.20376610263e-05 4.81506441051e-06 1.00313841886e-05 1.10345226074e-05 1.00313841886e-05 8.72730424406e-06 1.0532953398e-05 1.35423686546e-05 8.22573503463e-06 1.67524115949e-05 1.02320118723e-05
1.71536669625e-05 1.71536669625e-05 2.05643375866e-05 2.05643375866e-05 2.06646514285e-05 2.06646514285e-05 2.07649652703e-05 1.98621406934e-05 2.13668483217e-05 2.04640237447e-05 1.60502147017e-05 1.59499008598e-05 1.52477039666e-05 1.61505285436e-05 1.89593161164e-05 1.85580607489e-05 1.83574330651e-05 1.70533531206e-05 1.89593161164e-05 1.67524115949e-05 1.71536669625e-05 1.89593161164e-05 1.89593161164e-05 2.04640237447e-05 1.83574330651e-05 1.67524115949e-05 1.86583745907e-05 1.24389163938e-05 1.00313841886e-05 8.12542119274e-06 1.07335810818e-05 6.72102740634e-06 1.0532953398e-05 1.12351502912e-05 1.20376610263e-05 1.22382887101e-05 1.22382887101e-05 1.30407994451e-05 1.79561776975e-05 1.80564915394e-05 1.24389163938e-05 1.51473901247e-05 1.04326395561e-05 4.01255367543e-06 9.32918729537e-06 1.45455070734e-05 1.10345226074e-05 1.16364056587e-05 1.10345226074e-05 1.12351502912e-05 1.10345226074e-05 1.12351502912e-05
1.13354641331e-05 7.82447966709e-06 1.41442517059e-05 1.89593161164e-05 2.02633960609e-05 1.77555500138e-05 2.02633960609e-05 1.55486454923e-05 1.54483316504e-05 1.13354641331e-05 1.15360918169e-05 1.3141113287e-05 1.59499008598e-05 2.02633960609e-05 1.92602576421e-05 2.05643375866e-05 1.88590022745e-05 1.83574330651e-05 1.86583745907e-05 1.88590022745e-05 1.77555500138e-05 1.77555500138e-05 2.00627683771e-05 1.86583745907e-05 1.33417409708e-05 1.13354641331e-05 1.93605714839e-05 1.61505285436e-05 1.26395440776e-05 6.82134124823e-06 4.31349520109e-06 6.62071356446e-06 6.82134124823e-06 6.82134124823e-06 8.72730424406e-06 7.021968932e-06 4.9153782524e-06 1.19373471844e-05 1.03323257142e-05 1.24389163938e-05 1.07335810818e-05 6.42008588069e-06 6.52039972257e-06 3.00941525657e-06 1.0532953398e-05 1.06332672399e-05 1.54483316504e-05 8.22573503463e-06 8.72730424406e-06 1.33417409708e-05 9.93107034669e-06 5.6175751456e-06
9.42950113726e-06 7.42322429954e-06 4.11286751731e-06 1.22382887101e-05 6.82134124823e-06 7.12228277389e-06 8.22573503463e-06 6.92165509011e-06 1.24389163938e-05 1.01316980305e-05 1.00313841886e-05 1.18370333425e-05 1.26395440776e-05 1.77555500138e-05 1.59499008598e-05 1.71536669625e-05 1.71536669625e-05 1.86583745907e-05 1.71536669625e-05 1.90596299583e-05 1.56489593342e-05 1.68527254368e-05 1.51473901247e-05 1.26395440776e-05 8.82761808594e-06 1.57492731761e-05 1.80564915394e-05 1.16364056587e-05 5.51726130371e-06 1.50470762829e-06 2.30721836337e-06 2.20690452149e-06 2.70847373091e-06 2.30721836337e-06 2.40753220526e-06 2.70847373091e-06 5.71788898749e-06 1.22382887101e-05 6.92165509011e-06 8.12542119274e-06 6.82134124823e-06 4.11286751731e-06 4.01255367543e-06 1.00313841886e-05 5.51726130371e-06 6.82134124823e-06 1.10345226074e-05 1.20376610263e-05 1.11348364493e-05 6.82134124823e-06 4.31349520109e-06 4.01255367543e-06
7.32291045766e-06 2.40753220526e-06 2.20690452149e-06 4.51412288486e-06 2.70847373091e-06 7.7241658252e-06 1.0532953398e-05 9.22887345349e-06 9.22887345349e-06 1.51473901247e-05 1.15360918169e-05 1.16364056587e-05 1.60502147017e-05 1.54483316504e-05 5.6175751456e-06 8.22573503463e-06 1.12351502912e-05 1.63511562274e-05 1.86583745907e-05 1.60502147017e-05 1.54483316504e-05 1.24389163938e-05 1.20376610263e-05 5.91851667126e-06 8.12542119274e-06 1.00313841886e-05 1.45455070734e-05 1.10345226074e-05 6.21945819691e-06 8.02510735086e-07 3.00941525657e-07 3.00941525657e-07 3.00941525657e-07 4.01255367543e-07 2.40753220526e-06 5.51726130371e-06 1.00313841886e-05 1.22382887101e-05 6.52039972257e-06 3.81192599166e-06 2.00627683771e-06 3.00941525657e-06 6.42008588069e-06 4.81506441051e-06 1.10345226074e-06 2.70847373091e-06 5.31663361994e-06 8.72730424406e-06 8.52667656029e-06 9.93107034669e-06 1.01316980305e-05 3.00941525657e-06
4.31349520109e-06 4.81506441051e-06 8.02510735086e-07 5.01569209429e-07 2.00627683771e-06 4.31349520109e-06 1.34420548127e-05 1.4946762441e-05 1.45455070734e-05 1.52477039666e-05 1.62508423855e-05 1.54483316504e-05 1.755492233e-05 1.36426824965e-05 9.42950113726e-06 1.24389163938e-05 1.59499008598e-05 1.755492233e-05 1.62508423855e-05 1.47461347572e-05 1.16364056587e-05 1.01316980305e-05 4.51412288486e-06 1.19373471844e-05 1.10345226074e-05 1.35423686546e-05 1.0532953398e-05 1.13354641331e-05 6.42008588069e-06 2.20690452149e-06 3.00941525657e-07 0.0 0.0 7.021968932e-07 2.00627683771e-06 2.60815988903e-06 2.70847373091e-06 1.08338949237e-05 6.82134124823e-06 7.021968932e-07 2.30721836337e-06 4.81506441051e-06 1.90596299583e-06 1.10345226074e-06 1.30407994451e-06 4.01255367543e-07 7.021968932e-07 2.90910141469e-06 5.51726130371e-06 8.72730424406e-06 6.62071356446e-06 8.72730424406e-06
8.72730424406e-06 5.51726130371e-06 2.20690452149e-06 3.00941525657e-07 7.021968932e-07 4.81506441051e-06 4.9153782524e-06 6.21945819691e-06 1.00313841886e-05 1.45455070734e-05 1.13354641331e-05 1.35423686546e-05 1.68527254368e-05 1.01316980305e-05 9.93107034669e-06 6.52039972257e-06 1.10345226074e-05 1.54483316504e-05 1.43448793897e-05 1.4946762441e-05 8.72730424406e-06 4.31349520109e-06 4.31349520109e-06 9.32918729537e-06 4.9153782524e-06 1.16364056587e-05 5.51726130371e-06 4.51412288486e-06 6.42008588069e-06 3.71161214977e-06 7.021968932e-07 0.0 0.0 0.0 3.00941525657e-07 8.02510735086e-07 4.31349520109e-06 1.35423686546e-05 2.60815988903e-06 1.4043937864e-06 8.02510735086e-07 2.00627683771e-06 2.20690452149e-06 1.4043937864e-06 3.00941525657e-07 1.4043937864e-06 1.90596299583e-06 2.40753220526e-06 6.62071356446e-06 2.20690452149e-06 8.12542119274e-06 6.82134124823e-06
7.32291045766e-06 6.42008588069e-06 1.90596299583e-06 5.01569209429e-07 4.01255367543e-07 8.02510735086e-07 1.30407994451e-06 1.70533531206e-06 7.92479350897e-06 1.22382887101e-05 9.42950113726e-06 7.7241658252e-06 1.33417409708e-05 1.58495870179e-05 5.91851667126e-06 1.15360918169e-05 1.43448793897e-05 1.76552361719e-05 1.0532953398e-05 1.21379748682e-05 6.82134124823e-06 4.2131813592e-06 4.01255367543e-06 8.4263627184e-06 4.2131813592e-06 6.82134124823e-06 1.12351502912e-05 1.07335810818e-05 2.70847373091e-06 1.00313841886e-06 2.00627683771e-07 0.0 3.00941525657e-07 9.02824576971e-07 2.30721836337e-06 4.2131813592e-06 5.6175751456e-06 8.72730424406e-06 6.82134124823e-06 1.30407994451e-06 3.00941525657e-07 3.00941525657e-07 1.30407994451e-06 3.00941525657e-07 7.021968932e-07 1.60502147017e-06 2.70847373091e-06 5.41694746183e-06 2.70847373091e-06 5.01569209429e-06 5.71788898749e-06 3.41067062411e-06
2.00627683771e-06 1.4043937864e-06 2.70847373091e-06 2.60815988903e-06 9.02824576971e-07 6.01883051314e-07 3.00941525657e-07 2.70847373091e-06 6.52039972257e-06 7.32291045766e-06 4.9153782524e-06 3.00941525657e-06 8.12542119274e-06 8.62699040217e-06 4.01255367543e-06 6.82134124823e-06 1.54483316504e-05 1.13354641331e-05 1.45455070734e-05 6.21945819691e-06 5.91851667126e-06 2.70847373091e-06 4.51412288486e-06 5.31663361994e-06 2.30721836337e-06 4.11286751731e-06 4.81506441051e-06 6.82134124823e-06 2.70847373091e-06 1.4043937864e-06 1.50470762829e-06 2.00627683771e-07 0.0 3.00941525657e-07 3.00941525657e-07 1.30407994451e-06 4.31349520109e-06 2.60815988903e-06 9.42950113726e-06 3.00941525657e-06 4.01255367543e-07 0.0 2.00627683771e-07 0.0 2.00627683771e-07 8.02510735086e-07 3.71161214977e-06 2.40753220526e-06 9.02824576971e-07 4.41380904297e-06 3.10972909846e-06 2.60815988903e-06
1.10345226074e-06 2.70847373091e-06 3.00941525657e-06 2.30721836337e-06 4.51412288486e-06 1.70533531206e-06 8.02510735086e-07 1.30407994451e-06 3.00941525657e-06 2.00627683771e-06 1.30407994451e-06 3.31035678223e-06 1.06332672399e-05 4.31349520109e-06 2.00627683771e-06 1.10345226074e-05 1.26395440776e-05 1.50470762829e-05 5.6175751456e-06 4.9153782524e-06 1.90596299583e-06 1.30407994451e-06 2.30721836337e-06 3.71161214977e-06 1.20376610263e-06 3.00941525657e-06 1.10345226074e-06 4.11286751731e-06 5.01569209429e-06 2.90910141469e-06 1.30407994451e-06 0.0 0.0 0.0 0.0 3.00941525657e-07 3.510984466e-06 5.01569209429e-07 5.51726130371e-06 1.4043937864e-06 3.00941525657e-07 0.0 0.0 1.00313841886e-07 7.021968932e-07 2.40753220526e-06 4.81506441051e-06 2.30721836337e-06 1.10345226074e-06 8.02510735086e-07 2.70847373091e-06 2.30721836337e-06
8.02510735086e-07 2.00627683771e-06 2.60815988903e-06 5.51726130371e-06 4.51412288486e-06 3.71161214977e-06 1.90596299583e-06 6.01883051314e-07 6.01883051314e-07 3.00941525657e-07 1.00313841886e-06 4.31349520109e-06 8.72730424406e-06 1.60502147017e-06 4.81506441051e-06 1.10345226074e-05 5.6175751456e-06 5.51726130371e-06 1.07335810818e-05 5.21631977806e-06 2.00627683771e-06 8.02510735086e-07 1.20376610263e-06 1.70533531206e-06 1.20376610263e-06 8.02510735086e-07 9.02824576971e-07 9.02824576971e-07 3.81192599166e-06 9.02824576971e-07 3.00941525657e-07 0.0 0.0 0.0 0.0 5.01569209429e-07 1.20376610263e-06 3.00941525657e-07 1.90596299583e-06 2.70847373091e-06 4.01255367543e-07 0.0 0.0 5.01569209429e-07 1.50470762829e-06 1.4043937864e-06 1.90596299583e-06 6.01883051314e-07 0.0 8.02510735086e-07 1.30407994451e-06 8.02510735086e-07
0.0 3.00941525657e-07 2.20690452149e-06 6.62071356446e-06 1.90596299583e-06 1.90596299583e-06 1.4043937864e-06 3.71161214977e-06 2.40753220526e-06 1.80564915394e-06 5.01569209429e-07 9.02824576971e-07 2.40753220526e-06 2.20690452149e-06 6.42008588069e-06 4.9153782524e-06 1.50470762829e-06 2.70847373091e-06 5.6175751456e-06 1.02320118723e-05 2.40753220526e-06 1.70533531206e-06 5.01569209429e-07 9.02824576971e-07 9.02824576971e-07 3.00941525657e-07 3.00941525657e-07 8.02510735086e-07 2.70847373091e-06 1.10345226074e-06 3.00941525657e-07 0.0 0.0 0.0 3.00941525657e-07 5.01569209429e-07 8.02510735086e-07 9.02824576971e-07 2.70847373091e-06 1.90596299583e-06 5.01569209429e-07 0.0 3.00941525657e-07 7.021968932e-07 3.00941525657e-07 8.02510735086e-07 1.60502147017e-06 2.00627683771e-07 0.0 0.0 3.00941525657e-07 7.021968932e-07
7.021968932e-07 4.51412288486e-06 1.32414271289e-05 4.01255367543e-07 0.0 7.021968932e-07 2.30721836337e-06 4.9153782524e-06 2.90910141469e-06 2.20690452149e-06 1.90596299583e-06 9.02824576971e-07 3.00941525657e-07 9.02824576971e-07 1.30407994451e-06 6.01883051314e-07 3.00941525657e-07 4.01255367543e-07 2.00627683771e-06 6.62071356446e-06 6.42008588069e-06 2.70847373091e-06 9.02824576971e-07 3.00941525657e-07 0.0 3.00941525657e-07 0.0 4.01255367543e-07 1.30407994451e-06 1.20376610263e-06 0.0 0.0 0.0 0.0 0.0 8.02510735086e-07 0.0 3.00941525657e-07 7.021968932e-07 2.40753220526e-06 0.0 0.0 3.00941525657e-07 0.0 3.00941525657e-07 1.30407994451e-06 3.00941525657e-07 3.00941525657e-07 0.0 0.0 0.0 0.0
2.30721836337e-06 1.16364056587e-05 1.33417409708e-05 2.40753220526e-06 1.30407994451e-06 2.40753220526e-06 1.4043937864e-06 4.9153782524e-06 5.51726130371e-06 3.81192599166e-06 3.21004294034e-06 1.30407994451e-06 3.00941525657e-07 3.00941525657e-07 3.00941525657e-07 0.0 5.01569209429e-07 1.80564915394e-06 1.50470762829e-06 2.30721836337e-06 4.51412288486e-06 4.31349520109e-06 3.00941525657e-06 9.02824576971e-07 3.00941525657e-07 0.0 0.0 3.00941525657e-07 5.01569209429e-07 3.00941525657e-07 3.00941525657e-07 0.0 0.0 0.0 2.00627683771e-07 2.00627683771e-07 0.0 0.0 6.01883051314e-07 1.50470762829e-06 0.0 0.0 0.0 0.0 0.0 8.02510735086e-07 4.01255367543e-07 3.00941525657e-07 0.0 0.0 0.0 0.0
8.12542119274e-06 1.26395440776e-05 1.61505285436e-05 9.73044266291e-06 6.42008588069e-06 1.15360918169e-05 2.90910141469e-06 2.30721836337e-06 7.021968932e-06 5.81820282937e-06 2.70847373091e-06 5.01569209429e-07 3.00941525657e-07 3.00941525657e-07 3.00941525657e-07 0.0 0.0 3.00941525657e-07 7.021968932e-07 1.20376610263e-06 1.70533531206e-06 1.30407994451e-06 8.02510735086e-07 1.10345226074e-06 5.01569209429e-07 0.0 0.0 3.00941525657e-07 0.0 0.0 0.0 0.0 0.0 0.0 0.0 0.0 0.0 0.0 3.00941525657e-07 7.021968932e-07 2.00627683771e-07 0.0 0.0 0.0 0.0 0.0 3.00941525657e-07 0.0 0.0 0.0 0.0 0.0
1.71536669625e-05 1.8457746907e-05 1.63511562274e-05 1.45455070734e-05 1.8457746907e-05 5.51726130371e-06 4.11286751731e-06 3.00941525657e-06 7.82447966709e-06 2.40753220526e-06 5.01569209429e-07 2.00627683771e-07 8.02510735086e-07 0.0 0.0 0.0 0.0 0.0 0.0 0.0 5.01569209429e-07 3.00941525657e-07 3.00941525657e-07 3.00941525657e-07 0.0 0.0 0.0 0.0 0.0 0.0 0.0 0.0 0.0 0.0 0.0 0.0 0.0 0.0 0.0 2.00627683771e-07 0.0 0.0 0.0 0.0 0.0 0.0 0.0 0.0 0.0 0.0 0.0 0.0
1.73542946462e-05 1.22382887101e-05 1.04326395561e-05 7.92479350897e-06 1.15360918169e-05 1.00313841886e-05 1.04326395561e-05 1.07335810818e-05 4.9153782524e-06 2.20690452149e-06 3.00941525657e-07 1.20376610263e-06 7.021968932e-07 3.00941525657e-07 0.0 0.0 0.0 0.0 0.0 0.0 0.0 3.00941525657e-07 2.00627683771e-07 0.0 0.0 0.0 0.0 0.0 0.0 0.0 0.0 0.0 0.0 0.0 0.0 0.0 0.0 0.0 0.0 0.0 0.0 0.0 0.0 0.0 0.0 0.0 0.0 0.0 0.0 0.0 0.0 3.00941525657e-07
8.12542119274e-06 6.72102740634e-06 2.20690452149e-06 6.72102740634e-06 2.90910141469e-06 2.70847373091e-06 5.51726130371e-06 1.01316980305e-05 4.31349520109e-06 1.50470762829e-06 6.01883051314e-07 2.00627683771e-06 6.01883051314e-07 4.01255367543e-07 0.0 0.0 3.00941525657e-07 0.0 0.0 3.00941525657e-07 3.00941525657e-07 6.01883051314e-07 3.00941525657e-07 0.0 0.0 0.0 0.0 0.0 0.0 0.0 0.0 0.0 0.0 0.0 0.0 0.0 0.0 0.0 0.0 0.0 0.0 0.0 0.0 0.0 0.0 0.0 0.0 0.0 0.0 0.0 0.0 3.00941525657e-07
3.31035678223e-06 1.10345226074e-06 2.00627683771e-06 3.10972909846e-06 3.10972909846e-06 9.02824576971e-07 3.10972909846e-06 5.91851667126e-06 9.02824576971e-07 7.021968932e-07 1.30407994451e-06 1.30407994451e-06 3.00941525657e-07 0.0 0.0 0.0 3.00941525657e-07 3.00941525657e-07 0.0 3.00941525657e-07 1.10345226074e-06 4.01255367543e-07 3.00941525657e-07 0.0 0.0 0.0 0.0 0.0 0.0 0.0 0.0 0.0 0.0 0.0 0.0 0.0 0.0 0.0 0.0 0.0 0.0 0.0 0.0 0.0 0.0 0.0 0.0 0.0 0.0 0.0 0.0 0.0
