Example/niche_background/models/ENFA/normalized_grids/Anolis_chlorocyanus_1.asc
ncols        743
nrows        319
xllcorner    -74.500956448335
yllcorner    17.448920549066
cellsize     0.008333333333
NODATA_value  -9999
[rows 115 to 137 of 318, columns 416 to 467 of 743]
0.0 5.01569209429e-07 1.30407994451e-06 1.00313841886e-06 3.00941525657e-07 0.0 0.0 0.0 0.0 3.00941525657e-07 5.01569209429e-07 3.00941525657e-07 3.00941525657e-07 1.20376610263e-06 1.90596299583e-06 1.30407994451e-06 8.02510735086e-07 9.02824576971e-07 2.40753220526e-06 1.30407994451e-06 8.02510735086e-07 3.00941525657e-07 3.00941525657e-07 6.01883051314e-07 5.01569209429e-07 3.00941525657e-07 8.02510735086e-07 1.70533531206e-06 2.70847373091e-06 4.31349520109e-06 5.31663361994e-06 5.71788898749e-06 5.51726130371e-06 6.62071356446e-06 6.82134124823e-06 6.82134124823e-06 6.82134124823e-06 5.51726130371e-06 8.12542119274e-06 9.73044266291e-06 1.07335810818e-05 1.20376610263e-05 1.06332672399e-05 8.4263627184e-06 7.52353814143e-06 1.12351502912e-05 1.45455070734e-05 1.43448793897e-05 1.25392302357e-05 1.22382887101e-05 1.30407994451e-05 1.22382887101e-05
5.01569209429e-07 1.30407994451e-06 1.30407994451e-06 3.00941525657e-07 0.0 0.0 0.0 0.0 0.0 2.00627683771e-07 3.00941525657e-07 3.00941525657e-07 9.02824576971e-07 7.021968932e-07 3.00941525657e-07 3.00941525657e-07 3.00941525657e-07 9.02824576971e-07 2.30721836337e-06 1.70533531206e-06 1.4043937864e-06 4.01255367543e-07 0.0 3.00941525657e-07 6.01883051314e-07 1.30407994451e-06 1.4043937864e-06 1.30407994451e-06 3.21004294034e-06 3.00941525657e-06 5.51726130371e-06 5.51726130371e-06 6.21945819691e-06 6.82134124823e-06 6.52039972257e-06 6.82134124823e-06 6.52039972257e-06 8.02510735086e-06 9.42950113726e-06 8.22573503463e-06 1.03323257142e-05 1.13354641331e-05 1.10345226074e-05 9.63012882103e-06 6.42008588069e-06 1.15360918169e-05 1.45455070734e-05 1.38433101802e-05 1.43448793897e-05 1.32414271289e-05 1.20376610263e-05 1.25392302357e-05
1.4043937864e-06 1.70533531206e-06 3.00941525657e-07 0.0 0.0 0.0 0.0 0.0 0.0 0.0 0.0 0.0 3.00941525657e-07 3.00941525657e-07 0.0 0.0 3.00941525657e-07 9.02824576971e-07 1.00313841886e-06 1.30407994451e-06 9.02824576971e-07 8.02510735086e-07 3.00941525657e-07 0.0 3.00941525657e-07 3.00941525657e-07 7.021968932e-07 5.01569209429e-07 8.02510735086e-07 1.90596299583e-06 2.90910141469e-06 3.81192599166e-06 4.9153782524e-06 5.51726130371e-06 5.71788898749e-06 5.6175751456e-06 6.62071356446e-06 8.22573503463e-06 8.22573503463e-06 8.22573503463e-06 9.42950113726e-06 1.12351502912e-05 1.10345226074e-05 8.22573503463e-06 6.62071356446e-06 1.1435777975e-05 1.43448793897e-05 1.32414271289e-05 1.38433101802e-05 1.22382887101e-05 1.29404856033e-05 1.22382887101e-05
7.021968932e-07 3.00941525657e-07 5.01569209429e-07 9.02824576971e-07 3.00941525657e-07 0.0 0.0 0.0 0.0 0.0 0.0 0.0 0.0 0.0 0.0 0.0 4.01255367543e-07 7.021968932e-07 3.00941525657e-07 3.00941525657e-07 9.02824576971e-07 5.01569209429e-07 3.00941525657e-07 0.0 0.0 3.00941525657e-07 3.00941525657e-07 3.00941525657e-07 8.02510735086e-07 1.30407994451e-06 8.02510735086e-07 1.70533531206e-06 2.40753220526e-06 4.01255367543e-06 5.01569209429e-06 5.21631977806e-06 6.82134124823e-06 5.6175751456e-06 6.82134124823e-06 1.00313841886e-05 1.0532953398e-05 1.00313841886e-05 1.00313841886e-05 9.42950113726e-06 1.00313841886e-05 1.21379748682e-05 1.35423686546e-05 1.20376610263e-05 1.16364056587e-05 1.23386025519e-05 1.35423686546e-05 1.30407994451e-05
7.021968932e-07 0.0 3.00941525657e-07 4.01255367543e-07 3.00941525657e-07 1.00313841886e-07 0.0 0.0 0.0 0.0 0.0 0.0 0.0 0.0 3.00941525657e-07 3.00941525657e-07 0.0 0.0 0.0 0.0 3.00941525657e-07 2.00627683771e-07 3.00941525657e-07 0.0 0.0 0.0 0.0 3.00941525657e-07 3.00941525657e-07 5.01569209429e-07 3.00941525657e-07 5.01569209429e-07 1.70533531206e-06 2.70847373091e-06 4.11286751731e-06 4.01255367543e-06 4.51412288486e-06 5.51726130371e-06 6.82134124823e-06 8.4263627184e-06 9.22887345349e-06 6.82134124823e-06 8.82761808594e-06 6.72102740634e-06 1.03323257142e-05 1.16364056587e-05 1.30407994451e-05 1.22382887101e-05 1.20376610263e-05 1.24389163938e-05 1.24389163938e-05 1.17367195006e-05
3.00941525657e-07 0.0 0.0 0.0 4.01255367543e-07 0.0 0.0 0.0 0.0 0.0 0.0 0.0 0.0 0.0 0.0 0.0 0.0 0.0 0.0 0.0 0.0 0.0 0.0 2.00627683771e-07 3.00941525657e-07 3.00941525657e-07 3.00941525657e-07 3.00941525657e-07 6.01883051314e-07 3.00941525657e-07 4.01255367543e-07 5.01569209429e-07 8.02510735086e-07 1.90596299583e-06 1.50470762829e-06 1.30407994451e-06 4.31349520109e-06 4.31349520109e-06 5.51726130371e-06 4.51412288486e-06 4.31349520109e-06 6.42008588069e-06 8.72730424406e-06 1.01316980305e-05 1.13354641331e-05 1.23386025519e-05 1.26395440776e-05 1.22382887101e-05 1.16364056587e-05 1.12351502912e-05 1.13354641331e-05 1.12351502912e-05
0.0 0.0 0.0 0.0 0.0 0.0 0.0 0.0 0.0 0.0 0.0 0.0 0.0 0.0 0.0 0.0 0.0 0.0 0.0 0.0 0.0 0.0 0.0 0.0 3.00941525657e-07 8.02510735086e-07 1.20376610263e-06 1.30407994451e-06 1.30407994451e-06 1.4043937864e-06 1.4043937864e-06 1.4043937864e-06 2.30721836337e-06 1.4043937864e-06 8.02510735086e-07 1.4043937864e-06 1.90596299583e-06 1.70533531206e-06 3.00941525657e-06 3.00941525657e-06 4.9153782524e-06 8.22573503463e-06 9.22887345349e-06 1.12351502912e-05 1.23386025519e-05 1.10345226074e-05 1.03323257142e-05 1.04326395561e-05 1.03323257142e-05 8.32604887651e-06 5.51726130371e-06 3.21004294034e-06
2.00627683771e-07 0.0 0.0 0.0 0.0 0.0 0.0 0.0 0.0 0.0 0.0 0.0 0.0 0.0 0.0 0.0 0.0 0.0 0.0 0.0 3.00941525657e-07 3.00941525657e-07 2.00627683771e-07 6.01883051314e-07 3.00941525657e-07 5.01569209429e-07 1.30407994451e-06 2.00627683771e-06 2.30721836337e-06 1.90596299583e-06 2.70847373091e-06 4.31349520109e-06 5.01569209429e-06 4.11286751731e-06 5.51726130371e-06 2.30721836337e-06 2.60815988903e-06 2.30721836337e-06 4.9153782524e-06 8.4263627184e-06 1.0532953398e-05 1.01316980305e-05 1.13354641331e-05 8.72730424406e-06 7.12228277389e-06 5.31663361994e-06 3.71161214977e-06 2.70847373091e-06 2.30721836337e-06 4.61443672674e-06 6.52039972257e-06 9.02824576971e-07
0.0 0.0 0.0 0.0 0.0 0.0 0.0 0.0 0.0 0.0 0.0 0.0 0.0 0.0 0.0 3.00941525657e-07 4.01255367543e-07 0.0 3.00941525657e-07 3.00941525657e-07 3.00941525657e-07 3.00941525657e-07 8.02510735086e-07 2.40753220526e-06 2.70847373091e-06 1.4043937864e-06 2.40753220526e-06 2.40753220526e-06 2.40753220526e-06 5.01569209429e-06 3.10972909846e-06 4.01255367543e-06 3.10972909846e-06 4.11286751731e-06 3.510984466e-06 6.82134124823e-06 7.021968932e-06 1.00313841886e-05 1.00313841886e-05 9.8307565048e-06 5.51726130371e-06 5.51726130371e-06 4.51412288486e-06 3.81192599166e-06 2.20690452149e-06 9.02824576971e-07 3.00941525657e-07 6.01883051314e-07 3.21004294034e-06 5.51726130371e-06 1.90596299583e-06 1.90596299583e-06
0.0 0.0 0.0 0.0 0.0 0.0 0.0 0.0 0.0 0.0 0.0 0.0 0.0 0.0 0.0 0.0 2.00627683771e-07 3.00941525657e-07 9.02824576971e-07 9.02824576971e-07 1.20376610263e-06 1.30407994451e-06 1.4043937864e-06 1.70533531206e-06 5.01569209429e-07 1.70533531206e-06 3.10972909846e-06 3.91223983354e-06 4.31349520109e-06 4.31349520109e-06 2.40753220526e-06 2.60815988903e-06 2.90910141469e-06 3.31035678223e-06 2.40753220526e-06 1.50470762829e-06 2.70847373091e-06 1.30407994451e-06 1.90596299583e-06 5.31663361994e-06 8.02510735086e-07 2.70847373091e-06 4.31349520109e-06 1.4043937864e-06 0.0 3.00941525657e-07 5.01569209429e-07 9.02824576971e-07 2.00627683771e-06 2.40753220526e-06 1.30407994451e-06 1.30407994451e-06
0.0 0.0 0.0 0.0 0.0 0.0 0.0 0.0 0.0 0.0 0.0 0.0 0.0 0.0 0.0 0.0 0.0 0.0 3.00941525657e-07 5.01569209429e-07 1.30407994451e-06 8.02510735086e-07 7.021968932e-07 1.30407994451e-06 3.00941525657e-07 5.01569209429e-07 1.30407994451e-06 2.70847373091e-06 3.71161214977e-06 2.40753220526e-06 1.10345226074e-06 1.20376610263e-06 1.00313841886e-06 2.70847373091e-06 2.30721836337e-06 1.10345226074e-06 5.01569209429e-07 5.01569209429e-07 2.30721836337e-06 2.70847373091e-06 1.90596299583e-06 1.90596299583e-06 2.60815988903e-06 1.4043937864e-06 3.00941525657e-07 9.02824576971e-07 1.20376610263e-06 1.30407994451e-06 1.90596299583e-06 2.30721836337e-06 2.00627683771e-06 1.20376610263e-06
0.0 0.0 0.0 0.0 0.0 0.0 0.0 0.0 0.0 0.0 0.0 0.0 0.0 0.0 0.0 0.0 3.00941525657e-07 5.01569209429e-07 3.00941525657e-07 5.01569209429e-07 5.01569209429e-07 3.00941525657e-07 3.00941525657e-07 3.00941525657e-07 9.02824576971e-07 2.00627683771e-07 6.01883051314e-07 1.50470762829e-06 2.70847373091e-06 2.30721836337e-06 5.01569209429e-07 3.00941525657e-07 8.02510735086e-07 8.02510735086e-07 1.30407994451e-06 1.70533531206e-06 8.02510735086e-07 6.01883051314e-07 1.30407994451e-06 1.4043937864e-06 5.01569209429e-07 4.01255367543e-07 1.10345226074e-06 5.01569209429e-07 5.01569209429e-07 6.01883051314e-07 9.02824576971e-07 8.02510735086e-07 1.30407994451e-06 2.30721836337e-06 1.30407994451e-06 8.02510735086e-07
0.0 0.0 0.0 0.0 0.0 0.0 0.0 0.0 -9999 0.0 0.0 0.0 0.0 0.0 0.0 0.0 0.0 2.00627683771e-07 0.0 3.00941525657e-07 5.01569209429e-07 2.00627683771e-07 2.00627683771e-07 2.00627683771e-07 3.00941525657e-07 3.00941525657e-07 3.00941525657e-07 7.021968932e-07 7.021968932e-07 1.90596299583e-06 1.4043937864e-06 7.021968932e-07 3.00941525657e-07 3.00941525657e-07 5.01569209429e-07 1.30407994451e-06 1.30407994451e-06 3.00941525657e-07 6.01883051314e-07 9.02824576971e-07 4.01255367543e-07 0.0 3.00941525657e-07 0.0 3.00941525657e-07 3.00941525657e-07 4.01255367543e-07 5.01569209429e-07 8.02510735086e-07 1.20376610263e-06 1.20376610263e-06 1.10345226074e-06
0.0 0.0 0.0 0.0 0.0 0.0 0.0 0.0 0.0 0.0 0.0 0.0 0.0 0.0 0.0 0.0 0.0 0.0 0.0 0.0 0.0 3.00941525657e-07 0.0 0.0 0.0 3.00941525657e-07 2.00627683771e-07 5.01569209429e-07 9.02824576971e-07 9.02824576971e-07 1.50470762829e-06 7.021968932e-07 0.0 0.0 2.00627683771e-07 3.00941525657e-07 5.01569209429e-07 1.00313841886e-06 3.00941525657e-07 3.00941525657e-07 0.0 0.0 0.0 0.0 0.0 5.01569209429e-07 4.01255367543e-07 4.01255367543e-07 8.02510735086e-07 8.02510735086e-07 1.10345226074e-06 1.30407994451e-06
0.0 0.0 -9999 -9999 -9999 0.0 0.0 0.0 0.0 0.0 0.0 0.0 0.0 0.0 0.0 0.0 0.0 0.0 0.0 0.0 0.0 0.0 0.0 0.0 0.0 0.0 0.0 3.00941525657e-07 8.02510735086e-07 8.02510735086e-07 4.01255367543e-07 8.02510735086e-07 4.01255367543e-07 0.0 3.00941525657e-07 3.00941525657e-07 3.00941525657e-07 3.00941525657e-07 3.00941525657e-07 3.00941525657e-07 0.0 0.0 3.00941525657e-07 3.00941525657e-07 0.0 3.00941525657e-07 5.01569209429e-07 6.01883051314e-07 7.021968932e-07 8.02510735086e-07 1.20376610263e-06 9.02824576971e-07
0.0 0.0 0.0 0.0 -9999 0.0 0.0 0.0 0.0 0.0 0.0 0.0 0.0 0.0 0.0 0.0 0.0 0.0 0.0 0.0 0.0 0.0 0.0 0.0 0.0 0.0 0.0 0.0 3.00941525657e-07 8.02510735086e-07 3.00941525657e-07 0.0 3.00941525657e-07 0.0 3.00941525657e-07 0.0 3.00941525657e-07 3.00941525657e-07 3.00941525657e-07 0.0 0.0 0.0 0.0 3.00941525657e-07 5.01569209429e-07 4.01255367543e-07 3.00941525657e-07 5.01569209429e-07 5.01569209429e-07 6.01883051314e-07 1.30407994451e-06 1.00313841886e-06
0.0 0.0 0.0 0.0 0.0 0.0 0.0 0.0 0.0 0.0 0.0 0.0 0.0 0.0 0.0 0.0 0.0 0.0 0.0 0.0 0.0 0.0 0.0 0.0 0.0 0.0 0.0 0.0 2.00627683771e-07 0.0 0.0 0.0 0.0 3.00941525657e-07 0.0 0.0 0.0 0.0 0.0 0.0 0.0 0.0 3.00941525657e-07 4.01255367543e-07 3.00941525657e-07 4.01255367543e-07 5.01569209429e-07 8.02510735086e-07 8.02510735086e-07 8.02510735086e-07 8.02510735086e-07 1.00313841886e-06
0.0 0.0 0.0 0.0 0.0 0.0 0.0 0.0 0.0 0.0 0.0 0.0 0.0 0.0 0.0 0.0 0.0 0.0 0.0 0.0 0.0 0.0 0.0 0.0 0.0 0.0 0.0 0.0 0.0 0.0 0.0 0.0 0.0 0.0 0.0 0.0 0.0 0.0 0.0 0.0 0.0 3.00941525657e-07 3.00941525657e-07 0.0 0.0 3.00941525657e-07 3.00941525657e-07 5.01569209429e-07 3.00941525657e-07 6.01883051314e-07 5.01569209429e-07 8.02510735086e-07
0.0 0.0 0.0 0.0 0.0 0.0 0.0 0.0 0.0 0.0 0.0 0.0 0.0 0.0 0.0 0.0 0.0 0.0 0.0 0.0 0.0 0.0 0.0 0.0 0.0 0.0 0.0 0.0 0.0 0.0 0.0 0.0 0.0 0.0 0.0 0.0 0.0 0.0 0.0 0.0 0.0 0.0 0.0 0.0 0.0 2.00627683771e-07 3.00941525657e-07 6.01883051314e-07 7.021968932e-07 9.02824576971e-07 9.02824576971e-07 9.02824576971e-07
0.0 0.0 0.0 0.0 0.0 0.0 0.0 0.0 0.0 0.0 0.0 0.0 0.0 0.0 0.0 0.0 0.0 0.0 0.0 0.0 0.0 0.0 0.0 0.0 0.0 0.0 0.0 0.0 0.0 0.0 0.0 0.0 0.0 0.0 0.0 0.0 0.0 0.0 0.0 0.0 0.0 0.0 0.0 2.00627683771e-07 3.00941525657e-07 6.01883051314e-07 3.00941525657e-07 1.00313841886e-06 9.02824576971e-07 1.00313841886e-06 1.30407994451e-06 1.30407994451e-06
0.0 0.0 0.0 0.0 0.0 0.0 0.0 0.0 0.0 0.0 0.0 0.0 0.0 0.0 0.0 0.0 0.0 0.0 0.0 0.0 0.0 0.0 0.0 0.0 0.0 0.0 0.0 0.0 0.0 0.0 0.0 0.0 0.0 0.0 0.0 0.0 0.0 0.0 0.0 3.00941525657e-07 3.00941525657e-07 0.0 0.0 3.00941525657e-07 4.01255367543e-07 5.01569209429e-07 7.021968932e-07 6.01883051314e-07 8.02510735086e-07 1.10345226074e-06 1.20376610263e-06 9.02824576971e-07
0.0 3.00941525657e-07 2.00627683771e-07 0.0 0.0 0.0 0.0 3.00941525657e-07 3.00941525657e-07 3.00941525657e-07 0.0 0.0 0.0 0.0 0.0 0.0 0.0 0.0 0.0 0.0 0.0 0.0 3.00941525657e-07 0.0 0.0 0.0 0.0 0.0 0.0 0.0 0.0 0.0 0.0 0.0 0.0 0.0 0.0 0.0 2.00627683771e-07 0.0 3.00941525657e-07 0.0 0.0 3.00941525657e-07 4.01255367543e-07 6.01883051314e-07 5.01569209429e-07 8.02510735086e-07 7.021968932e-07 1.00313841886e-06 9.02824576971e-07 8.02510735086e-07
9.02824576971e-07 3.00941525657e-07 5.01569209429e-07 0.0 0.0 0.0 0.0 0.0 3.00941525657e-07 0.0 0.0 0.0 0.0 0.0 0.0 0.0 0.0 0.0 0.0 0.0 0.0 0.0 3.00941525657e-07 0.0 0.0 3.00941525657e-07 0.0 0.0 0.0 0.0 0.0 0.0 0.0 0.0 0.0 0.0 0.0 0.0 0.0 3.00941525657e-07 4.01255367543e-07 3.00941525657e-07 3.00941525657e-07 3.00941525657e-07 5.01569209429e-07 6.01883051314e-07 5.01569209429e-07 6.01883051314e-07 6.01883051314e-07 8.02510735086e-07 6.01883051314e-07 9.02824576971e-07
