Example/niche_identity/models/ENFA/Anolis_coelestinus_0.asc
ncols        743
nrows        319
xllcorner    -74.500956448335
yllcorner    17.448920549066
cellsize     0.008333333333
NODATA_value  -9999
[rows 100 to 119 of 319, columns 230 to 275 of 743]
0.39759036144578313587 0.31325301204819278045 0.28915662650602408368 0.27108433734939757498 0.33132530120481928915 0.36144578313253011848 0.46987951807228917067 0.47590361445783130323 0.5180722891566265087 0.54819277108433739354 0.5 0.5180722891566265087 0.3915662650602409478 0.39759036144578313587 0.36144578313253011848 0.56626506024096390224 0.4638554216867469826 0.51204819277108437614 0.31325301204819278045 0.54216867469879514996 0.5180722891566265087 0.51204819277108437614 0.4819277108433734913 0.47590361445783130323 0.5 0.56626506024096390224 0.60240963855421691964 0.5361445783132530174 0.69277108433734935211 0.5722891566265060348 0.52409638554216864126 0.66867469879518071085 0.80120481927710840431 0.8734939759036144391 0.80120481927710840431 0.80120481927710840431 0.84337349397590366529 0.78313253012048189561 0.8734939759036144391 0.8915662650602409478 0.91566265060240958906 0.92168674698795183264 0.91566265060240958906 0.8915662650602409478 0.9096385542168674565 0.8915662650602409478
0.32530120481927710108 0.32530120481927710108 0.27108433734939757498 0.30722891566265059238 0.33132530120481928915 0.33132530120481928915 0.40361445783132532394 0.3734939759036144391 0.25903614457831325435 0.51204819277108437614 0.49397590361445781193 0.32530120481927710108 0.51204819277108437614 0.5542168674698795261 0.57831325301204816736 0.4638554216867469826 0.4638554216867469826 0.45783132530120479453 0.50602409638554213256 0.48795180722891567937 0.56024096385542165866 0.5 0.5722891566265060348 0.45783132530120479453 0.56024096385542165866 0.5 0.69277108433734935211 0.56024096385542165866 0.64457831325301206959 0.5903614457831325435 0.6084337349397590522 0.56626506024096390224 0.72891566265060236951 0.71084337349397586081 0.84939759036144579785 0.8915662650602409478 0.88554216867469881524 0.89759036144578308036 0.9096385542168674565 0.9096385542168674565 0.9096385542168674565 0.89759036144578308036 0.9096385542168674565 0.89759036144578308036 0.86746987951807230655 0.84337349397590366529
0.34337349397590360978 0.32530120481927710108 0.34939759036144579785 0.30120481927710845982 0.45783132530120479453 0.45783132530120479453 0.36144578313253011848 0.25903614457831325435 0.30120481927710845982 0.31325301204819278045 0.31325301204819278045 0.30120481927710845982 0.4638554216867469826 0.5361445783132530174 0.40361445783132532394 0.4638554216867469826 0.38554216867469881524 0.38554216867469881524 0.4638554216867469826 0.45180722891566266197 0.4819277108433734913 0.62048192771084342834 0.5 0.64457831325301206959 0.46987951807228917067 0.50602409638554213256 0.60240963855421691964 0.5722891566265060348 0.6265060240963855609 0.51204819277108437614 0.56626506024096390224 0.61445783132530118476 0.72891566265060236951 0.78915662650602413919 0.64457831325301206959 0.86746987951807230655 0.9096385542168674565 0.9096385542168674565 0.92168674698795183264 0.8734939759036144391 0.8915662650602409478 0.8915662650602409478 0.8915662650602409478 0.8734939759036144391 0.81927710843373491301 0.60240963855421691964
0.38554216867469881524 0.30120481927710845982 0.34939759036144579785 0.33132530120481928915 0.42168674698795183264 0.34337349397590360978 0.36144578313253011848 0.30120481927710845982 0.30120481927710845982 0.33132530120481928915 0.3915662650602409478 0.36144578313253011848 0.34939759036144579785 0.4457831325301204739 0.4277108433734939652 0.51204819277108437614 0.5180722891566265087 0.43373493975903615327 0.4638554216867469826 0.45180722891566266197 0.3734939759036144391 0.56626506024096390224 0.48795180722891567937 0.60240963855421691964 0.69277108433734935211 0.48795180722891567937 0.5722891566265060348 0.5722891566265060348 0.60240963855421691964 0.4819277108433734913 0.64457831325301206959 0.69277108433734935211 0.65662650602409633471 0.78915662650602413919 0.86746987951807230655 0.9096385542168674565 0.8915662650602409478 0.88554216867469881524 0.8915662650602409478 0.89759036144578308036 0.8915662650602409478 0.86746987951807230655 0.8734939759036144391 0.8915662650602409478 0.85542168674698793041 0.66265060240963857829
0.4638554216867469826 0.4457831325301204739 0.34939759036144579785 0.30120481927710845982 0.30120481927710845982 0.32530120481927710108 0.4277108433734939652 0.33132530120481928915 0.38554216867469881524 0.36746987951807230655 0.36144578313253011848 0.33734939759036142171 0.27710843373493976305 0.30120481927710845982 0.5 0.5 0.51204819277108437614 0.45783132530120479453 0.50602409638554213256 0.5 0.5361445783132530174 0.56626506024096390224 0.56626506024096390224 0.63253012048192769345 0.5 0.5542168674698795261 0.54216867469879514996 0.54216867469879514996 0.69277108433734935211 0.60240963855421691964 0.65662650602409633471 0.69277108433734935211 0.66265060240963857829 0.72891566265060236951 0.78313253012048189561 0.88554216867469881524 0.88554216867469881524 0.88554216867469881524 0.8915662650602409478 0.84337349397590366529 0.78915662650602413919 0.78915662650602413919 0.80120481927710840431 0.78915662650602413919 0.74096385542168674565 0.69277108433734935211
0.40361445783132532394 0.4277108433734939652 0.32530120481927710108 0.30120481927710845982 0.32530120481927710108 0.41566265060240964457 0.34939759036144579785 0.34939759036144579785 0.31325301204819278045 0.43373493975903615327 0.45180722891566266197 0.4277108433734939652 0.27108433734939757498 0.27108433734939757498 0.24096385542168674565 0.42168674698795183264 0.4819277108433734913 0.5361445783132530174 0.5180722891566265087 0.5361445783132530174 0.60240963855421691964 0.5903614457831325435 0.54216867469879514996 0.80120481927710840431 0.66867469879518071085 0.56626506024096390224 0.6265060240963855609 0.5903614457831325435 0.58433734939759041094 0.63253012048192769345 0.65060240963855420215 0.70481927710843372825 0.69277108433734935211 0.69277108433734935211 0.72891566265060236951 0.78313253012048189561 0.85542168674698793041 0.88554216867469881524 0.84939759036144579785 0.79518072289156627175 0.75301204819277112179 0.69277108433734935211 0.72891566265060236951 0.66265060240963857829 0.61445783132530118476 0.5903614457831325435
0.4277108433734939652 0.39759036144578313587 0.36144578313253011848 0.31325301204819278045 0.30722891566265059238 0.36144578313253011848 0.41566265060240964457 0.41566265060240964457 0.33132530120481928915 0.27710843373493976305 0.25301204819277106628 0.22289156626506023695 0.21084337349397591632 0.19879518072289156794 0.33132530120481928915 0.21084337349397591632 0.30120481927710845982 0.47590361445783130323 0.56024096385542165866 0.46987951807228917067 0.4819277108433734913 0.56626506024096390224 0.56024096385542165866 0.5180722891566265087 0.59638554216867467606 0.85542168674698793041 0.65662650602409633471 0.64457831325301206959 0.59638554216867467606 0.56024096385542165866 0.6084337349397590522 0.69277108433734935211 0.6265060240963855609 0.69277108433734935211 0.64457831325301206959 0.69277108433734935211 0.8915662650602409478 0.84337349397590366529 0.87951807228915657166 0.81927710843373491301 0.80120481927710840431 0.69277108433734935211 0.56626506024096390224 0.54216867469879514996 0.6265060240963855609 0.52409638554216864126
0.3915662650602409478 0.40361445783132532394 0.38554216867469881524 0.36746987951807230655 0.3915662650602409478 0.33734939759036142171 0.32530120481927710108 0.32530120481927710108 0.28313253012048195112 0.23493975903614458534 0.21084337349397591632 0.22289156626506023695 0.27710843373493976305 0.21084337349397591632 0.27108433734939757498 0.17469879518072289892 0.45783132530120479453 0.4638554216867469826 0.5 0.47590361445783130323 0.56626506024096390224 0.50602409638554213256 0.47590361445783130323 0.4638554216867469826 0.48795180722891567937 0.56626506024096390224 0.64457831325301206959 0.65662650602409633471 0.61445783132530118476 0.66867469879518071085 0.66867469879518071085 0.5903614457831325435 0.64457831325301206959 0.69277108433734935211 0.62048192771084342834 0.78915662650602413919 0.85542168674698793041 0.87951807228915657166 0.81927710843373491301 0.8734939759036144391 0.77710843373493976305 0.75301204819277112179 0.56626506024096390224 0.61445783132530118476 0.5 0.45783132530120479453
0.36746987951807230655 0.38554216867469881524 0.36144578313253011848 0.34939759036144579785 0.36144578313253011848 0.32530120481927710108 0.28313253012048195112 0.28313253012048195112 0.19879518072289156794 0.21084337349397591632 0.25903614457831325435 0.27108433734939757498 0.26506024096385544242 0.24096385542168674565 0.21084337349397591632 0.24096385542168674565 0.27108433734939757498 0.28915662650602408368 0.54216867469879514996 0.56024096385542165866 0.5361445783132530174 0.67469879518072284341 0.60240963855421691964 0.5722891566265060348 0.4819277108433734913 0.56626506024096390224 0.69277108433734935211 0.62048192771084342834 0.69277108433734935211 0.60240963855421691964 0.58433734939759041094 0.66867469879518071085 0.65662650602409633471 0.69277108433734935211 0.78915662650602413919 0.72891566265060236951 0.76506024096385538691 0.83132530120481928915 0.78915662650602413919 0.84337349397590366529 0.78313253012048189561 0.76506024096385538691 0.69277108433734935211 0.64457831325301206959 0.52409638554216864126 0.45783132530120479453
0.30722891566265059238 0.4277108433734939652 0.4096385542168674565 0.3915662650602409478 0.30120481927710845982 0.27108433734939757498 0.22289156626506023695 0.21084337349397591632 0.21084337349397591632 0.26506024096385544242 0.27108433734939757498 0.32530120481927710108 0.22289156626506023695 0.21686746987951807664 0.19879518072289156794 0.36746987951807230655 0.22289156626506023695 0.24096385542168674565 0.4638554216867469826 0.56024096385542165866 0.5903614457831325435 0.64457831325301206959 0.56626506024096390224 0.48795180722891567937 0.5722891566265060348 0.42168674698795183264 0.51204819277108437614 0.69277108433734935211 0.62048192771084342834 0.59638554216867467606 0.5722891566265060348 0.66867469879518071085 0.78313253012048189561 0.69277108433734935211 0.72891566265060236951 0.64457831325301206959 0.66265060240963857829 0.80120481927710840431 0.80120481927710840431 0.72891566265060236951 0.72891566265060236951 0.62048192771084342834 0.60240963855421691964 0.56626506024096390224 0.51204819277108437614 0.4819277108433734913
0.36746987951807230655 0.40361445783132532394 0.35542168674698793041 0.28313253012048195112 0.24096385542168674565 0.23493975903614458534 0.27710843373493976305 0.28915662650602408368 0.26506024096385544242 0.30120481927710845982 0.23493975903614458534 0.25301204819277106628 0.26506024096385544242 0.25903614457831325435 0.26506024096385544242 0.31325301204819278045 0.24096385542168674565 0.23493975903614458534 0.22289156626506023695 0.24096385542168674565 0.56024096385542165866 0.5361445783132530174 0.66867469879518071085 0.5 0.50602409638554213256 0.5542168674698795261 0.56024096385542165866 0.6265060240963855609 0.64457831325301206959 0.65662650602409633471 0.64457831325301206959 0.62048192771084342834 0.64457831325301206959 0.64457831325301206959 0.70481927710843372825 0.72891566265060236951 0.66867469879518071085 0.76506024096385538691 0.78313253012048189561 0.78313253012048189561 0.64457831325301206959 0.5903614457831325435 0.54819277108433739354 0.4277108433734939652 0.4096385542168674565 0.36746987951807230655
0.39759036144578313587 0.31325301204819278045 0.28313253012048195112 0.21084337349397591632 0.21686746987951807664 0.24096385542168674565 0.27710843373493976305 0.28313253012048195112 0.32530120481927710108 0.30120481927710845982 0.21084337349397591632 0.18072289156626505924 0.26506024096385544242 0.27108433734939757498 0.27108433734939757498 0.18072289156626505924 0.21084337349397591632 0.18072289156626505924 0.21686746987951807664 0.34939759036144579785 0.46987951807228917067 0.5361445783132530174 0.5903614457831325435 0.64457831325301206959 0.4819277108433734913 0.46987951807228917067 0.52409638554216864126 0.5722891566265060348 0.61445783132530118476 0.65060240963855420215 0.64457831325301206959 0.64457831325301206959 0.6265060240963855609 0.69277108433734935211 0.64457831325301206959 0.64457831325301206959 0.78313253012048189561 0.80120481927710840431 0.73493975903614461309 0.76506024096385538691 0.64457831325301206959 0.60240963855421691964 0.50602409638554213256 0.47590361445783130323 0.36144578313253011848 0.34939759036144579785
0.34939759036144579785 0.27108433734939757498 0.25903614457831325435 0.21686746987951807664 0.25903614457831325435 0.25903614457831325435 0.28313253012048195112 0.34939759036144579785 0.31325301204819278045 0.26506024096385544242 0.21686746987951807664 0.31325301204819278045 0.27108433734939757498 0.26506024096385544242 0.24698795180722890596 0.33132530120481928915 0.30120481927710845982 0.21084337349397591632 0.21084337349397591632 0.17469879518072289892 0.4819277108433734913 0.54819277108433739354 0.6265060240963855609 0.62048192771084342834 0.51204819277108437614 0.46987951807228917067 0.42168674698795183264 0.45783132530120479453 0.64457831325301206959 0.64457831325301206959 0.64457831325301206959 0.69277108433734935211 0.69277108433734935211 0.65060240963855420215 0.69277108433734935211 0.69277108433734935211 0.63253012048192769345 0.72891566265060236951 0.73493975903614461309 0.72891566265060236951 0.5722891566265060348 0.5 0.47590361445783130323 0.4457831325301204739 0.45783132530120479453 0.38554216867469881524
0.28313253012048195112 0.27108433734939757498 0.24096385542168674565 0.30120481927710845982 0.25301204819277106628 0.27710843373493976305 0.34939759036144579785 0.32530120481927710108 0.26506024096385544242 0.22289156626506023695 0.27108433734939757498 0.26506024096385544242 0.28313253012048195112 0.23493975903614458534 0.20481927710843372825 0.22289156626506023695 0.34939759036144579785 0.21084337349397591632 0.24096385542168674565 0.22289156626506023695 0.4277108433734939652 0.5361445783132530174 0.54216867469879514996 0.62048192771084342834 0.58433734939759041094 0.5180722891566265087 0.4638554216867469826 0.36746987951807230655 0.56024096385542165866 0.58433734939759041094 0.6265060240963855609 0.66867469879518071085 0.74698795180722887821 0.72289156626506023695 0.72891566265060236951 0.71084337349397586081 0.69277108433734935211 0.71084337349397586081 0.66867469879518071085 0.69879518072289159569 0.71084337349397586081 0.60240963855421691964 0.4638554216867469826 0.4819277108433734913 0.4457831325301204739 0.32530120481927710108
0.30120481927710845982 0.28313253012048195112 0.30120481927710845982 0.38554216867469881524 0.36144578313253011848 0.34939759036144579785 0.30120481927710845982 0.27108433734939757498 0.24096385542168674565 0.28313253012048195112 0.22289156626506023695 0.23493975903614458534 0.17469879518072289892 0.18072289156626505924 0.15060240963855422991 0.21084337349397591632 0.21686746987951807664 0.18072289156626505924 0.22289156626506023695 0.28313253012048195112 0.21084337349397591632 0.43373493975903615327 0.54819277108433739354 0.66867469879518071085 0.5722891566265060348 0.65662650602409633471 0.63855421686746982601 0.48795180722891567937 0.51204819277108437614 0.64457831325301206959 0.65662650602409633471 0.64457831325301206959 0.64457831325301206959 0.69277108433734935211 0.69879518072289159569 0.67469879518072284341 0.69879518072289159569 0.71084337349397586081 0.72891566265060236951 0.64457831325301206959 0.66867469879518071085 0.69277108433734935211 0.64457831325301206959 0.54216867469879514996 0.3915662650602409478 0.30120481927710845982
0.3915662650602409478 0.36144578313253011848 0.34939759036144579785 0.36144578313253011848 0.36144578313253011848 0.31325301204819278045 0.24096385542168674565 0.24096385542168674565 0.25903614457831325435 0.21084337349397591632 0.28915662650602408368 0.19879518072289156794 0.21686746987951807664 0.15060240963855422991 0.18072289156626505924 0.21084337349397591632 0.25903614457831325435 0.20481927710843372825 0.24698795180722890596 0.26506024096385544242 0.30120481927710845982 0.31325301204819278045 0.41566265060240964457 0.5722891566265060348 0.64457831325301206959 0.58433734939759041094 0.64457831325301206959 0.53012048192771088484 0.34939759036144579785 0.54819277108433739354 0.62048192771084342834 0.64457831325301206959 0.65662650602409633471 0.71084337349397586081 0.66265060240963857829 0.69277108433734935211 0.68674698795180721955 0.64457831325301206959 0.64457831325301206959 0.62048192771084342834 0.50602409638554213256 0.56024096385542165866 0.65662650602409633471 0.69277108433734935211 0.34939759036144579785 0.35542168674698793041
0.39759036144578313587 0.4277108433734939652 0.4457831325301204739 0.38554216867469881524 0.27108433734939757498 0.27108433734939757498 0.28313253012048195112 0.27108433734939757498 0.28313253012048195112 0.23493975903614458534 0.17469879518072289892 0.12048192771084337283 0.13855421686746988152 0.24698795180722890596 0.20481927710843372825 0.19879518072289156794 0.26506024096385544242 0.18072289156626505924 0.21084337349397591632 0.32530120481927710108 0.45783132530120479453 0.50602409638554213256 0.5 0.4819277108433734913 0.45783132530120479453 0.50602409638554213256 0.5903614457831325435 0.5542168674698795261 0.4457831325301204739 0.31325301204819278045 0.56024096385542165866 0.63855421686746982601 0.69277108433734935211 0.65662650602409633471 0.63253012048192769345 0.62048192771084342834 0.58433734939759041094 0.69277108433734935211 0.66265060240963857829 0.69277108433734935211 0.5903614457831325435 0.5903614457831325435 0.64457831325301206959 0.64457831325301206959 0.62048192771084342834 0.5903614457831325435
0.45783132530120479453 0.36746987951807230655 0.32530120481927710108 0.27710843373493976305 0.28915662650602408368 0.31325301204819278045 0.30120481927710845982 0.32530120481927710108 0.27108433734939757498 0.27108433734939757498 0.18072289156626505924 0.10843373493975903832 0.15662650602409639022 0.23493975903614458534 0.17469879518072289892 0.23493975903614458534 0.12650602409638553314 0.18072289156626505924 0.36144578313253011848 0.4638554216867469826 0.5361445783132530174 0.5 0.4457831325301204739 0.56024096385542165866 0.4638554216867469826 0.5722891566265060348 0.64457831325301206959 0.6084337349397590522 0.61445783132530118476 0.60240963855421691964 0.5361445783132530174 0.64457831325301206959 0.64457831325301206959 0.66867469879518071085 0.60240963855421691964 0.5361445783132530174 0.62048192771084342834 0.6084337349397590522 0.66867469879518071085 0.62048192771084342834 0.64457831325301206959 0.5903614457831325435 0.59638554216867467606 0.6265060240963855609 0.60240963855421691964 0.62048192771084342834
0.4457831325301204739 0.3734939759036144391 0.34337349397590360978 0.30120481927710845982 0.31927710843373491301 0.33734939759036142171 0.26506024096385544242 0.24698795180722890596 0.30120481927710845982 0.21084337349397591632 0.15662650602409639022 0.18072289156626505924 0.17469879518072289892 0.27108433734939757498 0.18674698795180721955 0.10843373493975903832 0.15662650602409639022 0.21084337349397591632 0.22289156626506023695 0.3734939759036144391 0.4457831325301204739 0.33734939759036142171 0.32530120481927710108 0.4638554216867469826 0.50602409638554213256 0.4819277108433734913 0.58433734939759041094 0.69277108433734935211 0.56024096385542165866 0.66867469879518071085 0.66265060240963857829 0.5 0.64457831325301206959 0.65662650602409633471 0.64457831325301206959 0.56626506024096390224 0.58433734939759041094 0.62048192771084342834 0.64457831325301206959 0.62048192771084342834 0.61445783132530118476 0.65662650602409633471 0.66867469879518071085 0.4638554216867469826 0.56024096385542165866 0.5361445783132530174
0.3915662650602409478 0.37951807228915662717 0.4638554216867469826 0.3915662650602409478 0.34939759036144579785 0.30120481927710845982 0.23493975903614458534 0.19879518072289156794 0.22289156626506023695 0.21084337349397591632 0.21084337349397591632 0.19277108433734940762 0.21686746987951807664 0.18072289156626505924 0.12650602409638553314 0.18072289156626505924 0.17469879518072289892 0.21084337349397591632 0.21084337349397591632 0.21084337349397591632 0.17469879518072289892 0.18072289156626505924 0.4638554216867469826 0.56626506024096390224 0.4638554216867469826 0.38554216867469881524 0.4819277108433734913 0.5722891566265060348 0.73493975903614461309 0.6084337349397590522 0.69277108433734935211 0.5903614457831325435 0.56024096385542165866 0.5903614457831325435 0.59638554216867467606 0.61445783132530118476 0.5361445783132530174 0.54819277108433739354 0.56024096385542165866 0.50602409638554213256 0.6084337349397590522 0.64457831325301206959 0.50602409638554213256 0.48795180722891567937 0.50602409638554213256 0.54819277108433739354
