Example/niche_identity/models/ENFA/Anolis_chlorocyanus_0.asc
ncols        743
nrows        319
xllcorner    -74.500956448335
yllcorner    17.448920549066
cellsize     0.008333333333
NODATA_value  -9999
[rows 120 to 139 of 319, columns 552 to 597 of 743]
0.65079365079365081304 0.63492063492063488539 0.61507936507936511461 0.5873015873015873245 0.62698412698412697708 0.62698412698412697708 0.5 0.46825396825396825573 0.35317460317460319663 0.31349206349206348854 0.32539682539682540652 0.38095238095238093123 0.45634920634920633775 0.42460317460317459348 0.30158730158730157056 0.16269841269841270326 0.23412698412698412787 0.23015873015873014595 0.17857142857142857539 0.16666666666666665741 0.17063492063492063933 0.18253968253968252955 0.24603174603174601809 0.15476190476190476719 0.24603174603174601809 0.18650793650793651146 0.27380952380952383596 0.26984126984126982629 0.24603174603174601809 0.30952380952380953438 0.23412698412698412787 -9999 -9999 -9999 -9999 -9999 -9999 -9999 -9999 -9999 -9999 -9999 -9999 -9999 -9999 -9999
0.38095238095238093123 0.69444444444444441977 0.65079365079365081304 0.63095238095238093123 0.62698412698412697708 0.65079365079365081304 0.64682539682539685888 0.64285714285714290472 0.62698412698412697708 0.63492063492063488539 0.64285714285714290472 0.59126984126984127865 0.53174603174603174427 0.56746031746031744269 0.57539682539682535101 0.53571428571428569843 0.5 0.4523809523809523836 0.30555555555555558023 0.26190476190476191798 0.32936507936507936067 0.2261904761904761918 0.25793650793650796382 0.32936507936507936067 0.28174603174603174427 0.25396825396825395416 0.34126984126984127865 0.40476190476190476719 0.2976190476190476164 0.2976190476190476164 0.36904761904761906877 -9999 -9999 -9999 -9999 -9999 -9999 -9999 -9999 -9999 -9999 -9999 -9999 -9999 -9999 -9999
0.62301587301587302292 0.69841269841269837393 0.70634920634920639326 0.69444444444444441977 0.68253968253968255731 0.62698412698412697708 0.66666666666666662966 0.62698412698412697708 0.65079365079365081304 0.64682539682539685888 0.68253968253968255731 0.61507936507936511461 0.61507936507936511461 0.62698412698412697708 0.62698412698412697708 0.61507936507936511461 0.63095238095238093123 0.62698412698412697708 0.55952380952380953438 0.52777777777777779011 0.53968253968253965258 0.5 0.53968253968253965258 0.53968253968253965258 0.53174603174603174427 0.55555555555555558023 0.4126984126984126755 0.38095238095238093123 0.42460317460317459348 0.45634920634920633775 0.2976190476190476164 0.28968253968253970809 -9999 -9999 -9999 -9999 -9999 -9999 -9999 0.19047619047619046562 0.15873015873015872135 -9999 -9999 -9999 -9999 -9999
0.69047619047619046562 0.69841269841269837393 0.70634920634920639326 0.70238095238095232808 0.70238095238095232808 0.67063492063492058382 0.69047619047619046562 0.68253968253968255731 0.68253968253968255731 0.69841269841269837393 0.67063492063492058382 0.67063492063492058382 0.67460317460317464899 0.67063492063492058382 0.69047619047619046562 0.65079365079365081304 0.65079365079365081304 0.65079365079365081304 0.63095238095238093123 0.62698412698412697708 0.62698412698412697708 0.59126984126984127865 0.61507936507936511461 0.61904761904761906877 0.53174603174603174427 0.57539682539682535101 0.55952380952380953438 0.50396825396825395416 0.46825396825396825573 0.44841269841269842944 0.47619047619047616404 0.4523809523809523836 0.28174603174603174427 0.2976190476190476164 0.34126984126984127865 0.2261904761904761918 0.18650793650793651146 0.32142857142857145236 0.34126984126984127865 0.32936507936507936067 0.30158730158730157056 0.31349206349206348854 0.32936507936507936067 0.23809523809523808202 0.14682539682539683112 0.30158730158730157056
0.72619047619047616404 0.75 0.74603174603174604584 0.70634920634920639326 0.70634920634920639326 0.70238095238095232808 0.70238095238095232808 0.69841269841269837393 0.69841269841269837393 0.70634920634920639326 0.70634920634920639326 0.69444444444444441977 0.69444444444444441977 0.69444444444444441977 0.69444444444444441977 0.69444444444444441977 0.68253968253968255731 0.69047619047619046562 0.68650793650793651146 0.67063492063492058382 0.64682539682539685888 0.62698412698412697708 0.64682539682539685888 0.64682539682539685888 0.61507936507936511461 0.60714285714285709528 0.61507936507936511461 0.57142857142857139685 0.53968253968253965258 0.49206349206349203618 0.4523809523809523836 0.53968253968253965258 0.51190476190476186247 0.4523809523809523836 0.51190476190476186247 0.53968253968253965258 0.46825396825396825573 0.51190476190476186247 0.48412698412698412787 0.49206349206349203618 0.48412698412698412787 0.4523809523809523836 0.37301587301587302292 0.34126984126984127865 0.18650793650793651146 0.3373015873015873245
0.70634920634920639326 0.75 0.75 0.73809523809523813753 0.75 0.75 0.75 0.75 0.72222222222222220989 0.72222222222222220989 0.72619047619047616404 0.71825396825396825573 0.72619047619047616404 0.71428571428571430157 0.72222222222222220989 0.70238095238095232808 0.69047619047619046562 0.69047619047619046562 0.70634920634920639326 0.69047619047619046562 0.67063492063492058382 0.65079365079365081304 0.65079365079365081304 0.62301587301587302292 0.64682539682539685888 0.64682539682539685888 0.62698412698412697708 0.61111111111111116045 0.55952380952380953438 0.5 0.5873015873015873245 0.53968253968253965258 0.57539682539682535101 0.53968253968253965258 0.53174603174603174427 0.5 0.60317460317460314112 0.4523809523809523836 0.38095238095238093123 0.5 0.42460317460317459348 0.53968253968253965258 0.41666666666666668517 0.51190476190476186247 0.50396825396825395416 0.51190476190476186247
0.73809523809523813753 0.76190476190476186247 0.76587301587301592765 0.77777777777777779011 0.76190476190476186247 0.75793650793650790831 0.75396825396825395416 0.75 0.75 0.75 0.75 0.75 0.75 0.75 0.75 0.74206349206349209169 0.72619047619047616404 0.70634920634920639326 0.71825396825396825573 0.71031746031746034742 0.70634920634920639326 0.69444444444444441977 0.67460317460317464899 0.63492063492063488539 0.67460317460317464899 0.68253968253968255731 0.65873015873015872135 0.62698412698412697708 0.62301587301587302292 0.62698412698412697708 0.63492063492063488539 0.60714285714285709528 0.60714285714285709528 0.61507936507936511461 0.62698412698412697708 0.58333333333333337034 0.62698412698412697708 0.59126984126984127865 0.59126984126984127865 0.53571428571428569843 0.46825396825396825573 0.54365079365079360674 0.51190476190476186247 0.57539682539682535101 0.51190476190476186247 0.53968253968253965258
0.77380952380952383596 0.76190476190476186247 0.77380952380952383596 0.77380952380952383596 0.76587301587301592765 0.77380952380952383596 0.77777777777777779011 0.76587301587301592765 0.76190476190476186247 0.75793650793650790831 0.75 0.75 0.75793650793650790831 0.75 0.75793650793650790831 0.75793650793650790831 0.75 0.75 0.74206349206349209169 0.75 0.72619047619047616404 0.72222222222222220989 0.70238095238095232808 0.65079365079365081304 0.64285714285714290472 0.69444444444444441977 0.65476190476190476719 0.64682539682539685888 0.65476190476190476719 0.64682539682539685888 0.64682539682539685888 0.62698412698412697708 0.64682539682539685888 0.62698412698412697708 0.62698412698412697708 0.63492063492063488539 0.62698412698412697708 0.61507936507936511461 0.59126984126984127865 0.59126984126984127865 0.57539682539682535101 0.5873015873015873245 0.53968253968253965258 0.5198412698412698818 0.54365079365079360674 0.54365079365079360674
0.75793650793650790831 0.76587301587301592765 0.76587301587301592765 0.75 0.77777777777777779011 0.77777777777777779011 0.7698412698412698818 0.77777777777777779011 0.76587301587301592765 0.7698412698412698818 0.76190476190476186247 0.76190476190476186247 0.76587301587301592765 0.76190476190476186247 0.76587301587301592765 0.75793650793650790831 0.75793650793650790831 0.76190476190476186247 0.75 0.75 0.75 0.73809523809523813753 0.72222222222222220989 0.69841269841269837393 0.72222222222222220989 0.70634920634920639326 0.64682539682539685888 0.69444444444444441977 0.68253968253968255731 0.63492063492063488539 0.62698412698412697708 0.67063492063492058382 0.65079365079365081304 0.68253968253968255731 0.64682539682539685888 0.63492063492063488539 0.65079365079365081304 0.64682539682539685888 0.62698412698412697708 0.63492063492063488539 0.62698412698412697708 0.57142857142857139685 0.55952380952380953438 0.59523809523809523281 0.53968253968253965258 0.59126984126984127865
0.76587301587301592765 0.75 0.76587301587301592765 0.77777777777777779011 0.78174603174603174427 0.77777777777777779011 0.75793650793650790831 0.77777777777777779011 0.75793650793650790831 0.77777777777777779011 0.77777777777777779011 0.76190476190476186247 0.75 0.76587301587301592765 0.77380952380952383596 0.77777777777777779011 0.75 0.75 0.75793650793650790831 0.75793650793650790831 0.75 0.75 0.75 0.73809523809523813753 0.74206349206349209169 0.72222222222222220989 0.71428571428571430157 0.70634920634920639326 0.69444444444444441977 0.69444444444444441977 0.69841269841269837393 0.69841269841269837393 0.69444444444444441977 0.69444444444444441977 0.69444444444444441977 0.69444444444444441977 0.65079365079365081304 0.63492063492063488539 0.62698412698412697708 0.63492063492063488539 0.62698412698412697708 0.62698412698412697708 0.63492063492063488539 0.62698412698412697708 0.53968253968253965258 0.5873015873015873245
0.71428571428571430157 0.75793650793650790831 0.77380952380952383596 0.76587301587301592765 0.75 0.78174603174603174427 0.77777777777777779011 0.75793650793650790831 0.77777777777777779011 0.77777777777777779011 0.78571428571428569843 0.80158730158730162607 0.75 0.77777777777777779011 0.7301587301587301182 0.76190476190476186247 0.77777777777777779011 0.77777777777777779011 0.76190476190476186247 0.75 0.7698412698412698818 0.75793650793650790831 0.75793650793650790831 0.75 0.75 0.75 0.70634920634920639326 0.70238095238095232808 0.72619047619047616404 0.70238095238095232808 0.72222222222222220989 0.69444444444444441977 0.72619047619047616404 0.69444444444444441977 0.69444444444444441977 0.69841269841269837393 0.68253968253968255731 0.69047619047619046562 0.69047619047619046562 0.63095238095238093123 0.65873015873015872135 0.64682539682539685888 0.62698412698412697708 0.62698412698412697708 0.5873015873015873245 0.5873015873015873245
0.68650793650793651146 0.69047619047619046562 0.75 0.76587301587301592765 0.77380952380952383596 0.76190476190476186247 0.76587301587301592765 0.78174603174603174427 0.77777777777777779011 0.79761904761904767192 0.77777777777777779011 0.76190476190476186247 0.80555555555555558023 0.77777777777777779011 0.75793650793650790831 0.79761904761904767192 0.77777777777777779011 0.77777777777777779011 0.76190476190476186247 0.77777777777777779011 0.76587301587301592765 0.75793650793650790831 0.76587301587301592765 0.76190476190476186247 0.75793650793650790831 0.75 0.76190476190476186247 0.75 0.75 0.72619047619047616404 0.74206349206349209169 0.75 0.70238095238095232808 0.69841269841269837393 0.70634920634920639326 0.70634920634920639326 0.70634920634920639326 0.70238095238095232808 0.63492063492063488539 0.69841269841269837393 0.69444444444444441977 0.68253968253968255731 0.68253968253968255731 0.63492063492063488539 0.64682539682539685888 0.62698412698412697708
0.57539682539682535101 0.70238095238095232808 0.75 0.75396825396825395416 0.75 0.77777777777777779011 0.80555555555555558023 0.79365079365079360674 0.76587301587301592765 0.80952380952380953438 0.77777777777777779011 0.81746031746031744269 0.80555555555555558023 0.81746031746031744269 0.80952380952380953438 0.77777777777777779011 0.76587301587301592765 0.80555555555555558023 0.80555555555555558023 0.77777777777777779011 0.77777777777777779011 0.77777777777777779011 0.76587301587301592765 0.76587301587301592765 0.75793650793650790831 0.75793650793650790831 0.76190476190476186247 0.75793650793650790831 0.76190476190476186247 0.75396825396825395416 0.75793650793650790831 0.75 0.75 0.75 0.73809523809523813753 0.72222222222222220989 0.70238095238095232808 0.69841269841269837393 0.70634920634920639326 0.70634920634920639326 0.69841269841269837393 0.69444444444444441977 0.69047619047619046562 0.69047619047619046562 0.67460317460317464899 0.63492063492063488539
0.67460317460317464899 0.67063492063492058382 0.72619047619047616404 0.69047619047619046562 0.79365079365079360674 0.77777777777777779011 0.77380952380952383596 0.76587301587301592765 0.77777777777777779011 0.80555555555555558023 0.80952380952380953438 0.80952380952380953438 0.82142857142857139685 0.82142857142857139685 0.80952380952380953438 0.80952380952380953438 0.77777777777777779011 0.77777777777777779011 0.75 0.77777777777777779011 0.79761904761904767192 0.76587301587301592765 0.77777777777777779011 0.77777777777777779011 0.76587301587301592765 0.77380952380952383596 0.77380952380952383596 0.75793650793650790831 0.75793650793650790831 0.76587301587301592765 0.76587301587301592765 0.76190476190476186247 0.75 0.75793650793650790831 0.73809523809523813753 0.74206349206349209169 0.70634920634920639326 0.69444444444444441977 0.69444444444444441977 0.70634920634920639326 0.70634920634920639326 0.69444444444444441977 0.70634920634920639326 0.69047619047619046562 0.69444444444444441977 0.69047619047619046562
0.72222222222222220989 0.7301587301587301182 0.72222222222222220989 0.67857142857142860315 0.68253968253968255731 0.73809523809523813753 0.78174603174603174427 0.80952380952380953438 0.82142857142857139685 0.83333333333333337034 0.82142857142857139685 0.80555555555555558023 0.83333333333333337034 0.82142857142857139685 0.82142857142857139685 0.82142857142857139685 0.81349206349206348854 0.80555555555555558023 0.75 0.77777777777777779011 0.80952380952380953438 0.80158730158730162607 0.80158730158730162607 0.77777777777777779011 0.77777777777777779011 0.77777777777777779011 0.77777777777777779011 0.76587301587301592765 0.77777777777777779011 0.76587301587301592765 0.77380952380952383596 0.76587301587301592765 0.76587301587301592765 0.75793650793650790831 0.73809523809523813753 0.75 0.72222222222222220989 0.72619047619047616404 0.70238095238095232808 0.70238095238095232808 0.72222222222222220989 0.70634920634920639326 0.70634920634920639326 0.71825396825396825573 0.71825396825396825573 0.69444444444444441977
0.59523809523809523281 0.68650793650793651146 0.67063492063492058382 0.71825396825396825573 0.69444444444444441977 0.77777777777777779011 0.80555555555555558023 0.82142857142857139685 0.83333333333333337034 0.82142857142857139685 0.80952380952380953438 0.83333333333333337034 0.81746031746031744269 0.80952380952380953438 0.83333333333333337034 0.83333333333333337034 0.83333333333333337034 0.82142857142857139685 0.82936507936507941618 0.83333333333333337034 0.80952380952380953438 0.80158730158730162607 0.80555555555555558023 0.80555555555555558023 0.77777777777777779011 0.77777777777777779011 0.77777777777777779011 0.77777777777777779011 0.77777777777777779011 0.7698412698412698818 0.77777777777777779011 0.77777777777777779011 0.7698412698412698818 0.76587301587301592765 0.76190476190476186247 0.76190476190476186247 0.74603174603174604584 0.76587301587301592765 0.75 0.75 0.75 0.7301587301587301182 0.73809523809523813753 0.75 0.73809523809523813753 0.70634920634920639326
0.59126984126984127865 0.62301587301587302292 0.70634920634920639326 0.74603174603174604584 0.75 0.75793650793650790831 0.74206349206349209169 0.81349206349206348854 0.80952380952380953438 0.81746031746031744269 0.83333333333333337034 0.80952380952380953438 0.82142857142857139685 0.81746031746031744269 0.76190476190476186247 0.83333333333333337034 0.76190476190476186247 0.82539682539682535101 0.77777777777777779011 0.83333333333333337034 0.76587301587301592765 0.77777777777777779011 0.77777777777777779011 0.80555555555555558023 0.80555555555555558023 0.80555555555555558023 0.78174603174603174427 0.78571428571428569843 0.80952380952380953438 0.77777777777777779011 0.78968253968253965258 0.76587301587301592765 0.77777777777777779011 0.76190476190476186247 0.76587301587301592765 0.77777777777777779011 0.77777777777777779011 0.75793650793650790831 0.76190476190476186247 0.75 0.76190476190476186247 0.75 0.75 0.72619047619047616404 0.7301587301587301182 0.75
0.61507936507936511461 0.75 0.69047619047619046562 0.75793650793650790831 0.75 0.75 0.76190476190476186247 0.76190476190476186247 0.77777777777777779011 0.83333333333333337034 0.82142857142857139685 0.82936507936507941618 0.83333333333333337034 0.83333333333333337034 0.83333333333333337034 0.76587301587301592765 0.82142857142857139685 0.83333333333333337034 0.83333333333333337034 0.83333333333333337034 0.83333333333333337034 0.83333333333333337034 0.81349206349206348854 0.80952380952380953438 0.78968253968253965258 0.80952380952380953438 0.82142857142857139685 0.78571428571428569843 0.7698412698412698818 0.78174603174603174427 0.80952380952380953438 0.77777777777777779011 0.80555555555555558023 0.77777777777777779011 0.78174603174603174427 0.77777777777777779011 0.76190476190476186247 0.76190476190476186247 0.77380952380952383596 0.76190476190476186247 0.75793650793650790831 0.75793650793650790831 0.76587301587301592765 0.75 0.75 0.75
0.57142857142857139685 0.68650793650793651146 0.70634920634920639326 0.72619047619047616404 0.75793650793650790831 0.77777777777777779011 0.75 0.75 0.76587301587301592765 0.80952380952380953438 0.83333333333333337034 0.75 0.83333333333333337034 0.77777777777777779011 0.83333333333333337034 0.83333333333333337034 0.83333333333333337034 0.81349206349206348854 0.83333333333333337034 0.78174603174603174427 0.83333333333333337034 0.80555555555555558023 0.83333333333333337034 0.83333333333333337034 0.83333333333333337034 0.83333333333333337034 0.77777777777777779011 0.80952380952380953438 0.82142857142857139685 0.80952380952380953438 0.81746031746031744269 0.79365079365079360674 0.80952380952380953438 0.80555555555555558023 0.80555555555555558023 0.77777777777777779011 0.77777777777777779011 0.77777777777777779011 0.77777777777777779011 0.78174603174603174427 0.76587301587301592765 0.77777777777777779011 0.76587301587301592765 0.76587301587301592765 0.75793650793650790831 0.75793650793650790831
0.57142857142857139685 0.70634920634920639326 0.68253968253968255731 0.68253968253968255731 0.71428571428571430157 0.7301587301587301182 0.75793650793650790831 0.76190476190476186247 0.75793650793650790831 0.75793650793650790831 0.78571428571428569843 0.76190476190476186247 0.83333333333333337034 0.76190476190476186247 0.77777777777777779011 0.81349206349206348854 0.75 0.82936507936507941618 0.82539682539682535101 0.82142857142857139685 0.83333333333333337034 0.82142857142857139685 0.83333333333333337034 0.83333333333333337034 0.83333333333333337034 0.83333333333333337034 0.80555555555555558023 0.80555555555555558023 0.78174603174603174427 0.80555555555555558023 0.81349206349206348854 0.80158730158730162607 0.77777777777777779011 0.80952380952380953438 0.80158730158730162607 0.78174603174603174427 0.77380952380952383596 0.80555555555555558023 0.77380952380952383596 0.80555555555555558023 0.79761904761904767192 0.77777777777777779011 0.77777777777777779011 0.77777777777777779011 0.75793650793650790831 0.77777777777777779011
