Example/niche_identity/models/ENFA/Anolis_coelestinus_0.asc
ncols        743
nrows        319
xllcorner    -74.500956448335
yllcorner    17.448920549066
cellsize     0.008333333333
NODATA_value  -9999
[rows 140 to 159 of 319, columns 414 to 459 of 743]
0.048192771084337351906 0.030120481927710843206 0.078313253012048195112 0.096385542168674703811 0.18072289156626505924 0.078313253012048195112 0.096385542168674703811 0.066265060240963860605 0.030120481927710843206 0.15662650602409639022 0.066265060240963860605 0.030120481927710843206 0 0 0 0 0 0 0 0.012048192771084337976 0.030120481927710843206 0.03614457831325301046 0.078313253012048195112 0.078313253012048195112 0.096385542168674703811 0.084337349397590355427 0.078313253012048195112 0.078313253012048195112 0.030120481927710843206 0 0 0 0.030120481927710843206 0.0060240963855421689882 0.030120481927710843206 0.0060240963855421689882 0.030120481927710843206 0.03614457831325301046 0.024096385542168675953 0.024096385542168675953 0.024096385542168675953 0 0.030120481927710843206 0.048192771084337351906 0.054216867469879519159 0.042168674698795177713
0.15662650602409639022 0.030120481927710843206 0.078313253012048195112 0.12650602409638553314 0.27108433734939757498 0.12650602409638553314 0.18072289156626505924 0.23493975903614458534 0.15662650602409639022 0.030120481927710843206 0 0 0 0 0 0 0 0.012048192771084337976 0.030120481927710843206 0.024096385542168675953 0.012048192771084337976 0.012048192771084337976 0.030120481927710843206 0.030120481927710843206 0.078313253012048195112 0.12650602409638553314 0.12650602409638553314 0.054216867469879519159 0.078313253012048195112 0.030120481927710843206 0 0 0 0.066265060240963860605 0.024096385542168675953 0 0.030120481927710843206 0.054216867469879519159 0.030120481927710843206 0 0 0 0.024096385542168675953 0.024096385542168675953 0.030120481927710843206 0.060240963855421686413
0.21084337349397591632 0.13253012048192772121 0.024096385542168675953 0.12650602409638553314 0.27710843373493976305 0.24096385542168674565 0.096385542168674703811 0.096385542168674703811 0.030120481927710843206 0.01807228915662650523 0 0 0 0 0 0 0 0 0.048192771084337351906 0.078313253012048195112 0.078313253012048195112 0.042168674698795177713 0.078313253012048195112 0.030120481927710843206 0.078313253012048195112 0.15060240963855422991 0.10240963855421686413 0.024096385542168675953 0.054216867469879519159 0 0 0.030120481927710843206 0.030120481927710843206 0.078313253012048195112 0.042168674698795177713 0.042168674698795177713 0.054216867469879519159 0.054216867469879519159 0.030120481927710843206 0.030120481927710843206 0.042168674698795177713 0.030120481927710843206 0.030120481927710843206 0.030120481927710843206 0.030120481927710843206 0.030120481927710843206
0.15662650602409639022 0.21084337349397591632 0.13855421686746988152 0.27108433734939757498 0.30120481927710845982 0.096385542168674703811 0.096385542168674703811 0 0 0 0 0 0 0.030120481927710843206 0 0 0 0 0.012048192771084337976 0.078313253012048195112 0.078313253012048195112 0.10240963855421686413 0.096385542168674703811 0.066265060240963860605 0.078313253012048195112 0.17469879518072289892 0.048192771084337351906 0.030120481927710843206 0.12048192771084337283 0.066265060240963860605 0.030120481927710843206 0.048192771084337351906 0.030120481927710843206 0.024096385542168675953 0.030120481927710843206 0.078313253012048195112 0.078313253012048195112 0.066265060240963860605 0.07228915662650602092 0.078313253012048195112 0.078313253012048195112 0.066265060240963860605 0.048192771084337351906 0.030120481927710843206 0.030120481927710843206 0.030120481927710843206
0.18072289156626505924 0.24096385542168674565 0.19879518072289156794 0.28313253012048195112 0.12650602409638553314 0.15662650602409639022 0.030120481927710843206 0.01807228915662650523 0 0 0.024096385542168675953 0.024096385542168675953 0.030120481927710843206 0.030120481927710843206 0.030120481927710843206 0 0.024096385542168675953 0 0.012048192771084337976 0.030120481927710843206 0.048192771084337351906 0.12650602409638553314 0.12650602409638553314 0.10240963855421686413 0.12650602409638553314 0.21084337349397591632 0.13855421686746988152 0.15662650602409639022 0.15060240963855422991 0.12650602409638553314 0.042168674698795177713 0 0.048192771084337351906 0.096385542168674703811 0.078313253012048195112 0.078313253012048195112 0.078313253012048195112 0.078313253012048195112 0.078313253012048195112 0.078313253012048195112 0.078313253012048195112 0.066265060240963860605 0.066265060240963860605 0.030120481927710843206 0.030120481927710843206 0.030120481927710843206
0.15662650602409639022 0.21084337349397591632 0.26506024096385544242 0.21084337349397591632 0.15662650602409639022 0.12650602409638553314 0.042168674698795177713 0.054216867469879519159 0.030120481927710843206 0 0 0.030120481927710843206 0.078313253012048195112 0.096385542168674703811 0.078313253012048195112 0.030120481927710843206 0.078313253012048195112 0.012048192771084337976 0.012048192771084337976 0.030120481927710843206 0.078313253012048195112 0.078313253012048195112 0.18674698795180721955 0.15662650602409639022 0.21084337349397591632 0.18072289156626505924 0.13253012048192772121 0.12650602409638553314 0.078313253012048195112 0.096385542168674703811 0.12650602409638553314 0.042168674698795177713 0.078313253012048195112 0.042168674698795177713 0.030120481927710843206 0.078313253012048195112 0.078313253012048195112 0.078313253012048195112 0.078313253012048195112 0.07228915662650602092 0.07228915662650602092 0.066265060240963860605 0.054216867469879519159 0.024096385542168675953 0.012048192771084337976 0
0.042168674698795177713 0.19277108433734940762 0.23493975903614458534 0.31325301204819278045 0.24096385542168674565 0.21084337349397591632 0.13253012048192772121 0.15662650602409639022 0.096385542168674703811 0.07228915662650602092 0.030120481927710843206 0.048192771084337351906 0.030120481927710843206 0.096385542168674703811 0.12650602409638553314 0.096385542168674703811 0.07228915662650602092 0.066265060240963860605 0.054216867469879519159 0.078313253012048195112 0.15060240963855422991 0.096385542168674703811 0.17469879518072289892 0.27108433734939757498 0.096385542168674703811 0.030120481927710843206 0.030120481927710843206 0.078313253012048195112 0.096385542168674703811 0.078313253012048195112 0.10240963855421686413 0.12650602409638553314 0.12048192771084337283 0.078313253012048195112 0.030120481927710843206 0.03614457831325301046 0.048192771084337351906 0.048192771084337351906 0.066265060240963860605 0.030120481927710843206 0.042168674698795177713 0.048192771084337351906 0.030120481927710843206 0 0 0
0.078313253012048195112 0.078313253012048195112 0.12650602409638553314 0.28313253012048195112 0.27108433734939757498 0.26506024096385544242 0.22289156626506023695 0.21686746987951807664 0.066265060240963860605 0.078313253012048195112 0.12650602409638553314 0.078313253012048195112 0.078313253012048195112 0.18072289156626505924 0.24096385542168674565 0.13855421686746988152 0.078313253012048195112 0.030120481927710843206 0.012048192771084337976 0.030120481927710843206 0.078313253012048195112 0.12650602409638553314 0.12048192771084337283 0.24096385542168674565 0.10843373493975903832 0.030120481927710843206 0 0 0.078313253012048195112 0.096385542168674703811 0.030120481927710843206 0.030120481927710843206 0.030120481927710843206 0.0060240963855421689882 0 0.030120481927710843206 0.066265060240963860605 0.054216867469879519159 0.042168674698795177713 0.030120481927710843206 0 0.030120481927710843206 0.030120481927710843206 0.012048192771084337976 0 0
0.13855421686746988152 0.12650602409638553314 0.21084337349397591632 0.30120481927710845982 0.30120481927710845982 0.15662650602409639022 0.15060240963855422991 0.15662650602409639022 0.066265060240963860605 0.10240963855421686413 0.18072289156626505924 0.22289156626506023695 0.15662650602409639022 0.27710843373493976305 0.13855421686746988152 0.13855421686746988152 0.10240963855421686413 0.078313253012048195112 0.024096385542168675953 0.030120481927710843206 0.060240963855421686413 0.096385542168674703811 0.21084337349397591632 0.19277108433734940762 0.15662650602409639022 0.078313253012048195112 0.012048192771084337976 0 0.0060240963855421689882 0.030120481927710843206 0.078313253012048195112 0.030120481927710843206 0 0 0 0 0 0.024096385542168675953 0.042168674698795177713 0.030120481927710843206 0.024096385542168675953 0 0 0 0 0
0.24096385542168674565 0.25903614457831325435 0.19879518072289156794 0.33734939759036142171 0.23493975903614458534 0.27108433734939757498 0.096385542168674703811 0.18072289156626505924 0.12650602409638553314 0.078313253012048195112 0.048192771084337351906 0.17469879518072289892 0.19277108433734940762 0.30120481927710845982 0.17469879518072289892 0.13253012048192772121 0.12650602409638553314 0.048192771084337351906 0.030120481927710843206 0.030120481927710843206 0.078313253012048195112 0.096385542168674703811 0.18072289156626505924 0.19879518072289156794 0.078313253012048195112 0.030120481927710843206 0 0 0 0 0.066265060240963860605 0.030120481927710843206 0 0 0 0 0 0 0.012048192771084337976 0.030120481927710843206 0.030120481927710843206 0.030120481927710843206 0.024096385542168675953 0.01807228915662650523 0 0
0.36746987951807230655 0.25903614457831325435 0.30120481927710845982 0.24096385542168674565 0.18674698795180721955 0.12650602409638553314 0.17469879518072289892 0.22289156626506023695 0.12650602409638553314 0.18072289156626505924 0.12650602409638553314 0.078313253012048195112 0.19879518072289156794 0.30120481927710845982 0.19277108433734940762 0.21084337349397591632 0.19879518072289156794 0.15662650602409639022 0.048192771084337351906 0.030120481927710843206 0.042168674698795177713 0.18674698795180721955 0.30120481927710845982 0.096385542168674703811 0.012048192771084337976 0 0 0 0 0.012048192771084337976 0 0.030120481927710843206 0.0060240963855421689882 0 0 0 0 0 0.024096385542168675953 0 0 0 0 0 0 0
0.30120481927710845982 0.31325301204819278045 0.28313253012048195112 0.25903614457831325435 0.14457831325301204184 0.18072289156626505924 0.30722891566265059238 0.28313253012048195112 0.21084337349397591632 0.20481927710843372825 0.21084337349397591632 0.18072289156626505924 0.17469879518072289892 0.21084337349397591632 0.36746987951807230655 0.30120481927710845982 0.17469879518072289892 0.16867469879518071085 0.096385542168674703811 0.12650602409638553314 0.10240963855421686413 0.17469879518072289892 0.33132530120481928915 0.19277108433734940762 0.030120481927710843206 0 0 0 0 0 0 0 0 0 0 0 0 0 0 0 0 0 0 0 0 0
0.30120481927710845982 0.30722891566265059238 0.28313253012048195112 0.33132530120481928915 0.28313253012048195112 0.19277108433734940762 0.30120481927710845982 0.33132530120481928915 0.30120481927710845982 0.3915662650602409478 0.19879518072289156794 0.21084337349397591632 0.26506024096385544242 0.12650602409638553314 0.24096385542168674565 0.33734939759036142171 0.21686746987951807664 0.24096385542168674565 0.27108433734939757498 0.4277108433734939652 0.40361445783132532394 0.33132530120481928915 0.22289156626506023695 0.054216867469879519159 0 0 0 0 0 0 0 0 0 0 0 0 0 0 0 0 0 0 0 0 0 0
0.28915662650602408368 0.30120481927710845982 0.24698795180722890596 0.27108433734939757498 0.22289156626506023695 0.21686746987951807664 0.20481927710843372825 0.27710843373493976305 0.38554216867469881524 0.23493975903614458534 0.36144578313253011848 0.25301204819277106628 0.28313253012048195112 0.38554216867469881524 0.32530120481927710108 0.33132530120481928915 0.36144578313253011848 0.36144578313253011848 0.32530120481927710108 0.18072289156626505924 0.18072289156626505924 0.17469879518072289892 0.078313253012048195112 0.024096385542168675953 0 0.030120481927710843206 0 0 0 0 0 0 0 0 0 0 0 0 0 0 0 0 0 0 0 0
0.36144578313253011848 0.34337349397590360978 0.26506024096385544242 0.30120481927710845982 0.26506024096385544242 0.3915662650602409478 0.28313253012048195112 0.30120481927710845982 0.23493975903614458534 0.27710843373493976305 0.21084337349397591632 0.36144578313253011848 0.52409638554216864126 0.35542168674698793041 0.24096385542168674565 0.18674698795180721955 0.24096385542168674565 0.19879518072289156794 0.24096385542168674565 0.34939759036144579785 0.21686746987951807664 0.096385542168674703811 0.078313253012048195112 0.066265060240963860605 0.066265060240963860605 0.030120481927710843206 0 0 0 0 0 0 0 0 0 0 0 0 0 0 0 0 0 0 0 0
0.30120481927710845982 0.34939759036144579785 0.34337349397590360978 0.45783132530120479453 0.30120481927710845982 0.36144578313253011848 0.4457831325301204739 0.34939759036144579785 0.23493975903614458534 0.31325301204819278045 0.32530120481927710108 0.38554216867469881524 0.32530120481927710108 0.32530120481927710108 0.27710843373493976305 0.27108433734939757498 0.27108433734939757498 0.25903614457831325435 0.17469879518072289892 0.19277108433734940762 0.28313253012048195112 0.21084337349397591632 0.16867469879518071085 0.19277108433734940762 0.096385542168674703811 0.030120481927710843206 0.030120481927710843206 0.042168674698795177713 0.01807228915662650523 0.030120481927710843206 0.024096385542168675953 0 0 0 0 0 0 0 0 0 0 0 0 0 0 0
0.36144578313253011848 0.25903614457831325435 0.30120481927710845982 0.36144578313253011848 0.30120481927710845982 0.28313253012048195112 0.40361445783132532394 0.36144578313253011848 0.45783132530120479453 0.40361445783132532394 0.32530120481927710108 0.45783132530120479453 0.32530120481927710108 0.28313253012048195112 0.3734939759036144391 0.30120481927710845982 0.28915662650602408368 0.31325301204819278045 0.21084337349397591632 0.13855421686746988152 0.16867469879518071085 0.17469879518072289892 0.30120481927710845982 0.12650602409638553314 0.030120481927710843206 0.078313253012048195112 0.10843373493975903832 0.024096385542168675953 0.012048192771084337976 0.01807228915662650523 0.024096385542168675953 0 0 0.012048192771084337976 0.030120481927710843206 0.030120481927710843206 0.024096385542168675953 0.024096385542168675953 0 0 0 0 0 0 0 0
0.28915662650602408368 0.31325301204819278045 0.27108433734939757498 0.23493975903614458534 0.23493975903614458534 0.27710843373493976305 0.31325301204819278045 0.36144578313253011848 0.33132530120481928915 0.36144578313253011848 0.27710843373493976305 0.28313253012048195112 0.30120481927710845982 0.30120481927710845982 0.30120481927710845982 0.31325301204819278045 0.25903614457831325435 0.22289156626506023695 0.22289156626506023695 0.15060240963855422991 0.19879518072289156794 0.18072289156626505924 0.096385542168674703811 0.21084337349397591632 0.12650602409638553314 0.12650602409638553314 0.030120481927710843206 0.078313253012048195112 0.01807228915662650523 0.030120481927710843206 0.066265060240963860605 0 0 0.030120481927710843206 0.030120481927710843206 0 0 0 0 0 0 0 0 0 0 0
0.31325301204819278045 0.36144578313253011848 0.24698795180722890596 0.28915662650602408368 0.27108433734939757498 0.28915662650602408368 0.42168674698795183264 0.36746987951807230655 0.34939759036144579785 0.30120481927710845982 0.43373493975903615327 0.28313253012048195112 0.3915662650602409478 0.30120481927710845982 0.27108433734939757498 0.23493975903614458534 0.19879518072289156794 0.21084337349397591632 0.18072289156626505924 0.26506024096385544242 0.24096385542168674565 0.21084337349397591632 0.23493975903614458534 0.12650602409638553314 0.15662650602409639022 0.10843373493975903832 0.096385542168674703811 0.024096385542168675953 0.024096385542168675953 0.096385542168674703811 0.096385542168674703811 0.048192771084337351906 0.024096385542168675953 0.066265060240963860605 0.024096385542168675953 0.012048192771084337976 0 0 0 0 0 0 0 0 0 0
0.36144578313253011848 0.38554216867469881524 0.30120481927710845982 0.30120481927710845982 0.3915662650602409478 0.30120481927710845982 0.40361445783132532394 0.36144578313253011848 0.30120481927710845982 0.27108433734939757498 0.31325301204819278045 0.31325301204819278045 0.36144578313253011848 0.27710843373493976305 0.30120481927710845982 0.30120481927710845982 0.26506024096385544242 0.30120481927710845982 0.27710843373493976305 0.32530120481927710108 0.28915662650602408368 0.20481927710843372825 0.31325301204819278045 0.23493975903614458534 0.27108433734939757498 0.12650602409638553314 0.096385542168674703811 0.10240963855421686413 0.15662650602409639022 0.21084337349397591632 0.20481927710843372825 0.15060240963855422991 0.10843373493975903832 0.096385542168674703811 0.030120481927710843206 0 0 0 0 0 0 0 0 0 0 0
