Example/niche_identity/models/ENFA/Anolis_chlorocyanus_0.asc
ncols        743
nrows        319
xllcorner    -74.500956448335
yllcorner    17.448920549066
cellsize     0.008333333333
NODATA_value  -9999
[rows 120 to 139 of 319, columns 598 to 643 of 743]
-9999 -9999 -9999 -9999 -9999 -9999 -9999 -9999 -9999 -9999 -9999 -9999 0.083333333333333328707 -9999 -9999 -9999 -9999 -9999 -9999 -9999 -9999 -9999 -9999 -9999 -9999 -9999 -9999 -9999 -9999 -9999 -9999 -9999 -9999 -9999 -9999 -9999 -9999 -9999 -9999 -9999 -9999 -9999 -9999 -9999 -9999 -9999
-9999 -9999 -9999 -9999 -9999 -9999 -9999 -9999 -9999 -9999 0.059523809523809520505 0.10317460317460316888 0.091269841269841264775 0.11507936507936507298 -9999 -9999 -9999 -9999 -9999 -9999 -9999 -9999 -9999 -9999 -9999 -9999 -9999 -9999 -9999 -9999 -9999 -9999 -9999 -9999 -9999 -9999 -9999 -9999 -9999 -9999 -9999 -9999 -9999 -9999 -9999 -9999
-9999 0.11111111111111110494 0.091269841269841264775 -9999 -9999 -9999 -9999 -9999 -9999 0.083333333333333328707 0.10317460317460316888 0.083333333333333328707 0.095238095238095232808 0.10317460317460316888 0.11111111111111110494 -9999 -9999 -9999 -9999 -9999 -9999 -9999 -9999 -9999 -9999 -9999 -9999 -9999 -9999 -9999 -9999 -9999 -9999 -9999 -9999 -9999 -9999 -9999 -9999 -9999 -9999 -9999 -9999 -9999 -9999 -9999
0.30158730158730157056 0.18650793650793651146 0.14682539682539683112 -9999 0.14682539682539683112 0.13492063492063491315 0.099206349206349200842 -9999 -9999 0.11111111111111110494 0.10714285714285713691 0.079365079365079360674 0.083333333333333328707 0.10714285714285713691 0.13492063492063491315 0.13492063492063491315 -9999 -9999 -9999 -9999 -9999 -9999 -9999 -9999 -9999 -9999 -9999 -9999 -9999 -9999 -9999 -9999 -9999 -9999 -9999 -9999 -9999 -9999 -9999 -9999 -9999 -9999 -9999 -9999 -9999 -9999
0.36111111111111110494 0.31746031746031744269 0.28174603174603174427 0.16269841269841270326 0.15476190476190476719 0.16666666666666665741 0.23412698412698412787 0.13492063492063491315 0.11507936507936507298 0.10317460317460316888 0.091269841269841264775 0.10317460317460316888 0.11507936507936507298 0.12301587301587300904 0.13492063492063491315 0.14285714285714284921 -9999 -9999 -9999 -9999 -9999 -9999 -9999 -9999 -9999 -9999 -9999 -9999 -9999 -9999 -9999 -9999 -9999 -9999 -9999 -9999 -9999 -9999 -9999 -9999 -9999 -9999 -9999 -9999 -9999 -9999
0.47619047619047616404 0.46428571428571430157 0.46428571428571430157 0.35317460317460319663 0.34523809523809523281 0.34523809523809523281 0.24206349206349206393 0.13492063492063491315 0.14285714285714284921 0.10317460317460316888 0.095238095238095232808 0.10317460317460316888 0.13492063492063491315 0.11507936507936507298 0.11904761904761904101 0.14682539682539683112 -9999 -9999 -9999 -9999 -9999 -9999 -9999 -9999 -9999 -9999 -9999 -9999 -9999 -9999 -9999 -9999 -9999 -9999 -9999 -9999 -9999 -9999 -9999 -9999 -9999 -9999 -9999 -9999 -9999 -9999
0.50396825396825395416 0.42460317460317459348 0.47619047619047616404 0.42460317460317459348 0.44841269841269842944 0.34920634920634918696 0.32539682539682540652 0.21428571428571427382 0.13492063492063491315 0.091269841269841264775 0.10317460317460316888 0.13888888888888889506 0.14682539682539683112 0.091269841269841264775 0.14682539682539683112 0.15476190476190476719 0.15079365079365078528 0.23412698412698412787 0.24206349206349206393 -9999 -9999 -9999 -9999 -9999 -9999 -9999 -9999 -9999 -9999 -9999 -9999 -9999 -9999 -9999 -9999 -9999 -9999 -9999 -9999 -9999 -9999 -9999 -9999 -9999 -9999 -9999
0.53968253968253965258 0.57539682539682535101 0.51190476190476186247 0.51190476190476186247 0.44841269841269842944 0.34126984126984127865 0.37698412698412697708 0.38095238095238093123 0.42460317460317459348 0.40079365079365081304 0.16666666666666665741 0.091269841269841264775 0.13492063492063491315 0.11507936507936507298 0.16666666666666665741 0.15476190476190476719 0.17063492063492063933 0.13888888888888889506 0.13492063492063491315 0.14682539682539683112 0.28968253968253970809 -9999 -9999 0.28174603174603174427 0.27777777777777779011 0.27380952380952383596 -9999 -9999 -9999 -9999 -9999 -9999 -9999 -9999 -9999 -9999 -9999 -9999 -9999 -9999 -9999 -9999 -9999 -9999 -9999 -9999
0.57142857142857139685 0.53968253968253965258 0.46428571428571430157 0.55952380952380953438 0.4126984126984126755 0.34126984126984127865 0.4126984126984126755 0.44841269841269842944 0.33333333333333331483 0.30158730158730157056 0.30158730158730157056 0.14682539682539683112 0.14682539682539683112 0.10714285714285713691 0.14682539682539683112 0.2023809523809523836 0.16666666666666665741 0.18650793650793651146 0.18650793650793651146 0.16666666666666665741 0.24603174603174601809 0.25396825396825395416 0.26190476190476191798 0.23412698412698412787 0.24603174603174601809 0.27777777777777779011 -9999 -9999 -9999 -9999 -9999 -9999 -9999 -9999 -9999 -9999 -9999 -9999 -9999 -9999 -9999 -9999 -9999 -9999 -9999 0.32539682539682540652
0.58333333333333337034 0.57936507936507941618 0.56746031746031744269 0.56746031746031744269 0.53968253968253965258 0.44841269841269842944 0.4126984126984126755 0.38095238095238093123 0.28174603174603174427 0.30158730158730157056 0.25396825396825395416 0.16666666666666665741 0.25793650793650796382 0.16666666666666665741 0.25396825396825395416 0.14682539682539683112 0.18650793650793651146 0.28174603174603174427 0.23412698412698412787 0.26190476190476191798 0.26984126984126982629 0.23015873015873014595 0.28174603174603174427 0.26984126984126982629 0.26984126984126982629 0.30158730158730157056 0.30952380952380953438 0.28174603174603174427 0.30952380952380953438 -9999 -9999 -9999 -9999 -9999 -9999 -9999 -9999 -9999 -9999 -9999 -9999 -9999 -9999 -9999 -9999 -9999
0.59523809523809523281 0.62301587301587302292 0.60317460317460314112 0.59523809523809523281 0.57142857142857139685 0.50396825396825395416 0.4523809523809523836 0.47222222222222220989 0.5 0.4523809523809523836 0.32539682539682540652 0.30158730158730157056 0.30952380952380953438 0.24603174603174601809 0.24603174603174601809 0.2023809523809523836 0.25396825396825395416 0.27380952380952383596 0.18253968253968252955 0.30952380952380953438 0.31349206349206348854 0.28174603174603174427 0.28968253968253970809 0.28968253968253970809 0.26984126984126982629 0.37301587301587302292 0.33333333333333331483 0.3373015873015873245 0.32539682539682540652 0.30158730158730157056 -9999 -9999 0.32539682539682540652 0.33333333333333331483 0.32936507936507936067 0.31349206349206348854 -9999 -9999 -9999 -9999 -9999 -9999 -9999 -9999 -9999 -9999
0.5873015873015873245 0.62301587301587302292 0.59523809523809523281 0.54761904761904767192 0.59126984126984127865 0.56746031746031744269 0.51190476190476186247 0.48412698412698412787 0.51190476190476186247 0.47619047619047616404 0.42460317460317459348 0.37698412698412697708 0.4523809523809523836 0.28174603174603174427 0.25 0.28174603174603174427 0.26190476190476191798 0.30158730158730157056 0.33333333333333331483 0.32539682539682540652 0.33333333333333331483 0.48015873015873017371 0.29365079365079366225 0.31349206349206348854 0.30952380952380953438 0.34523809523809523281 0.34523809523809523281 0.40476190476190476719 0.32539682539682540652 0.40476190476190476719 0.3373015873015873245 0.33333333333333331483 0.30952380952380953438 0.33333333333333331483 0.34523809523809523281 0.37301587301587302292 0.32936507936507936067 -9999 -9999 0.34126984126984127865 -9999 -9999 0.29365079365079366225 0.40079365079365081304 -9999 -9999
0.64682539682539685888 0.61507936507936511461 0.62301587301587302292 0.59126984126984127865 0.59920634920634918696 0.5873015873015873245 0.54761904761904767192 0.61507936507936511461 0.59126984126984127865 0.53968253968253965258 0.37301587301587302292 0.3373015873015873245 0.32539682539682540652 0.24603174603174601809 0.26190476190476191798 0.24603174603174601809 0.31349206349206348854 0.22222222222222220989 0.32936507936507936067 0.38095238095238093123 0.50396825396825395416 0.56746031746031744269 0.53968253968253965258 0.34126984126984127865 0.38095238095238093123 0.51190476190476186247 0.53968253968253965258 0.50396825396825395416 0.42460317460317459348 0.34523809523809523281 0.28968253968253970809 0.38095238095238093123 0.3373015873015873245 0.33333333333333331483 0.36904761904761906877 0.30952380952380953438 0.38095238095238093123 0.34523809523809523281 0.37301587301587302292 0.32539682539682540652 0.37301587301587302292 0.34126984126984127865 0.34126984126984127865 0.28174603174603174427 -9999 -9999
0.67857142857142860315 0.66666666666666662966 0.63492063492063488539 0.62698412698412697708 0.62698412698412697708 0.59920634920634918696 0.59523809523809523281 0.61507936507936511461 0.64285714285714290472 0.53968253968253965258 0.31349206349206348854 0.32142857142857145236 0.28174603174603174427 0.28968253968253970809 0.28968253968253970809 0.30952380952380953438 0.30952380952380953438 0.2976190476190476164 0.32936507936507936067 0.30158730158730157056 0.51587301587301592765 0.59126984126984127865 0.55952380952380953438 0.51190476190476186247 0.4523809523809523836 0.51587301587301592765 0.55158730158730162607 0.53968253968253965258 0.31349206349206348854 0.42063492063492063933 0.46031746031746029191 0.50396825396825395416 0.53968253968253965258 0.40079365079365081304 0.34523809523809523281 0.35714285714285715079 0.32539682539682540652 0.4523809523809523836 0.34126984126984127865 0.36111111111111110494 0.38095238095238093123 0.34523809523809523281 0.3650793650793650591 0.32936507936507936067 0.30952380952380953438 0.25793650793650796382
0.69444444444444441977 0.68253968253968255731 0.65079365079365081304 0.66666666666666662966 0.62698412698412697708 0.65079365079365081304 0.64682539682539685888 0.62698412698412697708 0.62698412698412697708 0.53968253968253965258 0.30952380952380953438 0.30158730158730157056 0.32539682539682540652 0.2976190476190476164 0.3373015873015873245 0.31349206349206348854 0.3373015873015873245 0.35714285714285715079 0.34523809523809523281 0.34920634920634918696 0.35714285714285715079 0.50396825396825395416 0.59126984126984127865 0.53174603174603174427 0.53968253968253965258 0.53174603174603174427 0.58333333333333337034 0.58333333333333337034 0.42063492063492063933 0.35317460317460319663 0.46428571428571430157 0.55952380952380953438 0.55952380952380953438 0.5 0.5 0.46825396825396825573 0.46031746031746029191 0.42460317460317459348 0.46031746031746029191 0.34126984126984127865 0.44841269841269842944 0.47619047619047616404 0.2976190476190476164 0.48015873015873017371 0.4126984126984126755 0.51190476190476186247
0.70238095238095232808 0.69444444444444441977 0.69444444444444441977 0.64682539682539685888 0.67063492063492058382 0.68253968253968255731 0.65476190476190476719 0.62698412698412697708 0.5873015873015873245 0.48412698412698412787 0.34126984126984127865 0.36111111111111110494 0.3373015873015873245 0.34126984126984127865 0.38095238095238093123 0.38095238095238093123 0.34126984126984127865 0.32936507936507936067 0.31349206349206348854 0.32142857142857145236 0.32936507936507936067 0.35317460317460319663 0.53968253968253965258 0.59126984126984127865 0.5873015873015873245 0.55952380952380953438 0.5873015873015873245 0.5873015873015873245 0.53968253968253965258 0.53174603174603174427 0.4523809523809523836 0.53968253968253965258 0.55952380952380953438 0.57142857142857139685 0.5 0.4126984126984126755 0.43253968253968255731 0.50396825396825395416 0.42063492063492063933 0.45634920634920633775 0.47619047619047616404 0.5873015873015873245 0.33333333333333331483 0.3650793650793650591 0.53968253968253965258 0.4523809523809523836
0.69444444444444441977 0.69444444444444441977 0.69047619047619046562 0.69444444444444441977 0.69841269841269837393 0.69841269841269837393 0.69444444444444441977 0.53968253968253965258 0.53174603174603174427 0.50396825396825395416 0.3373015873015873245 0.34126984126984127865 0.53968253968253965258 0.44047619047619046562 0.31349206349206348854 0.32936507936507936067 0.32936507936507936067 0.36111111111111110494 0.42460317460317459348 0.36111111111111110494 0.51190476190476186247 0.38095238095238093123 0.46428571428571430157 0.51190476190476186247 0.59126984126984127865 0.5873015873015873245 0.59523809523809523281 0.5873015873015873245 0.58333333333333337034 0.59126984126984127865 0.55952380952380953438 0.5873015873015873245 0.55952380952380953438 0.55952380952380953438 0.56746031746031744269 0.4126984126984126755 0.50396825396825395416 0.56746031746031744269 0.51190476190476186247 0.57539682539682535101 0.51190476190476186247 0.53968253968253965258 0.53174603174603174427 0.51190476190476186247 0.55952380952380953438 0.57142857142857139685
0.72619047619047616404 0.75 0.72222222222222220989 0.70634920634920639326 0.70634920634920639326 0.69841269841269837393 0.69444444444444441977 0.57936507936507941618 0.69047619047619046562 0.5873015873015873245 0.50396825396825395416 0.48809523809523808202 0.63492063492063488539 0.51190476190476186247 0.42460317460317459348 0.50396825396825395416 0.46031746031746029191 0.53174603174603174427 0.5 0.4523809523809523836 0.48412698412698412787 0.51190476190476186247 0.51190476190476186247 0.50396825396825395416 0.54761904761904767192 0.59920634920634918696 0.59920634920634918696 0.60317460317460314112 0.60714285714285709528 0.59523809523809523281 0.57539682539682535101 0.57539682539682535101 0.57539682539682535101 0.57539682539682535101 0.53968253968253965258 0.55158730158730162607 0.53571428571428569843 0.46428571428571430157 0.53968253968253965258 0.57539682539682535101 0.57142857142857139685 0.53968253968253965258 0.52777777777777779011 0.55952380952380953438 0.53968253968253965258 0.51587301587301592765
0.75 0.73809523809523813753 0.74206349206349209169 0.7301587301587301182 0.72619047619047616404 0.72222222222222220989 0.71825396825396825573 0.62698412698412697708 0.69444444444444441977 0.62301587301587302292 0.55952380952380953438 0.47619047619047616404 0.61507936507936511461 0.51190476190476186247 0.48809523809523808202 0.51190476190476186247 0.53174603174603174427 0.53968253968253965258 0.46428571428571430157 0.51587301587301592765 0.54761904761904767192 0.53968253968253965258 0.5 0.59523809523809523281 0.53968253968253965258 0.57539682539682535101 0.61904761904761906877 0.59920634920634918696 0.61507936507936511461 0.59126984126984127865 0.59920634920634918696 0.57142857142857139685 0.55952380952380953438 0.59126984126984127865 0.59126984126984127865 0.57936507936507941618 0.62301587301587302292 0.53968253968253965258 0.51587301587301592765 0.55952380952380953438 0.55952380952380953438 0.57539682539682535101 0.55952380952380953438 0.53571428571428569843 0.48412698412698412787 0.41666666666666668517
0.76587301587301592765 0.75 0.75 0.75 0.75 0.75 0.74603174603174604584 0.72222222222222220989 0.71825396825396825573 0.71031746031746034742 0.61507936507936511461 0.57936507936507941618 0.64682539682539685888 0.56746031746031744269 0.5198412698412698818 0.51587301587301592765 0.53174603174603174427 0.48412698412698412787 0.57142857142857139685 0.57539682539682535101 0.59523809523809523281 0.59126984126984127865 0.53174603174603174427 0.59126984126984127865 0.55952380952380953438 0.54365079365079360674 0.55952380952380953438 0.60317460317460314112 0.62698412698412697708 0.62698412698412697708 0.61904761904761906877 0.59126984126984127865 0.57539682539682535101 0.62698412698412697708 0.59126984126984127865 0.56746031746031744269 0.60317460317460314112 0.59126984126984127865 0.59126984126984127865 0.57539682539682535101 0.57539682539682535101 0.48809523809523808202 0.47222222222222220989 0.44444444444444441977 0.4523809523809523836 0.4523809523809523836
