Example/niche_identity/models/ENFA/Anolis_coelestinus_0.asc
ncols        743
nrows        319
xllcorner    -74.500956448335
yllcorner    17.448920549066
cellsize     0.008333333333
NODATA_value  -9999
[rows 160 to 179 of 319, columns 552 to 597 of 743]
0.22289156626506023695 0.18072289156626505924 0.15060240963855422991 0.18072289156626505924 0.20481927710843372825 0.17469879518072289892 0.19879518072289156794 0.15662650602409639022 0.15662650602409639022 0.18072289156626505924 0.18072289156626505924 0.13253012048192772121 0.18072289156626505924 0.17469879518072289892 0.12650602409638553314 0.18072289156626505924 0.17469879518072289892 0.19879518072289156794 0.24096385542168674565 0.27108433734939757498 0.24096385542168674565 0.28915662650602408368 0.31325301204819278045 0.36144578313253011848 0.40361445783132532394 0.4638554216867469826 0.47590361445783130323 0.51204819277108437614 0.52409638554216864126 0.5542168674698795261 0.56626506024096390224 0.56626506024096390224 0.64457831325301206959 0.66265060240963857829 0.65662650602409633471 0.69277108433734935211 0.66867469879518071085 0.78313253012048189561 0.72891566265060236951 0.71084337349397586081 0.80120481927710840431 0.78915662650602413919 0.84337349397590366529 0.77710843373493976305 0.60240963855421691964 0.78313253012048189561
0.18072289156626505924 0.16867469879518071085 0.15060240963855422991 0.15662650602409639022 0.17469879518072289892 0.19277108433734940762 0.19277108433734940762 0.17469879518072289892 0.18072289156626505924 0.19277108433734940762 0.17469879518072289892 0.19277108433734940762 0.19879518072289156794 0.19277108433734940762 0.19277108433734940762 0.17469879518072289892 0.17469879518072289892 0.22289156626506023695 0.27108433734939757498 0.19277108433734940762 0.24096385542168674565 0.28915662650602408368 0.34939759036144579785 0.40361445783132532394 0.4638554216867469826 0.47590361445783130323 0.4819277108433734913 0.52409638554216864126 0.53012048192771088484 0.56024096385542165866 0.56024096385542165866 0.5903614457831325435 0.6084337349397590522 0.65662650602409633471 0.72891566265060236951 0.74096385542168674565 0.6265060240963855609 0.65662650602409633471 0.78313253012048189561 0.78915662650602413919 0.77710843373493976305 0.78313253012048189561 0.72891566265060236951 0.78915662650602413919 0.78313253012048189561 0.78313253012048189561
0.18072289156626505924 0.19277108433734940762 0.18674698795180721955 0.19879518072289156794 0.15060240963855422991 0.19277108433734940762 0.16867469879518071085 0.19277108433734940762 0.18072289156626505924 0.20481927710843372825 0.18072289156626505924 0.15060240963855422991 0.19879518072289156794 0.19277108433734940762 0.18072289156626505924 0.22289156626506023695 0.18072289156626505924 0.21084337349397591632 0.21084337349397591632 0.25301204819277106628 0.27108433734939757498 0.30722891566265059238 0.32530120481927710108 0.4457831325301204739 0.4277108433734939652 0.48795180722891567937 0.50602409638554213256 0.4819277108433734913 0.5 0.51204819277108437614 0.5361445783132530174 0.58433734939759041094 0.59638554216867467606 0.56626506024096390224 0.64457831325301206959 0.73493975903614461309 0.73493975903614461309 0.68674698795180721955 0.64457831325301206959 0.72289156626506023695 0.6265060240963855609 0.69277108433734935211 0.78313253012048189561 0.69277108433734935211 0.76506024096385538691 0.78313253012048189561
0.19277108433734940762 0.15662650602409639022 0.19277108433734940762 0.21084337349397591632 0.15662650602409639022 0.17469879518072289892 0.21084337349397591632 0.18072289156626505924 0.17469879518072289892 0.18072289156626505924 0.20481927710843372825 0.17469879518072289892 0.15662650602409639022 0.16265060240963855054 0.19277108433734940762 0.18072289156626505924 0.19277108433734940762 0.19879518072289156794 0.23493975903614458534 0.27108433734939757498 0.30120481927710845982 0.32530120481927710108 0.38554216867469881524 0.45180722891566266197 0.4277108433734939652 0.38554216867469881524 0.47590361445783130323 0.4819277108433734913 0.52409638554216864126 0.51204819277108437614 0.47590361445783130323 0.5 0.61445783132530118476 0.54819277108433739354 0.64457831325301206959 0.63253012048192769345 0.69277108433734935211 0.65662650602409633471 0.71084337349397586081 0.69277108433734935211 0.69277108433734935211 0.72891566265060236951 0.72891566265060236951 0.64457831325301206959 0.73493975903614461309 0.74698795180722887821
0.21084337349397591632 0.17469879518072289892 0.19277108433734940762 0.19277108433734940762 0.19879518072289156794 0.18072289156626505924 0.19879518072289156794 0.18072289156626505924 0.18072289156626505924 0.16867469879518071085 0.18072289156626505924 0.18072289156626505924 0.17469879518072289892 0.19277108433734940762 0.21084337349397591632 0.20481927710843372825 0.21084337349397591632 0.19879518072289156794 0.26506024096385544242 0.28313253012048195112 0.30120481927710845982 0.32530120481927710108 0.40361445783132532394 0.36144578313253011848 0.43373493975903615327 0.4819277108433734913 0.4819277108433734913 0.4819277108433734913 0.50602409638554213256 0.5 0.54216867469879514996 0.50602409638554213256 0.62048192771084342834 0.56024096385542165866 0.64457831325301206959 0.67469879518072284341 0.69277108433734935211 0.5903614457831325435 0.72891566265060236951 0.77108433734939763049 0.65662650602409633471 0.65662650602409633471 0.69277108433734935211 0.78313253012048189561 0.78915662650602413919 0.72891566265060236951
0.22289156626506023695 0.19277108433734940762 0.19879518072289156794 0.21084337349397591632 0.19879518072289156794 0.21084337349397591632 0.21084337349397591632 0.21084337349397591632 0.19277108433734940762 0.19879518072289156794 0.18072289156626505924 0.15662650602409639022 0.18072289156626505924 0.19277108433734940762 0.19879518072289156794 0.21084337349397591632 0.20481927710843372825 0.25301204819277106628 0.30722891566265059238 0.31325301204819278045 0.36746987951807230655 0.32530120481927710108 0.4277108433734939652 0.36746987951807230655 0.46987951807228917067 0.3915662650602409478 0.48795180722891567937 0.50602409638554213256 0.5542168674698795261 0.4638554216867469826 0.56626506024096390224 0.56024096385542165866 0.56024096385542165866 0.6084337349397590522 0.69277108433734935211 0.61445783132530118476 0.71084337349397586081 0.6265060240963855609 0.64457831325301206959 0.58433734939759041094 0.56626506024096390224 0.72289156626506023695 0.64457831325301206959 0.5722891566265060348 0.74698795180722887821 0.78313253012048189561
0.19879518072289156794 0.20481927710843372825 0.20481927710843372825 0.21084337349397591632 0.21084337349397591632 0.21084337349397591632 0.19277108433734940762 0.21084337349397591632 0.19277108433734940762 0.18072289156626505924 0.18072289156626505924 0.19879518072289156794 0.19879518072289156794 0.19277108433734940762 0.20481927710843372825 0.21084337349397591632 0.21686746987951807664 0.26506024096385544242 0.26506024096385544242 0.28313253012048195112 0.30120481927710845982 0.36746987951807230655 0.40361445783132532394 0.33132530120481928915 0.41566265060240964457 0.43373493975903615327 0.50602409638554213256 0.51204819277108437614 0.53012048192771088484 0.5180722891566265087 0.54216867469879514996 0.56024096385542165866 0.64457831325301206959 0.64457831325301206959 0.62048192771084342834 0.5903614457831325435 0.69277108433734935211 0.58433734939759041094 0.5542168674698795261 0.62048192771084342834 0.62048192771084342834 0.65662650602409633471 0.56626506024096390224 0.65060240963855420215 0.72891566265060236951 0.78313253012048189561
0.19879518072289156794 0.21084337349397591632 0.21084337349397591632 0.18072289156626505924 0.21084337349397591632 0.22289156626506023695 0.24096385542168674565 0.21084337349397591632 0.21084337349397591632 0.21084337349397591632 0.21084337349397591632 0.22289156626506023695 0.21084337349397591632 0.21686746987951807664 0.21084337349397591632 0.23493975903614458534 0.23493975903614458534 0.30120481927710845982 0.33132530120481928915 0.30120481927710845982 0.31325301204819278045 0.3734939759036144391 0.33132530120481928915 0.36144578313253011848 0.46987951807228917067 0.4277108433734939652 0.50602409638554213256 0.5542168674698795261 0.5542168674698795261 0.54819277108433739354 0.61445783132530118476 0.5722891566265060348 0.64457831325301206959 0.6265060240963855609 0.58433734939759041094 0.62048192771084342834 0.64457831325301206959 0.65662650602409633471 0.75903614457831325435 0.69277108433734935211 0.61445783132530118476 0.56626506024096390224 0.56024096385542165866 0.5542168674698795261 0.73493975903614461309 0.78313253012048189561
0.21084337349397591632 0.21084337349397591632 0.20481927710843372825 0.21084337349397591632 0.21084337349397591632 0.21084337349397591632 0.24096385542168674565 0.21686746987951807664 0.21084337349397591632 0.21084337349397591632 0.21084337349397591632 0.21084337349397591632 0.23493975903614458534 0.21084337349397591632 0.27108433734939757498 0.25903614457831325435 0.28313253012048195112 0.30120481927710845982 0.31325301204819278045 0.30120481927710845982 0.30120481927710845982 0.32530120481927710108 0.38554216867469881524 0.34939759036144579785 0.4638554216867469826 0.4819277108433734913 0.50602409638554213256 0.51204819277108437614 0.56024096385542165866 0.5542168674698795261 0.58433734939759041094 0.62048192771084342834 0.6265060240963855609 0.64457831325301206959 0.60240963855421691964 0.69277108433734935211 0.64457831325301206959 0.64457831325301206959 0.59638554216867467606 0.63253012048192769345 0.75301204819277112179 0.63253012048192769345 0.5722891566265060348 0.64457831325301206959 0.70481927710843372825 0.72891566265060236951
0.21084337349397591632 0.21686746987951807664 0.21084337349397591632 0.21084337349397591632 0.21084337349397591632 0.21084337349397591632 0.24096385542168674565 0.18674698795180721955 0.21084337349397591632 0.23493975903614458534 0.22289156626506023695 0.27108433734939757498 0.26506024096385544242 0.26506024096385544242 0.27108433734939757498 0.27108433734939757498 0.32530120481927710108 0.33132530120481928915 0.36144578313253011848 0.34939759036144579785 0.3915662650602409478 0.37951807228915662717 0.32530120481927710108 0.4638554216867469826 0.4819277108433734913 0.5 0.5 0.5 0.54819277108433739354 0.5903614457831325435 0.58433734939759041094 0.62048192771084342834 0.64457831325301206959 0.64457831325301206959 0.57831325301204816736 0.62048192771084342834 0.5903614457831325435 0.74096385542168674565 0.57831325301204816736 0.6265060240963855609 0.73493975903614461309 0.68072289156626508699 0.64457831325301206959 0.78313253012048189561 0.6084337349397590522 0.64457831325301206959
0.21686746987951807664 0.24096385542168674565 0.23493975903614458534 0.23493975903614458534 0.22289156626506023695 0.21686746987951807664 0.26506024096385544242 0.24096385542168674565 0.24096385542168674565 0.24096385542168674565 0.24698795180722890596 0.23493975903614458534 0.26506024096385544242 0.28915662650602408368 0.27710843373493976305 0.27710843373493976305 0.31325301204819278045 0.28313253012048195112 0.3915662650602409478 0.34939759036144579785 0.33734939759036142171 0.4096385542168674565 0.4638554216867469826 0.49397590361445781193 0.50602409638554213256 0.50602409638554213256 0.52409638554216864126 0.5361445783132530174 0.56626506024096390224 0.5722891566265060348 0.58433734939759041094 0.62048192771084342834 0.58433734939759041094 0.62048192771084342834 0.5722891566265060348 0.5903614457831325435 0.72891566265060236951 0.64457831325301206959 0.6265060240963855609 0.6084337349397590522 0.64457831325301206959 0.78313253012048189561 0.64457831325301206959 0.63253012048192769345 0.5903614457831325435 0.64457831325301206959
0.24096385542168674565 0.25301204819277106628 0.20481927710843372825 0.24096385542168674565 0.24096385542168674565 0.21084337349397591632 0.24096385542168674565 0.24096385542168674565 0.26506024096385544242 0.25903614457831325435 0.27108433734939757498 0.26506024096385544242 0.28313253012048195112 0.30120481927710845982 0.31325301204819278045 0.27108433734939757498 0.31325301204819278045 0.31325301204819278045 0.33734939759036142171 0.33734939759036142171 0.36746987951807230655 0.4638554216867469826 0.46987951807228917067 0.4819277108433734913 0.51204819277108437614 0.56626506024096390224 0.56024096385542165866 0.58433734939759041094 0.62048192771084342834 0.5361445783132530174 0.62048192771084342834 0.60240963855421691964 0.64457831325301206959 0.66265060240963857829 0.69277108433734935211 0.76506024096385538691 0.5722891566265060348 0.59638554216867467606 0.5903614457831325435 0.64457831325301206959 0.69277108433734935211 0.64457831325301206959 0.63253012048192769345 0.84337349397590366529 0.65662650602409633471 0.65662650602409633471
0.24096385542168674565 0.25903614457831325435 0.26506024096385544242 0.24096385542168674565 0.24698795180722890596 0.24096385542168674565 0.23493975903614458534 0.23493975903614458534 0.26506024096385544242 0.28313253012048195112 0.28313253012048195112 0.27108433734939757498 0.28313253012048195112 0.32530120481927710108 0.28313253012048195112 0.28313253012048195112 0.35542168674698793041 0.32530120481927710108 0.34337349397590360978 0.38554216867469881524 0.4819277108433734913 0.4819277108433734913 0.5 0.5180722891566265087 0.56626506024096390224 0.56024096385542165866 0.56626506024096390224 0.58433734939759041094 0.58433734939759041094 0.56626506024096390224 0.60240963855421691964 0.65662650602409633471 0.66867469879518071085 0.64457831325301206959 0.64457831325301206959 0.56626506024096390224 0.56626506024096390224 0.60240963855421691964 0.69277108433734935211 0.56626506024096390224 0.73493975903614461309 0.74096385542168674565 0.64457831325301206959 0.84337349397590366529 0.71084337349397586081 0.8734939759036144391
0.23493975903614458534 0.25903614457831325435 0.27710843373493976305 0.23493975903614458534 0.25903614457831325435 0.25301204819277106628 0.21084337349397591632 0.26506024096385544242 0.28313253012048195112 0.27710843373493976305 0.27710843373493976305 0.28313253012048195112 0.26506024096385544242 0.33132530120481928915 0.28915662650602408368 0.28313253012048195112 0.30120481927710845982 0.31325301204819278045 0.3734939759036144391 0.3734939759036144391 0.5 0.5 0.51204819277108437614 0.54216867469879514996 0.58433734939759041094 0.54819277108433739354 0.56024096385542165866 0.56024096385542165866 0.56626506024096390224 0.58433734939759041094 0.62048192771084342834 0.64457831325301206959 0.69277108433734935211 0.61445783132530118476 0.65662650602409633471 0.54819277108433739354 0.62048192771084342834 0.64457831325301206959 0.64457831325301206959 0.64457831325301206959 0.6084337349397590522 0.69277108433734935211 0.67469879518072284341 0.69277108433734935211 0.64457831325301206959 0.69277108433734935211
0.27108433734939757498 0.28313253012048195112 0.28313253012048195112 0.28313253012048195112 0.28313253012048195112 0.27710843373493976305 0.27108433734939757498 0.28313253012048195112 0.30120481927710845982 0.30722891566265059238 0.27108433734939757498 0.30120481927710845982 0.31325301204819278045 0.27710843373493976305 0.30120481927710845982 0.4096385542168674565 0.31325301204819278045 0.30722891566265059238 0.5 0.5 0.51204819277108437614 0.51204819277108437614 0.5361445783132530174 0.54216867469879514996 0.51204819277108437614 0.53012048192771088484 0.54216867469879514996 0.56626506024096390224 0.56626506024096390224 0.5722891566265060348 0.6084337349397590522 0.64457831325301206959 0.5903614457831325435 0.62048192771084342834 0.6265060240963855609 0.5542168674698795261 0.56024096385542165866 0.65060240963855420215 0.65662650602409633471 0.61445783132530118476 0.5903614457831325435 0.60240963855421691964 0.64457831325301206959 0.76506024096385538691 0.67469879518072284341 0.69277108433734935211
0.28313253012048195112 0.26506024096385544242 0.28915662650602408368 0.27710843373493976305 0.30120481927710845982 0.31325301204819278045 0.31325301204819278045 0.28313253012048195112 0.30120481927710845982 0.31325301204819278045 0.33132530120481928915 0.32530120481927710108 0.32530120481927710108 0.33132530120481928915 0.40361445783132532394 0.36144578313253011848 0.36144578313253011848 0.40361445783132532394 0.50602409638554213256 0.51204819277108437614 0.52409638554216864126 0.54819277108433739354 0.5542168674698795261 0.5361445783132530174 0.56024096385542165866 0.56024096385542165866 0.56626506024096390224 0.62048192771084342834 0.5722891566265060348 0.5903614457831325435 0.5903614457831325435 0.59638554216867467606 0.65662650602409633471 0.66867469879518071085 0.66265060240963857829 0.56626506024096390224 0.64457831325301206959 0.70481927710843372825 0.68072289156626508699 0.71084337349397586081 0.66867469879518071085 0.57831325301204816736 0.69277108433734935211 0.72891566265060236951 0.78313253012048189561 0.76506024096385538691
0.26506024096385544242 0.27710843373493976305 0.28313253012048195112 0.28313253012048195112 0.27108433734939757498 0.27108433734939757498 0.31325301204819278045 0.31325301204819278045 0.32530120481927710108 0.31325301204819278045 0.36144578313253011848 0.33132530120481928915 0.34939759036144579785 0.35542168674698793041 0.45783132530120479453 0.36746987951807230655 0.36746987951807230655 0.48795180722891567937 0.50602409638554213256 0.53012048192771088484 0.5180722891566265087 0.54819277108433739354 0.56024096385542165866 0.5722891566265060348 0.60240963855421691964 0.56024096385542165866 0.56024096385542165866 0.5361445783132530174 0.5722891566265060348 0.63253012048192769345 0.69277108433734935211 0.64457831325301206959 0.5903614457831325435 0.64457831325301206959 0.65662650602409633471 0.64457831325301206959 0.73493975903614461309 0.64457831325301206959 0.69277108433734935211 0.65662650602409633471 0.69277108433734935211 0.70481927710843372825 0.60240963855421691964 0.72891566265060236951 0.80120481927710840431 0.80120481927710840431
0.28313253012048195112 0.30722891566265059238 0.33132530120481928915 0.30120481927710845982 0.34939759036144579785 0.31325301204819278045 0.33132530120481928915 0.30120481927710845982 0.31325301204819278045 0.28313253012048195112 0.31325301204819278045 0.32530120481927710108 0.33734939759036142171 0.36144578313253011848 0.46987951807228917067 0.4638554216867469826 0.46987951807228917067 0.4096385542168674565 0.50602409638554213256 0.50602409638554213256 0.54216867469879514996 0.56024096385542165866 0.56626506024096390224 0.5542168674698795261 0.60240963855421691964 0.53012048192771088484 0.61445783132530118476 0.62048192771084342834 0.64457831325301206959 0.64457831325301206959 0.65662650602409633471 0.67469879518072284341 0.75301204819277112179 0.63253012048192769345 0.64457831325301206959 0.76506024096385538691 0.77710843373493976305 0.69277108433734935211 0.73493975903614461309 0.72891566265060236951 0.72891566265060236951 0.66265060240963857829 0.65662650602409633471 0.75301204819277112179 0.72891566265060236951 0.80722891566265064789
0.33132530120481928915 0.34337349397590360978 0.31325301204819278045 0.30120481927710845982 0.36144578313253011848 0.32530120481927710108 0.31325301204819278045 0.34939759036144579785 0.32530120481927710108 0.30120481927710845982 0.30120481927710845982 0.36144578313253011848 0.32530120481927710108 0.4638554216867469826 0.45783132530120479453 0.4638554216867469826 0.4819277108433734913 0.46987951807228917067 0.50602409638554213256 0.51204819277108437614 0.51204819277108437614 0.52409638554216864126 0.54819277108433739354 0.56626506024096390224 0.56626506024096390224 0.56626506024096390224 0.63253012048192769345 0.64457831325301206959 0.69879518072289159569 0.77710843373493976305 0.66867469879518071085 0.68072289156626508699 0.78915662650602413919 0.64457831325301206959 0.63253012048192769345 0.72891566265060236951 0.76506024096385538691 0.66867469879518071085 0.78915662650602413919 0.78313253012048189561 0.70481927710843372825 0.64457831325301206959 0.71084337349397586081 0.78313253012048189561 0.87951807228915657166 0.83132530120481928915
0.3734939759036144391 0.36144578313253011848 0.31325301204819278045 0.30120481927710845982 0.33132530120481928915 0.36746987951807230655 0.32530120481927710108 0.36746987951807230655 0.38554216867469881524 0.33132530120481928915 0.34939759036144579785 0.38554216867469881524 0.39759036144578313587 0.45783132530120479453 0.46987951807228917067 0.4819277108433734913 0.4819277108433734913 0.48795180722891567937 0.5 0.5361445783132530174 0.5180722891566265087 0.56024096385542165866 0.5903614457831325435 0.6084337349397590522 0.64457831325301206959 0.64457831325301206959 0.64457831325301206959 0.75903614457831325435 0.84337349397590366529 0.73493975903614461309 0.78313253012048189561 0.78313253012048189561 0.80120481927710840431 0.81927710843373491301 0.78915662650602413919 0.72891566265060236951 0.76506024096385538691 0.78915662650602413919 0.72891566265060236951 0.85542168674698793041 0.77710843373493976305 0.78915662650602413919 0.76506024096385538691 0.75903614457831325435 0.73493975903614461309 0.88554216867469881524
