Example/niche_identity/models/ENFA/Anolis_chlorocyanus_0.asc
ncols        743
nrows        319
xllcorner    -74.500956448335
yllcorner    17.448920549066
cellsize     0.008333333333
NODATA_value  -9999
[rows 180 to 199 of 319, columns 506 to 551 of 743]
0.45634920634920633775 0.24603174603174601809 0.57142857142857139685 0.70634920634920639326 0.84126984126984127865 0.85317460317460314112 0.83333333333333337034 0.68650793650793651146 0.56746031746031744269 0.4523809523809523836 0.46825396825396825573 0.44444444444444441977 0.3373015873015873245 0.3373015873015873245 0.32936507936507936067 0.32936507936507936067 0.30952380952380953438 0.35714285714285715079 0.30555555555555558023 0.30158730158730157056 0.30158730158730157056 0.27380952380952383596 0.31746031746031744269 0.2976190476190476164 0.28968253968253970809 0.28968253968253970809 0.30158730158730157056 0.28968253968253970809 0.28968253968253970809 0.2976190476190476164 0.31349206349206348854 0.28571428571428569843 0.30158730158730157056 0.31349206349206348854 0.30952380952380953438 0.30952380952380953438 0.31349206349206348854 0.32539682539682540652 0.32539682539682540652 0.34126984126984127865 0.34126984126984127865 0.34523809523809523281 0.34126984126984127865 0.34126984126984127865 0.35714285714285715079 0.34523809523809523281
0.59126984126984127865 0.69444444444444441977 0.75 0.63492063492063488539 0.60714285714285709528 0.8373015873015873245 0.83333333333333337034 0.90079365079365081304 0.53968253968253965258 0.4523809523809523836 0.46031746031746029191 0.42063492063492063933 0.34126984126984127865 0.34523809523809523281 0.34126984126984127865 0.31746031746031744269 0.30555555555555558023 0.32936507936507936067 0.2976190476190476164 0.34126984126984127865 0.32539682539682540652 0.32539682539682540652 0.32539682539682540652 0.30158730158730157056 0.32142857142857145236 0.32539682539682540652 0.31746031746031744269 0.32936507936507936067 0.32539682539682540652 0.32142857142857145236 0.31349206349206348854 0.32539682539682540652 0.31349206349206348854 0.34523809523809523281 0.32936507936507936067 0.30952380952380953438 0.33333333333333331483 0.34126984126984127865 0.3373015873015873245 0.34126984126984127865 0.34523809523809523281 0.36111111111111110494 0.40476190476190476719 0.35317460317460319663 0.38095238095238093123 0.40476190476190476719
0.26587301587301587213 0.46825396825396825573 0.68650793650793651146 0.85317460317460314112 0.84126984126984127865 0.88888888888888883955 0.90079365079365081304 0.89285714285714290472 0.63492063492063488539 0.75 0.65476190476190476719 0.42460317460317459348 0.53968253968253965258 0.3373015873015873245 0.40079365079365081304 0.39682539682539680337 0.38095238095238093123 0.38095238095238093123 0.40476190476190476719 0.34523809523809523281 0.34126984126984127865 0.34523809523809523281 0.32936507936507936067 0.34523809523809523281 0.34126984126984127865 0.34126984126984127865 0.30952380952380953438 0.34126984126984127865 0.32936507936507936067 0.34523809523809523281 0.34126984126984127865 0.34126984126984127865 0.3373015873015873245 0.3373015873015873245 0.34523809523809523281 0.34126984126984127865 0.34126984126984127865 0.3373015873015873245 0.34126984126984127865 0.38095238095238093123 0.40476190476190476719 0.39682539682539680337 0.4126984126984126755 0.44047619047619046562 0.42063492063492063933 0.4126984126984126755
0.27380952380952383596 0.57539682539682535101 0.62698412698412697708 0.89285714285714290472 0.85317460317460314112 0.84126984126984127865 0.77777777777777779011 0.80555555555555558023 0.75 0.74603174603174604584 0.76190476190476186247 0.56746031746031744269 0.57142857142857139685 0.51190476190476186247 0.39682539682539680337 0.34523809523809523281 0.36111111111111110494 0.4126984126984126755 0.33333333333333331483 0.34126984126984127865 0.36111111111111110494 0.34523809523809523281 0.38095238095238093123 0.32539682539682540652 0.34523809523809523281 0.36904761904761906877 0.34523809523809523281 0.34126984126984127865 0.35317460317460319663 0.34126984126984127865 0.37301587301587302292 0.35714285714285715079 0.34523809523809523281 0.34126984126984127865 0.39682539682539680337 0.36904761904761906877 0.34920634920634918696 0.39682539682539680337 0.40476190476190476719 0.36904761904761906877 0.4523809523809523836 0.45634920634920633775 0.4523809523809523836 0.4523809523809523836 0.47619047619047616404 0.47619047619047616404
0.53968253968253965258 0.55952380952380953438 0.69444444444444441977 0.79761904761904767192 0.76587301587301592765 0.83333333333333337034 0.80952380952380953438 0.83333333333333337034 0.80952380952380953438 0.89682539682539685888 0.90079365079365081304 0.69047619047619046562 0.51587301587301592765 0.4126984126984126755 0.46825396825396825573 0.5 0.5 0.34523809523809523281 0.4126984126984126755 0.42460317460317459348 0.4523809523809523836 0.39682539682539680337 0.34920634920634918696 0.35317460317460319663 0.3373015873015873245 0.3373015873015873245 0.40079365079365081304 0.4523809523809523836 0.40476190476190476719 0.40873015873015872135 0.40079365079365081304 0.38095238095238093123 0.40079365079365081304 0.38095238095238093123 0.40476190476190476719 0.37301587301587302292 0.38095238095238093123 0.42460317460317459348 0.40476190476190476719 0.4523809523809523836 0.42460317460317459348 0.4523809523809523836 0.51190476190476186247 0.50396825396825395416 0.53174603174603174427 0.51190476190476186247
0.57142857142857139685 0.76587301587301592765 0.62698412698412697708 0.75 0.84126984126984127865 0.79365079365079360674 0.90079365079365081304 0.68253968253968255731 0.74206349206349209169 0.69444444444444441977 0.71428571428571430157 0.57539682539682535101 0.50396825396825395416 0.48015873015873017371 0.5 0.5 0.42063492063492063933 0.47619047619047616404 0.40476190476190476719 0.4523809523809523836 0.37698412698412697708 0.46825396825396825573 0.42460317460317459348 0.44841269841269842944 0.36904761904761906877 0.4523809523809523836 0.42063492063492063933 0.35714285714285715079 0.4523809523809523836 0.37301587301587302292 0.46031746031746029191 0.42460317460317459348 0.4523809523809523836 0.4126984126984126755 0.4523809523809523836 0.4523809523809523836 0.45634920634920633775 0.44841269841269842944 0.48809523809523808202 0.48412698412698412787 0.53174603174603174427 0.53571428571428569843 0.53571428571428569843 0.53968253968253965258 0.53968253968253965258 0.55952380952380953438
0.51190476190476186247 0.69444444444444441977 0.68650793650793651146 0.82142857142857139685 0.77777777777777779011 0.80555555555555558023 0.85317460317460314112 0.85317460317460314112 0.72619047619047616404 0.72222222222222220989 0.77777777777777779011 0.68253968253968255731 0.69841269841269837393 0.53968253968253965258 0.55952380952380953438 0.44047619047619046562 0.4523809523809523836 0.4523809523809523836 0.4523809523809523836 0.50793650793650790831 0.42063492063492063933 0.46825396825396825573 0.48015873015873017371 0.42063492063492063933 0.4126984126984126755 0.5 0.48412698412698412787 0.41666666666666668517 0.46825396825396825573 0.40079365079365081304 0.4523809523809523836 0.5 0.46428571428571430157 0.46825396825396825573 0.46428571428571430157 0.48015873015873017371 0.5 0.50396825396825395416 0.45634920634920633775 0.51190476190476186247 0.53968253968253965258 0.55952380952380953438 0.55952380952380953438 0.57142857142857139685 0.57142857142857139685 0.57539682539682535101
0.45634920634920633775 0.45634920634920633775 0.57539682539682535101 0.65079365079365081304 0.74206349206349209169 0.65079365079365081304 0.77777777777777779011 0.87301587301587302292 0.80952380952380953438 0.83333333333333337034 0.82142857142857139685 0.75793650793650790831 0.87301587301587302292 0.59126984126984127865 0.57142857142857139685 0.55952380952380953438 0.55555555555555558023 0.51190476190476186247 0.4523809523809523836 0.42460317460317459348 0.51190476190476186247 0.47619047619047616404 0.35317460317460319663 0.41666666666666668517 0.4523809523809523836 0.47222222222222220989 0.53968253968253965258 0.37301587301587302292 0.34920634920634918696 0.5 0.5 0.50396825396825395416 0.4523809523809523836 0.51190476190476186247 0.50396825396825395416 0.51190476190476186247 0.53968253968253965258 0.51587301587301592765 0.53174603174603174427 0.53968253968253965258 0.53968253968253965258 0.56349206349206348854 0.57539682539682535101 0.57539682539682535101 0.5873015873015873245 0.59920634920634918696
0.62698412698412697708 0.59126984126984127865 0.73809523809523813753 0.75 0.71825396825396825573 0.79761904761904767192 0.82142857142857139685 0.78174603174603174427 0.76190476190476186247 0.71428571428571430157 0.8373015873015873245 0.76190476190476186247 0.59920634920634918696 0.64682539682539685888 0.5873015873015873245 0.5 0.51190476190476186247 0.48412698412698412787 0.51190476190476186247 0.51190476190476186247 0.4523809523809523836 0.5 0.53968253968253965258 0.4523809523809523836 0.51190476190476186247 0.53968253968253965258 0.44047619047619046562 0.51190476190476186247 0.51190476190476186247 0.51190476190476186247 0.50396825396825395416 0.53174603174603174427 0.50793650793650790831 0.53968253968253965258 0.4523809523809523836 0.53968253968253965258 0.53968253968253965258 0.55952380952380953438 0.54365079365079360674 0.55952380952380953438 0.57539682539682535101 0.5873015873015873245 0.57539682539682535101 0.61507936507936511461 0.61904761904761906877 0.62698412698412697708
0.69444444444444441977 0.72619047619047616404 0.76587301587301592765 0.86507936507936511461 0.86507936507936511461 0.86507936507936511461 0.77777777777777779011 0.80555555555555558023 0.73412698412698407235 0.69047619047619046562 0.69444444444444441977 0.76587301587301592765 0.82142857142857139685 0.78571428571428569843 0.68650793650793651146 0.62698412698412697708 0.5 0.48809523809523808202 0.57142857142857139685 0.53968253968253965258 0.51190476190476186247 0.51587301587301592765 0.53968253968253965258 0.5 0.48809523809523808202 0.53968253968253965258 0.53968253968253965258 0.55952380952380953438 0.53968253968253965258 0.53968253968253965258 0.51190476190476186247 0.46825396825396825573 0.52777777777777779011 0.53968253968253965258 0.54761904761904767192 0.54761904761904767192 0.55952380952380953438 0.53174603174603174427 0.57936507936507941618 0.57142857142857139685 0.57936507936507941618 0.59920634920634918696 0.62698412698412697708 0.62698412698412697708 0.63492063492063488539 0.65873015873015872135
0.75 0.69444444444444441977 0.78174603174603174427 0.70238095238095232808 0.81746031746031744269 0.83333333333333337034 0.74603174603174604584 0.89285714285714290472 0.77777777777777779011 0.64682539682539685888 0.59920634920634918696 0.68253968253968255731 0.76587301587301592765 0.72222222222222220989 0.74603174603174604584 0.56746031746031744269 0.53968253968253965258 0.5873015873015873245 0.53968253968253965258 0.59126984126984127865 0.57539682539682535101 0.56746031746031744269 0.54761904761904767192 0.55555555555555558023 0.57539682539682535101 0.53968253968253965258 0.53968253968253965258 0.53174603174603174427 0.55952380952380953438 0.51587301587301592765 0.53571428571428569843 0.53968253968253965258 0.55952380952380953438 0.55952380952380953438 0.56746031746031744269 0.57142857142857139685 0.56746031746031744269 0.57936507936507941618 0.57142857142857139685 0.58333333333333337034 0.60714285714285709528 0.61507936507936511461 0.61904761904761906877 0.66666666666666662966 0.67857142857142860315 0.68253968253968255731
0.75 0.77777777777777779011 0.65079365079365081304 0.82142857142857139685 0.70238095238095232808 0.78174603174603174427 0.86111111111111116045 0.70634920634920639326 0.77777777777777779011 0.70238095238095232808 0.73809523809523813753 0.69444444444444441977 0.74603174603174604584 0.75793650793650790831 0.6626984126984126755 0.60714285714285709528 0.61507936507936511461 0.55952380952380953438 0.63492063492063488539 0.57936507936507941618 0.62301587301587302292 0.5873015873015873245 0.59920634920634918696 0.55952380952380953438 0.56746031746031744269 0.55952380952380953438 0.50396825396825395416 0.55952380952380953438 0.53571428571428569843 0.55952380952380953438 0.51190476190476186247 0.55952380952380953438 0.57539682539682535101 0.57539682539682535101 0.57142857142857139685 0.57539682539682535101 0.57142857142857139685 0.5873015873015873245 0.59920634920634918696 0.62301587301587302292 0.5873015873015873245 0.62698412698412697708 0.64682539682539685888 0.65079365079365081304 0.68650793650793651146 0.69444444444444441977
0.69444444444444441977 0.59523809523809523281 0.64682539682539685888 0.51190476190476186247 0.69444444444444441977 0.82936507936507941618 0.77777777777777779011 0.77380952380952383596 0.75 0.74206349206349209169 0.59126984126984127865 0.72222222222222220989 0.62698412698412697708 0.74603174603174604584 0.69841269841269837393 0.59126984126984127865 0.53968253968253965258 0.62301587301587302292 0.65079365079365081304 0.62698412698412697708 0.51190476190476186247 0.53968253968253965258 0.63492063492063488539 0.61904761904761906877 0.51190476190476186247 0.57142857142857139685 0.53571428571428569843 0.57142857142857139685 0.53968253968253965258 0.53968253968253965258 0.55952380952380953438 0.51190476190476186247 0.56349206349206348854 0.56746031746031744269 0.59126984126984127865 0.55952380952380953438 0.59126984126984127865 0.59126984126984127865 0.60714285714285709528 0.62698412698412697708 0.63095238095238093123 0.64682539682539685888 0.68253968253968255731 0.69841269841269837393 0.69841269841269837393 0.7301587301587301182
0.15476190476190476719 0.40476190476190476719 0.51190476190476186247 0.75 0.66666666666666662966 0.68253968253968255731 0.70634920634920639326 0.74206349206349209169 0.73809523809523813753 0.61507936507936511461 0.75 0.62698412698412697708 0.83333333333333337034 0.76190476190476186247 0.64285714285714290472 0.61507936507936511461 0.65079365079365081304 0.68650793650793651146 0.69841269841269837393 0.62698412698412697708 0.62301587301587302292 0.63492063492063488539 0.61111111111111116045 0.62698412698412697708 0.53968253968253965258 0.59126984126984127865 0.53968253968253965258 0.56349206349206348854 0.55952380952380953438 0.57142857142857139685 0.57142857142857139685 0.53968253968253965258 0.55952380952380953438 0.5873015873015873245 0.5873015873015873245 0.59126984126984127865 0.60317460317460314112 0.62301587301587302292 0.57142857142857139685 0.63492063492063488539 0.64682539682539685888 0.69047619047619046562 0.65079365079365081304 0.70634920634920639326 0.74206349206349209169 0.74603174603174604584
0.30952380952380953438 0.11904761904761904101 0.30158730158730157056 0.60714285714285709528 0.80555555555555558023 0.53968253968253965258 0.57539682539682535101 0.70634920634920639326 0.68253968253968255731 0.73809523809523813753 0.69047619047619046562 0.67460317460317464899 0.69444444444444441977 0.70238095238095232808 0.62698412698412697708 0.67063492063492058382 0.64682539682539685888 0.69444444444444441977 0.59920634920634918696 0.5873015873015873245 0.51190476190476186247 0.61507936507936511461 0.62698412698412697708 0.59523809523809523281 0.61507936507936511461 0.61507936507936511461 0.55952380952380953438 0.58333333333333337034 0.59523809523809523281 0.53968253968253965258 0.57539682539682535101 0.56746031746031744269 0.5873015873015873245 0.5873015873015873245 0.59920634920634918696 0.59523809523809523281 0.63095238095238093123 0.57539682539682535101 0.63095238095238093123 0.62698412698412697708 0.68253968253968255731 0.69047619047619046562 0.69841269841269837393 0.72619047619047616404 0.75 0.77777777777777779011
0.42063492063492063933 0.30952380952380953438 0.2976190476190476164 0.40079365079365081304 0.69444444444444441977 0.68650793650793651146 0.74206349206349209169 0.82142857142857139685 0.75 0.89285714285714290472 0.85317460317460314112 0.71825396825396825573 0.82142857142857139685 0.68253968253968255731 0.53968253968253965258 0.70634920634920639326 0.69444444444444441977 0.59126984126984127865 0.65079365079365081304 0.67063492063492058382 0.60317460317460314112 0.69047619047619046562 0.64682539682539685888 0.61507936507936511461 0.62698412698412697708 0.56349206349206348854 0.59126984126984127865 0.57539682539682535101 0.57936507936507941618 0.56746031746031744269 0.59126984126984127865 0.57142857142857139685 0.61507936507936511461 0.53968253968253965258 0.57142857142857139685 0.57936507936507941618 0.63492063492063488539 0.61507936507936511461 0.68253968253968255731 0.68253968253968255731 0.68253968253968255731 0.72222222222222220989 0.74603174603174604584 0.76190476190476186247 0.77777777777777779011 0.77777777777777779011
0.50396825396825395416 0.69444444444444441977 0.59126984126984127865 0.54365079365079360674 0.65079365079365081304 0.75 0.62698412698412697708 0.7698412698412698818 0.73809523809523813753 0.77380952380952383596 0.83333333333333337034 0.83333333333333337034 0.69444444444444441977 0.69444444444444441977 0.75 0.73809523809523813753 0.69841269841269837393 0.62301587301587302292 0.61507936507936511461 0.64682539682539685888 0.60317460317460314112 0.62698412698412697708 0.60714285714285709528 0.69841269841269837393 0.5873015873015873245 0.61507936507936511461 0.5873015873015873245 0.60317460317460314112 0.59920634920634918696 0.5873015873015873245 0.61507936507936511461 0.57936507936507941618 0.61507936507936511461 0.60317460317460314112 0.61507936507936511461 0.62301587301587302292 0.59920634920634918696 0.63492063492063488539 0.63492063492063488539 0.66666666666666662966 0.69444444444444441977 0.71825396825396825573 0.69444444444444441977 0.76587301587301592765 0.77777777777777779011 0.75
0.83333333333333337034 0.69841269841269837393 0.80952380952380953438 0.67063492063492058382 0.69047619047619046562 0.62698412698412697708 0.55952380952380953438 0.69444444444444441977 0.67460317460317464899 0.70238095238095232808 0.73809523809523813753 0.69444444444444441977 0.78968253968253965258 0.83333333333333337034 0.70634920634920639326 0.68253968253968255731 0.68253968253968255731 0.69444444444444441977 0.69841269841269837393 0.57936507936507941618 0.69047619047619046562 0.63492063492063488539 0.63492063492063488539 0.65079365079365081304 0.59126984126984127865 0.62698412698412697708 0.63492063492063488539 0.62698412698412697708 0.62698412698412697708 0.6626984126984126755 0.60317460317460314112 0.62698412698412697708 0.62698412698412697708 0.61507936507936511461 0.64285714285714290472 0.62698412698412697708 0.63492063492063488539 0.63492063492063488539 0.63492063492063488539 0.70238095238095232808 0.73412698412698407235 0.69841269841269837393 0.73809523809523813753 0.77777777777777779011 0.80952380952380953438 0.83333333333333337034
0.58333333333333337034 0.75793650793650790831 0.80555555555555558023 0.71825396825396825573 0.7301587301587301182 0.59920634920634918696 0.53968253968253965258 0.76587301587301592765 0.74206349206349209169 0.69841269841269837393 0.70634920634920639326 0.62301587301587302292 0.65079365079365081304 0.69444444444444441977 0.67460317460317464899 0.69841269841269837393 0.77777777777777779011 0.69444444444444441977 0.59920634920634918696 0.65079365079365081304 0.61507936507936511461 0.70634920634920639326 0.62698412698412697708 0.68253968253968255731 0.62698412698412697708 0.65079365079365081304 0.61904761904761906877 0.62301587301587302292 0.57539682539682535101 0.66666666666666662966 0.62698412698412697708 0.62698412698412697708 0.62698412698412697708 0.59920634920634918696 0.59126984126984127865 0.61507936507936511461 0.63492063492063488539 0.62698412698412697708 0.69047619047619046562 0.70238095238095232808 0.65079365079365081304 0.71031746031746034742 0.77777777777777779011 0.80158730158730162607 -9999 -9999
0.5 0.57142857142857139685 0.71031746031746034742 0.75 0.70634920634920639326 0.67460317460317464899 0.67460317460317464899 0.65873015873015872135 0.65079365079365081304 0.76587301587301592765 0.70238095238095232808 0.69444444444444441977 0.68253968253968255731 0.69444444444444441977 0.72619047619047616404 0.62698412698412697708 0.59126984126984127865 0.65476190476190476719 0.68253968253968255731 0.69047619047619046562 0.67857142857142860315 0.63492063492063488539 0.69047619047619046562 0.67063492063492058382 0.55952380952380953438 0.63492063492063488539 0.65079365079365081304 0.68253968253968255731 0.67063492063492058382 0.65079365079365081304 0.62698412698412697708 0.69444444444444441977 0.62301587301587302292 0.63492063492063488539 0.63492063492063488539 0.5873015873015873245 0.67857142857142860315 0.56746031746031744269 0.65873015873015872135 0.69841269841269837393 0.69841269841269837393 0.75 0.72619047619047616404 -9999 -9999 -9999
