Example/niche_identity/models/ENFA/Anolis_coelestinus_0.asc
ncols        743
nrows        319
xllcorner    -74.500956448335
yllcorner    17.448920549066
cellsize     0.008333333333
NODATA_value  -9999
[rows 100 to 119 of 319, columns 460 to 505 of 743]
0.10843373493975903832 0.12048192771084337283 0.096385542168674703811 0.066265060240963860605 0.12650602409638553314 0.096385542168674703811 0.12650602409638553314 0.18072289156626505924 0.12650602409638553314 0.096385542168674703811 0.18072289156626505924 0.16867469879518071085 0.12650602409638553314 0.07228915662650602092 0.13855421686746988152 0.12650602409638553314 0.15060240963855422991 0.12650602409638553314 0.10843373493975903832 0.12650602409638553314 0.13855421686746988152 0.19277108433734940762 0.18072289156626505924 0.20481927710843372825 0.18072289156626505924 0.17469879518072289892 0.15662650602409639022 0.18072289156626505924 0.21084337349397591632 0.19879518072289156794 0.15662650602409639022 0.18072289156626505924 0.15662650602409639022 0.19277108433734940762 0.15662650602409639022 0.15662650602409639022 0.19277108433734940762 0.19277108433734940762 0.17469879518072289892 0.15662650602409639022 0.19879518072289156794 0.21084337349397591632 0.21084337349397591632 0.22289156626506023695 0.21084337349397591632 0.24096385542168674565
0.13855421686746988152 0.12048192771084337283 0.12650602409638553314 0.12650602409638553314 0.12048192771084337283 0.078313253012048195112 0.096385542168674703811 0.12650602409638553314 0.096385542168674703811 0.13253012048192772121 0.096385542168674703811 0.078313253012048195112 0.12650602409638553314 0.17469879518072289892 0.10240963855421686413 0.17469879518072289892 0.15060240963855422991 0.12650602409638553314 0.096385542168674703811 0.12650602409638553314 0.096385542168674703811 0.12650602409638553314 0.15662650602409639022 0.18072289156626505924 0.21084337349397591632 0.19277108433734940762 0.17469879518072289892 0.18072289156626505924 0.18072289156626505924 0.18072289156626505924 0.21084337349397591632 0.21084337349397591632 0.21084337349397591632 0.18674698795180721955 0.20481927710843372825 0.20481927710843372825 0.21084337349397591632 0.25301204819277106628 0.23493975903614458534 0.25301204819277106628 0.25903614457831325435 0.21084337349397591632 0.19277108433734940762 0.22289156626506023695 0.21084337349397591632 0.23493975903614458534
0.12650602409638553314 0.12650602409638553314 0.12650602409638553314 0.096385542168674703811 0.13253012048192772121 0.12650602409638553314 0.12650602409638553314 0.078313253012048195112 0.10240963855421686413 0.15060240963855422991 0.078313253012048195112 0.12650602409638553314 0.13855421686746988152 0.12650602409638553314 0.17469879518072289892 0.18072289156626505924 0.15060240963855422991 0.12650602409638553314 0.12650602409638553314 0.15060240963855422991 0.12650602409638553314 0.15662650602409639022 0.21084337349397591632 0.21084337349397591632 0.21686746987951807664 0.19277108433734940762 0.18072289156626505924 0.20481927710843372825 0.18072289156626505924 0.21084337349397591632 0.21084337349397591632 0.21084337349397591632 0.22289156626506023695 0.19879518072289156794 0.18072289156626505924 0.23493975903614458534 0.21686746987951807664 0.16867469879518071085 0.19879518072289156794 0.20481927710843372825 0.23493975903614458534 0.25903614457831325435 0.23493975903614458534 0.23493975903614458534 0.23493975903614458534 0.20481927710843372825
0.12650602409638553314 0.096385542168674703811 0.10240963855421686413 0.15662650602409639022 0.078313253012048195112 0.10843373493975903832 0.12650602409638553314 0.078313253012048195112 0.12650602409638553314 0.12650602409638553314 0.10240963855421686413 0.15060240963855422991 0.13855421686746988152 0.12048192771084337283 0.12650602409638553314 0.13855421686746988152 0.15060240963855422991 0.12650602409638553314 0.15060240963855422991 0.12650602409638553314 0.12650602409638553314 0.12650602409638553314 0.12650602409638553314 0.11445783132530119863 0.15662650602409639022 0.17469879518072289892 0.18072289156626505924 0.21084337349397591632 0.18674698795180721955 0.18072289156626505924 0.21084337349397591632 0.21084337349397591632 0.21084337349397591632 0.24698795180722890596 0.23493975903614458534 0.23493975903614458534 0.23493975903614458534 0.25903614457831325435 0.24096385542168674565 0.21084337349397591632 0.21084337349397591632 0.19879518072289156794 0.21084337349397591632 0.24096385542168674565 0.21686746987951807664 0.24096385542168674565
0.10843373493975903832 0.15662650602409639022 0.15060240963855422991 0.17469879518072289892 0.12650602409638553314 0.19277108433734940762 0.078313253012048195112 0.13253012048192772121 0.18072289156626505924 0.10843373493975903832 0.078313253012048195112 0.096385542168674703811 0.13855421686746988152 0.15060240963855422991 0.15662650602409639022 0.18674698795180721955 0.096385542168674703811 0.13253012048192772121 0.16867469879518071085 0.17469879518072289892 0.12650602409638553314 0.15060240963855422991 0.15662650602409639022 0.10240963855421686413 0.12650602409638553314 0.19879518072289156794 0.21084337349397591632 0.20481927710843372825 0.18072289156626505924 0.17469879518072289892 0.18072289156626505924 0.19277108433734940762 0.21084337349397591632 0.21084337349397591632 0.24096385542168674565 0.23493975903614458534 0.21084337349397591632 0.24096385542168674565 0.21084337349397591632 0.24096385542168674565 0.24096385542168674565 0.21686746987951807664 0.22289156626506023695 0.20481927710843372825 0.19879518072289156794 0.19277108433734940762
0.13855421686746988152 0.12650602409638553314 0.12650602409638553314 0.12650602409638553314 0.12650602409638553314 0.16867469879518071085 0.19879518072289156794 0.11445783132530119863 0.10843373493975903832 0.078313253012048195112 0.12650602409638553314 0.15662650602409639022 0.096385542168674703811 0.15662650602409639022 0.096385542168674703811 0.10843373493975903832 0.11445783132530119863 0.15060240963855422991 0.17469879518072289892 0.13253012048192772121 0.12650602409638553314 0.18072289156626505924 0.15662650602409639022 0.12650602409638553314 0.078313253012048195112 0.078313253012048195112 0.12650602409638553314 0.16867469879518071085 0.18674698795180721955 0.18674698795180721955 0.18072289156626505924 0.18072289156626505924 0.12650602409638553314 0.15662650602409639022 0.15662650602409639022 0.18072289156626505924 0.21084337349397591632 0.19879518072289156794 0.21084337349397591632 0.24096385542168674565 0.27108433734939757498 0.27108433734939757498 0.28915662650602408368 0.25903614457831325435 0.21084337349397591632 0.17469879518072289892
0.12650602409638553314 0.12650602409638553314 0.13253012048192772121 0.12650602409638553314 0.12650602409638553314 0.12650602409638553314 0.12650602409638553314 0.16867469879518071085 0.13253012048192772121 0.15662650602409639022 0.13253012048192772121 0.15662650602409639022 0.17469879518072289892 0.15662650602409639022 0.12650602409638553314 0.090361445783132529619 0.078313253012048195112 0.12650602409638553314 0.16867469879518071085 0.12650602409638553314 0.13253012048192772121 0.17469879518072289892 0.18072289156626505924 0.15662650602409639022 0.12048192771084337283 0.096385542168674703811 0.12650602409638553314 0.12650602409638553314 0.15662650602409639022 0.16867469879518071085 0.18072289156626505924 0.21084337349397591632 0.17469879518072289892 0.17469879518072289892 0.16867469879518071085 0.15662650602409639022 0.18674698795180721955 0.20481927710843372825 0.19277108433734940762 0.19277108433734940762 0.19277108433734940762 0.18674698795180721955 0.18072289156626505924 0.19277108433734940762 0.21084337349397591632 0.23493975903614458534
0.096385542168674703811 0.090361445783132529619 0.12650602409638553314 0.12650602409638553314 0.096385542168674703811 0.12650602409638553314 0.13253012048192772121 0.17469879518072289892 0.12650602409638553314 0.13253012048192772121 0.13253012048192772121 0.15662650602409639022 0.21084337349397591632 0.17469879518072289892 0.13253012048192772121 0.15060240963855422991 0.12650602409638553314 0.12650602409638553314 0.15662650602409639022 0.16265060240963855054 0.15060240963855422991 0.12650602409638553314 0.15060240963855422991 0.15060240963855422991 0.16867469879518071085 0.21084337349397591632 0.21084337349397591632 0.15662650602409639022 0.15060240963855422991 0.15662650602409639022 0.16867469879518071085 0.15662650602409639022 0.19879518072289156794 0.18072289156626505924 0.15662650602409639022 0.18072289156626505924 0.17469879518072289892 0.17469879518072289892 0.16867469879518071085 0.18072289156626505924 0.19277108433734940762 0.18072289156626505924 0.21084337349397591632 0.18072289156626505924 0.20481927710843372825 0.21084337349397591632
0.12650602409638553314 0.12650602409638553314 0.12650602409638553314 0.12650602409638553314 0.15060240963855422991 0.12650602409638553314 0.15662650602409639022 0.12650602409638553314 0.16867469879518071085 0.17469879518072289892 0.15662650602409639022 0.15060240963855422991 0.20481927710843372825 0.19277108433734940762 0.18072289156626505924 0.17469879518072289892 0.12650602409638553314 0.096385542168674703811 0.12650602409638553314 0.12650602409638553314 0.10240963855421686413 0.13253012048192772121 0.15662650602409639022 0.23493975903614458534 0.22289156626506023695 0.26506024096385544242 0.25903614457831325435 0.21084337349397591632 0.21686746987951807664 0.18072289156626505924 0.15662650602409639022 0.19277108433734940762 0.21084337349397591632 0.21084337349397591632 0.21686746987951807664 0.23493975903614458534 0.23493975903614458534 0.19879518072289156794 0.21084337349397591632 0.17469879518072289892 0.18072289156626505924 0.18072289156626505924 0.18072289156626505924 0.21084337349397591632 0.27108433734939757498 0.28915662650602408368
0.10843373493975903832 0.12650602409638553314 0.12650602409638553314 0.12650602409638553314 0.12650602409638553314 0.12650602409638553314 0.18072289156626505924 0.15060240963855422991 0.12650602409638553314 0.13253012048192772121 0.13253012048192772121 0.18072289156626505924 0.17469879518072289892 0.17469879518072289892 0.17469879518072289892 0.10240963855421686413 0.096385542168674703811 0.096385542168674703811 0.13855421686746988152 0.15662650602409639022 0.19277108433734940762 0.12650602409638553314 0.12650602409638553314 0.17469879518072289892 0.15060240963855422991 0.15662650602409639022 0.17469879518072289892 0.15662650602409639022 0.13855421686746988152 0.19879518072289156794 0.18072289156626505924 0.19879518072289156794 0.21686746987951807664 0.23493975903614458534 0.23493975903614458534 0.23493975903614458534 0.24096385542168674565 0.22289156626506023695 0.18674698795180721955 0.19277108433734940762 0.20481927710843372825 0.23493975903614458534 0.30722891566265059238 0.28915662650602408368 0.24096385542168674565 0.21084337349397591632
0.17469879518072289892 0.15060240963855422991 0.15060240963855422991 0.12650602409638553314 0.15060240963855422991 0.12650602409638553314 0.18072289156626505924 0.17469879518072289892 0.12650602409638553314 0.12650602409638553314 0.15662650602409639022 0.15060240963855422991 0.12650602409638553314 0.12650602409638553314 0.15662650602409639022 0.18072289156626505924 0.096385542168674703811 0.12048192771084337283 0.12650602409638553314 0.19879518072289156794 0.10843373493975903832 0.10240963855421686413 0.10843373493975903832 0.078313253012048195112 0.12650602409638553314 0.12650602409638553314 0.15060240963855422991 0.15662650602409639022 0.16867469879518071085 0.17469879518072289892 0.16867469879518071085 0.18674698795180721955 0.20481927710843372825 0.21084337349397591632 0.21084337349397591632 0.21084337349397591632 0.21084337349397591632 0.21084337349397591632 0.22289156626506023695 0.25301204819277106628 0.24698795180722890596 0.22289156626506023695 0.22289156626506023695 0.28915662650602408368 0.24096385542168674565 0.22289156626506023695
0.15060240963855422991 0.10240963855421686413 0.12650602409638553314 0.13855421686746988152 0.15060240963855422991 0.16867469879518071085 0.12650602409638553314 0.12650602409638553314 0.12650602409638553314 0.12650602409638553314 0.17469879518072289892 0.16867469879518071085 0.17469879518072289892 0.15662650602409639022 0.21084337349397591632 0.15662650602409639022 0.12650602409638553314 0.15662650602409639022 0.19879518072289156794 0.11445783132530119863 0.16867469879518071085 0.10240963855421686413 0.096385542168674703811 0.084337349397590355427 0.078313253012048195112 0.096385542168674703811 0.096385542168674703811 0.15662650602409639022 0.18072289156626505924 0.18072289156626505924 0.19277108433734940762 0.17469879518072289892 0.15662650602409639022 0.16867469879518071085 0.16867469879518071085 0.18072289156626505924 0.18072289156626505924 0.17469879518072289892 0.21084337349397591632 0.23493975903614458534 0.23493975903614458534 0.24096385542168674565 0.21686746987951807664 0.21084337349397591632 0.21084337349397591632 0.21084337349397591632
0.18072289156626505924 0.15662650602409639022 0.12650602409638553314 0.15060240963855422991 0.15662650602409639022 0.12650602409638553314 0.15662650602409639022 0.15662650602409639022 0.18072289156626505924 0.16867469879518071085 0.15662650602409639022 0.15662650602409639022 0.16867469879518071085 0.18072289156626505924 0.18072289156626505924 0.13253012048192772121 0.19277108433734940762 0.21084337349397591632 0.17469879518072289892 0.12650602409638553314 0.17469879518072289892 0.19879518072289156794 0.18072289156626505924 0.19277108433734940762 0.10240963855421686413 0.15662650602409639022 0.096385542168674703811 0.15060240963855422991 0.18072289156626505924 0.15662650602409639022 0.18072289156626505924 0.19277108433734940762 0.12650602409638553314 0.15060240963855422991 0.17469879518072289892 0.18072289156626505924 0.19879518072289156794 0.19879518072289156794 0.15662650602409639022 0.17469879518072289892 0.19277108433734940762 0.19277108433734940762 0.18072289156626505924 0.21084337349397591632 0.22289156626506023695 0.18674698795180721955
0.18674698795180721955 0.17469879518072289892 0.17469879518072289892 0.15662650602409639022 0.15662650602409639022 0.12650602409638553314 0.15662650602409639022 0.16867469879518071085 0.12650602409638553314 0.15060240963855422991 0.13253012048192772121 0.19277108433734940762 0.17469879518072289892 0.19277108433734940762 0.19277108433734940762 0.15662650602409639022 0.12650602409638553314 0.17469879518072289892 0.16867469879518071085 0.12650602409638553314 0.17469879518072289892 0.12650602409638553314 0.13855421686746988152 0.21686746987951807664 0.21084337349397591632 0.21686746987951807664 0.19277108433734940762 0.15662650602409639022 0.12650602409638553314 0.17469879518072289892 0.18674698795180721955 0.19277108433734940762 0.19277108433734940762 0.18072289156626505924 0.19879518072289156794 0.21084337349397591632 0.19879518072289156794 0.21084337349397591632 0.20481927710843372825 0.22289156626506023695 0.21084337349397591632 0.16867469879518071085 0.18072289156626505924 0.21084337349397591632 0.21084337349397591632 0.19277108433734940762
0.15060240963855422991 0.17469879518072289892 0.15662650602409639022 0.18072289156626505924 0.15060240963855422991 0.15060240963855422991 0.16265060240963855054 0.15060240963855422991 0.13855421686746988152 0.15662650602409639022 0.15662650602409639022 0.19879518072289156794 0.21084337349397591632 0.17469879518072289892 0.21084337349397591632 0.15662650602409639022 0.18674698795180721955 0.21084337349397591632 0.15662650602409639022 0.15662650602409639022 0.17469879518072289892 0.17469879518072289892 0.12650602409638553314 0.13253012048192772121 0.17469879518072289892 0.19277108433734940762 0.15060240963855422991 0.12650602409638553314 0.096385542168674703811 0.15662650602409639022 0.21084337349397591632 0.21084337349397591632 0.21084337349397591632 0.22289156626506023695 0.21084337349397591632 0.21686746987951807664 0.21686746987951807664 0.27108433734939757498 0.27710843373493976305 0.25301204819277106628 0.24096385542168674565 0.22289156626506023695 0.18072289156626505924 0.28313253012048195112 0.27108433734939757498 0.27108433734939757498
0.12650602409638553314 0.15662650602409639022 0.18674698795180721955 0.17469879518072289892 0.15060240963855422991 0.15662650602409639022 0.15060240963855422991 0.13855421686746988152 0.15060240963855422991 0.15662650602409639022 0.15662650602409639022 0.15662650602409639022 0.15662650602409639022 0.15662650602409639022 0.19879518072289156794 0.21084337349397591632 0.15060240963855422991 0.16867469879518071085 0.19879518072289156794 0.15662650602409639022 0.18072289156626505924 0.21084337349397591632 0.21084337349397591632 0.12650602409638553314 0.17469879518072289892 0.15060240963855422991 0.17469879518072289892 0.18072289156626505924 0.21084337349397591632 0.12650602409638553314 0.15662650602409639022 0.16867469879518071085 0.19277108433734940762 0.21686746987951807664 0.19277108433734940762 0.19277108433734940762 0.19277108433734940762 0.21084337349397591632 0.21084337349397591632 0.24096385542168674565 0.21084337349397591632 0.22289156626506023695 0.21084337349397591632 0.21686746987951807664 0.21686746987951807664 0.21084337349397591632
0.12650602409638553314 0.13855421686746988152 0.19879518072289156794 0.18072289156626505924 0.18072289156626505924 0.15662650602409639022 0.15662650602409639022 0.15060240963855422991 0.13855421686746988152 0.15662650602409639022 0.15662650602409639022 0.18072289156626505924 0.15662650602409639022 0.18674698795180721955 0.19277108433734940762 0.21084337349397591632 0.19277108433734940762 0.15060240963855422991 0.12650602409638553314 0.21084337349397591632 0.17469879518072289892 0.19277108433734940762 0.15662650602409639022 0.18072289156626505924 0.17469879518072289892 0.15060240963855422991 0.21084337349397591632 0.15662650602409639022 0.21084337349397591632 0.18072289156626505924 0.12650602409638553314 0.12650602409638553314 0.19277108433734940762 0.19879518072289156794 0.19277108433734940762 0.21084337349397591632 0.20481927710843372825 0.17469879518072289892 0.20481927710843372825 0.24096385542168674565 0.23493975903614458534 0.26506024096385544242 0.22289156626506023695 0.21084337349397591632 0.19879518072289156794 0.21084337349397591632
0.13855421686746988152 0.13855421686746988152 0.18072289156626505924 0.15662650602409639022 0.16867469879518071085 0.12650602409638553314 0.18072289156626505924 0.15662650602409639022 0.12650602409638553314 0.17469879518072289892 0.17469879518072289892 0.19277108433734940762 0.13855421686746988152 0.17469879518072289892 0.18072289156626505924 0.15060240963855422991 0.19277108433734940762 0.15060240963855422991 0.13855421686746988152 0.12650602409638553314 0.12650602409638553314 0.18674698795180721955 0.17469879518072289892 0.18072289156626505924 0.16867469879518071085 0.15662650602409639022 0.15060240963855422991 0.12650602409638553314 0.17469879518072289892 0.19879518072289156794 0.12650602409638553314 0.12650602409638553314 0.17469879518072289892 0.15662650602409639022 0.12650602409638553314 0.15060240963855422991 0.16867469879518071085 0.18072289156626505924 0.17469879518072289892 0.19277108433734940762 0.23493975903614458534 0.24096385542168674565 0.22289156626506023695 0.24096385542168674565 0.20481927710843372825 0.21084337349397591632
0.12650602409638553314 0.15662650602409639022 0.14457831325301204184 0.18072289156626505924 0.19277108433734940762 0.18674698795180721955 0.15662650602409639022 0.15662650602409639022 0.17469879518072289892 0.18072289156626505924 0.18072289156626505924 0.17469879518072289892 0.17469879518072289892 0.13855421686746988152 0.12650602409638553314 0.13253012048192772121 0.15662650602409639022 0.21084337349397591632 0.15662650602409639022 0.12650602409638553314 0.12650602409638553314 0.19277108433734940762 0.21084337349397591632 0.20481927710843372825 0.15662650602409639022 0.17469879518072289892 0.15662650602409639022 0.20481927710843372825 0.18072289156626505924 0.18072289156626505924 0.21084337349397591632 0.21084337349397591632 0.18072289156626505924 0.17469879518072289892 0.20481927710843372825 0.21084337349397591632 0.19277108433734940762 0.17469879518072289892 0.24096385542168674565 0.19879518072289156794 0.21686746987951807664 0.23493975903614458534 0.23493975903614458534 0.21686746987951807664 0.26506024096385544242 0.26506024096385544242
0.12650602409638553314 0.19277108433734940762 0.18674698795180721955 0.12650602409638553314 0.18072289156626505924 0.13253012048192772121 0.13855421686746988152 0.17469879518072289892 0.15060240963855422991 0.17469879518072289892 0.17469879518072289892 0.15662650602409639022 0.18072289156626505924 0.19277108433734940762 0.13253012048192772121 0.11445783132530119863 0.15060240963855422991 0.15662650602409639022 0.13855421686746988152 0.096385542168674703811 0.096385542168674703811 0.17469879518072289892 0.21084337349397591632 0.17469879518072289892 0.17469879518072289892 0.21084337349397591632 0.21686746987951807664 0.15060240963855422991 0.15662650602409639022 0.21084337349397591632 0.15662650602409639022 0.21084337349397591632 0.21084337349397591632 0.19879518072289156794 0.22289156626506023695 0.18072289156626505924 0.17469879518072289892 0.17469879518072289892 0.31325301204819278045 0.22289156626506023695 0.30120481927710845982 0.27108433734939757498 0.22289156626506023695 0.25903614457831325435 0.27108433734939757498 0.25903614457831325435
