Example/niche_identity/models/ENFA/Anolis_chlorocyanus_0.asc
ncols        743
nrows        319
xllcorner    -74.500956448335
yllcorner    17.448920549066
cellsize     0.008333333333
NODATA_value  -9999
[rows 180 to 199 of 319, columns 460 to 505 of 743]
0.14682539682539683112 0.23015873015873014595 0.28174603174603174427 0.18253968253968252955 0.24603174603174601809 0.11111111111111110494 0.16666666666666665741 0.027777777777777776236 0.0039682539682539680337 0.11111111111111110494 0.30158730158730157056 0.23412698412698412787 0.023809523809523808202 0.091269841269841264775 0.17063492063492063933 0.62698412698412697708 0.2976190476190476164 0.27380952380952383596 0.53968253968253965258 0.65873015873015872135 0.59126984126984127865 0.59126984126984127865 0.59126984126984127865 0.61507936507936511461 0.69444444444444441977 0.68253968253968255731 0.51190476190476186247 0.69841269841269837393 0.68253968253968255731 0.70634920634920639326 0.77777777777777779011 0.62698412698412697708 0.56746031746031744269 0.27777777777777779011 0.47222222222222220989 0.51190476190476186247 0.69444444444444441977 0.37698412698412697708 0.32142857142857145236 0.56746031746031744269 0.75 0.59523809523809523281 0.65079365079365081304 0.53968253968253965258 0.34126984126984127865 0.44047619047619046562
0.34523809523809523281 0.16269841269841270326 0.34523809523809523281 0.31349206349206348854 0.32936507936507936067 0.3373015873015873245 0.34523809523809523281 0.14682539682539683112 0.14682539682539683112 0.12301587301587300904 0.34126984126984127865 0.51190476190476186247 0.4523809523809523836 0.40476190476190476719 0.2976190476190476164 0.55952380952380953438 0.65476190476190476719 0.59523809523809523281 0.59920634920634918696 0.5873015873015873245 0.70634920634920639326 0.76587301587301592765 0.57539682539682535101 0.34523809523809523281 0.5 0.34126984126984127865 0.55952380952380953438 0.55952380952380953438 0.69841269841269837393 0.59920634920634918696 0.7301587301587301182 0.69444444444444441977 0.59920634920634918696 0.28571428571428569843 0.30952380952380953438 0.62698412698412697708 0.62698412698412697708 0.4523809523809523836 0.26587301587301587213 0.3650793650793650591 0.63492063492063488539 0.75793650793650790831 0.57936507936507941618 0.4523809523809523836 0.28968253968253970809 0.34126984126984127865
0.46825396825396825573 0.51190476190476186247 0.40079365079365081304 0.23015873015873014595 0.26984126984126982629 0.48809523809523808202 0.42460317460317459348 0.28174603174603174427 0.31349206349206348854 0.11507936507936507298 0.30158730158730157056 0.28571428571428569843 0.40079365079365081304 0.4523809523809523836 0.69444444444444441977 0.59126984126984127865 0.68253968253968255731 0.69047619047619046562 0.64682539682539685888 0.63492063492063488539 0.63492063492063488539 0.62698412698412697708 0.65079365079365081304 0.53968253968253965258 0.55952380952380953438 0.69444444444444441977 0.66666666666666662966 0.63492063492063488539 0.63095238095238093123 0.72619047619047616404 0.76190476190476186247 0.62698412698412697708 0.53968253968253965258 0.32539682539682540652 0.4523809523809523836 0.72619047619047616404 0.65079365079365081304 0.4126984126984126755 0.2976190476190476164 0.38095238095238093123 0.5873015873015873245 0.72619047619047616404 0.69841269841269837393 0.69841269841269837393 0.4523809523809523836 0.2976190476190476164
0.19444444444444444753 0.38095238095238093123 0.55952380952380953438 0.34126984126984127865 0.24603174603174601809 0.2976190476190476164 0.53571428571428569843 0.53174603174603174427 0.35714285714285715079 0.14682539682539683112 0.16666666666666665741 0.059523809523809520505 0.19444444444444444753 0.16666666666666665741 0.5 0.48809523809523808202 0.57936507936507941618 0.55952380952380953438 0.70634920634920639326 0.70634920634920639326 0.63492063492063488539 0.59920634920634918696 0.59126984126984127865 0.51587301587301592765 0.63492063492063488539 0.54761904761904767192 0.53968253968253965258 0.62301587301587302292 0.55952380952380953438 0.59523809523809523281 0.64682539682539685888 0.77777777777777779011 0.69444444444444441977 0.55952380952380953438 0.47619047619047616404 0.62698412698412697708 0.68253968253968255731 0.40476190476190476719 0.30952380952380953438 0.34523809523809523281 0.55952380952380953438 0.69841269841269837393 0.83333333333333337034 0.8373015873015873245 0.68650793650793651146 0.46428571428571430157
0.30952380952380953438 0.10317460317460316888 0.51190476190476186247 0.47619047619047616404 0.53968253968253965258 0.32539682539682540652 0.59126984126984127865 0.34523809523809523281 0.5 0.38095238095238093123 0.16666666666666665741 0.10317460317460316888 0.14682539682539683112 0.13492063492063491315 0.28968253968253970809 0.46428571428571430157 0.59126984126984127865 0.59920634920634918696 0.61507936507936511461 0.70238095238095232808 0.67460317460317464899 0.61507936507936511461 0.62301587301587302292 0.72619047619047616404 0.53571428571428569843 0.60317460317460314112 0.5 0.28174603174603174427 0.53968253968253965258 0.55952380952380953438 0.61507936507936511461 0.69841269841269837393 0.71428571428571430157 0.75 0.69444444444444441977 0.70634920634920639326 0.57539682539682535101 0.40079365079365081304 0.32539682539682540652 0.32936507936507936067 0.34523809523809523281 0.59126984126984127865 0.69841269841269837393 0.67063492063492058382 0.73809523809523813753 0.70634920634920639326
0.41666666666666668517 0.47222222222222220989 0.55952380952380953438 0.56349206349206348854 0.34523809523809523281 0.4523809523809523836 0.40476190476190476719 0.15079365079365078528 0.5 0.40476190476190476719 0.4523809523809523836 0.37301587301587302292 0.4523809523809523836 0.42460317460317459348 0.30952380952380953438 0.51190476190476186247 0.53968253968253965258 0.62698412698412697708 0.5873015873015873245 0.69047619047619046562 0.62698412698412697708 0.62698412698412697708 0.72619047619047616404 0.66666666666666662966 0.46825396825396825573 0.34523809523809523281 0.15476190476190476719 0.16666666666666665741 0.40079365079365081304 0.36111111111111110494 0.50396825396825395416 0.60317460317460314112 0.69047619047619046562 0.74603174603174604584 0.72619047619047616404 0.75793650793650790831 0.54365079365079360674 0.53968253968253965258 0.45634920634920633775 0.56746031746031744269 0.62301587301587302292 0.63492063492063488539 0.86507936507936511461 0.69047619047619046562 0.5873015873015873245 0.51190476190476186247
0.28571428571428569843 0.36111111111111110494 0.19444444444444444753 0.30952380952380953438 0.55952380952380953438 0.40873015873015872135 0.42460317460317459348 0.34126984126984127865 0.59126984126984127865 0.3373015873015873245 0.51190476190476186247 0.5 0.35317460317460319663 0.6626984126984126755 0.59523809523809523281 0.35714285714285715079 0.68253968253968255731 0.62698412698412697708 0.62698412698412697708 0.65079365079365081304 0.65079365079365081304 0.59126984126984127865 0.63095238095238093123 0.55952380952380953438 0.59126984126984127865 0.53968253968253965258 0.2976190476190476164 0.14682539682539683112 0.23015873015873014595 0.15873015873015872135 0.4523809523809523836 0.51190476190476186247 0.40873015873015872135 0.67460317460317464899 0.77777777777777779011 0.77777777777777779011 0.57539682539682535101 0.32936507936507936067 0.34126984126984127865 0.63492063492063488539 0.80555555555555558023 0.77777777777777779011 0.68253968253968255731 0.75793650793650790831 0.61507936507936511461 0.30952380952380953438
0.14682539682539683112 0.23015873015873014595 0.071428571428571424606 0.17063492063492063933 0.53968253968253965258 0.40476190476190476719 0.37301587301587302292 0.57539682539682535101 0.59126984126984127865 0.53968253968253965258 0.30952380952380953438 0.57142857142857139685 0.55952380952380953438 0.64285714285714290472 0.62698412698412697708 0.69047619047619046562 0.62301587301587302292 0.48412698412698412787 0.58333333333333337034 0.60317460317460314112 0.68650793650793651146 0.61507936507936511461 0.59920634920634918696 0.69444444444444441977 0.61507936507936511461 0.5 0.23015873015873014595 0.27777777777777779011 0.12698412698412697708 0.13492063492063491315 0.13492063492063491315 0.23015873015873014595 0.33333333333333331483 0.59920634920634918696 0.65079365079365081304 0.77380952380952383596 0.61507936507936511461 0.48412698412698412787 0.38095238095238093123 0.32539682539682540652 0.51190476190476186247 0.70634920634920639326 0.70634920634920639326 0.85317460317460314112 0.57539682539682535101 0.65079365079365081304
0.11904761904761904101 0.043650793650793648371 0.091269841269841264775 0.14682539682539683112 0.28968253968253970809 0.45634920634920633775 0.68253968253968255731 0.53174603174603174427 0.68253968253968255731 0.61507936507936511461 0.53968253968253965258 0.44047619047619046562 0.53174603174603174427 0.57539682539682535101 0.55555555555555558023 0.62698412698412697708 0.57539682539682535101 0.55952380952380953438 0.55952380952380953438 0.69444444444444441977 0.53968253968253965258 0.54365079365079360674 0.51190476190476186247 0.51190476190476186247 0.46428571428571430157 0.27380952380952383596 0.23015873015873014595 0.27380952380952383596 0.38095238095238093123 0.15476190476190476719 0.37301587301587302292 0.4523809523809523836 0.59920634920634918696 0.75 0.69841269841269837393 0.90079365079365081304 0.77777777777777779011 0.75 0.4523809523809523836 0.43253968253968255731 0.57539682539682535101 0.55952380952380953438 0.81746031746031744269 0.84126984126984127865 0.74603174603174604584 0.80952380952380953438
0.53174603174603174427 0.30952380952380953438 0.35317460317460319663 0.27380952380952383596 0.34126984126984127865 0.53968253968253965258 0.5873015873015873245 0.53968253968253965258 0.55952380952380953438 0.57539682539682535101 0.60317460317460314112 0.69841269841269837393 0.59920634920634918696 0.59126984126984127865 0.55952380952380953438 0.53968253968253965258 0.55952380952380953438 0.62698412698412697708 0.68253968253968255731 0.64682539682539685888 0.53968253968253965258 0.65079365079365081304 0.55952380952380953438 0.55952380952380953438 0.33333333333333331483 0.25793650793650796382 0.16269841269841270326 0.14682539682539683112 0.40476190476190476719 0.59523809523809523281 0.47619047619047616404 0.67460317460317464899 0.77380952380952383596 0.57142857142857139685 0.59126984126984127865 0.64682539682539685888 0.65079365079365081304 0.59126984126984127865 0.68253968253968255731 0.57936507936507941618 0.4523809523809523836 0.61507936507936511461 0.77777777777777779011 0.67063492063492058382 0.90079365079365081304 0.75
0.59126984126984127865 0.53968253968253965258 0.57539682539682535101 0.55555555555555558023 0.36111111111111110494 0.3373015873015873245 0.34523809523809523281 0.5 0.30158730158730157056 0.32936507936507936067 0.53571428571428569843 0.50396825396825395416 0.55952380952380953438 0.63095238095238093123 0.64682539682539685888 0.40079365079365081304 0.32936507936507936067 0.5873015873015873245 0.63492063492063488539 0.59523809523809523281 0.63492063492063488539 0.59126984126984127865 0.24603174603174601809 0.4523809523809523836 0.46428571428571430157 0.26984126984126982629 0.14682539682539683112 0.18650793650793651146 0.2976190476190476164 0.34126984126984127865 0.67460317460317464899 0.57539682539682535101 0.51190476190476186247 0.51190476190476186247 0.36904761904761906877 0.53968253968253965258 0.70634920634920639326 0.72222222222222220989 0.62698412698412697708 0.64285714285714290472 0.75 0.61507936507936511461 0.63095238095238093123 0.68253968253968255731 0.70634920634920639326 0.80952380952380953438
0.44047619047619046562 0.48015873015873017371 0.59126984126984127865 0.69047619047619046562 0.65079365079365081304 0.51190476190476186247 0.35714285714285715079 0.5873015873015873245 0.61507936507936511461 0.65079365079365081304 0.48412698412698412787 0.63095238095238093123 0.53571428571428569843 0.61507936507936511461 0.65079365079365081304 0.62698412698412697708 0.64682539682539685888 0.46825396825396825573 0.66666666666666662966 0.57142857142857139685 0.72619047619047616404 0.57142857142857139685 0.4523809523809523836 0.083333333333333328707 0.21428571428571427382 0.14682539682539683112 0.095238095238095232808 0.24603174603174601809 0.40476190476190476719 0.55952380952380953438 0.44841269841269842944 0.46428571428571430157 0.24603174603174601809 0.28968253968253970809 0.28968253968253970809 0.26190476190476191798 0.62698412698412697708 0.77380952380952383596 0.74206349206349209169 0.75793650793650790831 0.82142857142857139685 0.74206349206349209169 0.65476190476190476719 0.81746031746031744269 0.77380952380952383596 0.67063492063492058382
0.2976190476190476164 0.30158730158730157056 0.53174603174603174427 0.70634920634920639326 0.68650793650793651146 0.62698412698412697708 0.51190476190476186247 0.55952380952380953438 0.63492063492063488539 0.63492063492063488539 0.53968253968253965258 0.50396825396825395416 0.54365079365079360674 0.38095238095238093123 0.34126984126984127865 0.61507936507936511461 0.61507936507936511461 0.5 0.69047619047619046562 0.68253968253968255731 0.5 0.64682539682539685888 0.59920634920634918696 0.34920634920634918696 0.083333333333333328707 0.079365079365079360674 0.083333333333333328707 0.11904761904761904101 0.17857142857142857539 0.15873015873015872135 0.22222222222222220989 0.35714285714285715079 0.18650793650793651146 0.14682539682539683112 0.40476190476190476719 0.53968253968253965258 0.77777777777777779011 0.57539682539682535101 0.78571428571428569843 0.76587301587301592765 0.84126984126984127865 0.76587301587301592765 0.67063492063492058382 0.73809523809523813753 0.51190476190476186247 0.59126984126984127865
0.53968253968253965258 0.53968253968253965258 0.53968253968253965258 0.74206349206349209169 0.68650793650793651146 0.61507936507936511461 0.57142857142857139685 0.57936507936507941618 0.70634920634920639326 0.79761904761904767192 0.63095238095238093123 0.62698412698412697708 0.48015873015873017371 0.32142857142857145236 0.53174603174603174427 0.55952380952380953438 0.5873015873015873245 0.62698412698412697708 0.69841269841269837393 0.62698412698412697708 0.61507936507936511461 0.61507936507936511461 0.59126984126984127865 0.46428571428571430157 0.22222222222222220989 0.083333333333333328707 0.10317460317460316888 0.095238095238095232808 0.043650793650793648371 0.035714285714285712303 0.14682539682539683112 0.14682539682539683112 0.059523809523809520505 0.30158730158730157056 0.62698412698412697708 0.62301587301587302292 0.53968253968253965258 0.37301587301587302292 0.67063492063492058382 0.75793650793650790831 0.57539682539682535101 0.72619047619047616404 0.72222222222222220989 0.67063492063492058382 0.73412698412698407235 0.21031746031746031966
0.59523809523809523281 0.64682539682539685888 0.69047619047619046562 0.73412698412698407235 0.70238095238095232808 0.72619047619047616404 0.67063492063492058382 0.68253968253968255731 0.76190476190476186247 0.75 0.68253968253968255731 0.53968253968253965258 0.31349206349206348854 0.32539682539682540652 0.59126984126984127865 0.51190476190476186247 0.62301587301587302292 0.44841269841269842944 0.62698412698412697708 0.70634920634920639326 0.51190476190476186247 0.55952380952380953438 0.62698412698412697708 0.55952380952380953438 0.57539682539682535101 0.42063492063492063933 0.28174603174603174427 0.10317460317460316888 0.043650793650793648371 0.043650793650793648371 0.11904761904761904101 0.2976190476190476164 0.42063492063492063933 0.28174603174603174427 0.53968253968253965258 0.69047619047619046562 0.51587301587301592765 0.27380952380952383596 0.50396825396825395416 0.30158730158730157056 0.40476190476190476719 0.55952380952380953438 0.53968253968253965258 0.90079365079365081304 0.77380952380952383596 0.59126984126984127865
0.69841269841269837393 0.71825396825396825573 0.75 0.65079365079365081304 0.74603174603174604584 0.68650793650793651146 0.75793650793650790831 0.70634920634920639326 0.69444444444444441977 0.75 0.62698412698412697708 0.62301587301587302292 0.53968253968253965258 0.37301587301587302292 0.33333333333333331483 0.4523809523809523836 0.55952380952380953438 0.64682539682539685888 0.73809523809523813753 0.4126984126984126755 0.55952380952380953438 0.58333333333333337034 0.56349206349206348854 0.53968253968253965258 0.57539682539682535101 0.34523809523809523281 0.095238095238095232808 0.043650793650793648371 0.047619047619047616404 0.043650793650793648371 0.027777777777777776236 0.12301587301587300904 0.2976190476190476164 0.3373015873015873245 0.32936507936507936067 0.62301587301587302292 0.15079365079365078528 0.11111111111111110494 0.21031746031746031966 0.46825396825396825573 0.34523809523809523281 0.67460317460317464899 0.34523809523809523281 0.73809523809523813753 0.80555555555555558023 0.90079365079365081304
0.75 0.74206349206349209169 0.72222222222222220989 0.75793650793650790831 0.75 0.69444444444444441977 0.80952380952380953438 0.83333333333333337034 0.75793650793650790831 0.74603174603174604584 0.77777777777777779011 0.53968253968253965258 0.61111111111111116045 0.5 0.62698412698412697708 0.52777777777777779011 0.34126984126984127865 0.62698412698412697708 0.59126984126984127865 0.75 0.56746031746031744269 0.69047619047619046562 0.53174603174603174427 0.69841269841269837393 0.51190476190476186247 0.60714285714285709528 0.42063492063492063933 0.083333333333333328707 0.16666666666666665741 0.043650793650793648371 0.0079365079365079360674 0.043650793650793648371 0.091269841269841264775 0.14682539682539683112 0.38095238095238093123 0.59523809523809523281 0.30952380952380953438 0.0039682539682539680337 0.14682539682539683112 0.31349206349206348854 0.44047619047619046562 0.38095238095238093123 0.19444444444444444753 0.55952380952380953438 0.5 0.90873015873015872135
0.70238095238095232808 0.62698412698412697708 0.63095238095238093123 0.77777777777777779011 0.69444444444444441977 0.65079365079365081304 0.76587301587301592765 0.83333333333333337034 0.76587301587301592765 0.74206349206349209169 0.4523809523809523836 0.4523809523809523836 0.62698412698412697708 0.62698412698412697708 0.35317460317460319663 0.32936507936507936067 0.56349206349206348854 0.51190476190476186247 0.35714285714285715079 0.80952380952380953438 0.76190476190476186247 0.39682539682539680337 0.64682539682539685888 0.57539682539682535101 0.5 0.44841269841269842944 0.67063492063492058382 0.5 0.13888888888888889506 0.023809523809523808202 0.0039682539682539680337 0.12301587301587300904 0.18650793650793651146 0.10317460317460316888 0.035714285714285712303 0.30158730158730157056 0.30952380952380953438 0.14682539682539683112 0.0039682539682539680337 0.043650793650793648371 0.26984126984126982629 0.40873015873015872135 0.69841269841269837393 0.62698412698412697708 0.64682539682539685888 0.77777777777777779011
0.68650793650793651146 0.69444444444444441977 0.68253968253968255731 0.69444444444444441977 0.76190476190476186247 0.75 0.69444444444444441977 0.74206349206349209169 0.69444444444444441977 0.70634920634920639326 0.75 0.51587301587301592765 0.55952380952380953438 0.53968253968253965258 0.57539682539682535101 0.30952380952380953438 0.27380952380952383596 0.57539682539682535101 0.69444444444444441977 0.56746031746031744269 0.65079365079365081304 0.65079365079365081304 0.55952380952380953438 0.59126984126984127865 0.68253968253968255731 0.53968253968253965258 0.51190476190476186247 0.44047619047619046562 0.14682539682539683112 0.047619047619047616404 0.047619047619047616404 0.047619047619047616404 0.24603174603174601809 0.34523809523809523281 0.091269841269841264775 0.043650793650793648371 0.14682539682539683112 0.28174603174603174427 0.023809523809523808202 0.019841269841269840168 0.023809523809523808202 0.34126984126984127865 0.53571428571428569843 0.62698412698412697708 0.65079365079365081304 0.68253968253968255731
0.67063492063492058382 0.72619047619047616404 0.72222222222222220989 0.61507936507936511461 0.68253968253968255731 0.68253968253968255731 0.7301587301587301182 0.76587301587301592765 0.69047619047619046562 0.67063492063492058382 0.55952380952380953438 0.62698412698412697708 0.32539682539682540652 0.66666666666666662966 0.62698412698412697708 0.43253968253968255731 0.57539682539682535101 0.53968253968253965258 0.61507936507936511461 0.5873015873015873245 0.62698412698412697708 0.62698412698412697708 0.59920634920634918696 0.68650793650793651146 0.57539682539682535101 0.62698412698412697708 0.53968253968253965258 0.28571428571428569843 0.30158730158730157056 0.28174603174603174427 0.039682539682539680337 0.055555555555555552472 0.24603174603174601809 0.42063492063492063933 0.40476190476190476719 0.32142857142857145236 0.45634920634920633775 0.18650793650793651146 0.18650793650793651146 0.051587301587301584438 0.015873015873015872135 0.18650793650793651146 0.50396825396825395416 0.30158730158730157056 0.28968253968253970809 0.40476190476190476719
