Example/niche_identity/models/ENFA/chlorocyanus_0.asc
ncols        743
nrows        319
xllcorner    -74.500956448335
yllcorner    17.448920549066
cellsize     0.008333333333
NODATA_value  -9999
[rows 120 to 139 of 319, columns 322 to 367 of 743]
0.19105691056910570347 0.23983739837398374006 0.30081300813008132744 0.23577235772357724164 0.23577235772357724164 0.19512195121951220189 0.25609756097560976151 0.23577235772357724164 0.19105691056910570347 0.17479674796747968202 0.23983739837398374006 0.23577235772357724164 0.37804878048780488076 0.22764227642276421704 0.26422764227642275836 0.43902439024390244038 0.31707317073170732113 0.44308943089430896656 0.49186991869918700315 0.55284552845528456277 0.60569105691056912555 0.65447154471544710663 0.71544715447154472177 0.64227642276422769463 0.74390243902439023849 0.76016260162601623218 0.66666666666666662966 0.64227642276422769463 0.69105691056910567571 0.62601626016260158991 0.67073170731707321135 0.65447154471544710663 0.57723577235772360883 0.59349593495934960252 0.53658536585365856908 0.44308943089430896656 0.51626016260162599369 0.62601626016260158991 0.46341463414634148643 0.44308943089430896656 0.31300813008130079496 0.22764227642276421704 0.28048780487804880757 0.22764227642276421704 0.21951219512195122019 0.16666666666666665741
0.19105691056910570347 0.26829268292682928454 0.27642276422764228139 0.26016260162601628769 0.27642276422764228139 0.26016260162601628769 0.23577235772357724164 0.21951219512195122019 0.17886178861788618044 0.23170731707317074322 0.3536585365853658347 0.36585365853658535773 0.21951219512195122019 0.31707317073170732113 0.28455284552845527823 0.60162601626016265488 0.32520325203252031798 0.47154471544715448328 0.45934959349593496025 0.49593495934959347382 0.62601626016260158991 0.63821138211382111294 0.56097560975609761513 0.74796747967479670915 0.79674796747967480126 0.74796747967479670915 0.70731707317073166941 0.73170731707317071546 0.66666666666666662966 0.70731707317073166941 0.69918699186991872807 0.65040650406504063596 0.60162601626016265488 0.65040650406504063596 0.60162601626016265488 0.69105691056910567571 0.62601626016260158991 0.66260162601626015899 0.58536585365853655016 0.24796747967479673691 0.24796747967479673691 0.31300813008130079496 0.34552845528455283786 0.32520325203252031798 0.31707317073170732113 0.26829268292682928454
0.16666666666666665741 0.27235772357723575521 0.21951219512195122019 0.21951219512195122019 0.23170731707317074322 0.26422764227642275836 0.33739837398373984101 0.22357723577235771861 0.19512195121951220189 0.21951219512195122019 0.19105691056910570347 0.22764227642276421704 0.34146341463414636719 0.23577235772357724164 0.24796747967479673691 0.31300813008130079496 0.31300813008130079496 0.52439024390243904605 0.39430894308943087445 0.66666666666666662966 0.67073170731707321135 0.69105691056910567571 0.60162601626016265488 0.65447154471544710663 0.57723577235772360883 0.65447154471544710663 0.66666666666666662966 0.6300813008130081716 0.66666666666666662966 0.69918699186991872807 0.7886178861788617489 0.66666666666666662966 0.69105691056910567571 0.73170731707317071546 0.65853658536585368832 0.53658536585365856908 0.59756097560975607319 0.27642276422764228139 0.26016260162601628769 0.11382113821138210852 0.12195121951219511924 0.24796747967479673691 0.37804878048780488076 0.12601626016260161767 0.10569105691056911167 0.097560975609756100946
0.12601626016260161767 0.23577235772357724164 0.19512195121951220189 0.19512195121951220189 0.23577235772357724164 0.24796747967479673691 0.24390243902439023849 0.26422764227642275836 0.23577235772357724164 0.17479674796747968202 0.37398373983739835458 0.46341463414634148643 0.22357723577235771861 0.26016260162601628769 0.28455284552845527823 0.30487804878048779811 0.52032520325203257539 0.37804878048780488076 0.57317073170731702714 0.62601626016260158991 0.6300813008130081716 0.68292682926829273438 0.66666666666666662966 0.60162601626016265488 0.63821138211382111294 0.65447154471544710663 0.63821138211382111294 0.71544715447154472177 0.65040650406504063596 0.63821138211382111294 0.7113821138211382511 0.53658536585365856908 0.47560975609756095395 0.4186991869918699205 0.26016260162601628769 0.22764227642276421704 0.34146341463414636719 0.12601626016260161767 0.093495934959349588644 0.012195121951219512618 0.020325203252032519874 0.13008130081300814385 0.16666666666666665741 0.020325203252032519874 0.016260162601626017981 0.016260162601626017981
0.11788617886178862082 0.19512195121951220189 0.21138211382113822334 0.29268292682926827508 0.26016260162601628769 0.28048780487804880757 0.30487804878048779811 0.21138211382113822334 0.31707317073170732113 0.17479674796747968202 0.34959349593495936404 0.31300813008130079496 0.23170731707317074322 0.22764227642276421704 0.23577235772357724164 0.28861788617886180441 0.4512195121951219634 0.5 0.60569105691056912555 0.65040650406504063596 0.54065040650406503975 0.60162601626016265488 0.69105691056910567571 0.68292682926829273438 0.66666666666666662966 0.65447154471544710663 0.3861788617886178776 0.52032520325203257539 0.50406504065040647067 0.47154471544715448328 0.23983739837398374006 0.54065040650406503975 0.4512195121951219634 0.19512195121951220189 0.10569105691056911167 0.036585365853658534385 0.11788617886178862082 0.19512195121951220189 0.11382113821138210852 0.11382113821138210852 0.19105691056910570347 0.31707317073170732113 0.36178861788617888706 0.048780487804878050473 0.19512195121951220189 0.097560975609756100946
0.16666666666666665741 0.16666666666666665741 0.21951219512195122019 0.19105691056910570347 0.23577235772357724164 0.18699186991869917729 0.21138211382113822334 0.26422764227642275836 0.21544715447154472177 0.22764227642276421704 0.24796747967479673691 0.25203252032520323533 0.22764227642276421704 0.23577235772357724164 0.22764227642276421704 0.47154471544715448328 0.31707317073170732113 0.44308943089430896656 0.54065040650406503975 0.60162601626016265488 0.4512195121951219634 0.60569105691056912555 0.67073170731707321135 0.73170731707317071546 0.72357723577235777412 0.79674796747967480126 0.66666666666666662966 0.60162601626016265488 0.58536585365853655016 0.54065040650406503975 0.62601626016260158991 0.65447154471544710663 0.45934959349593496025 0.31707317073170732113 0.36178861788617888706 0.31707317073170732113 0.11382113821138210852 0.19105691056910570347 0.21951219512195122019 0.29268292682926827508 0.45934959349593496025 0.40650406504065039748 0.4512195121951219634 0.45934959349593496025 0.4186991869918699205 0.12601626016260161767
0.22764227642276421704 0.23577235772357724164 0.23577235772357724164 0.12195121951219511924 0.19512195121951220189 0.21138211382113822334 0.31707317073170732113 0.30487804878048779811 0.24796747967479673691 0.24796747967479673691 0.22764227642276421704 0.41056910569105692366 0.45934959349593496025 0.41056910569105692366 0.26422764227642275836 0.45934959349593496025 0.47154471544715448328 0.31707317073170732113 0.37398373983739835458 0.50406504065040647067 0.63821138211382111294 0.4674796747967479571 0.63821138211382111294 0.63821138211382111294 0.65853658536585368832 0.77642276422764222588 0.76829268292682928454 0.7886178861788617489 0.73170731707317071546 0.65447154471544710663 0.66666666666666662966 0.63821138211382111294 0.65853658536585368832 0.62601626016260158991 0.50406504065040647067 0.31707317073170732113 0.45934959349593496025 0.34146341463414636719 0.5 0.62601626016260158991 0.62601626016260158991 0.4512195121951219634 0.31707317073170732113 0.14227642276422763912 0.097560975609756100946 0.097560975609756100946
0.16260162601626015899 0.19512195121951220189 0.19512195121951220189 0.19105691056910570347 0.25609756097560976151 0.19512195121951220189 0.26016260162601628769 0.19512195121951220189 0.16666666666666665741 0.22764227642276421704 0.23983739837398374006 0.25609756097560976151 0.30081300813008132744 0.34959349593495936404 0.4349593495934959142 0.4674796747967479571 0.31707317073170732113 0.52439024390243904605 0.55284552845528456277 0.52439024390243904605 0.45528455284552843407 0.65447154471544710663 0.63821138211382111294 0.65040650406504063596 0.74796747967479670915 0.70731707317073166941 0.71544715447154472177 0.75203252032520329085 0.7886178861788617489 0.78048780487804880757 0.70731707317073166941 0.72357723577235777412 0.69105691056910567571 0.69918699186991872807 0.58536585365853655016 0.6300813008130081716 0.65040650406504063596 0.5813008130081300795 0.54065040650406503975 0.63821138211382111294 0.4674796747967479571 0.5650406504065040858 0.4512195121951219634 0.30487804878048779811 0.12195121951219511924 0.016260162601626017981
0.17479674796747968202 0.17479674796747968202 0.23577235772357724164 0.23577235772357724164 0.21951219512195122019 0.16666666666666665741 0.16666666666666665741 0.24796747967479673691 0.24390243902439023849 0.21138211382113822334 0.24796747967479673691 0.29268292682926827508 0.37398373983739835458 0.45934959349593496025 0.31707317073170732113 0.33333333333333331483 0.41056910569105692366 0.54065040650406503975 0.55284552845528456277 0.4674796747967479571 0.63414634146341464227 0.4674796747967479571 0.65040650406504063596 0.60162601626016265488 0.63821138211382111294 0.74796747967479670915 0.73170731707317071546 0.79674796747967480126 0.71544715447154472177 0.74796747967479670915 0.74796747967479670915 0.79268292682926833059 0.82926829268292678865 0.73983739837398376782 0.7113821138211382511 0.66260162601626015899 0.65040650406504063596 0.58536585365853655016 0.57723577235772360883 0.65040650406504063596 0.60162601626016265488 0.40243902439024392681 0.19512195121951220189 0.11382113821138210852 0.016260162601626017981 0.0081300813008130089904
0.24796747967479673691 0.20731707317073169716 0.19105691056910570347 0.19512195121951220189 0.16666666666666665741 0.17479674796747968202 0.15853658536585366057 0.28455284552845527823 0.25609756097560976151 0.23983739837398374006 0.29268292682926827508 0.36585365853658535773 0.34959349593495936404 0.41463414634146339433 0.32113821138211384731 0.56910569105691055647 0.5813008130081300795 0.44308943089430896656 0.60162601626016265488 0.59349593495934960252 0.47154471544715448328 0.46341463414634148643 0.63821138211382111294 0.65040650406504063596 0.60162601626016265488 0.6300813008130081716 0.67479674796747968202 0.72357723577235777412 0.69512195121951214638 0.67073170731707321135 0.74796747967479670915 0.74796747967479670915 0.73170731707317071546 0.83333333333333337034 0.71951219512195119243 0.69105691056910567571 0.65853658536585368832 0.65040650406504063596 0.51626016260162599369 0.63821138211382111294 0.5650406504065040858 0.36178861788617888706 0.16260162601626015899 0.020325203252032519874 0.032520325203252035962 0.020325203252032519874
0.17073170731707318359 0.21138211382113822334 0.20325203252032519874 0.17886178861788618044 0.16666666666666665741 0.27235772357723575521 0.25203252032520323533 0.26016260162601628769 0.26422764227642275836 0.31300813008130079496 0.33333333333333331483 0.42276422764227644668 0.5813008130081300795 0.62601626016260158991 0.50406504065040647067 0.52032520325203257539 0.50406504065040647067 0.52032520325203257539 0.52439024390243904605 0.65447154471544710663 0.65853658536585368832 0.69105691056910567571 0.63821138211382111294 0.60569105691056912555 0.65853658536585368832 0.74796747967479670915 0.69105691056910567571 0.74796747967479670915 0.80894308943089432429 0.7886178861788617489 0.78048780487804880757 0.73170731707317071546 0.79674796747967480126 0.79674796747967480126 0.65853658536585368832 0.8536585365853658347 0.73170731707317071546 0.62601626016260158991 0.63821138211382111294 0.65447154471544710663 0.65040650406504063596 0.45934959349593496025 0.41056910569105692366 0.31300813008130079496 0.31707317073170732113 0.17073170731707318359
0.11788617886178862082 0.21544715447154472177 0.16666666666666665741 0.16260162601626015899 0.17479674796747968202 0.16666666666666665741 0.26422764227642275836 0.22764227642276421704 0.23983739837398374006 0.48373983739837400631 0.58536585365853655016 0.58536585365853655016 0.5650406504065040858 0.51219512195121952303 0.53252032520325198739 0.53658536585365856908 0.67073170731707321135 0.69918699186991872807 0.65853658536585368832 0.69105691056910567571 0.60162601626016265488 0.61788617886178864858 0.62601626016260158991 0.63821138211382111294 0.71544715447154472177 0.77642276422764222588 0.74390243902439023849 0.74390243902439023849 0.78048780487804880757 0.76422764227642281387 0.77642276422764222588 0.83333333333333337034 0.70731707317073166941 0.84959349593495936404 0.66666666666666662966 0.67073170731707321135 0.78048780487804880757 0.71544715447154472177 0.66666666666666662966 0.68292682926829273438 0.72357723577235777412 0.62601626016260158991 0.57317073170731702714 0.56910569105691055647 0.49186991869918700315 0.50406504065040647067
0.17479674796747968202 0.12601626016260161767 0.19105691056910570347 0.16666666666666665741 0.17886178861788618044 0.33333333333333331483 0.41056910569105692366 0.26016260162601628769 0.33333333333333331483 0.37398373983739835458 0.4512195121951219634 0.56910569105691055647 0.48780487804878047697 0.63821138211382111294 0.50406504065040647067 0.58943089430894313185 0.64227642276422769463 0.69105691056910567571 0.5813008130081300795 0.67479674796747968202 0.72357723577235777412 0.72357723577235777412 0.71544715447154472177 0.74390243902439023849 0.75609756097560976151 0.73983739837398376782 0.65447154471544710663 0.78048780487804880757 0.80894308943089432429 0.82113821138211384731 0.69512195121951214638 0.74796747967479670915 0.76829268292682928454 0.65447154471544710663 0.66666666666666662966 0.83333333333333337034 0.63821138211382111294 0.73577235772357718613 0.73170731707317071546 0.66260162601626015899 0.66666666666666662966 0.71544715447154472177 0.6300813008130081716 0.62601626016260158991 0.50406504065040647067 0.59349593495934960252
0.15040650406504066372 0.19105691056910570347 0.16666666666666665741 0.21138211382113822334 0.36178861788617888706 0.44308943089430896656 0.31300813008130079496 0.31707317073170732113 0.31300813008130079496 0.50406504065040647067 0.4674796747967479571 0.4512195121951219634 0.60162601626016265488 0.62601626016260158991 0.6300813008130081716 0.65853658536585368832 0.68292682926829273438 0.66666666666666662966 0.65447154471544710663 0.69512195121951214638 0.69105691056910567571 0.73170731707317071546 0.69105691056910567571 0.70731707317073166941 0.62601626016260158991 0.74796747967479670915 0.77235772357723575521 0.74796747967479670915 0.80081300813008127193 0.77235772357723575521 0.69105691056910567571 0.76829268292682928454 0.72357723577235777412 0.69105691056910567571 0.83333333333333337034 0.71544715447154472177 0.66666666666666662966 0.65040650406504063596 0.63821138211382111294 0.66666666666666662966 0.59349593495934960252 0.62601626016260158991 0.62601626016260158991 0.5650406504065040858 0.63821138211382111294 0.53252032520325198739
0.23983739837398374006 0.26422764227642275836 0.23577235772357724164 0.21951219512195122019 0.37804878048780488076 0.31707317073170732113 0.4512195121951219634 0.37804878048780488076 0.4512195121951219634 0.47560975609756095395 0.4186991869918699205 0.53252032520325198739 0.41056910569105692366 0.60162601626016265488 0.58536585365853655016 0.64227642276422769463 0.5650406504065040858 0.61788617886178864858 0.6300813008130081716 0.70325203252032519874 0.73170731707317071546 0.72764227642276424479 0.74796747967479670915 0.74796747967479670915 0.75203252032520329085 0.73170731707317071546 0.76829268292682928454 0.60162601626016265488 0.74796747967479670915 0.77235772357723575521 0.68292682926829273438 0.66666666666666662966 0.65040650406504063596 0.67073170731707321135 0.74796747967479670915 0.65040650406504063596 0.67073170731707321135 0.77642276422764222588 0.69105691056910567571 0.53658536585365856908 0.59349593495934960252 0.68699186991869920504 0.63821138211382111294 0.65447154471544710663 0.65447154471544710663 0.63821138211382111294
0.32520325203252031798 0.23170731707317074322 0.30081300813008132744 0.31707317073170732113 0.31707317073170732113 0.36585365853658535773 0.31707317073170732113 0.32520325203252031798 0.33333333333333331483 0.36178861788617888706 0.53658536585365856908 0.42276422764227644668 0.4512195121951219634 0.47154471544715448328 0.6300813008130081716 0.63821138211382111294 0.66666666666666662966 0.55284552845528456277 0.58536585365853655016 0.72357723577235777412 0.62195121951219511924 0.73983739837398376782 0.62601626016260158991 0.73983739837398376782 0.76016260162601623218 0.73577235772357718613 0.74796747967479670915 0.74390243902439023849 0.83333333333333337034 0.80487804878048785362 0.74390243902439023849 0.70731707317073166941 0.66260162601626015899 0.69918699186991872807 0.73170731707317071546 0.71951219512195119243 0.75609756097560976151 0.73983739837398376782 0.67073170731707321135 0.66666666666666662966 0.69105691056910567571 0.7113821138211382511 0.67073170731707321135 0.59349593495934960252 0.66260162601626015899 0.69512195121951214638
0.23577235772357724164 0.23577235772357724164 0.30487804878048779811 0.30081300813008132744 0.30487804878048779811 0.4674796747967479571 0.31707317073170732113 0.31707317073170732113 0.47154471544715448328 0.35772357723577236088 0.41056910569105692366 0.47154471544715448328 0.61382113821138206688 0.50406504065040647067 0.65447154471544710663 0.53658536585365856908 0.53658536585365856908 0.58536585365853655016 0.5813008130081300795 0.67479674796747968202 0.73170731707317071546 0.73170731707317071546 0.63821138211382111294 0.74796747967479670915 0.71544715447154472177 0.76829268292682928454 0.78048780487804880757 0.80081300813008127193 0.78048780487804880757 0.76016260162601623218 0.65853658536585368832 0.67073170731707321135 0.66666666666666662966 0.73577235772357718613 0.69105691056910567571 0.66666666666666662966 0.64227642276422769463 0.69105691056910567571 0.57723577235772360883 0.63821138211382111294 0.7113821138211382511 0.5813008130081300795 0.69105691056910567571 0.70731707317073166941 0.53252032520325198739 0.65853658536585368832
0.23577235772357724164 0.29674796747967480126 0.22764227642276421704 0.21544715447154472177 0.29268292682926827508 0.31707317073170732113 0.31707317073170732113 0.45528455284552843407 0.35772357723577236088 0.36585365853658535773 0.50406504065040647067 0.45934959349593496025 0.4186991869918699205 0.47967479674796748013 0.63821138211382111294 0.63821138211382111294 0.66666666666666662966 0.67479674796747968202 0.56097560975609761513 0.70731707317073166941 0.70731707317073166941 0.58943089430894313185 0.70731707317073166941 0.66666666666666662966 0.73983739837398376782 0.65040650406504063596 0.74796747967479670915 0.73170731707317071546 0.80081300813008127193 0.80081300813008127193 0.60569105691056912555 0.66666666666666662966 0.71544715447154472177 0.72357723577235777412 0.71544715447154472177 0.66666666666666662966 0.74390243902439023849 0.65040650406504063596 0.63821138211382111294 0.60162601626016265488 0.5813008130081300795 0.51219512195121952303 0.68292682926829273438 0.60162601626016265488 0.62601626016260158991 0.53252032520325198739
0.23983739837398374006 0.30487804878048779811 0.31300813008130079496 0.26016260162601628769 0.30081300813008132744 0.41056910569105692366 0.37398373983739835458 0.41056910569105692366 0.40650406504065039748 0.52032520325203257539 0.39024390243902440378 0.40650406504065039748 0.50406504065040647067 0.4674796747967479571 0.5813008130081300795 0.60569105691056912555 0.65040650406504063596 0.53658536585365856908 0.69105691056910567571 0.5650406504065040858 0.60162601626016265488 0.69105691056910567571 0.58536585365853655016 0.71544715447154472177 0.63821138211382111294 0.63821138211382111294 0.65447154471544710663 0.63821138211382111294 0.80081300813008127193 0.70731707317073166941 0.7886178861788617489 0.74796747967479670915 0.74390243902439023849 0.73170731707317071546 0.73170731707317071546 0.66666666666666662966 0.65447154471544710663 0.6300813008130081716 0.67886178861788615269 0.63821138211382111294 0.62195121951219511924 0.65447154471544710663 0.5 0.67073170731707321135 0.63821138211382111294 0.58536585365853655016
0.31707317073170732113 0.36585365853658535773 0.34959349593495936404 0.29268292682926827508 0.31300813008130079496 0.34146341463414636719 0.36178861788617888706 0.42276422764227644668 0.42276422764227644668 0.47154471544715448328 0.53252032520325198739 0.52032520325203257539 0.45934959349593496025 0.4186991869918699205 0.45934959349593496025 0.4512195121951219634 0.4674796747967479571 0.51626016260162599369 0.66666666666666662966 0.58536585365853655016 0.69105691056910567571 0.69512195121951214638 0.59349593495934960252 0.74390243902439023849 0.74390243902439023849 0.65040650406504063596 0.71951219512195119243 0.65853658536585368832 0.79268292682926833059 0.74796747967479670915 0.73170731707317071546 0.78455284552845527823 0.69918699186991872807 0.71544715447154472177 0.65040650406504063596 0.73983739837398376782 0.70731707317073166941 0.72357723577235777412 0.60569105691056912555 0.65040650406504063596 0.66666666666666662966 0.60162601626016265488 0.71544715447154472177 0.71951219512195119243 0.64227642276422769463 0.60569105691056912555
