Example/niche_identity/models/ENFA/chlorocyanus_0.asc
ncols        743
nrows        319
xllcorner    -74.500956448335
yllcorner    17.448920549066
cellsize     0.008333333333
NODATA_value  -9999
[rows 20 to 39 of 319, columns 138 to 183 of 743]
-9999 -9999 -9999 -9999 -9999 -9999 -9999 -9999 -9999 -9999 -9999 -9999 -9999 -9999 -9999 -9999 -9999 -9999 -9999 -9999 -9999 -9999 -9999 -9999 -9999 -9999 -9999 -9999 -9999 -9999 -9999 -9999 -9999 -9999 -9999 -9999 -9999 -9999 -9999 -9999 -9999 -9999 -9999 -9999 -9999 -9999
-9999 -9999 -9999 -9999 -9999 -9999 -9999 -9999 -9999 -9999 -9999 -9999 -9999 -9999 -9999 -9999 -9999 -9999 -9999 -9999 -9999 -9999 0.31300813008130079496 -9999 -9999 -9999 -9999 -9999 -9999 -9999 -9999 -9999 -9999 -9999 -9999 -9999 -9999 -9999 -9999 -9999 -9999 -9999 -9999 -9999 -9999 -9999
-9999 -9999 -9999 -9999 -9999 -9999 -9999 -9999 -9999 -9999 -9999 -9999 -9999 -9999 -9999 -9999 -9999 -9999 -9999 -9999 0.30487804878048779811 0.31300813008130079496 0.31707317073170732113 0.29268292682926827508 0.30081300813008132744 0.29268292682926827508 0.31300813008130079496 0.31707317073170732113 0.30487804878048779811 0.27642276422764228139 0.26016260162601628769 0.30081300813008132744 -9999 -9999 -9999 -9999 -9999 -9999 0.28048780487804880757 0.26016260162601628769 0.31300813008130079496 -9999 -9999 0.29674796747967480126 0.33333333333333331483 0.31300813008130079496
-9999 -9999 -9999 -9999 -9999 -9999 -9999 -9999 -9999 -9999 -9999 -9999 -9999 -9999 -9999 -9999 -9999 -9999 -9999 0.30487804878048779811 0.31707317073170732113 0.30894308943089432429 0.31707317073170732113 0.34146341463414636719 0.31300813008130079496 0.31707317073170732113 0.26016260162601628769 0.31707317073170732113 0.35772357723577236088 0.44308943089430896656 0.41056910569105692366 0.41056910569105692366 0.3536585365853658347 0.30081300813008132744 0.30081300813008132744 0.27235772357723575521 0.47154471544715448328 0.25609756097560976151 -9999 0.25609756097560976151 0.31300813008130079496 0.29268292682926827508 0.26422764227642275836 0.41056910569105692366 0.51219512195121952303 0.40650406504065039748
-9999 -9999 -9999 -9999 -9999 -9999 -9999 -9999 -9999 -9999 -9999 -9999 -9999 -9999 -9999 -9999 -9999 -9999 0.26829268292682928454 0.31707317073170732113 0.28048780487804880757 0.31707317073170732113 0.3861788617886178776 0.31707317073170732113 0.52845528455284551672 0.40650406504065039748 0.42276422764227644668 0.4512195121951219634 0.45934959349593496025 0.41056910569105692366 0.40650406504065039748 0.42276422764227644668 0.33333333333333331483 0.42276422764227644668 0.29268292682926827508 0.31707317073170732113 0.32113821138211384731 0.27642276422764228139 0.23577235772357724164 0.21951219512195122019 0.36178861788617888706 0.30081300813008132744 0.26422764227642275836 0.4186991869918699205 0.31707317073170732113 0.47154471544715448328
-9999 -9999 -9999 -9999 -9999 -9999 -9999 -9999 -9999 -9999 -9999 -9999 -9999 -9999 -9999 -9999 0.30487804878048779811 0.30081300813008132744 0.31300813008130079496 0.32520325203252031798 0.41463414634146339433 0.4186991869918699205 0.46341463414634148643 0.27642276422764228139 0.51219512195121952303 0.52439024390243904605 0.46341463414634148643 0.32520325203252031798 0.31707317073170732113 0.31707317073170732113 0.35772357723577236088 0.36178861788617888706 0.29268292682926827508 0.26016260162601628769 0.29674796747967480126 0.31300813008130079496 0.31707317073170732113 0.27235772357723575521 0.26422764227642275836 0.26422764227642275836 0.23170731707317074322 0.24796747967479673691 0.37398373983739835458 0.36178861788617888706 0.34146341463414636719 0.38211382113821140694
-9999 -9999 -9999 -9999 -9999 -9999 -9999 -9999 -9999 -9999 -9999 -9999 -9999 -9999 0.30081300813008132744 0.29268292682926827508 0.31300813008130079496 0.41056910569105692366 0.30081300813008132744 0.34146341463414636719 0.54065040650406503975 0.59349593495934960252 0.53658536585365856908 0.36178861788617888706 0.33333333333333331483 0.66666666666666662966 0.37398373983739835458 0.30081300813008132744 0.25609756097560976151 0.26422764227642275836 0.30487804878048779811 0.34146341463414636719 0.24796747967479673691 0.30081300813008132744 0.24796747967479673691 0.24796747967479673691 0.40650406504065039748 0.51626016260162599369 0.31707317073170732113 0.35772357723577236088 0.21951219512195122019 0.31707317073170732113 0.26016260162601628769 0.23983739837398374006 0.31300813008130079496 0.36178861788617888706
-9999 -9999 -9999 -9999 -9999 -9999 -9999 -9999 -9999 -9999 -9999 -9999 -9999 0.31300813008130079496 0.32520325203252031798 0.37398373983739835458 0.50406504065040647067 0.55284552845528456277 0.31300813008130079496 0.30487804878048779811 0.45934959349593496025 0.72357723577235777412 0.33333333333333331483 0.31300813008130079496 0.31707317073170732113 0.36178861788617888706 0.31707317073170732113 0.36178861788617888706 0.31707317073170732113 0.26016260162601628769 0.31707317073170732113 0.33333333333333331483 0.35772357723577236088 0.31707317073170732113 0.29268292682926827508 0.30487804878048779811 0.26422764227642275836 0.29268292682926827508 0.35772357723577236088 0.31707317073170732113 0.30081300813008132744 0.23577235772357724164 0.23577235772357724164 0.3861788617886178776 0.30081300813008132744 0.40650406504065039748
-9999 -9999 -9999 -9999 -9999 -9999 -9999 -9999 -9999 -9999 -9999 0.22764227642276421704 0.26422764227642275836 0.34959349593495936404 0.58943089430894313185 0.47154471544715448328 0.5650406504065040858 0.30894308943089432429 0.31300813008130079496 0.30487804878048779811 0.31707317073170732113 0.33333333333333331483 0.31707317073170732113 0.31707317073170732113 0.34959349593495936404 0.34146341463414636719 0.31707317073170732113 0.30487804878048779811 0.29268292682926827508 0.29268292682926827508 0.26016260162601628769 0.31300813008130079496 0.36178861788617888706 0.35772357723577236088 0.29268292682926827508 0.27235772357723575521 0.30487804878048779811 0.30081300813008132744 0.31707317073170732113 0.35772357723577236088 0.31300813008130079496 0.28861788617886180441 0.22764227642276421704 0.32520325203252031798 0.34552845528455283786 0.31707317073170732113
-9999 -9999 -9999 -9999 -9999 -9999 -9999 -9999 0.19105691056910570347 0.31300813008130079496 0.30081300813008132744 0.39024390243902440378 0.44308943089430896656 0.53658536585365856908 0.62601626016260158991 0.38211382113821140694 0.31707317073170732113 0.29268292682926827508 0.30487804878048779811 0.30487804878048779811 0.30487804878048779811 0.31707317073170732113 0.37398373983739835458 0.36178861788617888706 0.31300813008130079496 0.37398373983739835458 0.30081300813008132744 0.30487804878048779811 0.31300813008130079496 0.29268292682926827508 0.32520325203252031798 0.25609756097560976151 0.31707317073170732113 0.36178861788617888706 0.4512195121951219634 0.31707317073170732113 0.31707317073170732113 0.26422764227642275836 0.26016260162601628769 0.31707317073170732113 0.42276422764227644668 0.29268292682926827508 0.24390243902439023849 0.24796747967479673691 0.30081300813008132744 0.40650406504065039748
-9999 -9999 -9999 -9999 -9999 0.26422764227642275836 0.30487804878048779811 0.32113821138211384731 0.36178861788617888706 0.31707317073170732113 0.50406504065040647067 0.47154471544715448328 0.53658536585365856908 0.6300813008130081716 0.32926829268292684416 0.31300813008130079496 0.31707317073170732113 0.31707317073170732113 0.31707317073170732113 0.30487804878048779811 0.31707317073170732113 0.36178861788617888706 0.4512195121951219634 0.31707317073170732113 0.45934959349593496025 0.46341463414634148643 0.47154471544715448328 0.34146341463414636719 0.39837398373983740063 0.35772357723577236088 0.30487804878048779811 0.25609756097560976151 0.37398373983739835458 0.37398373983739835458 0.38211382113821140694 0.41056910569105692366 0.40650406504065039748 0.24390243902439023849 0.4349593495934959142 0.31707317073170732113 0.36178861788617888706 0.34146341463414636719 0.33333333333333331483 0.30081300813008132744 0.31707317073170732113 0.42682926829268291735
-9999 -9999 -9999 0.41056910569105692366 0.25203252032520323533 0.30081300813008132744 0.4512195121951219634 0.47154471544715448328 0.50406504065040647067 0.5 0.59349593495934960252 0.67073170731707321135 0.64227642276422769463 0.58943089430894313185 0.4512195121951219634 0.41056910569105692366 0.42276422764227644668 0.36178861788617888706 0.35772357723577236088 0.31707317073170732113 0.36585365853658535773 0.42276422764227644668 0.52439024390243904605 0.53658536585365856908 0.39837398373983740063 0.56097560975609761513 0.47154471544715448328 0.38211382113821140694 0.45934959349593496025 0.34146341463414636719 0.29268292682926827508 0.31707317073170732113 0.4512195121951219634 0.5 0.32113821138211384731 0.4512195121951219634 0.40650406504065039748 0.41056910569105692366 0.30487804878048779811 0.40650406504065039748 0.4512195121951219634 0.47154471544715448328 0.31707317073170732113 0.40650406504065039748 0.29268292682926827508 0.4186991869918699205
0.41056910569105692366 0.3861788617886178776 0.31300813008130079496 0.29268292682926827508 0.36991869918699188391 0.5813008130081300795 0.59349593495934960252 0.65040650406504063596 0.53658536585365856908 0.6300813008130081716 0.70731707317073166941 0.77235772357723575521 0.71544715447154472177 0.6300813008130081716 0.52032520325203257539 0.4674796747967479571 0.40650406504065039748 0.4186991869918699205 0.41056910569105692366 0.39024390243902440378 0.41056910569105692366 0.49593495934959347382 0.76016260162601623218 0.65853658536585368832 0.59349593495934960252 0.50406504065040647067 0.45934959349593496025 0.5 0.53252032520325198739 0.5650406504065040858 0.46341463414634148643 0.4186991869918699205 0.32113821138211384731 0.4674796747967479571 0.50406504065040647067 0.4512195121951219634 0.53252032520325198739 0.5 0.47560975609756095395 0.24796747967479673691 0.39024390243902440378 0.50406504065040647067 0.46341463414634148643 0.41056910569105692366 0.54471544715447151042 0.5813008130081300795
0.4512195121951219634 0.30487804878048779811 0.36178861788617888706 0.50406504065040647067 0.59349593495934960252 0.62601626016260158991 0.62601626016260158991 0.63821138211382111294 0.70731707317073166941 0.74796747967479670915 0.69918699186991872807 0.67073170731707321135 0.70731707317073166941 0.66260162601626015899 0.59349593495934960252 0.4674796747967479571 0.47154471544715448328 0.47154471544715448328 0.45934959349593496025 0.45934959349593496025 0.47154471544715448328 0.4674796747967479571 0.70731707317073166941 0.63821138211382111294 0.36178861788617888706 0.5 0.58943089430894313185 0.60162601626016265488 0.53658536585365856908 0.6300813008130081716 0.44308943089430896656 0.41056910569105692366 0.5 0.4512195121951219634 0.37804878048780488076 0.53658536585365856908 0.30081300813008132744 0.52439024390243904605 0.51626016260162599369 0.37804878048780488076 0.32520325203252031798 0.45528455284552843407 0.63821138211382111294 0.5813008130081300795 0.59349593495934960252 0.62195121951219511924
0.4674796747967479571 0.50406504065040647067 0.50406504065040647067 0.52032520325203257539 0.5650406504065040858 0.69105691056910567571 0.71544715447154472177 0.70731707317073166941 0.76016260162601623218 0.73170731707317071546 0.65853658536585368832 0.65040650406504063596 0.69105691056910567571 0.66666666666666662966 0.5813008130081300795 0.53658536585365856908 0.5 0.50406504065040647067 0.50406504065040647067 0.63821138211382111294 0.4674796747967479571 0.52845528455284551672 0.45934959349593496025 0.73170731707317071546 0.69105691056910567571 0.50406504065040647067 0.45528455284552843407 0.6300813008130081716 0.65040650406504063596 0.59349593495934960252 0.62601626016260158991 0.50406504065040647067 0.4512195121951219634 0.63821138211382111294 0.43902439024390244038 0.56910569105691055647 0.66260162601626015899 0.60162601626016265488 0.50406504065040647067 0.54065040650406503975 0.55284552845528456277 0.31300813008130079496 0.52032520325203257539 0.63821138211382111294 0.62601626016260158991 0.58536585365853655016
0.46341463414634148643 0.51626016260162599369 0.59349593495934960252 0.62601626016260158991 0.6463414634146341653 0.66666666666666662966 0.76016260162601623218 0.73170731707317071546 0.70731707317073166941 0.69105691056910567571 0.66666666666666662966 0.64227642276422769463 0.71544715447154472177 0.67073170731707321135 0.66666666666666662966 0.53252032520325198739 0.60162601626016265488 0.54065040650406503975 0.73577235772357718613 0.60975609756097559622 0.62601626016260158991 0.5 0.67073170731707321135 0.73170731707317071546 0.69512195121951214638 0.6300813008130081716 0.50406504065040647067 0.62601626016260158991 0.62601626016260158991 0.65040650406504063596 0.60162601626016265488 0.50406504065040647067 0.5 0.59349593495934960252 0.62195121951219511924 0.5813008130081300795 0.51219512195121952303 0.4512195121951219634 0.49593495934959347382 0.47154471544715448328 0.50406504065040647067 0.4674796747967479571 0.52439024390243904605 0.47154471544715448328 0.59349593495934960252 0.47154471544715448328
0.47154471544715448328 0.47967479674796748013 0.57317073170731702714 0.62601626016260158991 0.65040650406504063596 0.74796747967479670915 0.78048780487804880757 0.74796747967479670915 0.71544715447154472177 0.69105691056910567571 0.70731707317073166941 0.65447154471544710663 0.71544715447154472177 0.66260162601626015899 0.66666666666666662966 0.54471544715447151042 0.73983739837398376782 0.63821138211382111294 0.63821138211382111294 0.71951219512195119243 0.67479674796747968202 0.57317073170731702714 0.53252032520325198739 0.60162601626016265488 0.64227642276422769463 0.6300813008130081716 0.60162601626016265488 0.65853658536585368832 0.56910569105691055647 0.62601626016260158991 0.60162601626016265488 0.52439024390243904605 0.5650406504065040858 0.60162601626016265488 0.55284552845528456277 0.59349593495934960252 0.58536585365853655016 0.65447154471544710663 0.54878048780487809211 0.47154471544715448328 0.45528455284552843407 0.47154471544715448328 0.53658536585365856908 0.45934959349593496025 0.61788617886178864858 0.62601626016260158991
0.52032520325203257539 0.5 0.53252032520325198739 0.5650406504065040858 0.69105691056910567571 0.73577235772357718613 0.76016260162601623218 0.80081300813008127193 0.75203252032520329085 0.73170731707317071546 0.73170731707317071546 0.66666666666666662966 0.70731707317073166941 0.74796747967479670915 0.67073170731707321135 0.69918699186991872807 0.71544715447154472177 0.77235772357723575521 0.60162601626016265488 0.67073170731707321135 0.66666666666666662966 0.65853658536585368832 0.64227642276422769463 0.59349593495934960252 0.72357723577235777412 0.73577235772357718613 0.55284552845528456277 0.50406504065040647067 0.63821138211382111294 0.71544715447154472177 0.63821138211382111294 0.60162601626016265488 0.62195121951219511924 0.63821138211382111294 0.69512195121951214638 0.5650406504065040858 0.52032520325203257539 0.59349593495934960252 0.62601626016260158991 0.55284552845528456277 0.54065040650406503975 0.50406504065040647067 0.63821138211382111294 0.49593495934959347382 0.56910569105691055647 0.63821138211382111294
0.4674796747967479571 0.5 0.47560975609756095395 0.51626016260162599369 0.5813008130081300795 0.65853658536585368832 0.78048780487804880757 0.83739837398373984101 0.79674796747967480126 0.74390243902439023849 0.73170731707317071546 0.71544715447154472177 0.65447154471544710663 0.69918699186991872807 0.65447154471544710663 0.6300813008130081716 0.73170731707317071546 0.63821138211382111294 0.65040650406504063596 0.63821138211382111294 0.62601626016260158991 0.64227642276422769463 0.60975609756097559622 0.49186991869918700315 0.62601626016260158991 0.69918699186991872807 0.77235772357723575521 0.59349593495934960252 0.55284552845528456277 0.70731707317073166941 0.71951219512195119243 0.63821138211382111294 0.5813008130081300795 0.65853658536585368832 0.65040650406504063596 0.31300813008130079496 0.65447154471544710663 0.58943089430894313185 0.5 0.4512195121951219634 0.42276422764227644668 0.6300813008130081716 0.5650406504065040858 0.53658536585365856908 0.62601626016260158991 0.69105691056910567571
0.5 0.4674796747967479571 0.45934959349593496025 0.46341463414634148643 0.5 0.53252032520325198739 0.63821138211382111294 0.77642276422764222588 0.84146341463414631168 0.80081300813008127193 0.73170731707317071546 0.71951219512195119243 0.71544715447154472177 0.67479674796747968202 0.71544715447154472177 0.75203252032520329085 0.74796747967479670915 0.56910569105691055647 0.5813008130081300795 0.60162601626016265488 0.52439024390243904605 0.65040650406504063596 0.65040650406504063596 0.55691056910569103344 0.54065040650406503975 0.6300813008130081716 0.69105691056910567571 0.67073170731707321135 0.71951219512195119243 0.57723577235772360883 0.50406504065040647067 0.69105691056910567571 0.53658536585365856908 0.47154471544715448328 0.53252032520325198739 0.36991869918699188391 0.54878048780487809211 0.62601626016260158991 0.45934959349593496025 0.58536585365853655016 0.50406504065040647067 0.58536585365853655016 0.53658536585365856908 0.52032520325203257539 0.65447154471544710663 0.53252032520325198739
