Example/niche_identity/models/ENFA/chlorocyanus_1.asc
ncols        743
nrows        319
xllcorner    -74.500956448335
yllcorner    17.448920549066
cellsize     0.008333333333
NODATA_value  -9999
[rows 180 to 199 of 319, columns 506 to 551 of 743]
0.45161290322580643908 0.21774193548387096864 0.58467741935483874549 0.71774193548387099639 0.8830645161290322509 0.8911290322580645018 0.87903225806451612545 0.71370967741935487094 0.57661290322580649459 0.45161290322580643908 0.47580645161290324729 0.43145161290322581182 0.33467741935483868998 0.34274193548387094088 0.31048387096774193727 0.31048387096774193727 0.28629032258064518457 0.35483870967741937275 0.28629032258064518457 0.27419354838709675271 0.27419354838709675271 0.23790322580645162365 0.28629032258064518457 0.27016129032258062725 0.24596774193548387455 0.24596774193548387455 0.26209677419354837635 0.24596774193548387455 0.24596774193548387455 0.24596774193548387455 0.27419354838709675271 0.23790322580645162365 0.26209677419354837635 0.27419354838709675271 0.26209677419354837635 0.27419354838709675271 0.2661290322580645018 0.28629032258064518457 0.28629032258064518457 0.29435483870967743547 0.30241935483870968637 0.31048387096774193727 0.30241935483870968637 0.29838709677419356092 0.33064516129032256453 0.31048387096774193727
0.60483870967741937275 0.70161290322580649459 0.75 0.6411290322580645018 0.62903225806451612545 0.84677419354838712184 0.875 0.91129032258064512906 0.56451612903225811824 0.47177419354838712184 0.47580645161290324729 0.40322580645161287816 0.35080645161290324729 0.35483870967741937275 0.35080645161290324729 0.29838709677419356092 0.28629032258064518457 0.31048387096774193727 0.28629032258064518457 0.31451612903225806273 0.29435483870967743547 0.28629032258064518457 0.28629032258064518457 0.28225806451612905912 0.28629032258064518457 0.28629032258064518457 0.28629032258064518457 0.28629032258064518457 0.28629032258064518457 0.28629032258064518457 0.27822580645161287816 0.28629032258064518457 0.27822580645161287816 0.31451612903225806273 0.28629032258064518457 0.2661290322580645018 0.28629032258064518457 0.29838709677419356092 0.28629032258064518457 0.31048387096774193727 0.31451612903225806273 0.32258064516129031363 0.36290322580645162365 0.32258064516129031363 0.35080645161290324729 0.36290322580645162365
0.23790322580645162365 0.47177419354838712184 0.68548387096774188176 0.87903225806451612545 0.8830645161290322509 0.90322580645161287816 0.91532258064516125451 0.90322580645161287816 0.65725806451612900361 0.76209677419354837635 0.69354838709677424369 0.45161290322580643908 0.52822580645161287816 0.35483870967741937275 0.3830645161290322509 0.37903225806451612545 0.36290322580645162365 0.36290322580645162365 0.38709677419354837635 0.35080645161290324729 0.32258064516129031363 0.32258064516129031363 0.29435483870967743547 0.31451612903225806273 0.30241935483870968637 0.31048387096774193727 0.28225806451612905912 0.31048387096774193727 0.29435483870967743547 0.31451612903225806273 0.31048387096774193727 0.31048387096774193727 0.29435483870967743547 0.28629032258064518457 0.31048387096774193727 0.29435483870967743547 0.29435483870967743547 0.28629032258064518457 0.29032258064516131002 0.35483870967741937275 0.36290322580645162365 0.35483870967741937275 0.36290322580645162365 0.38709677419354837635 0.375 0.36290322580645162365
0.24596774193548387455 0.58870967741935487094 0.64516129032258062725 0.89516129032258062725 0.8911290322580645018 0.88709677419354837635 0.81451612903225811824 0.83064516129032262004 0.79435483870967737996 0.75 0.79838709677419350541 0.59677419354838712184 0.58064516129032262004 0.48790322580645162365 0.3830645161290322509 0.35483870967741937275 0.36290322580645162365 0.38709677419354837635 0.32258064516129031363 0.35483870967741937275 0.36290322580645162365 0.35080645161290324729 0.36290322580645162365 0.29838709677419356092 0.34274193548387094088 0.35483870967741937275 0.33467741935483868998 0.31451612903225806273 0.34274193548387094088 0.31451612903225806273 0.35483870967741937275 0.35080645161290324729 0.31451612903225806273 0.31048387096774193727 0.35483870967741937275 0.35080645161290324729 0.34274193548387094088 0.35483870967741937275 0.36290322580645162365 0.34274193548387094088 0.3911290322580645018 0.41532258064516131002 0.3911290322580645018 0.3911290322580645018 0.43145161290322581182 0.42741935483870968637
0.53225806451612900361 0.56048387096774188176 0.70967741935483874549 0.80645161290322575631 0.78629032258064512906 0.8830645161290322509 0.84274193548387099639 0.8830645161290322509 0.83870967741935487094 0.91129032258064512906 0.91129032258064512906 0.71370967741935487094 0.53225806451612900361 0.43145161290322581182 0.45967741935483868998 0.47983870967741937275 0.47580645161290324729 0.35080645161290324729 0.3911290322580645018 0.41532258064516131002 0.43548387096774193727 0.37096774193548387455 0.35483870967741937275 0.35483870967741937275 0.31451612903225806273 0.31048387096774193727 0.36290322580645162365 0.42741935483870968637 0.36290322580645162365 0.3669354838709677491 0.36290322580645162365 0.36290322580645162365 0.36290322580645162365 0.35483870967741937275 0.37096774193548387455 0.35080645161290324729 0.36290322580645162365 0.3830645161290322509 0.36290322580645162365 0.3911290322580645018 0.375 0.3911290322580645018 0.47580645161290324729 0.47177419354838712184 0.48790322580645162365 0.47177419354838712184
0.57661290322580649459 0.78225806451612900361 0.64516129032258062725 0.75403225806451612545 0.8830645161290322509 0.81451612903225811824 0.91532258064516125451 0.69758064516129036914 0.77016129032258062725 0.7419354838709677491 0.75 0.6088709677419354982 0.49596774193548387455 0.47983870967741937275 0.47983870967741937275 0.48790322580645162365 0.39919354838709675271 0.46370967741935481543 0.38709677419354837635 0.45161290322580643908 0.36290322580645162365 0.44758064516129031363 0.39516129032258062725 0.39919354838709675271 0.36290322580645162365 0.39919354838709675271 0.3830645161290322509 0.35483870967741937275 0.39919354838709675271 0.36290322580645162365 0.41532258064516131002 0.3830645161290322509 0.39919354838709675271 0.3830645161290322509 0.39516129032258062725 0.41532258064516131002 0.41532258064516131002 0.3911290322580645018 0.45161290322580643908 0.44354838709677418818 0.48790322580645162365 0.48790322580645162365 0.4919354838709677491 0.5080645161290322509 0.51209677419354837635 0.52822580645161287816
0.5 0.71370967741935487094 0.71370967741935487094 0.84274193548387099639 0.82661290322580649459 0.83870967741935487094 0.88709677419354837635 0.8830645161290322509 0.78225806451612900361 0.77419354838709675271 0.81451612903225811824 0.71370967741935487094 0.72580645161290324729 0.55645161290322575631 0.56854838709677424369 0.45161290322580643908 0.43548387096774193727 0.43548387096774193727 0.43548387096774193727 0.48790322580645162365 0.39919354838709675271 0.45161290322580643908 0.45161290322580643908 0.39516129032258062725 0.3911290322580645018 0.45967741935483868998 0.43548387096774193727 0.3911290322580645018 0.42338709677419356092 0.3669354838709677491 0.39919354838709675271 0.45161290322580643908 0.42741935483870968637 0.42741935483870968637 0.42741935483870968637 0.44354838709677418818 0.45564516129032256453 0.47177419354838712184 0.43145161290322581182 0.4838709677419354982 0.4919354838709677491 0.52419354838709675271 0.53225806451612900361 0.56048387096774188176 0.55645161290322575631 0.56451612903225811824
0.45967741935483868998 0.47177419354838712184 0.59677419354838712184 0.66935483870967737996 0.75 0.69354838709677424369 0.82661290322580649459 0.89919354838709675271 0.84274193548387099639 0.85080645161290324729 0.84677419354838712184 0.79838709677419350541 0.89919354838709675271 0.62096774193548387455 0.58064516129032262004 0.57258064516129036914 0.53629032258064512906 0.48790322580645162365 0.45161290322580643908 0.39919354838709675271 0.48790322580645162365 0.45967741935483868998 0.3830645161290322509 0.3911290322580645018 0.43145161290322581182 0.45161290322580643908 0.48790322580645162365 0.36290322580645162365 0.35483870967741937275 0.45564516129032256453 0.45161290322580643908 0.45967741935483868998 0.41532258064516131002 0.47580645161290324729 0.47177419354838712184 0.47983870967741937275 0.48790322580645162365 0.48790322580645162365 0.48790322580645162365 0.5080645161290322509 0.52016129032258062725 0.54435483870967737996 0.56854838709677424369 0.57258064516129036914 0.59677419354838712184 0.6088709677419354982
0.6330645161290322509 0.6169354838709677491 0.7419354838709677491 0.77016129032258062725 0.77419354838709675271 0.83064516129032262004 0.81451612903225811824 0.83064516129032262004 0.79838709677419350541 0.75403225806451612545 0.8830645161290322509 0.79838709677419350541 0.6411290322580645018 0.68145161290322575631 0.61290322580645162365 0.4919354838709677491 0.51209677419354837635 0.47983870967741937275 0.48790322580645162365 0.48790322580645162365 0.43548387096774193727 0.47983870967741937275 0.51209677419354837635 0.43548387096774193727 0.48790322580645162365 0.49596774193548387455 0.41532258064516131002 0.48790322580645162365 0.47983870967741937275 0.47580645161290324729 0.47177419354838712184 0.48790322580645162365 0.46774193548387094088 0.48790322580645162365 0.43548387096774193727 0.48790322580645162365 0.48790322580645162365 0.53225806451612900361 0.52016129032258062725 0.53629032258064512906 0.56451612903225811824 0.58064516129032262004 0.58064516129032262004 0.62096774193548387455 0.62096774193548387455 0.6330645161290322509
0.71370967741935487094 0.7338709677419354982 0.79838709677419350541 0.8911290322580645018 0.8911290322580645018 0.90322580645161287816 0.82661290322580649459 0.83467741935483874549 0.77419354838709675271 0.71370967741935487094 0.71370967741935487094 0.80241935483870963086 0.84677419354838712184 0.82258064516129036914 0.70161290322580649459 0.6330645161290322509 0.48790322580645162365 0.48790322580645162365 0.57258064516129036914 0.53225806451612900361 0.48790322580645162365 0.49596774193548387455 0.52016129032258062725 0.48790322580645162365 0.47580645161290324729 0.49596774193548387455 0.51209677419354837635 0.52419354838709675271 0.49596774193548387455 0.49596774193548387455 0.48790322580645162365 0.45564516129032256453 0.50403225806451612545 0.49596774193548387455 0.51209677419354837635 0.52016129032258062725 0.52822580645161287816 0.48790322580645162365 0.57661290322580649459 0.56451612903225811824 0.58064516129032262004 0.61290322580645162365 0.62903225806451612545 0.625 0.6411290322580645018 0.65725806451612900361
0.78225806451612900361 0.71370967741935487094 0.81048387096774188176 0.76209677419354837635 0.84677419354838712184 0.87903225806451612545 0.78225806451612900361 0.91129032258064512906 0.81451612903225811824 0.69758064516129036914 0.62903225806451612545 0.69758064516129036914 0.80241935483870963086 0.77016129032258062725 0.77419354838709675271 0.6088709677419354982 0.55645161290322575631 0.59677419354838712184 0.53629032258064512906 0.6088709677419354982 0.58064516129032262004 0.56854838709677424369 0.53629032258064512906 0.53629032258064512906 0.57258064516129036914 0.51209677419354837635 0.50403225806451612545 0.49596774193548387455 0.53629032258064512906 0.48790322580645162365 0.4919354838709677491 0.50403225806451612545 0.52419354838709675271 0.53225806451612900361 0.54435483870967737996 0.55645161290322575631 0.55645161290322575631 0.58064516129032262004 0.57258064516129036914 0.58064516129032262004 0.61290322580645162365 0.62096774193548387455 0.62096774193548387455 0.65725806451612900361 0.67338709677419350541 0.68145161290322575631
0.77419354838709675271 0.81048387096774188176 0.68951612903225811824 0.84677419354838712184 0.76209677419354837635 0.83064516129032262004 0.89919354838709675271 0.75 0.81048387096774188176 0.75 0.77016129032258062725 0.71370967741935487094 0.77016129032258062725 0.79838709677419350541 0.69758064516129036914 0.62903225806451612545 0.62096774193548387455 0.57258064516129036914 0.63709677419354837635 0.59677419354838712184 0.62096774193548387455 0.6088709677419354982 0.61290322580645162365 0.56048387096774188176 0.56451612903225811824 0.55645161290322575631 0.48790322580645162365 0.54435483870967737996 0.49596774193548387455 0.54435483870967737996 0.48790322580645162365 0.53225806451612900361 0.56048387096774188176 0.56854838709677424369 0.55645161290322575631 0.56854838709677424369 0.56854838709677424369 0.59677419354838712184 0.61290322580645162365 0.62096774193548387455 0.60483870967741937275 0.62903225806451612545 0.65322580645161287816 0.65322580645161287816 0.69354838709677424369 0.71370967741935487094
0.70161290322580649459 0.62096774193548387455 0.68145161290322575631 0.52419354838709675271 0.7419354838709677491 0.85483870967741937275 0.82258064516129036914 0.80645161290322575631 0.78225806451612900361 0.77419354838709675271 0.62903225806451612545 0.7661290322580645018 0.64516129032258062725 0.78225806451612900361 0.72580645161290324729 0.62096774193548387455 0.57661290322580649459 0.62903225806451612545 0.65725806451612900361 0.62903225806451612545 0.5080645161290322509 0.55645161290322575631 0.6330645161290322509 0.62096774193548387455 0.49596774193548387455 0.57258064516129036914 0.5080645161290322509 0.56854838709677424369 0.5080645161290322509 0.51209677419354837635 0.54032258064516125451 0.48790322580645162365 0.56048387096774188176 0.56854838709677424369 0.57258064516129036914 0.56048387096774188176 0.59677419354838712184 0.60483870967741937275 0.61290322580645162365 0.62903225806451612545 0.6330645161290322509 0.64516129032258062725 0.68951612903225811824 0.71370967741935487094 0.71370967741935487094 0.75
0.16129032258064515681 0.41532258064516131002 0.5080645161290322509 0.78225806451612900361 0.71370967741935487094 0.71370967741935487094 0.77016129032258062725 0.78225806451612900361 0.78225806451612900361 0.64516129032258062725 0.79435483870967737996 0.65322580645161287816 0.84677419354838712184 0.80241935483870963086 0.68145161290322575631 0.6330645161290322509 0.67338709677419350541 0.71370967741935487094 0.71370967741935487094 0.6330645161290322509 0.62096774193548387455 0.6411290322580645018 0.62096774193548387455 0.625 0.52016129032258062725 0.60483870967741937275 0.53629032258064512906 0.56451612903225811824 0.55645161290322575631 0.57258064516129036914 0.57258064516129036914 0.52822580645161287816 0.55645161290322575631 0.59677419354838712184 0.59677419354838712184 0.6088709677419354982 0.6169354838709677491 0.62096774193548387455 0.57258064516129036914 0.63709677419354837635 0.64516129032258062725 0.69758064516129036914 0.65322580645161287816 0.72177419354838712184 0.75 0.75
0.29435483870967743547 0.11290322580645160977 0.28629032258064518457 0.62903225806451612545 0.79838709677419350541 0.56048387096774188176 0.6088709677419354982 0.77016129032258062725 0.71370967741935487094 0.78225806451612900361 0.71774193548387099639 0.70161290322580649459 0.71370967741935487094 0.71370967741935487094 0.63709677419354837635 0.67338709677419350541 0.65322580645161287816 0.71370967741935487094 0.62096774193548387455 0.61290322580645162365 0.52419354838709675271 0.62096774193548387455 0.62903225806451612545 0.61290322580645162365 0.62096774193548387455 0.62096774193548387455 0.56451612903225811824 0.59677419354838712184 0.61290322580645162365 0.53629032258064512906 0.57661290322580649459 0.56854838709677424369 0.59677419354838712184 0.60483870967741937275 0.61290322580645162365 0.61290322580645162365 0.6330645161290322509 0.57661290322580649459 0.63709677419354837635 0.625 0.68145161290322575631 0.69758064516129036914 0.71370967741935487094 0.7338709677419354982 0.77822580645161287816 0.80645161290322575631
0.43145161290322581182 0.28629032258064518457 0.27419354838709675271 0.3911290322580645018 0.71370967741935487094 0.69758064516129036914 0.76209677419354837635 0.84677419354838712184 0.79838709677419350541 0.91129032258064512906 0.8911290322580645018 0.77419354838709675271 0.84677419354838712184 0.70161290322580649459 0.56048387096774188176 0.74596774193548387455 0.71370967741935487094 0.6169354838709677491 0.65725806451612900361 0.67741935483870963086 0.62096774193548387455 0.69758064516129036914 0.64516129032258062725 0.62096774193548387455 0.62903225806451612545 0.57258064516129036914 0.61290322580645162365 0.58064516129032262004 0.59274193548387099639 0.56854838709677424369 0.61290322580645162365 0.56854838709677424369 0.62096774193548387455 0.53225806451612900361 0.57258064516129036914 0.59677419354838712184 0.63709677419354837635 0.62096774193548387455 0.68145161290322575631 0.68145161290322575631 0.68145161290322575631 0.72580645161290324729 0.75 0.78225806451612900361 0.79838709677419350541 0.79838709677419350541
0.4919354838709677491 0.71370967741935487094 0.62096774193548387455 0.55645161290322575631 0.68951612903225811824 0.77419354838709675271 0.65725806451612900361 0.81451612903225811824 0.77419354838709675271 0.81451612903225811824 0.8830645161290322509 0.85483870967741937275 0.72177419354838712184 0.71370967741935487094 0.77419354838709675271 0.77016129032258062725 0.7419354838709677491 0.6411290322580645018 0.62096774193548387455 0.65322580645161287816 0.62096774193548387455 0.6330645161290322509 0.62096774193548387455 0.71370967741935487094 0.60483870967741937275 0.62096774193548387455 0.60483870967741937275 0.6169354838709677491 0.61290322580645162365 0.60080645161290324729 0.62096774193548387455 0.59274193548387099639 0.62096774193548387455 0.61290322580645162365 0.62096774193548387455 0.62096774193548387455 0.61290322580645162365 0.63709677419354837635 0.6411290322580645018 0.65725806451612900361 0.71370967741935487094 0.72580645161290324729 0.71370967741935487094 0.79435483870967737996 0.80241935483870963086 0.77016129032258062725
0.8830645161290322509 0.75 0.83870967741935487094 0.68951612903225811824 0.71370967741935487094 0.6330645161290322509 0.59677419354838712184 0.75 0.71370967741935487094 0.75 0.77419354838709675271 0.72580645161290324729 0.81048387096774188176 0.87903225806451612545 0.75 0.69758064516129036914 0.69758064516129036914 0.71370967741935487094 0.71370967741935487094 0.60483870967741937275 0.69758064516129036914 0.64516129032258062725 0.64516129032258062725 0.65322580645161287816 0.61290322580645162365 0.62903225806451612545 0.63709677419354837635 0.62903225806451612545 0.6330645161290322509 0.66532258064516125451 0.6169354838709677491 0.6330645161290322509 0.62903225806451612545 0.62096774193548387455 0.64516129032258062725 0.6330645161290322509 0.63709677419354837635 0.6411290322580645018 0.6411290322580645018 0.71370967741935487094 0.75 0.71370967741935487094 0.74596774193548387455 0.80241935483870963086 0.83064516129032262004 0.84677419354838712184
0.62096774193548387455 0.80241935483870963086 0.83870967741935487094 0.77419354838709675271 0.78225806451612900361 0.6330645161290322509 0.57661290322580649459 0.81451612903225811824 0.77419354838709675271 0.72580645161290324729 0.7338709677419354982 0.6330645161290322509 0.66935483870967737996 0.71370967741935487094 0.69758064516129036914 0.72177419354838712184 0.79838709677419350541 0.71370967741935487094 0.6169354838709677491 0.64516129032258062725 0.6330645161290322509 0.72580645161290324729 0.6330645161290322509 0.68548387096774188176 0.62903225806451612545 0.65322580645161287816 0.62096774193548387455 0.62096774193548387455 0.58870967741935487094 0.66935483870967737996 0.6330645161290322509 0.6330645161290322509 0.6330645161290322509 0.61290322580645162365 0.61290322580645162365 0.62096774193548387455 0.6330645161290322509 0.62903225806451612545 0.68951612903225811824 0.71370967741935487094 0.64516129032258062725 0.71370967741935487094 0.80241935483870963086 0.81451612903225811824 -9999 -9999
0.49596774193548387455 0.61290322580645162365 0.77016129032258062725 0.79435483870967737996 0.77419354838709675271 0.71370967741935487094 0.71370967741935487094 0.71370967741935487094 0.70161290322580649459 0.80241935483870963086 0.77419354838709675271 0.71370967741935487094 0.69758064516129036914 0.71370967741935487094 0.75 0.6411290322580645018 0.62096774193548387455 0.64919354838709675271 0.67338709677419350541 0.68145161290322575631 0.66935483870967737996 0.6411290322580645018 0.69354838709677424369 0.65725806451612900361 0.57661290322580649459 0.6411290322580645018 0.65322580645161287816 0.68145161290322575631 0.66935483870967737996 0.65322580645161287816 0.6330645161290322509 0.69758064516129036914 0.62096774193548387455 0.6411290322580645018 0.63709677419354837635 0.60483870967741937275 0.67338709677419350541 0.58064516129032262004 0.65322580645161287816 0.71370967741935487094 0.71370967741935487094 0.76209677419354837635 0.74596774193548387455 -9999 -9999 -9999
