Example/niche_identity/models/ENFA/chlorocyanus.asc
ncols        743
nrows        319
xllcorner    -74.500956448335
yllcorner    17.448920549066
cellsize     0.008333333333
NODATA_value  -9999
[rows 120 to 139 of 319, columns 230 to 275 of 743]
0.25498007968127489598 0.24302788844621514563 0.19920318725099600554 0.19920318725099600554 0.19123505976095617198 0.17529880478087650486 0.13944223107569719833 0.14342629482071714286 0.13545816733067728155 0.16334661354581672676 0.16733067729083664354 0.1553784860557768932 0.13944223107569719833 0.091633466135458169211 0.055776892430278883495 0.051792828685258966714 0.039840637450199202496 0.043824701195219126215 0.08764940239043825243 0.075697211155378488212 0.19123505976095617198 0.24302788844621514563 0.095617529880478085991 0.13545816733067728155 0.24701195219123506241 0.30677290836653386963 0.24302788844621514563 0.24701195219123506241 0.24701195219123506241 0.31474103585657370319 0.30677290836653386963 0.15936254980079680998 0.23505976095617531207 0.1872509960159362552 0.071713147410358571432 0.1553784860557768932 0.14342629482071714286 0.08764940239043825243 0.075697211155378488212 0.055776892430278883495 0.051792828685258966714 0.08764940239043825243 0.095617529880478085991 0.15139442231075697642 0.1872509960159362552 0.19123505976095617198
0.24701195219123506241 0.24701195219123506241 0.19920318725099600554 0.19123505976095617198 0.24302788844621514563 0.19920318725099600554 0.19123505976095617198 0.19521912350597608876 0.13545816733067728155 0.21115537848605578364 0.21513944223107570042 0.13545816733067728155 0.12350597609561753121 0.075697211155378488212 0.075697211155378488212 0.055776892430278883495 0.075697211155378488212 0.051792828685258966714 0.039840637450199202496 0.059760956175298807214 0.075697211155378488212 0.2191235059760956172 0.1872509960159362552 0.17131474103585656033 0.075697211155378488212 0.19920318725099600554 0.08764940239043825243 0.16733067729083664354 0.24302788844621514563 0.17529880478087650486 0.22310756972111553398 0.29083665338645420251 0.24701195219123506241 0.13545816733067728155 0.095617529880478085991 0.067729083665338640774 0.059760956175298807214 0.051792828685258966714 0.023904382470119521498 0.015936254980079680998 0.011952191235059760749 0.0079681274900398404992 0.039840637450199202496 0.08764940239043825243 0.16733067729083664354 0.22310756972111553398
0.24701195219123506241 0.21513944223107570042 0.23505976095617531207 0.19123505976095617198 0.18326693227091633842 0.13944223107569719833 0.095617529880478085991 0.15936254980079680998 0.19920318725099600554 0.12350597609561753121 0.23505976095617531207 0.095617529880478085991 0.095617529880478085991 0.075697211155378488212 0.051792828685258966714 0.055776892430278883495 0.051792828685258966714 0.043824701195219126215 0.059760956175298807214 0.059760956175298807214 0.051792828685258966714 0.095617529880478085991 0.24701195219123506241 0.26693227091633464632 0.19123505976095617198 0.075697211155378488212 0.24302788844621514563 0.1872509960159362552 0.29482071713147411929 0.27888446215139439666 0.19521912350597608876 0.28685258964143428573 0.19521912350597608876 0.039840637450199202496 0.043824701195219126215 0.023904382470119521498 0.0079681274900398404992 0.011952191235059760749 0.0079681274900398404992 0.0039840637450199202496 0.0039840637450199202496 0.0079681274900398404992 0.0079681274900398404992 0.047808764940239042995 0.095617529880478085991 0.075697211155378488212
0.24701195219123506241 0.24701195219123506241 0.19920318725099600554 0.20717131474103586686 0.22310756972111553398 0.24302788844621514563 0.24302788844621514563 0.13545816733067728155 0.10358565737051793343 0.12749003984063744799 0.10358565737051793343 0.075697211155378488212 0.059760956175298807214 0.075697211155378488212 0.083665338645418321772 0.039840637450199202496 0.039840637450199202496 0.059760956175298807214 0.051792828685258966714 0.039840637450199202496 0.039840637450199202496 0.051792828685258966714 0.12350597609561753121 0.22310756972111553398 0.23904382470119522885 0.16334661354581672676 0.2509960159362549792 0.27490039840637447988 0.24302788844621514563 0.29482071713147411929 0.24701195219123506241 0.29880478087649403607 0.17529880478087650486 0.075697211155378488212 0.015936254980079680998 0.015936254980079680998 0.011952191235059760749 0.0039840637450199202496 0 0 0 0.0039840637450199202496 0.0079681274900398404992 0.011952191235059760749 0.031872509960159361997 0.0079681274900398404992
0.26693227091633464632 0.2509960159362549792 0.26294820717131472954 0.1872509960159362552 0.22310756972111553398 0.24701195219123506241 0.20717131474103586686 0.15139442231075697642 0.13545816733067728155 0.099601593625498002771 0.08764940239043825243 0.12350597609561753121 0.075697211155378488212 0.075697211155378488212 0.075697211155378488212 0.055776892430278883495 0.035856573705179285716 0.059760956175298807214 0.051792828685258966714 0.059760956175298807214 0.039840637450199202496 0.055776892430278883495 0.051792828685258966714 0.059760956175298807214 0.24701195219123506241 0.24302788844621514563 0.095617529880478085991 0.21115537848605578364 0.28685258964143428573 0.24701195219123506241 0.13545816733067728155 0.19920318725099600554 0.27888446215139439666 0.22709163346613545076 0.24701195219123506241 0.13944223107569719833 0.043824701195219126215 0.011952191235059760749 0.0039840637450199202496 0 0 0 0.0039840637450199202496 0.0039840637450199202496 0.011952191235059760749 0.011952191235059760749
0.29482071713147411929 0.24701195219123506241 0.22709163346613545076 0.19123505976095617198 0.19123505976095617198 0.22310756972111553398 0.1872509960159362552 0.1872509960159362552 0.12350597609561753121 0.11553784860557768377 0.095617529880478085991 0.08764940239043825243 0.095617529880478085991 0.08764940239043825243 0.059760956175298807214 0.059760956175298807214 0.039840637450199202496 0.055776892430278883495 0.059760956175298807214 0.059760956175298807214 0.039840637450199202496 0.051792828685258966714 0.051792828685258966714 0.051792828685258966714 0.059760956175298807214 0.11952191235059761443 0.20717131474103586686 0.24701195219123506241 0.29083665338645420251 0.16733067729083664354 0.19123505976095617198 0.24302788844621514563 0.24701195219123506241 0.24302788844621514563 0.24302788844621514563 0.067729083665338640774 0.011952191235059760749 0.011952191235059760749 0.011952191235059760749 0.0079681274900398404992 0.0079681274900398404992 0 0.0039840637450199202496 0.0039840637450199202496 0.011952191235059760749 0.011952191235059760749
0.26693227091633464632 0.2509960159362549792 0.23505976095617531207 0.24701195219123506241 0.24701195219123506241 0.24302788844621514563 0.24302788844621514563 0.22709163346613545076 0.20318725099601595008 0.19123505976095617198 0.13545816733067728155 0.08764940239043825243 0.071713147410358571432 0.075697211155378488212 0.075697211155378488212 0.059760956175298807214 0.075697211155378488212 0.055776892430278883495 0.051792828685258966714 0.039840637450199202496 0.051792828685258966714 0.039840637450199202496 0.035856573705179285716 0.039840637450199202496 0.043824701195219126215 0.091633466135458169211 0.095617529880478085991 0.24701195219123506241 0.24302788844621514563 0.24701195219123506241 0.075697211155378488212 0.08764940239043825243 0.095617529880478085991 0.12350597609561753121 0.2191235059760956172 0.08764940239043825243 0.059760956175298807214 0.08764940239043825243 0.043824701195219126215 0.011952191235059760749 0.035856573705179285716 0.019920318725099601248 0.011952191235059760749 0.0079681274900398404992 0.0039840637450199202496 0.0039840637450199202496
0.24701195219123506241 0.27888446215139439666 0.24701195219123506241 0.26294820717131472954 0.22310756972111553398 0.24302788844621514563 0.22709163346613545076 0.19920318725099600554 0.22709163346613545076 0.1872509960159362552 0.19123505976095617198 0.11553784860557768377 0.08764940239043825243 0.059760956175298807214 0.075697211155378488212 0.079681274900398404992 0.059760956175298807214 0.059760956175298807214 0.039840637450199202496 0.051792828685258966714 0.051792828685258966714 0.059760956175298807214 0.035856573705179285716 0.031872509960159361997 0.039840637450199202496 0.071713147410358571432 0.19123505976095617198 0.16334661354581672676 0.24701195219123506241 0.19123505976095617198 0.051792828685258966714 0.067729083665338640774 0.083665338645418321772 0.11553784860557768377 0.15139442231075697642 0.079681274900398404992 0.16733067729083664354 0.095617529880478085991 0.059760956175298807214 0.011952191235059760749 0.027888446215139441747 0.043824701195219126215 0.075697211155378488212 0.051792828685258966714 0.011952191235059760749 0.0039840637450199202496
0.19920318725099600554 0.19123505976095617198 0.24701195219123506241 0.24701195219123506241 0.24701195219123506241 0.21513944223107570042 0.22310756972111553398 0.24701195219123506241 0.19123505976095617198 0.1872509960159362552 0.1553784860557768932 0.17529880478087650486 0.08764940239043825243 0.075697211155378488212 0.095617529880478085991 0.051792828685258966714 0.075697211155378488212 0.055776892430278883495 0.047808764940239042995 0.051792828685258966714 0.051792828685258966714 0.043824701195219126215 0.039840637450199202496 0.039840637450199202496 0.039840637450199202496 0.1872509960159362552 0.24302788844621514563 0.21115537848605578364 0.24701195219123506241 0.24302788844621514563 0.091633466135458169211 0.035856573705179285716 0.019920318725099601248 0.015936254980079680998 0.059760956175298807214 0.13545816733067728155 0.14741035856573705964 0.035856573705179285716 0.011952191235059760749 0.039840637450199202496 0.027888446215139441747 0.08764940239043825243 0.095617529880478085991 0.059760956175298807214 0.011952191235059760749 0.011952191235059760749
0.059760956175298807214 0.095617529880478085991 0.19123505976095617198 0.19123505976095617198 0.24701195219123506241 0.24302788844621514563 0.19123505976095617198 0.24302788844621514563 0.22709163346613545076 0.2191235059760956172 0.15139442231075697642 0.13545816733067728155 0.075697211155378488212 0.075697211155378488212 0.075697211155378488212 0.091633466135458169211 0.075697211155378488212 0.059760956175298807214 0.055776892430278883495 0.055776892430278883495 0.043824701195219126215 0.047808764940239042995 0.039840637450199202496 0.051792828685258966714 0.027888446215139441747 0.023904382470119521498 0.051792828685258966714 0.039840637450199202496 0.24302788844621514563 0.26294820717131472954 0.16334661354581672676 0.039840637450199202496 0.019920318725099601248 0.015936254980079680998 0.10358565737051793343 0.17529880478087650486 0.11553784860557768377 0.067729083665338640774 0.059760956175298807214 0.075697211155378488212 0.071713147410358571432 0.13545816733067728155 0.16733067729083664354 0.13545816733067728155 0.095617529880478085991 0.051792828685258966714
0.023904382470119521498 0.075697211155378488212 0.075697211155378488212 0.1553784860557768932 0.16733067729083664354 0.1872509960159362552 0.19123505976095617198 0.19123505976095617198 0.24701195219123506241 0.20318725099601595008 0.24302788844621514563 0.13545816733067728155 0.15139442231075697642 0.1553784860557768932 0.15936254980079680998 0.1553784860557768932 0.13545816733067728155 0.075697211155378488212 0.075697211155378488212 0.075697211155378488212 0.059760956175298807214 0.039840637450199202496 0.039840637450199202496 0.039840637450199202496 0.039840637450199202496 0.055776892430278883495 0.039840637450199202496 0.039840637450199202496 0.15936254980079680998 0.24701195219123506241 0.24701195219123506241 0.11553784860557768377 0.075697211155378488212 0.039840637450199202496 0.15139442231075697642 0.10358565737051793343 0.15139442231075697642 0.1872509960159362552 0.13545816733067728155 0.13944223107569719833 0.059760956175298807214 0.13545816733067728155 0.08764940239043825243 0.14342629482071714286 0.19123505976095617198 0.10358565737051793343
0.011952191235059760749 0.039840637450199202496 0.059760956175298807214 0.051792828685258966714 0.059760956175298807214 0.075697211155378488212 0.095617529880478085991 0.2191235059760956172 0.22310756972111553398 0.19123505976095617198 0.17529880478087650486 0.22709163346613545076 0.1872509960159362552 0.19123505976095617198 0.23505976095617531207 0.24302788844621514563 0.13944223107569719833 0.095617529880478085991 0.071713147410358571432 0.079681274900398404992 0.039840637450199202496 0.043824701195219126215 0.043824701195219126215 0.039840637450199202496 0.039840637450199202496 0.039840637450199202496 0.019920318725099601248 0.031872509960159361997 0.075697211155378488212 0.21513944223107570042 0.16733067729083664354 0.19920318725099600554 0.1872509960159362552 0.16733067729083664354 0.083665338645418321772 0.051792828685258966714 0.059760956175298807214 0.075697211155378488212 0.1872509960159362552 0.19123505976095617198 0.13545816733067728155 0.13545816733067728155 0.12350597609561753121 0.11952191235059761443 0.095617529880478085991 0.11952191235059761443
0.051792828685258966714 0.055776892430278883495 0.035856573705179285716 0.019920318725099601248 0.019920318725099601248 0.043824701195219126215 0.091633466135458169211 0.099601593625498002771 0.19123505976095617198 0.21115537848605578364 0.19123505976095617198 0.24701195219123506241 0.19920318725099600554 0.2191235059760956172 0.24701195219123506241 0.19521912350597608876 0.20717131474103586686 0.16733067729083664354 0.075697211155378488212 0.075697211155378488212 0.051792828685258966714 0.055776892430278883495 0.051792828685258966714 0.051792828685258966714 0.055776892430278883495 0.055776892430278883495 0.047808764940239042995 0.051792828685258966714 0.059760956175298807214 0.15139442231075697642 0.24302788844621514563 0.18326693227091633842 0.22709163346613545076 0.095617529880478085991 0.071713147410358571432 0.075697211155378488212 0.043824701195219126215 0.051792828685258966714 0.11553784860557768377 0.095617529880478085991 0.22709163346613545076 0.19123505976095617198 0.19123505976095617198 0.08764940239043825243 0.095617529880478085991 0.14342629482071714286
0.039840637450199202496 0.075697211155378488212 0.039840637450199202496 0.027888446215139441747 0.039840637450199202496 0.023904382470119521498 0.031872509960159361997 0.039840637450199202496 0.059760956175298807214 0.095617529880478085991 0.19123505976095617198 0.19123505976095617198 0.19123505976095617198 0.22709163346613545076 0.17529880478087650486 0.19920318725099600554 0.19920318725099600554 0.16733067729083664354 0.13545816733067728155 0.075697211155378488212 0.059760956175298807214 0.059760956175298807214 0.059760956175298807214 0.075697211155378488212 0.075697211155378488212 0.051792828685258966714 0.043824701195219126215 0.051792828685258966714 0.023904382470119521498 0.019920318725099601248 0.059760956175298807214 0.19521912350597608876 0.19123505976095617198 0.1553784860557768932 0.075697211155378488212 0.059760956175298807214 0.075697211155378488212 0.16733067729083664354 0.075697211155378488212 0.059760956175298807214 0.091633466135458169211 0.095617529880478085991 0.10756972111553785021 0.15139442231075697642 0.15139442231075697642 0.095617529880478085991
0.079681274900398404992 0.095617529880478085991 0.075697211155378488212 0.055776892430278883495 0.011952191235059760749 0.011952191235059760749 0.011952191235059760749 0.011952191235059760749 0.027888446215139441747 0.043824701195219126215 0.075697211155378488212 0.13545816733067728155 0.11553784860557768377 0.1553784860557768932 0.20318725099601595008 0.16733067729083664354 0.19123505976095617198 0.1872509960159362552 0.095617529880478085991 0.075697211155378488212 0.051792828685258966714 0.051792828685258966714 0.063745019920318723994 0.043824701195219126215 0.051792828685258966714 0.059760956175298807214 0.039840637450199202496 0.043824701195219126215 0.039840637450199202496 0.023904382470119521498 0.051792828685258966714 0.075697211155378488212 0.1553784860557768932 0.075697211155378488212 0.21513944223107570042 0.20717131474103586686 0.10358565737051793343 0.13545816733067728155 0.16733067729083664354 0.19123505976095617198 0.17529880478087650486 0.075697211155378488212 0.059760956175298807214 0.16733067729083664354 0.12350597609561753121 0.075697211155378488212
0.19123505976095617198 0.11553784860557768377 0.08764940239043825243 0.059760956175298807214 0.035856573705179285716 0.023904382470119521498 0.011952191235059760749 0.015936254980079680998 0.011952191235059760749 0.011952191235059760749 0.011952191235059760749 0.039840637450199202496 0.075697211155378488212 0.16733067729083664354 0.15936254980079680998 0.24302788844621514563 0.19123505976095617198 0.19123505976095617198 0.1553784860557768932 0.10358565737051793343 0.063745019920318723994 0.059760956175298807214 0.059760956175298807214 0.043824701195219126215 0.051792828685258966714 0.051792828685258966714 0.047808764940239042995 0.059760956175298807214 0.059760956175298807214 0.039840637450199202496 0.039840637450199202496 0.055776892430278883495 0.095617529880478085991 0.095617529880478085991 0.071713147410358571432 0.095617529880478085991 0.16733067729083664354 0.11952191235059761443 0.11952191235059761443 0.091633466135458169211 0.08764940239043825243 0.031872509960159361997 0.011952191235059760749 0.051792828685258966714 0.13545816733067728155 0.059760956175298807214
0.24701195219123506241 0.2509960159362549792 0.23107569721115536754 0.16733067729083664354 0.075697211155378488212 0.095617529880478085991 0.075697211155378488212 0.051792828685258966714 0.011952191235059760749 0.0039840637450199202496 0.0039840637450199202496 0.0079681274900398404992 0.023904382470119521498 0.075697211155378488212 0.13545816733067728155 0.17131474103585656033 0.19123505976095617198 0.1872509960159362552 0.19123505976095617198 0.1553784860557768932 0.091633466135458169211 0.075697211155378488212 0.059760956175298807214 0.075697211155378488212 0.059760956175298807214 0.051792828685258966714 0.059760956175298807214 0.055776892430278883495 0.059760956175298807214 0.059760956175298807214 0.059760956175298807214 0.019920318725099601248 0.023904382470119521498 0.043824701195219126215 0.051792828685258966714 0.051792828685258966714 0.08764940239043825243 0.10358565737051793343 0.059760956175298807214 0.039840637450199202496 0.051792828685258966714 0.019920318725099601248 0.023904382470119521498 0.011952191235059760749 0.043824701195219126215 0.011952191235059760749
0.19920318725099600554 0.19123505976095617198 0.22310756972111553398 0.24302788844621514563 0.24302788844621514563 0.19123505976095617198 0.11952191235059761443 0.075697211155378488212 0.10358565737051793343 0.035856573705179285716 0.011952191235059760749 0.0079681274900398404992 0.011952191235059760749 0.039840637450199202496 0.075697211155378488212 0.13944223107569719833 0.19920318725099600554 0.19123505976095617198 0.21513944223107570042 0.18326693227091633842 0.075697211155378488212 0.083665338645418321772 0.075697211155378488212 0.075697211155378488212 0.043824701195219126215 0.051792828685258966714 0.047808764940239042995 0.059760956175298807214 0.075697211155378488212 0.075697211155378488212 0.055776892430278883495 0.019920318725099601248 0.011952191235059760749 0.019920318725099601248 0.023904382470119521498 0.027888446215139441747 0.075697211155378488212 0.12350597609561753121 0.059760956175298807214 0.039840637450199202496 0.047808764940239042995 0.023904382470119521498 0.011952191235059760749 0.019920318725099601248 0.051792828685258966714 0.039840637450199202496
0.039840637450199202496 0.043824701195219126215 0.08764940239043825243 0.12350597609561753121 0.1872509960159362552 0.13545816733067728155 0.11553784860557768377 0.16334661354581672676 0.095617529880478085991 0.059760956175298807214 0.071713147410358571432 0.035856573705179285716 0.0039840637450199202496 0.0039840637450199202496 0.011952191235059760749 0.039840637450199202496 0.095617529880478085991 0.16733067729083664354 0.21513944223107570042 0.16334661354581672676 0.15936254980079680998 0.091633466135458169211 0.075697211155378488212 0.055776892430278883495 0.051792828685258966714 0.059760956175298807214 0.071713147410358571432 0.059760956175298807214 0.059760956175298807214 0.075697211155378488212 0.059760956175298807214 0.023904382470119521498 0.023904382470119521498 0.023904382470119521498 0.015936254980079680998 0.011952191235059760749 0.039840637450199202496 0.051792828685258966714 0.075697211155378488212 0.023904382470119521498 0.043824701195219126215 0.023904382470119521498 0.011952191235059760749 0.011952191235059760749 0.011952191235059760749 0.019920318725099601248
0.0039840637450199202496 0.0039840637450199202496 0.011952191235059760749 0.035856573705179285716 0.08764940239043825243 0.10358565737051793343 0.051792828685258966714 0.039840637450199202496 0.059760956175298807214 0.023904382470119521498 0.027888446215139441747 0.035856573705179285716 0.011952191235059760749 0.0039840637450199202496 0.0039840637450199202496 0.011952191235059760749 0.055776892430278883495 0.095617529880478085991 0.13545816733067728155 0.19123505976095617198 0.15936254980079680998 0.15139442231075697642 0.095617529880478085991 0.059760956175298807214 0.059760956175298807214 0.075697211155378488212 0.059760956175298807214 0.059760956175298807214 0.075697211155378488212 0.047808764940239042995 0.071713147410358571432 0.051792828685258966714 0.019920318725099601248 0.015936254980079680998 0.019920318725099601248 0.015936254980079680998 0.015936254980079680998 0.023904382470119521498 0.019920318725099601248 0.027888446215139441747 0.055776892430278883495 0.015936254980079680998 0.011952191235059760749 0.011952191235059760749 0.011952191235059760749 0.011952191235059760749
