Example/niche_identity/models/ENFA/chlorocyanus.asc
ncols        743
nrows        319
xllcorner    -74.500956448335
yllcorner    17.448920549066
cellsize     0.008333333333
NODATA_value  -9999
[rows 20 to 39 of 319, columns 414 to 459 of 743]
-9999 -9999 -9999 -9999 -9999 -9999 -9999 -9999 -9999 -9999 -9999 -9999 -9999 -9999 -9999 -9999 -9999 -9999 -9999 -9999 -9999 -9999 -9999 -9999 -9999 -9999 -9999 -9999 -9999 -9999 -9999 -9999 -9999 -9999 -9999 -9999 -9999 -9999 -9999 -9999 -9999 -9999 -9999 -9999 -9999 -9999
-9999 -9999 0.16733067729083664354 0.17529880478087650486 0.1872509960159362552 0.16733067729083664354 0.16733067729083664354 0.19123505976095617198 -9999 -9999 -9999 -9999 -9999 -9999 -9999 -9999 -9999 -9999 -9999 -9999 -9999 -9999 -9999 -9999 -9999 -9999 -9999 -9999 -9999 -9999 -9999 -9999 -9999 -9999 -9999 -9999 -9999 -9999 -9999 -9999 -9999 -9999 -9999 -9999 -9999 -9999
0.16733067729083664354 0.19123505976095617198 0.19123505976095617198 0.1553784860557768932 0.19123505976095617198 0.19123505976095617198 0.1872509960159362552 0.16733067729083664354 0.19521912350597608876 0.19123505976095617198 -9999 -9999 -9999 -9999 -9999 -9999 -9999 -9999 -9999 -9999 -9999 -9999 -9999 -9999 -9999 -9999 -9999 -9999 -9999 -9999 -9999 -9999 -9999 -9999 -9999 -9999 -9999 -9999 -9999 -9999 -9999 -9999 -9999 -9999 -9999 -9999
0.19123505976095617198 0.18326693227091633842 0.1872509960159362552 0.19123505976095617198 0.17529880478087650486 0.19123505976095617198 0.21513944223107570042 0.19123505976095617198 0.1872509960159362552 0.19123505976095617198 0.17529880478087650486 0.16733067729083664354 -9999 -9999 0.19123505976095617198 0.16733067729083664354 -9999 -9999 -9999 -9999 -9999 -9999 -9999 -9999 -9999 -9999 -9999 -9999 -9999 -9999 -9999 -9999 -9999 -9999 -9999 -9999 -9999 -9999 -9999 -9999 -9999 -9999 -9999 -9999 -9999 -9999
0.2191235059760956172 0.19123505976095617198 0.19920318725099600554 0.19521912350597608876 0.19123505976095617198 0.19123505976095617198 0.19920318725099600554 0.19920318725099600554 0.18326693227091633842 0.15139442231075697642 0.18326693227091633842 0.17529880478087650486 0.19123505976095617198 0.19123505976095617198 0.16733067729083664354 0.16733067729083664354 0.16733067729083664354 0.18326693227091633842 0.1553784860557768932 0.1553784860557768932 -9999 0.1872509960159362552 -9999 0.13944223107569719833 0.13545816733067728155 -9999 -9999 -9999 -9999 -9999 -9999 -9999 -9999 -9999 -9999 -9999 -9999 -9999 -9999 -9999 -9999 -9999 -9999 -9999 -9999 -9999
0.1872509960159362552 0.1872509960159362552 0.19123505976095617198 0.19123505976095617198 0.16733067729083664354 0.19123505976095617198 0.19123505976095617198 0.1872509960159362552 0.19123505976095617198 0.16733067729083664354 0.1553784860557768932 0.18326693227091633842 0.16733067729083664354 0.17529880478087650486 0.19123505976095617198 0.1872509960159362552 0.19123505976095617198 0.18326693227091633842 0.16334661354581672676 0.18326693227091633842 0.1553784860557768932 0.12350597609561753121 0.1553784860557768932 0.15936254980079680998 0.13545816733067728155 0.13545816733067728155 -9999 -9999 -9999 -9999 -9999 -9999 -9999 -9999 -9999 -9999 -9999 -9999 -9999 -9999 -9999 -9999 -9999 -9999 -9999 -9999
0.16733067729083664354 0.19123505976095617198 0.21513944223107570042 0.15139442231075697642 0.15936254980079680998 0.1872509960159362552 0.19123505976095617198 0.21115537848605578364 0.19123505976095617198 0.18326693227091633842 0.16733067729083664354 0.1872509960159362552 0.16733067729083664354 0.1872509960159362552 0.19123505976095617198 0.1872509960159362552 0.14342629482071714286 0.1553784860557768932 0.16733067729083664354 0.13944223107569719833 0.1553784860557768932 0.13545816733067728155 0.13944223107569719833 0.12350597609561753121 0.13944223107569719833 0.15139442231075697642 0.13944223107569719833 -9999 -9999 -9999 -9999 -9999 -9999 -9999 -9999 -9999 -9999 -9999 -9999 -9999 -9999 -9999 -9999 -9999 -9999 -9999
0.15139442231075697642 0.16733067729083664354 0.19123505976095617198 0.1553784860557768932 0.16733067729083664354 0.1872509960159362552 0.17928286852589642164 0.19123505976095617198 0.19123505976095617198 0.19123505976095617198 0.16733067729083664354 0.19123505976095617198 0.16733067729083664354 0.1872509960159362552 0.1553784860557768932 0.13545816733067728155 0.13545816733067728155 0.15936254980079680998 0.1872509960159362552 0.16733067729083664354 0.16733067729083664354 0.16733067729083664354 0.13545816733067728155 0.13545816733067728155 0.1553784860557768932 0.15139442231075697642 0.15139442231075697642 0.12350597609561753121 0.14342629482071714286 -9999 -9999 -9999 -9999 -9999 -9999 -9999 -9999 -9999 -9999 -9999 -9999 -9999 -9999 -9999 -9999 -9999
0.1872509960159362552 0.16733067729083664354 0.19123505976095617198 0.19123505976095617198 0.13545816733067728155 0.16733067729083664354 0.15936254980079680998 0.19123505976095617198 0.1872509960159362552 0.17131474103585656033 0.19920318725099600554 0.17529880478087650486 0.15936254980079680998 0.16733067729083664354 0.1872509960159362552 0.19123505976095617198 0.19123505976095617198 0.15936254980079680998 0.15139442231075697642 0.16733067729083664354 0.16733067729083664354 0.14342629482071714286 0.13545816733067728155 0.15139442231075697642 0.15139442231075697642 0.12749003984063744799 0.1553784860557768932 0.13545816733067728155 0.13545816733067728155 0.13545816733067728155 -9999 -9999 -9999 -9999 -9999 -9999 -9999 -9999 -9999 -9999 -9999 -9999 -9999 -9999 -9999 -9999
0.18326693227091633842 0.15936254980079680998 0.15936254980079680998 0.19123505976095617198 0.16733067729083664354 0.16733067729083664354 0.19123505976095617198 0.1872509960159362552 0.16733067729083664354 0.19123505976095617198 0.19920318725099600554 0.19123505976095617198 0.19123505976095617198 0.16733067729083664354 0.17928286852589642164 0.16733067729083664354 0.1553784860557768932 0.19123505976095617198 0.1553784860557768932 0.16334661354581672676 0.1553784860557768932 0.13545816733067728155 0.14342629482071714286 0.13944223107569719833 0.13545816733067728155 0.11553784860557768377 0.13944223107569719833 0.12350597609561753121 0.13944223107569719833 0.14342629482071714286 0.13545816733067728155 -9999 -9999 -9999 -9999 -9999 -9999 -9999 -9999 -9999 -9999 -9999 -9999 -9999 -9999 -9999
0.16334661354581672676 0.16733067729083664354 0.13545816733067728155 0.19123505976095617198 0.13545816733067728155 0.19123505976095617198 0.19123505976095617198 0.19123505976095617198 0.19123505976095617198 0.1553784860557768932 0.19123505976095617198 0.1872509960159362552 0.19123505976095617198 0.1872509960159362552 0.19123505976095617198 0.16733067729083664354 0.15139442231075697642 0.17529880478087650486 0.15936254980079680998 0.16733067729083664354 0.13545816733067728155 0.15139442231075697642 0.13944223107569719833 0.1553784860557768932 0.12749003984063744799 0.13545816733067728155 0.10358565737051793343 0.13545816733067728155 0.13545816733067728155 0.13545816733067728155 0.13545816733067728155 0.13545816733067728155 -9999 -9999 -9999 -9999 -9999 -9999 -9999 -9999 -9999 -9999 -9999 -9999 -9999 -9999
0.11952191235059761443 0.16334661354581672676 0.16334661354581672676 0.16733067729083664354 0.1872509960159362552 0.13944223107569719833 0.1872509960159362552 0.19123505976095617198 0.1553784860557768932 0.17529880478087650486 0.19123505976095617198 0.19123505976095617198 0.16733067729083664354 0.18326693227091633842 0.16733067729083664354 0.16733067729083664354 0.19123505976095617198 0.1872509960159362552 0.1553784860557768932 0.1553784860557768932 0.13944223107569719833 0.13545816733067728155 0.13545816733067728155 0.1553784860557768932 0.12350597609561753121 0.13545816733067728155 0.13944223107569719833 0.10358565737051793343 0.11553784860557768377 0.12350597609561753121 0.13944223107569719833 0.11553784860557768377 -9999 -9999 -9999 -9999 -9999 -9999 -9999 -9999 -9999 -9999 -9999 -9999 -9999 -9999
0.14342629482071714286 0.1553784860557768932 0.16733067729083664354 0.13944223107569719833 0.18326693227091633842 0.13944223107569719833 0.1872509960159362552 0.19920318725099600554 0.13545816733067728155 0.16334661354581672676 0.19123505976095617198 0.16733067729083664354 0.1872509960159362552 0.16733067729083664354 0.19123505976095617198 0.19123505976095617198 0.1872509960159362552 0.16334661354581672676 0.1553784860557768932 0.16733067729083664354 0.15139442231075697642 0.14342629482071714286 0.13545816733067728155 0.16733067729083664354 0.13545816733067728155 0.13545816733067728155 0.13545816733067728155 0.13545816733067728155 0.11952191235059761443 0.095617529880478085991 0.13545816733067728155 0.12350597609561753121 -9999 -9999 -9999 0.13545816733067728155 0.22709163346613545076 -9999 -9999 -9999 -9999 -9999 -9999 -9999 -9999 -9999
0.16334661354581672676 0.16733067729083664354 0.16733067729083664354 0.1553784860557768932 0.17529880478087650486 0.15936254980079680998 0.15139442231075697642 0.19123505976095617198 0.15139442231075697642 0.16733067729083664354 0.17529880478087650486 0.20318725099601595008 0.16733067729083664354 0.21115537848605578364 0.19123505976095617198 0.1553784860557768932 0.1553784860557768932 0.1872509960159362552 0.14342629482071714286 0.13545816733067728155 0.18326693227091633842 0.1553784860557768932 0.14342629482071714286 0.12350597609561753121 0.15139442231075697642 0.099601593625498002771 0.10358565737051793343 0.12350597609561753121 0.12350597609561753121 0.12350597609561753121 0.14342629482071714286 0.13545816733067728155 0.11952191235059761443 0.13944223107569719833 0.13545816733067728155 0.13545816733067728155 0.11553784860557768377 0.11553784860557768377 -9999 -9999 -9999 -9999 -9999 -9999 -9999 -9999
0.16334661354581672676 0.18326693227091633842 0.15936254980079680998 0.1872509960159362552 0.14741035856573705964 0.1872509960159362552 0.1553784860557768932 0.1872509960159362552 0.19123505976095617198 0.18326693227091633842 0.1872509960159362552 0.1872509960159362552 0.15936254980079680998 0.16733067729083664354 0.16334661354581672676 0.19123505976095617198 0.18326693227091633842 0.16733067729083664354 0.15936254980079680998 0.1553784860557768932 0.14342629482071714286 0.13944223107569719833 0.1553784860557768932 0.15936254980079680998 0.13944223107569719833 0.10358565737051793343 0.10358565737051793343 0.095617529880478085991 0.11952191235059761443 0.15139442231075697642 0.11553784860557768377 0.12350597609561753121 0.13545816733067728155 0.095617529880478085991 0.11553784860557768377 0.11553784860557768377 0.095617529880478085991 0.095617529880478085991 0.13545816733067728155 -9999 -9999 -9999 -9999 -9999 -9999 -9999
0.13545816733067728155 0.18326693227091633842 0.1872509960159362552 0.19123505976095617198 0.1872509960159362552 0.1872509960159362552 0.17529880478087650486 0.19123505976095617198 0.19123505976095617198 0.13944223107569719833 0.17529880478087650486 0.14342629482071714286 0.1872509960159362552 0.16733067729083664354 0.15139442231075697642 0.19123505976095617198 0.16733067729083664354 0.13944223107569719833 0.13545816733067728155 0.12350597609561753121 0.15936254980079680998 0.12350597609561753121 0.13545816733067728155 0.15139442231075697642 0.12749003984063744799 0.13545816733067728155 0.13545816733067728155 0.13944223107569719833 0.095617529880478085991 0.11952191235059761443 0.15139442231075697642 0.11553784860557768377 0.13944223107569719833 0.10358565737051793343 0.095617529880478085991 0.095617529880478085991 0.11952191235059761443 0.12350597609561753121 0.22709163346613545076 0.10358565737051793343 0.10358565737051793343 -9999 -9999 -9999 -9999 -9999
0.15936254980079680998 0.15139442231075697642 0.1553784860557768932 0.13545816733067728155 0.18326693227091633842 0.16733067729083664354 0.19123505976095617198 0.19123505976095617198 0.16733067729083664354 0.16733067729083664354 0.16733067729083664354 0.16733067729083664354 0.15139442231075697642 0.19123505976095617198 0.16733067729083664354 0.18326693227091633842 0.19123505976095617198 0.17529880478087650486 0.1553784860557768932 0.15139442231075697642 0.12749003984063744799 0.15139442231075697642 0.13944223107569719833 0.10358565737051793343 0.13545816733067728155 0.1553784860557768932 0.1553784860557768932 0.12350597609561753121 0.08764940239043825243 0.13545816733067728155 0.13545816733067728155 0.13944223107569719833 0.14342629482071714286 0.12749003984063744799 0.11553784860557768377 0.10358565737051793343 0.12350597609561753121 0.095617529880478085991 0.12350597609561753121 0.12350597609561753121 0.095617529880478085991 -9999 -9999 -9999 -9999 -9999
0.13545816733067728155 0.13545816733067728155 0.13944223107569719833 0.19920318725099600554 0.16733067729083664354 0.19123505976095617198 0.16733067729083664354 0.19123505976095617198 0.19123505976095617198 0.19123505976095617198 0.19123505976095617198 0.16334661354581672676 0.1872509960159362552 0.19123505976095617198 0.19123505976095617198 0.1553784860557768932 0.16733067729083664354 0.19123505976095617198 0.1872509960159362552 0.13545816733067728155 0.16733067729083664354 0.13944223107569719833 0.13545816733067728155 0.13944223107569719833 0.15139442231075697642 0.08764940239043825243 0.11553784860557768377 0.13545816733067728155 0.13545816733067728155 0.13545816733067728155 0.15936254980079680998 0.16334661354581672676 0.13545816733067728155 0.10358565737051793343 0.10756972111553785021 0.095617529880478085991 0.11952191235059761443 0.10358565737051793343 0.099601593625498002771 0.24302788844621514563 0.11553784860557768377 0.095617529880478085991 0.095617529880478085991 0.20717131474103586686 0.095617529880478085991 -9999
0.19123505976095617198 0.1872509960159362552 0.1553784860557768932 0.19123505976095617198 0.22310756972111553398 0.20717131474103586686 0.19123505976095617198 0.14342629482071714286 0.16733067729083664354 0.15936254980079680998 0.13545816733067728155 0.1553784860557768932 0.1553784860557768932 0.17529880478087650486 0.19123505976095617198 0.19123505976095617198 0.1872509960159362552 0.17529880478087650486 0.1553784860557768932 0.16733067729083664354 0.1553784860557768932 0.15139442231075697642 0.1553784860557768932 0.14342629482071714286 0.18326693227091633842 0.14342629482071714286 0.13944223107569719833 0.16334661354581672676 0.14342629482071714286 0.16733067729083664354 0.12350597609561753121 0.12350597609561753121 0.13944223107569719833 0.095617529880478085991 0.13545816733067728155 0.12749003984063744799 0.13545816733067728155 0.13545816733067728155 0.11553784860557768377 0.12350597609561753121 0.10358565737051793343 0.12350597609561753121 0.10358565737051793343 0.095617529880478085991 0.26693227091633464632 0.19123505976095617198
0.15936254980079680998 0.1553784860557768932 0.19123505976095617198 0.22310756972111553398 0.24302788844621514563 0.21115537848605578364 0.24302788844621514563 0.1553784860557768932 0.21513944223107570042 0.1872509960159362552 0.16334661354581672676 0.19123505976095617198 0.19521912350597608876 0.16733067729083664354 0.19123505976095617198 0.14342629482071714286 0.19123505976095617198 0.16733067729083664354 0.16733067729083664354 0.14342629482071714286 0.18326693227091633842 0.15936254980079680998 0.12350597609561753121 0.16733067729083664354 0.15139442231075697642 0.13944223107569719833 0.11553784860557768377 0.13545816733067728155 0.12350597609561753121 0.13545816733067728155 0.11952191235059761443 0.12350597609561753121 0.12350597609561753121 0.13545816733067728155 0.10358565737051793343 0.095617529880478085991 0.099601593625498002771 0.12350597609561753121 0.11553784860557768377 0.12350597609561753121 0.095617529880478085991 0.13545816733067728155 0.11553784860557768377 0.095617529880478085991 0.10358565737051793343 0.095617529880478085991
