Example/niche_identity/models/ENFA/chlorocyanus.asc
ncols        743
nrows        319
xllcorner    -74.500956448335
yllcorner    17.448920549066
cellsize     0.008333333333
NODATA_value  -9999
[rows 180 to 199 of 319, columns 368 to 413 of 743]
0.011952191235059760749 0.0039840637450199202496 0.0039840637450199202496 0.011952191235059760749 0 0 0 0.0039840637450199202496 0.0079681274900398404992 0.0079681274900398404992 0.019920318725099601248 0.027888446215139441747 0.023904382470119521498 0.023904382470119521498 0.075697211155378488212 0.13944223107569719833 0.26693227091633464632 0.32270916334661353675 0.36653386454183267684 0.48605577689243029127 0.50597609561752987517 0.64143426294820715672 0.52191235059760954229 0.6254980079681274896 0.6454183266932270735 0.64143426294820715672 0.6454183266932270735 0.60956175298804782248 0.5856573705179283218 0.48605577689243029127 0.4382470119521912344 0.50597609561752987517 0.35059760956175300972 0.39840637450199201108 0.52988047808764937585 0.50597609561752987517 0.4382470119521912344 0.52191235059760954229 0.57370517928286857146 0.5856573705179283218 0.41434262948207173372 0.58167330677290840502 0.5856573705179283218 0.5856573705179283218 0.6454183266932270735 0.66932270916334657418
0.051792828685258966714 0.047808764940239042995 0.039840637450199202496 0.039840637450199202496 0.0079681274900398404992 0 0 0 0.0039840637450199202496 0 0.0039840637450199202496 0.0079681274900398404992 0.047808764940239042995 0.075697211155378488212 0.059760956175298807214 0.051792828685258966714 0.14342629482071714286 0.1872509960159362552 0.32669322709163345353 0.32669322709163345353 0.48207171314741037449 0.5856573705179283218 0.66135458167330674062 0.62948207171314740638 0.66932270916334657418 0.65737051792828682384 0.72111553784860560334 0.66932270916334657418 0.66932270916334657418 0.66932270916334657418 0.66135458167330674062 0.66135458167330674062 0.5856573705179283218 0.36254980079681276006 0.54980079681274895975 0.50597609561752987517 0.49003984063745020805 0.56175298804780871009 0.53386454183266929263 0.59760956175298807214 0.6254980079681274896 0.66135458167330674062 0.65737051792828682384 0.66135458167330674062 0.66932270916334657418 0.65737051792828682384
0.31474103585657370319 0.099601593625498002771 0.16733067729083664354 0.10358565737051793343 0.059760956175298807214 0.0079681274900398404992 0.011952191235059760749 0.011952191235059760749 0.015936254980079680998 0.0079681274900398404992 0.011952191235059760749 0.051792828685258966714 0.051792828685258966714 0.059760956175298807214 0.1872509960159362552 0.075697211155378488212 0.075697211155378488212 0.095617529880478085991 0.18326693227091633842 0.1553784860557768932 0.19521912350597608876 0.31474103585657370319 0.47011952191235062415 0.50996015936254979195 0.63346613545816732316 0.66135458167330674062 0.6892430278884462691 0.75697211155378485437 0.63346613545816732316 0.6254980079681274896 0.6454183266932270735 0.56175298804780871009 0.59760956175298807214 0.63346613545816732316 0.50996015936254979195 0.40239043824701192786 0.31474103585657370319 0.38247011952191234396 0.38247011952191234396 0.54980079681274895975 0.49003984063745020805 0.5856573705179283218 0.54980079681274895975 0.6254980079681274896 0.59760956175298807214 0.60956175298804782248
0.19123505976095617198 0.19123505976095617198 0.2191235059760956172 0.31474103585657370319 0.039840637450199202496 0.011952191235059760749 0.08764940239043825243 0.067729083665338640774 0.059760956175298807214 0.043824701195219126215 0.083665338645418321772 0.095617529880478085991 0.21115537848605578364 0.20318725099601595008 0.22709163346613545076 0.075697211155378488212 0.023904382470119521498 0.043824701195219126215 0.075697211155378488212 0.095617529880478085991 0.13944223107569719833 0.13545816733067728155 0.29482071713147411929 0.49402390438247012483 0.58167330677290840502 0.66135458167330674062 0.709163346613545853 0.76095617529880477115 0.65737051792828682384 0.66135458167330674062 0.54980079681274895975 0.6055776892430279057 0.66932270916334657418 0.52988047808764937585 0.53784860557768920941 0.36254980079681276006 0.32669322709163345353 0.46215139442231073508 0.3944223107569720943 0.48605577689243029127 0.27888446215139439666 0.31474103585657370319 0.47011952191235062415 0.52988047808764937585 0.52589641434262945907 0.60956175298804782248
0.059760956175298807214 0.48605577689243029127 0.52988047808764937585 0.50597609561752987517 0.2509960159362549792 0.095617529880478085991 0.19123505976095617198 0.24302788844621514563 0.24701195219123506241 0.29482071713147411929 0.38247011952191234396 0.24701195219123506241 0.40239043824701192786 0.40239043824701192786 0.18326693227091633842 0.051792828685258966714 0.047808764940239042995 0.039840637450199202496 0.051792828685258966714 0.11952191235059761443 0.075697211155378488212 0.075697211155378488212 0.13545816733067728155 0.30677290836653386963 0.50996015936254979195 0.59760956175298807214 0.66135458167330674062 0.66932270916334657418 0.6892430278884462691 0.6454183266932270735 0.59760956175298807214 0.57370517928286857146 0.64143426294820715672 0.35059760956175300972 0.22310756972111553398 0.47011952191235062415 0.1872509960159362552 0.28685258964143428573 0.32669322709163345353 0.32669322709163345353 0.28685258964143428573 0.23904382470119522885 0.31872509960159361997 0.52988047808764937585 0.36254980079681276006 0.48605577689243029127
0.059760956175298807214 0.091633466135458169211 0.53386454183266929263 0.42629482071713148406 0.53386454183266929263 0.29880478087649403607 0.54980079681274895975 0.40637450199203190015 0.6454183266932270735 0.66135458167330674062 0.74103585657370518724 0.52191235059760954229 0.19123505976095617198 0.075697211155378488212 0.071713147410358571432 0.14342629482071714286 0.075697211155378488212 0.047808764940239042995 0.027888446215139441747 0.059760956175298807214 0.1872509960159362552 0.075697211155378488212 0.1872509960159362552 0.24701195219123506241 0.32669322709163345353 0.53784860557768920941 0.77290836653386452149 0.66932270916334657418 0.77290836653386452149 0.6454183266932270735 0.60956175298804782248 0.6055776892430279057 0.5856573705179283218 0.59760956175298807214 0.53784860557768920941 0.48605577689243029127 0.27888446215139439666 0.13545816733067728155 0.16733067729083664354 0.22310756972111553398 0.31872509960159361997 0.28685258964143428573 0.24701195219123506241 0.30677290836653386963 0.22310756972111553398 0.33864541832669320387
0.075697211155378488212 0.15936254980079680998 0.48207171314741037449 0.76892430278884460471 0.63346613545816732316 0.58964143426294823858 0.66135458167330674062 0.6055776892430279057 0.73705179282868527046 0.63745019920318723994 0.80079681274900393895 0.30677290836653386963 0.28685258964143428573 0.26693227091633464632 0.20717131474103586686 0.13944223107569719833 0.11553784860557768377 0.091633466135458169211 0.059760956175298807214 0.091633466135458169211 0.22310756972111553398 0.21115537848605578364 0.29880478087649403607 0.31872509960159361997 0.51394422310756970873 0.5856573705179283218 0.6254980079681274896 0.75697211155378485437 0.80876494023904377251 0.66932270916334657418 0.75697211155378485437 0.6254980079681274896 0.69721115537848610266 0.72111553784860560334 0.66135458167330674062 0.57370517928286857146 0.42629482071713148406 0.3545816733067729265 0.31474103585657370319 0.32270916334661353675 0.31474103585657370319 0.52988047808764937585 0.59362549800796815536 0.50199203187250995839 0.54581673306772904297 0.22709163346613545076
0.1553784860557768932 0.23107569721115536754 0.29880478087649403607 0.73705179282868527046 0.34262948207171312065 0.27888446215139439666 0.59760956175298807214 0.80079681274900393895 0.6653386454183266574 0.81673306772908371709 0.80876494023904377251 0.73705179282868527046 0.6254980079681274896 0.53386454183266929263 0.39840637450199201108 0.33864541832669320387 0.21513944223107570042 0.31474103585657370319 0.12749003984063744799 0.15139442231075697642 0.20318725099601595008 0.34661354581673309294 0.22709163346613545076 0.48207171314741037449 0.63346613545816732316 0.68127490039840632452 0.70517928286852593622 0.77290836653386452149 0.77689243027888443827 0.80079681274900393895 0.77290836653386452149 0.77689243027888443827 0.77689243027888443827 0.73705179282868527046 0.69322709163346618588 0.51792828685258962551 0.65737051792828682384 0.54980079681274895975 0.57370517928286857146 0.67330677290836649096 0.6454183266932270735 0.6454183266932270735 0.6254980079681274896 0.53784860557768920941 0.66932270916334657418 0.54980079681274895975
0.31474103585657370319 0.54980079681274895975 0.60956175298804782248 0.77290836653386452149 0.66135458167330674062 0.76892430278884460471 0.67729083665338640774 0.83266932270916338421 0.81673306772908371709 0.83266932270916338421 0.83266932270916338421 0.83266932270916338421 0.80079681274900393895 0.82868525896414346743 0.77290836653386452149 0.63346613545816732316 0.39840637450199201108 0.49003984063745020805 0.19920318725099600554 0.31474103585657370319 0.28685258964143428573 0.36254980079681276006 0.42629482071713148406 0.66135458167330674062 0.74103585657370518724 0.76892430278884460471 0.77689243027888443827 0.77290836653386452149 0.77689243027888443827 0.77290836653386452149 0.77290836653386452149 0.77290836653386452149 0.77290836653386452149 0.76095617529880477115 0.77290836653386452149 0.78884462151394418861 0.75697211155378485437 0.77689243027888443827 0.76892430278884460471 0.76095617529880477115 0.77689243027888443827 0.74501992031872510402 0.7290836653386454369 0.6892430278884462691 0.69322709163346618588 0.76095617529880477115
0.83665338645418330099 0.79282868525896410539 0.85258964143426296811 0.60956175298804782248 0.61752988047808765604 0.76892430278884460471 0.84860557768924305133 0.83266932270916338421 0.82470119521912355065 0.7490039840637450208 0.77290836653386452149 0.76892430278884460471 0.77290836653386452149 0.78884462151394418861 0.83266932270916338421 0.83665338645418330099 0.78884462151394418861 0.76892430278884460471 0.54980079681274895975 0.62948207171314740638 0.60956175298804782248 0.71713147410358568656 0.66932270916334657418 0.77290836653386452149 0.76892430278884460471 0.77689243027888443827 0.80079681274900393895 0.76095617529880477115 0.77290836653386452149 0.76095617529880477115 0.76892430278884460471 0.77290836653386452149 0.77689243027888443827 0.77290836653386452149 0.76892430278884460471 0.77290836653386452149 0.75697211155378485437 0.74501992031872510402 0.76095617529880477115 0.76095617529880477115 0.74501992031872510402 0.75697211155378485437 0.69322709163346618588 0.76095617529880477115 0.74103585657370518724 0.74501992031872510402
0.86454183266932271845 0.84462151394422313455 0.83665338645418330099 0.80079681274900393895 0.84462151394422313455 0.77689243027888443827 0.82470119521912355065 0.79282868525896410539 0.82868525896414346743 0.76095617529880477115 0.6892430278884462691 0.61752988047808765604 0.58964143426294823858 0.64940239043824699028 0.57370517928286857146 0.66135458167330674062 0.79681274900398402217 0.81673306772908371709 0.83266932270916338421 0.82071713147410363387 0.83266932270916338421 0.83266932270916338421 0.80079681274900393895 0.75697211155378485437 0.77290836653386452149 0.709163346613545853 0.78486055776892427183 0.81673306772908371709 0.75697211155378485437 0.75697211155378485437 0.66932270916334657418 0.66135458167330674062 0.67330677290836649096 0.77290836653386452149 0.77290836653386452149 0.76892430278884460471 0.76095617529880477115 0.77290836653386452149 0.75697211155378485437 0.76095617529880477115 0.78486055776892427183 0.76095617529880477115 0.74501992031872510402 0.6892430278884462691 0.73705179282868527046 0.74501992031872510402
0.83266932270916338421 0.84462151394422313455 0.83665338645418330099 0.86454183266932271845 0.79282868525896410539 0.81673306772908371709 0.85258964143426296811 0.69322709163346618588 0.61752988047808765604 0.6055776892430279057 0.50597609561752987517 0.43426294820717131762 0.39840637450199201108 0.34262948207171312065 0.40637450199203190015 0.44621513944223106796 0.6254980079681274896 0.67729083665338640774 0.66135458167330674062 0.77290836653386452149 0.78486055776892427183 0.80079681274900393895 0.76095617529880477115 0.76095617529880477115 0.66135458167330674062 0.66932270916334657418 0.75697211155378485437 0.5856573705179283218 0.66135458167330674062 0.66135458167330674062 0.76095617529880477115 0.7490039840637450208 0.77290836653386452149 0.73306772908366535368 0.709163346613545853 0.76095617529880477115 0.66932270916334657418 0.76494023904382468793 0.76892430278884460471 0.73705179282868527046 0.75697211155378485437 0.68127490039840632452 0.66135458167330674062 0.7290836653386454369 0.65338645418326690706 0.71713147410358568656
0.80478087649402385573 0.76494023904382468793 0.77689243027888443827 0.70517928286852593622 0.709163346613545853 0.6454183266932270735 0.76892430278884460471 0.6454183266932270735 0.48605577689243029127 0.39840637450199201108 0.42629482071713148406 0.30677290836653386963 0.32669322709163345353 0.33864541832669320387 0.31075697211155378641 0.33067729083665337031 0.24302788844621514563 0.3545816733067729265 0.46613545816733065186 0.41035856573705181694 0.56175298804780871009 0.74501992031872510402 0.54980079681274895975 0.39840637450199201108 0.59760956175298807214 0.66932270916334657418 0.50597609561752987517 0.5856573705179283218 0.74103585657370518724 0.77689243027888443827 0.72509960159362552012 0.74103585657370518724 0.54980079681274895975 0.59760956175298807214 0.66135458167330674062 0.76095617529880477115 0.75697211155378485437 0.76095617529880477115 0.76095617529880477115 0.75697211155378485437 0.67729083665338640774 0.66932270916334657418 0.67330677290836649096 0.6454183266932270735 0.66135458167330674062 0.66932270916334657418
0.72111553784860560334 0.76494023904382468793 0.68127490039840632452 0.66932270916334657418 0.60956175298804782248 0.6055776892430279057 0.80079681274900393895 0.66135458167330674062 0.32669322709163345353 0.29482071713147411929 0.30677290836653386963 0.31872509960159361997 0.24701195219123506241 0.31872509960159361997 0.30677290836653386963 0.19123505976095617198 0.19123505976095617198 0.24302788844621514563 0.24701195219123506241 0.27888446215139439666 0.42629482071713148406 0.48207171314741037449 0.38645418326693226074 0.42629482071713148406 0.48605577689243029127 0.34661354581673309294 0.50597609561752987517 0.66135458167330674062 0.75298804780876493759 0.77689243027888443827 0.71713147410358568656 0.54980079681274895975 0.65737051792828682384 0.66932270916334657418 0.71713147410358568656 0.75697211155378485437 0.75697211155378485437 0.77290836653386452149 0.76892430278884460471 0.71713147410358568656 0.68127490039840632452 0.60956175298804782248 0.65737051792828682384 0.63745019920318723994 0.7290836653386454369 0.63346613545816732316
0.6454183266932270735 0.66932270916334657418 0.59760956175298807214 0.47410358565737054093 0.24302788844621514563 0.33864541832669320387 0.24302788844621514563 0.24302788844621514563 0.29482071713147411929 0.24701195219123506241 0.16733067729083664354 0.24302788844621514563 0.30278884462151395285 0.30278884462151395285 0.26693227091633464632 0.18326693227091633842 0.24701195219123506241 0.24302788844621514563 0.19920318725099600554 0.26693227091633464632 0.19123505976095617198 0.29880478087649403607 0.30677290836653386963 0.32669322709163345353 0.33864541832669320387 0.4382470119521912344 0.36254980079681276006 0.59760956175298807214 0.83665338645418330099 0.77290836653386452149 0.69721115537848610266 0.67729083665338640774 0.59362549800796815536 0.7290836653386454369 0.66135458167330674062 0.73306772908366535368 0.77290836653386452149 0.74501992031872510402 0.74501992031872510402 0.75697211155378485437 0.6892430278884462691 0.69322709163346618588 0.70517928286852593622 0.6454183266932270735 0.5856573705179283218 0.6055776892430279057
0.52589641434262945907 0.51394422310756970873 0.31075697211155378641 0.34262948207171312065 0.31474103585657370319 0.30677290836653386963 0.24701195219123506241 0.23107569721115536754 0.24701195219123506241 0.2191235059760956172 0.24701195219123506241 0.24701195219123506241 0.26693227091633464632 0.26693227091633464632 0.19123505976095617198 0.24701195219123506241 0.24701195219123506241 0.22709163346613545076 0.16733067729083664354 0.19920318725099600554 0.24302788844621514563 0.16334661354581672676 0.20717131474103586686 0.24302788844621514563 0.2509960159362549792 0.31474103585657370319 0.51394422310756970873 0.53386454183266929263 0.5856573705179283218 0.77689243027888443827 0.77290836653386452149 0.74501992031872510402 0.6852589641434262413 0.6254980079681274896 0.66135458167330674062 0.77689243027888443827 0.7290836653386454369 0.63745019920318723994 0.7290836653386454369 0.63745019920318723994 0.5856573705179283218 0.6454183266932270735 0.6254980079681274896 0.52988047808764937585 0.64940239043824699028 0.6454183266932270735
0.39840637450199201108 0.33864541832669320387 0.31474103585657370319 0.24302788844621514563 0.27888446215139439666 0.22310756972111553398 0.19920318725099600554 0.24302788844621514563 0.19123505976095617198 0.19123505976095617198 0.20318725099601595008 0.24701195219123506241 0.2509960159362549792 0.22709163346613545076 0.16733067729083664354 0.22310756972111553398 0.22310756972111553398 0.22310756972111553398 0.16733067729083664354 0.24302788844621514563 0.24302788844621514563 0.20318725099601595008 0.19920318725099600554 0.24701195219123506241 0.22310756972111553398 0.28685258964143428573 0.31872509960159361997 0.36653386454183267684 0.53784860557768920941 0.54980079681274895975 0.81274900398406380031 0.77290836653386452149 0.79681274900398402217 0.75697211155378485437 0.68127490039840632452 0.6454183266932270735 0.66932270916334657418 0.65737051792828682384 0.66932270916334657418 0.5856573705179283218 0.5856573705179283218 0.59760956175298807214 0.5856573705179283218 0.5856573705179283218 0.6055776892430279057 0.66932270916334657418
0.2709163346613545631 0.35059760956175300972 0.24701195219123506241 0.23904382470119522885 0.24701195219123506241 0.24701195219123506241 0.19123505976095617198 0.22310756972111553398 0.1872509960159362552 0.16733067729083664354 0.19920318725099600554 0.27490039840637447988 0.24701195219123506241 0.16733067729083664354 0.15936254980079680998 0.16733067729083664354 0.2191235059760956172 0.1872509960159362552 0.1553784860557768932 0.22709163346613545076 0.16733067729083664354 0.19123505976095617198 0.13944223107569719833 0.19123505976095617198 0.19123505976095617198 0.19920318725099600554 0.32270916334661353675 0.40637450199203190015 0.48605577689243029127 0.34661354581673309294 0.6254980079681274896 0.64143426294820715672 0.63745019920318723994 0.59760956175298807214 0.59362549800796815536 0.63745019920318723994 0.56175298804780871009 0.66135458167330674062 0.6254980079681274896 0.53386454183266929263 0.57768924302788848824 0.59760956175298807214 0.51394422310756970873 0.5856573705179283218 0.6254980079681274896 0.7290836653386454369
0.26294820717131472954 0.30278884462151395285 0.31872509960159361997 0.26693227091633464632 0.24701195219123506241 0.22310756972111553398 0.16733067729083664354 0.19521912350597608876 0.1553784860557768932 0.21115537848605578364 0.27888446215139439666 0.2191235059760956172 0.16733067729083664354 0.13944223107569719833 0.19123505976095617198 0.24302788844621514563 0.19123505976095617198 0.1553784860557768932 0.1553784860557768932 0.16733067729083664354 0.19123505976095617198 0.1553784860557768932 0.11952191235059761443 0.19123505976095617198 0.19123505976095617198 0.16733067729083664354 0.19123505976095617198 0.24701195219123506241 0.21513944223107570042 0.31872509960159361997 0.27888446215139439666 0.29083665338645420251 0.59760956175298807214 0.33864541832669320387 0.50597609561752987517 0.5856573705179283218 0.56175298804780871009 0.35856573705179284328 0.50597609561752987517 0.39840637450199201108 0.48605577689243029127 0.5856573705179283218 0.51792828685258962551 0.74501992031872510402 0.67729083665338640774 0.68127490039840632452
0.32669322709163345353 0.26693227091633464632 0.30677290836653386963 0.29880478087649403607 0.21513944223107570042 0.2191235059760956172 0.20717131474103586686 0.1872509960159362552 0.16733067729083664354 0.23904382470119522885 0.26693227091633464632 0.27888446215139439666 0.19920318725099600554 0.13545816733067728155 0.16733067729083664354 0.22310756972111553398 0.19920318725099600554 0.15139442231075697642 0.1553784860557768932 0.1553784860557768932 0.16733067729083664354 0.12350597609561753121 0.12350597609561753121 0.16733067729083664354 0.19123505976095617198 0.13545816733067728155 0.16733067729083664354 0.20717131474103586686 0.22310756972111553398 0.36254980079681276006 0.26294820717131472954 0.34262948207171312065 0.50597609561752987517 0.54980079681274895975 0.28685258964143428573 0.29083665338645420251 0.33067729083665337031 0.48605577689243029127 0.35059760956175300972 0.44621513944223106796 0.6454183266932270735 0.66135458167330674062 0.74501992031872510402 0.6454183266932270735 0.74501992031872510402 0.71314741035856576978
