Example/niche_identity/models/ENFA/chlorocyanus_0.asc
ncols        743
nrows        319
xllcorner    -74.500956448335
yllcorner    17.448920549066
cellsize     0.008333333333
NODATA_value  -9999
[rows 100 to 119 of 319, columns 230 to 275 of 743]
0.40650406504065039748 0.31300813008130079496 0.30081300813008132744 0.26422764227642275836 0.32520325203252031798 0.36178861788617888706 0.45934959349593496025 0.45934959349593496025 0.52439024390243904605 0.55284552845528456277 0.50406504065040647067 0.52439024390243904605 0.41056910569105692366 0.39024390243902440378 0.36178861788617888706 0.58943089430894313185 0.44308943089430896656 0.51219512195121952303 0.30487804878048779811 0.54065040650406503975 0.51219512195121952303 0.5 0.4674796747967479571 0.45528455284552843407 0.47154471544715448328 0.57723577235772360883 0.60569105691056912555 0.51626016260162599369 0.66666666666666662966 0.56097560975609761513 0.49186991869918700315 0.64227642276422769463 0.73577235772357718613 0.80081300813008127193 0.73577235772357718613 0.73577235772357718613 0.74796747967479670915 0.69105691056910567571 0.78048780487804880757 0.83333333333333337034 0.88211382113821135142 0.90650406504065039748 0.90650406504065039748 0.87804878048780488076 0.89430894308943087445 0.87804878048780488076
0.31707317073170732113 0.31707317073170732113 0.27642276422764228139 0.31300813008130079496 0.31707317073170732113 0.31707317073170732113 0.40650406504065039748 0.37398373983739835458 0.24796747967479673691 0.51219512195121952303 0.47154471544715448328 0.30081300813008132744 0.53252032520325198739 0.57723577235772360883 0.62601626016260158991 0.4512195121951219634 0.4512195121951219634 0.44308943089430896656 0.50406504065040647067 0.47967479674796748013 0.5650406504065040858 0.4674796747967479571 0.58536585365853655016 0.42276422764227644668 0.5650406504065040858 0.47154471544715448328 0.67479674796747968202 0.54065040650406503975 0.63821138211382111294 0.5813008130081300795 0.59349593495934960252 0.54065040650406503975 0.67479674796747968202 0.65447154471544710663 0.76829268292682928454 0.85772357723577230537 0.83739837398373984101 0.85772357723577230537 0.87804878048780488076 0.88617886178861793312 0.88211382113821135142 0.87804878048780488076 0.89430894308943087445 0.87804878048780488076 0.82113821138211384731 0.7886178861788617489
0.33333333333333331483 0.31707317073170732113 0.33333333333333331483 0.30081300813008132744 0.44308943089430896656 0.44308943089430896656 0.36178861788617888706 0.25609756097560976151 0.30081300813008132744 0.31707317073170732113 0.31300813008130079496 0.29268292682926827508 0.4512195121951219634 0.54471544715447151042 0.38211382113821140694 0.45528455284552843407 0.34146341463414636719 0.36178861788617888706 0.4512195121951219634 0.42682926829268291735 0.46341463414634148643 0.63821138211382111294 0.47154471544715448328 0.6463414634146341653 0.4674796747967479571 0.50406504065040647067 0.62601626016260158991 0.58536585365853655016 0.63414634146341464227 0.47154471544715448328 0.55284552845528456277 0.59349593495934960252 0.66666666666666662966 0.72764227642276424479 0.62601626016260158991 0.78455284552845527823 0.89430894308943087445 0.88617886178861793312 0.90650406504065039748 0.82113821138211384731 0.84552845528455289337 0.87804878048780488076 0.87804878048780488076 0.83333333333333337034 0.78048780487804880757 0.62601626016260158991
0.37804878048780488076 0.29268292682926827508 0.33333333333333331483 0.32520325203252031798 0.41056910569105692366 0.33333333333333331483 0.35772357723577236088 0.30081300813008132744 0.29268292682926827508 0.31707317073170732113 0.37398373983739835458 0.33333333333333331483 0.31300813008130079496 0.41056910569105692366 0.41056910569105692366 0.50406504065040647067 0.53658536585365856908 0.4186991869918699205 0.4512195121951219634 0.41056910569105692366 0.36178861788617888706 0.60162601626016265488 0.47154471544715448328 0.62601626016260158991 0.67073170731707321135 0.47154471544715448328 0.59349593495934960252 0.59349593495934960252 0.60569105691056912555 0.45934959349593496025 0.64227642276422769463 0.67886178861788615269 0.64227642276422769463 0.73170731707317071546 0.7886178861788617489 0.89430894308943087445 0.87804878048780488076 0.83333333333333337034 0.87804878048780488076 0.88211382113821135142 0.87804878048780488076 0.82113821138211384731 0.83739837398373984101 0.87804878048780488076 0.80081300813008127193 0.65853658536585368832
0.45934959349593496025 0.4186991869918699205 0.34146341463414636719 0.30487804878048779811 0.30487804878048779811 0.31707317073170732113 0.4186991869918699205 0.31707317073170732113 0.36585365853658535773 0.36178861788617888706 0.33333333333333331483 0.31707317073170732113 0.26016260162601628769 0.28861788617886180441 0.47560975609756095395 0.47154471544715448328 0.50406504065040647067 0.4512195121951219634 0.50406504065040647067 0.49186991869918700315 0.53658536585365856908 0.58536585365853655016 0.58943089430894313185 0.64227642276422769463 0.50406504065040647067 0.56910569105691055647 0.55284552845528456277 0.54065040650406503975 0.69105691056910567571 0.6300813008130081716 0.65447154471544710663 0.69105691056910567571 0.65447154471544710663 0.67073170731707321135 0.71951219512195119243 0.83333333333333337034 0.84552845528455289337 0.83739837398373984101 0.87804878048780488076 0.79268292682926833059 0.74796747967479670915 0.74796747967479670915 0.76016260162601623218 0.74796747967479670915 0.71544715447154472177 0.66666666666666662966
0.39024390243902440378 0.41056910569105692366 0.31707317073170732113 0.30487804878048779811 0.31707317073170732113 0.3861788617886178776 0.32520325203252031798 0.32520325203252031798 0.31300813008130079496 0.39024390243902440378 0.41056910569105692366 0.3861788617886178776 0.26016260162601628769 0.24796747967479673691 0.21951219512195122019 0.37398373983739835458 0.46341463414634148643 0.53658536585365856908 0.51219512195121952303 0.53252032520325198739 0.62195121951219511924 0.62601626016260158991 0.54065040650406503975 0.74796747967479670915 0.69105691056910567571 0.62195121951219511924 0.65447154471544710663 0.63821138211382111294 0.62601626016260158991 0.66666666666666662966 0.66666666666666662966 0.69105691056910567571 0.67886178861788615269 0.66666666666666662966 0.68292682926829273438 0.71544715447154472177 0.78048780487804880757 0.83739837398373984101 0.78455284552845527823 0.76016260162601623218 0.72357723577235777412 0.68292682926829273438 0.7113821138211382511 0.66260162601626015899 0.62601626016260158991 0.60162601626016265488
0.41056910569105692366 0.37804878048780488076 0.34552845528455283786 0.31300813008130079496 0.30487804878048779811 0.33333333333333331483 0.38211382113821140694 0.38211382113821140694 0.31300813008130079496 0.24390243902439023849 0.23577235772357724164 0.19512195121951220189 0.17479674796747968202 0.16666666666666665741 0.31300813008130079496 0.16666666666666665741 0.26016260162601628769 0.46341463414634148643 0.59349593495934960252 0.4674796747967479571 0.4674796747967479571 0.59756097560975607319 0.57723577235772360883 0.52439024390243904605 0.62601626016260158991 0.82113821138211384731 0.69105691056910567571 0.67073170731707321135 0.63821138211382111294 0.62601626016260158991 0.65040650406504063596 0.68292682926829273438 0.63821138211382111294 0.66666666666666662966 0.63821138211382111294 0.66666666666666662966 0.86585365853658535773 0.78048780487804880757 0.84146341463414631168 0.78048780487804880757 0.78048780487804880757 0.67073170731707321135 0.5813008130081300795 0.53658536585365856908 0.63821138211382111294 0.51219512195121952303
0.37398373983739835458 0.3861788617886178776 0.37398373983739835458 0.35772357723577236088 0.36991869918699188391 0.31707317073170732113 0.31300813008130079496 0.31300813008130079496 0.26016260162601628769 0.21951219512195122019 0.19512195121951220189 0.20731707317073169716 0.25609756097560976151 0.17073170731707318359 0.24390243902439023849 0.12601626016260161767 0.42276422764227644668 0.4512195121951219634 0.47560975609756095395 0.45934959349593496025 0.58943089430894313185 0.50406504065040647067 0.47154471544715448328 0.4512195121951219634 0.49186991869918700315 0.58536585365853655016 0.65853658536585368832 0.69105691056910567571 0.65447154471544710663 0.70731707317073166941 0.69512195121951214638 0.64227642276422769463 0.65447154471544710663 0.69105691056910567571 0.63821138211382111294 0.74796747967479670915 0.79674796747967480126 0.83333333333333337034 0.76829268292682928454 0.80894308943089432429 0.73170731707317071546 0.72357723577235777412 0.5813008130081300795 0.62601626016260158991 0.47154471544715448328 0.40650406504065039748
0.36178861788617888706 0.36178861788617888706 0.34146341463414636719 0.31707317073170732113 0.33333333333333331483 0.31300813008130079496 0.26422764227642275836 0.26016260162601628769 0.16666666666666665741 0.17886178861788618044 0.23577235772357724164 0.24796747967479673691 0.23577235772357724164 0.21951219512195122019 0.17479674796747968202 0.22357723577235771861 0.23577235772357724164 0.24390243902439023849 0.5650406504065040858 0.58536585365853655016 0.55284552845528456277 0.66666666666666662966 0.65040650406504063596 0.6300813008130081716 0.49593495934959347382 0.59349593495934960252 0.68292682926829273438 0.64227642276422769463 0.71544715447154472177 0.65040650406504063596 0.64227642276422769463 0.70731707317073166941 0.66666666666666662966 0.69105691056910567571 0.74796747967479670915 0.69918699186991872807 0.71544715447154472177 0.77642276422764222588 0.74390243902439023849 0.78455284552845527823 0.73577235772357718613 0.73170731707317071546 0.69105691056910567571 0.65040650406504063596 0.51219512195121952303 0.41056910569105692366
0.30081300813008132744 0.40650406504065039748 0.37804878048780488076 0.36178861788617888706 0.29268292682926827508 0.24796747967479673691 0.21951219512195122019 0.19105691056910570347 0.17479674796747968202 0.23577235772357724164 0.24796747967479673691 0.31300813008130079496 0.19512195121951220189 0.19105691056910570347 0.15040650406504066372 0.34552845528455283786 0.19512195121951220189 0.21951219512195122019 0.4512195121951219634 0.5813008130081300795 0.62601626016260158991 0.65447154471544710663 0.63821138211382111294 0.52032520325203257539 0.63821138211382111294 0.42276422764227644668 0.52032520325203257539 0.69105691056910567571 0.65853658536585368832 0.65040650406504063596 0.63821138211382111294 0.69105691056910567571 0.76016260162601623218 0.67886178861788615269 0.70731707317073166941 0.65853658536585368832 0.65853658536585368832 0.77642276422764222588 0.76016260162601623218 0.71544715447154472177 0.70731707317073166941 0.63821138211382111294 0.62601626016260158991 0.58536585365853655016 0.50406504065040647067 0.45528455284552843407
0.35772357723577236088 0.37398373983739835458 0.32520325203252031798 0.26422764227642275836 0.22764227642276421704 0.22357723577235771861 0.26016260162601628769 0.26422764227642275836 0.23577235772357724164 0.26016260162601628769 0.21544715447154472177 0.22764227642276421704 0.23577235772357724164 0.23577235772357724164 0.23577235772357724164 0.29268292682926827508 0.21951219512195122019 0.19105691056910570347 0.17479674796747968202 0.19512195121951220189 0.5650406504065040858 0.53658536585365856908 0.69512195121951214638 0.53658536585365856908 0.55284552845528456277 0.61788617886178864858 0.6300813008130081716 0.65447154471544710663 0.69105691056910567571 0.69105691056910567571 0.67479674796747968202 0.65853658536585368832 0.67479674796747968202 0.66666666666666662966 0.71544715447154472177 0.70731707317073166941 0.66666666666666662966 0.72357723577235777412 0.73577235772357718613 0.73170731707317071546 0.65040650406504063596 0.60162601626016265488 0.54878048780487809211 0.37398373983739835458 0.34959349593495936404 0.31300813008130079496
0.37398373983739835458 0.30487804878048779811 0.26422764227642275836 0.19512195121951220189 0.19512195121951220189 0.22357723577235771861 0.26016260162601628769 0.26016260162601628769 0.30081300813008132744 0.27642276422764228139 0.17886178861788618044 0.14227642276422763912 0.22764227642276421704 0.23577235772357724164 0.23170731707317074322 0.12195121951219511924 0.15853658536585366057 0.12195121951219511924 0.17479674796747968202 0.31300813008130079496 0.45528455284552843407 0.53658536585365856908 0.62601626016260158991 0.68292682926829273438 0.51219512195121952303 0.5 0.58943089430894313185 0.63821138211382111294 0.64227642276422769463 0.67479674796747968202 0.69105691056910567571 0.66666666666666662966 0.66666666666666662966 0.70731707317073166941 0.67073170731707321135 0.68699186991869920504 0.73983739837398376782 0.75609756097560976151 0.71951219512195119243 0.73170731707317071546 0.65853658536585368832 0.62601626016260158991 0.49186991869918700315 0.45528455284552843407 0.31300813008130079496 0.30081300813008132744
0.32520325203252031798 0.26016260162601628769 0.23577235772357724164 0.20731707317073169716 0.23577235772357724164 0.23577235772357724164 0.26016260162601628769 0.31707317073170732113 0.29268292682926827508 0.23577235772357724164 0.19512195121951220189 0.29268292682926827508 0.23577235772357724164 0.22764227642276421704 0.19512195121951220189 0.30081300813008132744 0.26016260162601628769 0.16260162601626015899 0.15447154471544716214 0.11382113821138210852 0.47154471544715448328 0.5650406504065040858 0.63821138211382111294 0.6463414634146341653 0.56910569105691055647 0.5 0.4512195121951219634 0.47560975609756095395 0.67479674796747968202 0.67479674796747968202 0.66666666666666662966 0.70731707317073166941 0.7113821138211382511 0.69105691056910567571 0.69512195121951214638 0.71544715447154472177 0.65447154471544710663 0.69512195121951214638 0.70731707317073166941 0.70731707317073166941 0.59349593495934960252 0.47154471544715448328 0.4512195121951219634 0.3861788617886178776 0.40650406504065039748 0.31707317073170732113
0.26016260162601628769 0.24796747967479673691 0.23577235772357724164 0.29268292682926827508 0.23577235772357724164 0.26016260162601628769 0.31707317073170732113 0.30487804878048779811 0.23577235772357724164 0.19918699186991870032 0.23577235772357724164 0.23170731707317074322 0.24796747967479673691 0.19512195121951220189 0.15447154471544716214 0.17479674796747968202 0.31300813008130079496 0.15040650406504066372 0.19918699186991870032 0.17479674796747968202 0.38211382113821140694 0.54065040650406503975 0.5650406504065040858 0.65853658536585368832 0.64227642276422769463 0.5813008130081300795 0.49186991869918700315 0.41056910569105692366 0.62601626016260158991 0.64227642276422769463 0.66260162601626015899 0.69512195121951214638 0.73983739837398376782 0.73170731707317071546 0.72357723577235777412 0.70731707317073166941 0.69105691056910567571 0.69918699186991872807 0.66666666666666662966 0.69105691056910567571 0.69105691056910567571 0.62601626016260158991 0.44715447154471543723 0.45934959349593496025 0.38211382113821140694 0.26422764227642275836
0.29268292682926827508 0.26422764227642275836 0.29268292682926827508 0.35772357723577236088 0.31707317073170732113 0.31707317073170732113 0.26422764227642275836 0.23983739837398374006 0.21951219512195122019 0.24796747967479673691 0.19512195121951220189 0.20325203252032519874 0.11788617886178862082 0.12601626016260161767 0.10975609756097561009 0.16260162601626015899 0.16666666666666665741 0.11788617886178862082 0.17073170731707318359 0.23577235772357724164 0.15040650406504066372 0.40243902439024392681 0.5650406504065040858 0.68292682926829273438 0.63821138211382111294 0.69105691056910567571 0.66666666666666662966 0.52439024390243904605 0.56910569105691055647 0.66666666666666662966 0.69105691056910567571 0.67479674796747968202 0.66666666666666662966 0.69105691056910567571 0.70731707317073166941 0.67073170731707321135 0.69512195121951214638 0.71544715447154472177 0.71544715447154472177 0.69105691056910567571 0.69918699186991872807 0.69918699186991872807 0.67073170731707321135 0.54065040650406503975 0.32520325203252031798 0.23577235772357724164
0.36178861788617888706 0.33333333333333331483 0.31300813008130079496 0.31707317073170732113 0.31707317073170732113 0.30081300813008132744 0.22357723577235771861 0.21951219512195122019 0.22764227642276421704 0.17479674796747968202 0.25609756097560976151 0.15040650406504066372 0.17479674796747968202 0.10569105691056911167 0.12195121951219511924 0.15040650406504066372 0.21138211382113822334 0.12601626016260161767 0.19512195121951220189 0.22357723577235771861 0.24796747967479673691 0.28455284552845527823 0.37398373983739835458 0.60162601626016265488 0.65853658536585368832 0.61788617886178864858 0.66666666666666662966 0.58536585365853655016 0.37398373983739835458 0.60569105691056912555 0.65853658536585368832 0.66666666666666662966 0.69105691056910567571 0.71544715447154472177 0.69105691056910567571 0.70731707317073166941 0.69105691056910567571 0.68699186991869920504 0.69105691056910567571 0.65447154471544710663 0.54065040650406503975 0.6300813008130081716 0.69105691056910567571 0.70731707317073166941 0.31300813008130079496 0.30487804878048779811
0.36585365853658535773 0.3861788617886178776 0.41056910569105692366 0.34552845528455283786 0.24796747967479673691 0.23983739837398374006 0.25609756097560976151 0.23577235772357724164 0.25609756097560976151 0.19512195121951220189 0.11788617886178862082 0.077235772357723581072 0.097560975609756100946 0.21544715447154472177 0.15040650406504066372 0.12195121951219511924 0.21951219512195122019 0.11382113821138210852 0.15040650406504066372 0.30081300813008132744 0.42276422764227644668 0.51219512195121952303 0.5 0.47154471544715448328 0.43902439024390244038 0.52439024390243904605 0.6463414634146341653 0.61788617886178864858 0.4674796747967479571 0.33333333333333331483 0.6300813008130081716 0.66666666666666662966 0.70731707317073166941 0.67073170731707321135 0.66666666666666662966 0.66260162601626015899 0.64227642276422769463 0.7113821138211382511 0.69105691056910567571 0.69105691056910567571 0.6463414634146341653 0.65040650406504063596 0.69105691056910567571 0.65853658536585368832 0.63821138211382111294 0.6300813008130081716
0.41056910569105692366 0.33333333333333331483 0.30487804878048779811 0.25609756097560976151 0.26016260162601628769 0.29674796747967480126 0.26016260162601628769 0.30081300813008132744 0.23577235772357724164 0.23577235772357724164 0.12601626016260161767 0.065040650406504071923 0.11382113821138210852 0.19105691056910570347 0.11382113821138210852 0.18292682926829267887 0.07317073170731706877 0.11382113821138210852 0.31707317073170732113 0.4674796747967479571 0.55284552845528456277 0.5 0.41056910569105692366 0.58536585365853655016 0.47154471544715448328 0.60162601626016265488 0.66666666666666662966 0.65447154471544710663 0.65853658536585368832 0.65447154471544710663 0.59349593495934960252 0.68699186991869920504 0.66666666666666662966 0.69512195121951214638 0.65040650406504063596 0.59349593495934960252 0.65447154471544710663 0.65447154471544710663 0.69105691056910567571 0.65853658536585368832 0.66666666666666662966 0.65040650406504063596 0.65040650406504063596 0.65040650406504063596 0.6300813008130081716 0.65040650406504063596
0.41056910569105692366 0.32520325203252031798 0.31707317073170732113 0.27642276422764228139 0.30081300813008132744 0.31300813008130079496 0.23170731707317074322 0.21951219512195122019 0.26016260162601628769 0.16666666666666665741 0.11382113821138210852 0.12195121951219511924 0.11382113821138210852 0.22764227642276421704 0.12195121951219511924 0.048780487804878050473 0.097560975609756100946 0.16666666666666665741 0.17073170731707318359 0.34959349593495936404 0.4186991869918699205 0.30487804878048779811 0.30081300813008132744 0.47154471544715448328 0.50406504065040647067 0.47154471544715448328 0.60569105691056912555 0.69105691056910567571 0.6300813008130081716 0.67073170731707321135 0.68292682926829273438 0.55284552845528456277 0.67073170731707321135 0.69105691056910567571 0.67073170731707321135 0.6300813008130081716 0.64227642276422769463 0.66666666666666662966 0.67073170731707321135 0.65853658536585368832 0.65853658536585368832 0.69105691056910567571 0.69918699186991872807 0.5 0.6300813008130081716 0.5813008130081300795
0.36991869918699188391 0.35772357723577236088 0.4512195121951219634 0.34146341463414636719 0.31707317073170732113 0.26016260162601628769 0.19105691056910570347 0.15040650406504066372 0.17479674796747968202 0.16666666666666665741 0.16666666666666665741 0.13008130081300814385 0.17479674796747968202 0.11788617886178862082 0.085365853658536591797 0.11382113821138210852 0.11382113821138210852 0.15853658536585366057 0.13008130081300814385 0.16260162601626015899 0.11382113821138210852 0.11382113821138210852 0.4512195121951219634 0.59349593495934960252 0.4512195121951219634 0.34146341463414636719 0.47154471544715448328 0.60162601626016265488 0.73170731707317071546 0.63821138211382111294 0.69105691056910567571 0.65040650406504063596 0.6300813008130081716 0.65040650406504063596 0.65040650406504063596 0.65447154471544710663 0.59349593495934960252 0.60162601626016265488 0.62601626016260158991 0.55284552845528456277 0.65447154471544710663 0.67073170731707321135 0.55284552845528456277 0.52439024390243904605 0.55284552845528456277 0.60162601626016265488
