Example/niche_identity/models/ENFA/chlorocyanus_1.asc
ncols        743
nrows        319
xllcorner    -74.500956448335
yllcorner    17.448920549066
cellsize     0.008333333333
NODATA_value  -9999
[rows 40 to 59 of 319, columns 460 to 505 of 743]
0.032258064516129031363 0.032258064516129031363 0.032258064516129031363 -9999 -9999 -9999 -9999 -9999 -9999 -9999 -9999 -9999 -9999 -9999 -9999 -9999 -9999 -9999 0.032258064516129031363 0.036290322580645163753 0.036290322580645163753 0.044354838709677421593 0.036290322580645163753 0.036290322580645163753 0.064516129032258062725 0.060483870967741937275 0.064516129032258062725 0.076612903225806452956 -9999 -9999 -9999 -9999 -9999 -9999 -9999 -9999 -9999 -9999 -9999 -9999 -9999 -9999 -9999 -9999 -9999 -9999
0.032258064516129031363 0.032258064516129031363 0.032258064516129031363 0.032258064516129031363 0.096774193548387094088 0.032258064516129031363 0.032258064516129031363 -9999 -9999 -9999 -9999 0.036290322580645163753 0.032258064516129031363 0.032258064516129031363 -9999 -9999 -9999 -9999 0.12096774193548387455 0.036290322580645163753 0.044354838709677421593 0.040322580645161289203 0.040322580645161289203 0.044354838709677421593 0.060483870967741937275 0.068548387096774188176 0.096774193548387094088 0.096774193548387094088 0.096774193548387094088 0.092741935483870968637 -9999 -9999 -9999 -9999 -9999 -9999 -9999 -9999 -9999 -9999 -9999 -9999 -9999 -9999 -9999 -9999
0.036290322580645163753 0.032258064516129031363 0.032258064516129031363 0.044354838709677421593 0.11693548387096773522 0.036290322580645163753 0.036290322580645163753 0.036290322580645163753 0.11290322580645160977 0.1330645161290322509 0.032258064516129031363 0.032258064516129031363 0.036290322580645163753 0.032258064516129031363 0.036290322580645163753 0.040322580645161289203 0.125 0.11290322580645160977 0.036290322580645163753 0.036290322580645163753 0.096774193548387094088 0.040322580645161289203 0.032258064516129031363 0.036290322580645163753 0.044354838709677421593 0.060483870967741937275 0.052419354838709679434 0.088709677419354843186 0.092741935483870968637 0.092741935483870968637 0.080645161290322578407 -9999 -9999 -9999 -9999 -9999 -9999 -9999 -9999 -9999 -9999 -9999 -9999 -9999 -9999 -9999
0.096774193548387094088 0.028225806451612902442 0.032258064516129031363 0.032258064516129031363 0.032258064516129031363 0.036290322580645163753 0.036290322580645163753 0.036290322580645163753 0.052419354838709679434 0.036290322580645163753 0.032258064516129031363 0.032258064516129031363 0.036290322580645163753 0.036290322580645163753 0.032258064516129031363 0.11290322580645160977 0.040322580645161289203 0.044354838709677421593 0.032258064516129031363 0.036290322580645163753 0.040322580645161289203 0.044354838709677421593 0.044354838709677421593 0.040322580645161289203 0.040322580645161289203 0.056451612903225804885 0.044354838709677421593 0.060483870967741937275 0.092741935483870968637 0.092741935483870968637 0.092741935483870968637 0.088709677419354843186 0.092741935483870968637 -9999 -9999 -9999 -9999 -9999 -9999 -9999 -9999 -9999 -9999 -9999 -9999 -9999
0.060483870967741937275 0.032258064516129031363 0.052419354838709679434 0.052419354838709679434 0.044354838709677421593 0.036290322580645163753 0.036290322580645163753 0.040322580645161289203 0.060483870967741937275 0.1330645161290322509 0.032258064516129031363 0.096774193548387094088 0.032258064516129031363 0.032258064516129031363 0.032258064516129031363 0.032258064516129031363 0.036290322580645163753 0.125 0.048387096774193547044 0.036290322580645163753 0.040322580645161289203 0.036290322580645163753 0.048387096774193547044 0.044354838709677421593 0.036290322580645163753 0.060483870967741937275 0.056451612903225804885 0.060483870967741937275 0.080645161290322578407 0.088709677419354843186 0.080645161290322578407 0.092741935483870968637 0.092741935483870968637 0.092741935483870968637 -9999 -9999 -9999 -9999 -9999 -9999 -9999 -9999 -9999 -9999 -9999 -9999
0.036290322580645163753 0.036290322580645163753 0.044354838709677421593 0.036290322580645163753 0.040322580645161289203 0.048387096774193547044 0.036290322580645163753 0.060483870967741937275 0.052419354838709679434 0.060483870967741937275 0.036290322580645163753 0.036290322580645163753 0.032258064516129031363 0.14112903225806452956 0.036290322580645163753 0.040322580645161289203 0.052419354838709679434 0.060483870967741937275 0.11290322580645160977 0.048387096774193547044 0.044354838709677421593 0.044354838709677421593 0.052419354838709679434 0.056451612903225804885 0.060483870967741937275 0.044354838709677421593 0.072580645161290327505 0.072580645161290327505 0.060483870967741937275 0.076612903225806452956 0.084677419354838703858 0.092741935483870968637 0.092741935483870968637 0.092741935483870968637 -9999 -9999 -9999 -9999 -9999 -9999 -9999 -9999 -9999 -9999 -9999 -9999
0.036290322580645163753 0.044354838709677421593 0.036290322580645163753 0.044354838709677421593 0.036290322580645163753 0.12096774193548387455 0.040322580645161289203 0.052419354838709679434 0.060483870967741937275 0.060483870967741937275 0.036290322580645163753 0.036290322580645163753 0.12096774193548387455 0.036290322580645163753 0.032258064516129031363 0.036290322580645163753 0.048387096774193547044 0.11693548387096773522 0.056451612903225804885 0.040322580645161289203 0.052419354838709679434 0.060483870967741937275 0.072580645161290327505 0.076612903225806452956 0.072580645161290327505 0.060483870967741937275 0.076612903225806452956 0.080645161290322578407 0.084677419354838703858 0.076612903225806452956 0.092741935483870968637 0.092741935483870968637 0.092741935483870968637 0.092741935483870968637 0.092741935483870968637 -9999 -9999 -9999 -9999 -9999 -9999 -9999 -9999 -9999 -9999 -9999
0.044354838709677421593 0.044354838709677421593 0.052419354838709679434 0.068548387096774188176 0.060483870967741937275 0.1330645161290322509 0.076612903225806452956 0.036290322580645163753 0.076612903225806452956 0.15322580645161290591 0.044354838709677421593 0.036290322580645163753 0.032258064516129031363 0.044354838709677421593 0.040322580645161289203 0.036290322580645163753 0.044354838709677421593 0.052419354838709679434 0.060483870967741937275 0.052419354838709679434 0.040322580645161289203 0.060483870967741937275 0.072580645161290327505 0.076612903225806452956 0.080645161290322578407 0.060483870967741937275 0.092741935483870968637 0.088709677419354843186 0.080645161290322578407 0.088709677419354843186 0.092741935483870968637 0.092741935483870968637 0.092741935483870968637 0.096774193548387094088 0.092741935483870968637 0.096774193548387094088 -9999 -9999 -9999 -9999 -9999 -9999 -9999 -9999 -9999 -9999
0.040322580645161289203 0.076612903225806452956 0.076612903225806452956 0.040322580645161289203 0.040322580645161289203 0.11290322580645160977 0.052419354838709679434 0.060483870967741937275 0.092741935483870968637 0.060483870967741937275 0.080645161290322578407 0.052419354838709679434 0.044354838709677421593 0.044354838709677421593 0.060483870967741937275 0.052419354838709679434 0.064516129032258062725 0.032258064516129031363 0.044354838709677421593 0.036290322580645163753 0.048387096774193547044 0.076612903225806452956 0.076612903225806452956 0.076612903225806452956 0.088709677419354843186 0.092741935483870968637 0.092741935483870968637 0.092741935483870968637 0.092741935483870968637 0.092741935483870968637 0.092741935483870968637 0.092741935483870968637 0.092741935483870968637 0.096774193548387094088 0.096774193548387094088 0.096774193548387094088 -9999 -9999 -9999 -9999 -9999 -9999 -9999 -9999 -9999 -9999
0.064516129032258062725 0.072580645161290327505 0.076612903225806452956 0.092741935483870968637 0.092741935483870968637 0.080645161290322578407 0.068548387096774188176 0.060483870967741937275 0.056451612903225804885 0.060483870967741937275 0.060483870967741937275 0.060483870967741937275 0.040322580645161289203 0.056451612903225804885 0.040322580645161289203 0.080645161290322578407 0.064516129032258062725 0.084677419354838703858 0.072580645161290327505 0.076612903225806452956 0.088709677419354843186 0.076612903225806452956 0.092741935483870968637 0.060483870967741937275 0.084677419354838703858 0.088709677419354843186 0.088709677419354843186 0.092741935483870968637 0.092741935483870968637 0.092741935483870968637 0.092741935483870968637 0.092741935483870968637 0.092741935483870968637 0.096774193548387094088 0.096774193548387094088 0.096774193548387094088 0.096774193548387094088 -9999 -9999 -9999 -9999 -9999 -9999 -9999 -9999 -9999
0.088709677419354843186 0.092741935483870968637 0.092741935483870968637 0.092741935483870968637 0.080645161290322578407 0.052419354838709679434 0.072580645161290327505 0.076612903225806452956 0.060483870967741937275 0.072580645161290327505 0.076612903225806452956 0.044354838709677421593 0.060483870967741937275 0.064516129032258062725 0.064516129032258062725 0.076612903225806452956 0.092741935483870968637 0.084677419354838703858 0.092741935483870968637 0.080645161290322578407 0.080645161290322578407 0.092741935483870968637 0.076612903225806452956 0.088709677419354843186 0.092741935483870968637 0.088709677419354843186 0.092741935483870968637 0.092741935483870968637 0.092741935483870968637 0.092741935483870968637 0.092741935483870968637 0.092741935483870968637 0.092741935483870968637 0.096774193548387094088 0.096774193548387094088 0.096774193548387094088 0.10483870967741935887 0.11290322580645160977 0.11290322580645160977 -9999 -9999 -9999 -9999 -9999 -9999 -9999
0.040322580645161289203 0.092741935483870968637 0.060483870967741937275 0.092741935483870968637 0.092741935483870968637 0.092741935483870968637 0.052419354838709679434 0.060483870967741937275 0.076612903225806452956 0.060483870967741937275 0.044354838709677421593 0.060483870967741937275 0.064516129032258062725 0.076612903225806452956 0.076612903225806452956 0.092741935483870968637 0.092741935483870968637 0.092741935483870968637 0.084677419354838703858 0.092741935483870968637 0.092741935483870968637 0.088709677419354843186 0.092741935483870968637 0.092741935483870968637 0.092741935483870968637 0.084677419354838703858 0.088709677419354843186 0.088709677419354843186 0.092741935483870968637 0.096774193548387094088 0.096774193548387094088 0.092741935483870968637 0.096774193548387094088 0.11290322580645160977 0.11290322580645160977 0.096774193548387094088 0.10483870967741935887 0.11290322580645160977 0.11290322580645160977 0.11290322580645160977 -9999 -9999 -9999 -9999 -9999 -9999
0.048387096774193547044 0.076612903225806452956 0.044354838709677421593 0.092741935483870968637 0.096774193548387094088 0.096774193548387094088 0.092741935483870968637 0.072580645161290327505 0.080645161290322578407 0.076612903225806452956 0.072580645161290327505 0.060483870967741937275 0.060483870967741937275 0.064516129032258062725 0.060483870967741937275 0.076612903225806452956 0.060483870967741937275 0.076612903225806452956 0.080645161290322578407 0.088709677419354843186 0.092741935483870968637 0.092741935483870968637 0.092741935483870968637 0.092741935483870968637 0.092741935483870968637 0.092741935483870968637 0.092741935483870968637 0.092741935483870968637 0.092741935483870968637 0.10483870967741935887 0.092741935483870968637 0.096774193548387094088 0.096774193548387094088 0.096774193548387094088 0.11290322580645160977 0.096774193548387094088 0.11290322580645160977 0.096774193548387094088 0.11290322580645160977 0.11290322580645160977 0.11693548387096773522 -9999 -9999 -9999 -9999 -9999
0.060483870967741937275 0.060483870967741937275 0.092741935483870968637 0.092741935483870968637 0.096774193548387094088 0.11290322580645160977 0.11290322580645160977 0.092741935483870968637 0.092741935483870968637 0.064516129032258062725 0.092741935483870968637 0.084677419354838703858 0.088709677419354843186 0.076612903225806452956 0.092741935483870968637 0.076612903225806452956 0.092741935483870968637 0.088709677419354843186 0.092741935483870968637 0.092741935483870968637 0.092741935483870968637 0.092741935483870968637 0.092741935483870968637 0.092741935483870968637 0.096774193548387094088 0.096774193548387094088 0.092741935483870968637 0.10483870967741935887 0.096774193548387094088 0.11290322580645160977 0.11290322580645160977 0.10483870967741935887 0.10080645161290321954 0.096774193548387094088 0.10483870967741935887 0.10483870967741935887 0.096774193548387094088 0.10483870967741935887 0.11290322580645160977 0.11290322580645160977 0.11290322580645160977 0.11290322580645160977 -9999 -9999 -9999 -9999
0.080645161290322578407 0.092741935483870968637 0.10483870967741935887 0.092741935483870968637 0.060483870967741937275 0.096774193548387094088 0.096774193548387094088 0.096774193548387094088 0.096774193548387094088 0.092741935483870968637 0.092741935483870968637 0.096774193548387094088 0.092741935483870968637 0.076612903225806452956 0.088709677419354843186 0.092741935483870968637 0.076612903225806452956 0.092741935483870968637 0.092741935483870968637 0.096774193548387094088 0.096774193548387094088 0.096774193548387094088 0.092741935483870968637 0.096774193548387094088 0.096774193548387094088 0.096774193548387094088 0.092741935483870968637 0.096774193548387094088 0.11290322580645160977 0.11290322580645160977 0.11693548387096773522 0.11290322580645160977 0.11290322580645160977 0.11290322580645160977 0.10887096774193548432 0.096774193548387094088 0.096774193548387094088 0.096774193548387094088 0.11290322580645160977 0.10483870967741935887 0.11290322580645160977 0.11290322580645160977 0.11290322580645160977 0.11290322580645160977 -9999 -9999
0.040322580645161289203 0.056451612903225804885 0.096774193548387094088 0.092741935483870968637 0.12096774193548387455 0.11290322580645160977 0.096774193548387094088 0.092741935483870968637 0.10483870967741935887 0.092741935483870968637 0.11290322580645160977 0.092741935483870968637 0.092741935483870968637 0.080645161290322578407 0.092741935483870968637 0.092741935483870968637 0.092741935483870968637 0.092741935483870968637 0.092741935483870968637 0.092741935483870968637 0.092741935483870968637 0.092741935483870968637 0.096774193548387094088 0.10483870967741935887 0.096774193548387094088 0.10483870967741935887 0.092741935483870968637 0.092741935483870968637 0.096774193548387094088 0.092741935483870968637 0.096774193548387094088 0.10483870967741935887 0.11290322580645160977 0.11290322580645160977 0.092741935483870968637 0.10483870967741935887 0.096774193548387094088 0.11290322580645160977 0.11290322580645160977 0.096774193548387094088 0.092741935483870968637 0.11290322580645160977 0.11290322580645160977 0.096774193548387094088 0.10483870967741935887 0.10483870967741935887
0.11693548387096773522 0.088709677419354843186 0.092741935483870968637 0.096774193548387094088 0.11693548387096773522 0.12096774193548387455 0.092741935483870968637 0.096774193548387094088 0.096774193548387094088 0.092741935483870968637 0.092741935483870968637 0.096774193548387094088 0.12096774193548387455 0.11290322580645160977 0.11290322580645160977 0.11290322580645160977 0.092741935483870968637 0.096774193548387094088 0.096774193548387094088 0.092741935483870968637 0.10483870967741935887 0.096774193548387094088 0.096774193548387094088 0.096774193548387094088 0.11290322580645160977 0.096774193548387094088 0.11290322580645160977 0.11290322580645160977 0.11290322580645160977 0.11290322580645160977 0.11290322580645160977 0.11693548387096773522 0.11290322580645160977 0.11290322580645160977 0.096774193548387094088 0.11290322580645160977 0.12096774193548387455 0.11693548387096773522 0.12096774193548387455 0.096774193548387094088 0.096774193548387094088 0.11290322580645160977 0.11290322580645160977 0.096774193548387094088 0.11290322580645160977 0.096774193548387094088
0.092741935483870968637 0.096774193548387094088 0.032258064516129031363 0.064516129032258062725 0.092741935483870968637 0.10483870967741935887 0.11290322580645160977 0.10483870967741935887 0.096774193548387094088 0.092741935483870968637 0.092741935483870968637 0.092741935483870968637 0.096774193548387094088 0.10483870967741935887 0.10483870967741935887 0.10483870967741935887 0.096774193548387094088 0.096774193548387094088 0.10483870967741935887 0.12096774193548387455 0.125 0.11290322580645160977 0.10483870967741935887 0.096774193548387094088 0.096774193548387094088 0.11290322580645160977 0.096774193548387094088 0.11290322580645160977 0.096774193548387094088 0.11290322580645160977 0.11290322580645160977 0.12096774193548387455 0.11290322580645160977 0.12096774193548387455 0.11693548387096773522 0.11290322580645160977 0.12096774193548387455 0.12903225806451612545 0.11693548387096773522 0.11693548387096773522 0.12903225806451612545 0.11290322580645160977 0.12096774193548387455 0.10483870967741935887 0.11290322580645160977 0.096774193548387094088
0.11290322580645160977 0.092741935483870968637 0.076612903225806452956 0.020161290322580644602 0.040322580645161289203 0.064516129032258062725 0.096774193548387094088 0.125 0.12903225806451612545 0.13709677419354837635 0.092741935483870968637 0.096774193548387094088 0.10483870967741935887 0.096774193548387094088 0.11290322580645160977 0.092741935483870968637 0.11693548387096773522 0.11290322580645160977 0.11290322580645160977 0.12096774193548387455 0.12096774193548387455 0.1330645161290322509 0.13709677419354837635 0.12096774193548387455 0.11290322580645160977 0.11693548387096773522 0.11290322580645160977 0.11290322580645160977 0.12903225806451612545 0.11290322580645160977 0.11290322580645160977 0.13709677419354837635 0.1330645161290322509 0.1330645161290322509 0.13709677419354837635 0.1330645161290322509 0.1330645161290322509 0.11290322580645160977 0.12096774193548387455 0.12096774193548387455 0.12903225806451612545 0.12903225806451612545 0.125 0.125 0.13709677419354837635 0.10483870967741935887
0.11290322580645160977 0.052419354838709679434 0.032258064516129031363 0.088709677419354843186 0.020161290322580644602 0.032258064516129031363 0.048387096774193547044 0.092741935483870968637 0.1330645161290322509 0.14112903225806452956 0.12903225806451612545 0.12096774193548387455 0.12096774193548387455 0.096774193548387094088 0.096774193548387094088 0.12096774193548387455 0.12096774193548387455 0.096774193548387094088 0.12096774193548387455 0.11693548387096773522 0.125 0.1330645161290322509 0.14516129032258065501 0.1330645161290322509 0.12903225806451612545 0.12903225806451612545 0.1330645161290322509 0.11290322580645160977 0.12096774193548387455 0.11693548387096773522 0.12096774193548387455 0.12903225806451612545 0.12096774193548387455 0.11693548387096773522 0.13709677419354837635 0.14516129032258065501 0.13709677419354837635 0.1330645161290322509 0.1330645161290322509 0.11290322580645160977 0.1330645161290322509 0.13709677419354837635 0.13709677419354837635 0.14112903225806452956 0.1330645161290322509 0.11290322580645160977
