Example/niche_identity/models/ENFA/chlorocyanus_1.asc
ncols        743
nrows        319
xllcorner    -74.500956448335
yllcorner    17.448920549066
cellsize     0.008333333333
NODATA_value  -9999
[rows 100 to 119 of 319, columns 506 to 551 of 743]
0.29838709677419356092 0.28629032258064518457 0.41532258064516131002 0.41532258064516131002 0.37903225806451612545 0.41532258064516131002 0.41532258064516131002 0.36290322580645162365 0.48790322580645162365 0.42338709677419356092 0.47580645161290324729 0.45564516129032256453 0.48790322580645162365 0.48790322580645162365 0.41532258064516131002 0.43145161290322581182 0.34274193548387094088 0.36290322580645162365 0.47580645161290324729 0.49596774193548387455 0.48790322580645162365 0.51209677419354837635 0.52016129032258062725 0.57258064516129036914 0.49596774193548387455 0.60080645161290324729 0.57258064516129036914 0.6088709677419354982 0.61290322580645162365 0.48790322580645162365 0.59677419354838712184 0.53629032258064512906 0.58870967741935487094 0.47177419354838712184 0.51209677419354837635 0.53629032258064512906 0.51209677419354837635 0.56854838709677424369 0.60483870967741937275 0.55645161290322575631 0.31048387096774193727 0.32258064516129031363 0.24596774193548387455 0.24596774193548387455 0.22983870967741934499 0.22177419354838709409
0.35080645161290324729 0.42741935483870968637 0.35483870967741937275 0.32258064516129031363 0.42741935483870968637 0.38709677419354837635 0.52016129032258062725 0.53629032258064512906 0.36290322580645162365 0.36290322580645162365 0.4838709677419354982 0.47177419354838712184 0.31451612903225806273 0.44354838709677418818 0.28629032258064518457 0.45161290322580643908 0.44758064516129031363 0.40725806451612905912 0.45564516129032256453 0.48790322580645162365 0.45564516129032256453 0.52419354838709675271 0.47580645161290324729 0.45564516129032256453 0.60080645161290324729 0.60483870967741937275 0.54435483870967737996 0.52822580645161287816 0.61290322580645162365 0.61290322580645162365 0.6088709677419354982 0.61290322580645162365 0.55645161290322575631 0.51209677419354837635 0.60483870967741937275 0.55645161290322575631 0.60483870967741937275 0.6169354838709677491 0.57258064516129036914 0.60483870967741937275 0.47580645161290324729 0.36290322580645162365 0.27419354838709675271 0.21774193548387096864 0.23790322580645162365 0.21370967741935484319
0.36290322580645162365 0.36290322580645162365 0.39919354838709675271 0.37903225806451612545 0.375 0.30241935483870968637 0.36290322580645162365 0.30241935483870968637 0.29838709677419356092 0.38709677419354837635 0.35080645161290324729 0.35080645161290324729 0.35080645161290324729 0.35080645161290324729 0.31048387096774193727 0.41532258064516131002 0.43145161290322581182 0.48790322580645162365 0.47177419354838712184 0.47580645161290324729 0.3911290322580645018 0.41532258064516131002 0.47580645161290324729 0.48790322580645162365 0.56048387096774188176 0.62096774193548387455 0.57661290322580649459 0.57661290322580649459 0.53225806451612900361 0.6330645161290322509 0.55241935483870963086 0.60483870967741937275 0.6169354838709677491 0.62096774193548387455 0.6088709677419354982 0.59274193548387099639 0.6088709677419354982 0.61290322580645162365 0.60483870967741937275 0.61290322580645162365 0.62903225806451612545 0.6088709677419354982 0.54435483870967737996 0.49596774193548387455 0.35483870967741937275 0.17741935483870968637
0.35483870967741937275 0.37903225806451612545 0.35483870967741937275 0.31048387096774193727 0.32258064516129031363 0.29838709677419356092 0.3911290322580645018 0.43145161290322581182 0.39919354838709675271 0.39516129032258062725 0.36290322580645162365 0.29435483870967743547 0.31048387096774193727 0.35080645161290324729 0.36290322580645162365 0.31048387096774193727 0.43145161290322581182 0.3830645161290322509 0.3830645161290322509 0.43548387096774193727 0.36290322580645162365 0.3911290322580645018 0.43548387096774193727 0.44758064516129031363 0.49596774193548387455 0.57661290322580649459 0.62903225806451612545 0.62096774193548387455 0.56451612903225811824 0.53629032258064512906 0.56854838709677424369 0.60483870967741937275 0.59677419354838712184 0.56854838709677424369 0.62096774193548387455 0.6330645161290322509 0.62096774193548387455 0.62096774193548387455 0.62903225806451612545 0.62096774193548387455 0.6169354838709677491 0.60483870967741937275 0.48790322580645162365 0.36290322580645162365 0.54838709677419350541 0.48790322580645162365
0.27822580645161287816 0.25403225806451612545 0.24596774193548387455 0.32258064516129031363 0.29435483870967743547 0.21774193548387096864 0.2661290322580645018 0.2580645161290322509 0.31451612903225806273 0.31048387096774193727 0.31048387096774193727 0.32258064516129031363 0.30645161290322581182 0.33467741935483868998 0.3830645161290322509 0.32258064516129031363 0.32258064516129031363 0.36290322580645162365 0.35483870967741937275 0.36290322580645162365 0.35483870967741937275 0.375 0.47580645161290324729 0.47580645161290324729 0.49596774193548387455 0.60483870967741937275 0.56048387096774188176 0.61290322580645162365 0.61290322580645162365 0.62096774193548387455 0.61290322580645162365 0.6169354838709677491 0.56854838709677424369 0.61290322580645162365 0.62096774193548387455 0.62096774193548387455 0.62096774193548387455 0.62903225806451612545 0.62096774193548387455 0.61290322580645162365 0.6088709677419354982 0.56451612903225811824 0.48790322580645162365 0.45564516129032256453 0.47983870967741937275 0.35080645161290324729
0.35483870967741937275 0.28629032258064518457 0.28225806451612905912 0.31048387096774193727 0.2580645161290322509 0.29838709677419356092 0.29435483870967743547 0.35080645161290324729 0.31048387096774193727 0.35080645161290324729 0.29838709677419356092 0.27419354838709675271 0.31451612903225806273 0.35080645161290324729 0.36290322580645162365 0.29032258064516131002 0.28629032258064518457 0.28629032258064518457 0.28629032258064518457 0.31451612903225806273 0.28629032258064518457 0.43548387096774193727 0.35483870967741937275 0.40322580645161287816 0.45161290322580643908 0.47177419354838712184 0.6088709677419354982 0.62096774193548387455 0.6088709677419354982 0.52419354838709675271 0.61290322580645162365 0.59677419354838712184 0.58870967741935487094 0.61290322580645162365 0.61290322580645162365 0.57661290322580649459 0.62096774193548387455 0.6088709677419354982 0.6088709677419354982 0.56854838709677424369 0.56451612903225811824 0.58064516129032262004 0.54435483870967737996 0.35080645161290324729 0.31451612903225806273 0.30241935483870968637
0.30241935483870968637 0.39919354838709675271 0.31048387096774193727 0.45161290322580643908 0.37903225806451612545 0.39516129032258062725 0.3911290322580645018 0.35080645161290324729 0.3830645161290322509 0.45161290322580643908 0.40725806451612905912 0.36290322580645162365 0.3911290322580645018 0.35080645161290324729 0.36290322580645162365 0.28629032258064518457 0.35483870967741937275 0.35080645161290324729 0.36290322580645162365 0.37903225806451612545 0.35080645161290324729 0.30645161290322581182 0.47580645161290324729 0.48790322580645162365 0.52016129032258062725 0.42338709677419356092 0.47580645161290324729 0.57661290322580649459 0.6088709677419354982 0.56048387096774188176 0.6088709677419354982 0.60483870967741937275 0.62096774193548387455 0.60483870967741937275 0.61290322580645162365 0.6088709677419354982 0.60483870967741937275 0.6088709677419354982 0.56854838709677424369 0.53225806451612900361 0.56048387096774188176 0.47580645161290324729 0.3911290322580645018 0.3830645161290322509 0.36290322580645162365 0.28629032258064518457
0.32258064516129031363 0.31048387096774193727 0.35080645161290324729 0.33467741935483868998 0.32258064516129031363 0.35483870967741937275 0.35080645161290324729 0.3830645161290322509 0.36290322580645162365 0.45967741935483868998 0.36290322580645162365 0.3830645161290322509 0.3911290322580645018 0.36290322580645162365 0.34274193548387094088 0.31048387096774193727 0.30241935483870968637 0.28629032258064518457 0.31048387096774193727 0.28225806451612905912 0.35483870967741937275 0.36290322580645162365 0.35483870967741937275 0.38709677419354837635 0.47177419354838712184 0.48790322580645162365 0.4838709677419354982 0.48790322580645162365 0.54435483870967737996 0.49596774193548387455 0.58467741935483874549 0.58064516129032262004 0.59677419354838712184 0.56854838709677424369 0.59677419354838712184 0.56451612903225811824 0.58064516129032262004 0.59274193548387099639 0.53629032258064512906 0.58467741935483874549 0.57258064516129036914 0.48790322580645162365 0.3911290322580645018 0.38709677419354837635 0.41532258064516131002 0.37096774193548387455
0.41532258064516131002 0.35483870967741937275 0.35483870967741937275 0.31048387096774193727 0.27419354838709675271 0.27419354838709675271 0.2661290322580645018 0.35080645161290324729 0.36290322580645162365 0.36290322580645162365 0.31451612903225806273 0.35080645161290324729 0.29838709677419356092 0.32258064516129031363 0.35483870967741937275 0.36290322580645162365 0.36290322580645162365 0.35483870967741937275 0.4838709677419354982 0.48790322580645162365 0.36290322580645162365 0.3830645161290322509 0.43145161290322581182 0.47580645161290324729 0.48790322580645162365 0.47177419354838712184 0.49596774193548387455 0.43548387096774193727 0.45564516129032256453 0.48790322580645162365 0.48790322580645162365 0.57258064516129036914 0.52016129032258062725 0.56451612903225811824 0.55241935483870963086 0.55645161290322575631 0.55645161290322575631 0.56048387096774188176 0.4919354838709677491 0.57661290322580649459 0.53629032258064512906 0.48790322580645162365 0.36290322580645162365 0.45564516129032256453 0.32258064516129031363 0.35483870967741937275
0.28629032258064518457 0.27419354838709675271 0.3669354838709677491 0.36290322580645162365 0.35080645161290324729 0.36290322580645162365 0.29838709677419356092 0.28629032258064518457 0.28629032258064518457 0.32258064516129031363 0.28629032258064518457 0.31048387096774193727 0.30241935483870968637 0.31048387096774193727 0.35080645161290324729 0.28629032258064518457 0.32258064516129031363 0.31048387096774193727 0.35080645161290324729 0.36290322580645162365 0.35080645161290324729 0.25 0.28629032258064518457 0.31048387096774193727 0.35080645161290324729 0.43548387096774193727 0.56451612903225811824 0.45564516129032256453 0.47580645161290324729 0.52419354838709675271 0.55645161290322575631 0.52822580645161287816 0.48790322580645162365 0.55645161290322575631 0.49596774193548387455 0.52016129032258062725 0.53225806451612900361 0.5161290322580645018 0.49596774193548387455 0.47580645161290324729 0.48790322580645162365 0.36290322580645162365 0.38709677419354837635 0.37096774193548387455 0.35080645161290324729 0.28629032258064518457
0.35080645161290324729 0.31451612903225806273 0.35080645161290324729 0.25 0.30241935483870968637 0.32258064516129031363 0.29435483870967743547 0.42741935483870968637 0.3911290322580645018 0.32258064516129031363 0.28629032258064518457 0.28629032258064518457 0.27419354838709675271 0.24596774193548387455 0.26209677419354837635 0.23790322580645162365 0.24596774193548387455 0.23790322580645162365 0.23790322580645162365 0.23790322580645162365 0.23790322580645162365 0.29032258064516131002 0.25403225806451612545 0.35483870967741937275 0.35080645161290324729 0.375 0.45161290322580643908 0.54435483870967737996 0.3911290322580645018 0.44758064516129031363 0.47580645161290324729 0.52822580645161287816 0.47177419354838712184 0.48790322580645162365 0.53225806451612900361 0.5080645161290322509 0.52016129032258062725 0.4919354838709677491 0.48790322580645162365 0.4838709677419354982 0.45564516129032256453 0.41532258064516131002 0.36290322580645162365 0.31048387096774193727 0.30241935483870968637 0.27419354838709675271
0.28629032258064518457 0.28629032258064518457 0.29838709677419356092 0.28629032258064518457 0.29838709677419356092 0.28629032258064518457 0.32258064516129031363 0.35080645161290324729 0.33467741935483868998 0.24596774193548387455 0.23790322580645162365 0.29435483870967743547 0.25403225806451612545 0.28629032258064518457 0.25 0.28629032258064518457 0.28629032258064518457 0.33467741935483868998 0.28629032258064518457 0.27419354838709675271 0.31048387096774193727 0.18548387096774193727 0.32258064516129031363 0.31451612903225806273 0.35080645161290324729 0.35483870967741937275 0.31451612903225806273 0.39919354838709675271 0.3830645161290322509 0.54435483870967737996 0.50403225806451612545 0.51209677419354837635 0.48790322580645162365 0.49596774193548387455 0.52419354838709675271 0.5080645161290322509 0.4919354838709677491 0.48790322580645162365 0.48790322580645162365 0.47580645161290324729 0.45161290322580643908 0.38709677419354837635 0.375 0.36290322580645162365 0.28629032258064518457 0.28629032258064518457
0.29838709677419356092 0.35483870967741937275 0.32258064516129031363 0.28629032258064518457 0.29838709677419356092 0.35080645161290324729 0.3830645161290322509 0.32258064516129031363 0.29435483870967743547 0.27822580645161287816 0.27419354838709675271 0.28629032258064518457 0.23790322580645162365 0.28629032258064518457 0.32258064516129031363 0.23790322580645162365 0.25 0.16129032258064515681 0.16129032258064515681 0.21774193548387096864 0.16129032258064515681 0.16129032258064515681 0.36290322580645162365 0.32258064516129031363 0.32258064516129031363 0.2661290322580645018 0.45161290322580643908 0.41532258064516131002 0.47983870967741937275 0.45967741935483868998 0.4919354838709677491 0.52822580645161287816 0.52016129032258062725 0.5080645161290322509 0.48790322580645162365 0.48790322580645162365 0.48790322580645162365 0.4919354838709677491 0.48790322580645162365 0.47177419354838712184 0.39516129032258062725 0.41532258064516131002 0.39516129032258062725 0.35483870967741937275 0.31048387096774193727 0.28629032258064518457
0.21774193548387096864 0.28629032258064518457 0.32258064516129031363 0.2661290322580645018 0.28629032258064518457 0.29435483870967743547 0.30241935483870968637 0.26209677419354837635 0.27822580645161287816 0.28629032258064518457 0.28629032258064518457 0.36290322580645162365 0.36290322580645162365 0.3911290322580645018 0.32258064516129031363 0.32661290322580643908 0.28629032258064518457 0.27822580645161287816 0.23790322580645162365 0.27419354838709675271 0.23790322580645162365 0.36290322580645162365 0.23790322580645162365 0.29838709677419356092 0.29435483870967743547 0.45161290322580643908 0.4919354838709677491 0.53225806451612900361 0.52419354838709675271 0.55645161290322575631 0.47580645161290324729 0.52016129032258062725 0.4919354838709677491 0.52016129032258062725 0.53225806451612900361 0.52016129032258062725 0.48790322580645162365 0.47177419354838712184 0.47177419354838712184 0.47177419354838712184 0.43548387096774193727 0.41532258064516131002 0.3911290322580645018 0.36290322580645162365 0.35483870967741937275 0.31048387096774193727
0.32258064516129031363 0.26209677419354837635 0.31451612903225806273 0.36290322580645162365 0.34677419354838712184 0.29838709677419356092 0.23790322580645162365 0.23790322580645162365 0.28629032258064518457 0.29838709677419356092 0.35080645161290324729 0.41532258064516131002 0.45967741935483868998 0.45564516129032256453 0.39516129032258062725 0.3911290322580645018 0.36290322580645162365 0.31451612903225806273 0.27016129032258062725 0.28629032258064518457 0.45564516129032256453 0.38709677419354837635 0.35080645161290324729 0.47580645161290324729 0.48790322580645162365 0.49596774193548387455 0.53225806451612900361 0.47983870967741937275 0.52419354838709675271 0.49596774193548387455 0.49596774193548387455 0.54435483870967737996 0.53629032258064512906 0.54435483870967737996 0.52419354838709675271 0.52016129032258062725 0.5080645161290322509 0.49596774193548387455 0.48790322580645162365 0.45967741935483868998 0.43145161290322581182 0.41532258064516131002 0.3911290322580645018 0.375 0.36290322580645162365 0.33467741935483868998
0.24596774193548387455 0.30241935483870968637 0.29838709677419356092 0.29435483870967743547 0.30241935483870968637 0.3830645161290322509 0.28629032258064518457 0.21774193548387096864 0.24596774193548387455 0.27419354838709675271 0.42741935483870968637 0.42741935483870968637 0.35483870967741937275 0.29838709677419356092 0.32258064516129031363 0.28629032258064518457 0.30241935483870968637 0.29838709677419356092 0.36290322580645162365 0.41532258064516131002 0.41532258064516131002 0.35483870967741937275 0.45564516129032256453 0.3830645161290322509 0.48790322580645162365 0.53629032258064512906 0.52419354838709675271 0.47983870967741937275 0.52419354838709675271 0.56048387096774188176 0.48790322580645162365 0.49596774193548387455 0.55645161290322575631 0.50403225806451612545 0.54435483870967737996 0.52419354838709675271 0.50403225806451612545 0.48790322580645162365 0.48790322580645162365 0.47580645161290324729 0.43548387096774193727 0.39516129032258062725 0.36290322580645162365 0.38709677419354837635 0.3830645161290322509 0.35483870967741937275
0.23790322580645162365 0.32258064516129031363 0.36290322580645162365 0.33467741935483868998 0.375 0.28629032258064518457 0.31451612903225806273 0.35483870967741937275 0.43548387096774193727 0.3669354838709677491 0.31451612903225806273 0.28629032258064518457 0.28629032258064518457 0.28225806451612905912 0.27419354838709675271 0.28629032258064518457 0.28629032258064518457 0.28225806451612905912 0.29435483870967743547 0.31451612903225806273 0.35080645161290324729 0.30645161290322581182 0.31048387096774193727 0.38709677419354837635 0.44354838709677418818 0.34274193548387094088 0.48790322580645162365 0.47580645161290324729 0.47580645161290324729 0.48790322580645162365 0.49596774193548387455 0.49596774193548387455 0.49596774193548387455 0.53225806451612900361 0.53225806451612900361 0.52822580645161287816 0.48790322580645162365 0.48790322580645162365 0.48790322580645162365 0.48790322580645162365 0.47983870967741937275 0.45161290322580643908 0.41532258064516131002 0.39919354838709675271 0.3830645161290322509 0.35080645161290324729
0.23790322580645162365 0.28629032258064518457 0.36290322580645162365 0.34274193548387094088 0.31048387096774193727 0.28629032258064518457 0.28629032258064518457 0.3911290322580645018 0.27822580645161287816 0.29435483870967743547 0.37096774193548387455 0.36290322580645162365 0.29838709677419356092 0.31048387096774193727 0.29435483870967743547 0.36290322580645162365 0.31048387096774193727 0.35483870967741937275 0.375 0.35080645161290324729 0.47983870967741937275 0.31451612903225806273 0.48790322580645162365 0.49596774193548387455 0.52016129032258062725 0.47177419354838712184 0.53629032258064512906 0.56854838709677424369 0.55645161290322575631 0.59677419354838712184 0.55645161290322575631 0.4919354838709677491 0.53225806451612900361 0.53225806451612900361 0.53629032258064512906 0.52822580645161287816 0.50403225806451612545 0.53225806451612900361 0.49596774193548387455 0.48790322580645162365 0.48790322580645162365 0.47580645161290324729 0.43951612903225806273 0.43145161290322581182 0.3911290322580645018 0.35483870967741937275
0.31451612903225806273 0.28629032258064518457 0.34274193548387094088 0.28629032258064518457 0.28629032258064518457 0.27419354838709675271 0.28629032258064518457 0.31048387096774193727 0.3669354838709677491 0.43548387096774193727 0.36290322580645162365 0.3911290322580645018 0.47177419354838712184 0.39919354838709675271 0.45967741935483868998 0.38709677419354837635 0.39516129032258062725 0.4838709677419354982 0.42741935483870968637 0.52016129032258062725 0.32258064516129031363 0.59677419354838712184 0.39919354838709675271 0.47580645161290324729 0.52016129032258062725 0.56854838709677424369 0.58064516129032262004 0.59677419354838712184 0.57258064516129036914 0.49596774193548387455 0.61290322580645162365 0.58870967741935487094 0.62096774193548387455 0.6330645161290322509 0.62096774193548387455 0.62903225806451612545 0.65322580645161287816 0.66935483870967737996 0.69354838709677424369 0.62096774193548387455 0.6088709677419354982 0.49596774193548387455 0.47177419354838712184 0.43145161290322581182 0.39919354838709675271 0.3911290322580645018
0.35080645161290324729 0.35080645161290324729 0.31048387096774193727 0.35483870967741937275 0.32258064516129031363 0.36290322580645162365 0.37903225806451612545 0.3911290322580645018 0.35483870967741937275 0.35080645161290324729 0.36290322580645162365 0.37903225806451612545 0.47580645161290324729 0.48790322580645162365 0.49596774193548387455 0.45161290322580643908 0.3669354838709677491 0.49596774193548387455 0.52822580645161287816 0.56451612903225811824 0.375 0.49596774193548387455 0.39516129032258062725 0.59677419354838712184 0.60080645161290324729 0.61290322580645162365 0.60483870967741937275 0.62096774193548387455 0.6088709677419354982 0.64919354838709675271 0.625 0.65322580645161287816 0.6330645161290322509 0.6330645161290322509 0.70161290322580649459 0.69758064516129036914 0.69354838709677424369 0.71370967741935487094 0.67741935483870963086 0.68145161290322575631 0.69758064516129036914 0.52822580645161287816 0.45967741935483868998 0.62096774193548387455 0.6169354838709677491 0.6330645161290322509
