Example/niche_identity/models/ENFA/chlorocyanus_0.asc
ncols        743
nrows        319
xllcorner    -74.500956448335
yllcorner    17.448920549066
cellsize     0.008333333333
NODATA_value  -9999
[rows 100 to 119 of 319, columns 368 to 413 of 743]
0.16666666666666665741 0.41056910569105692366 0.4674796747967479571 0.44308943089430896656 0.42276422764227644668 0.52845528455284551672 0.45934959349593496025 0.47154471544715448328 0.52032520325203257539 0.5 0.24796747967479673691 0.34146341463414636719 0.41056910569105692366 0.47154471544715448328 0.6300813008130081716 0.52845528455284551672 0.47154471544715448328 0.4512195121951219634 0.3861788617886178776 0.23983739837398374006 0.31300813008130079496 0.31707317073170732113 0.44308943089430896656 0.36991869918699188391 0.24796747967479673691 0.036585365853658534385 0.024390243902439025236 0.016260162601626017981 0.016260162601626017981 0.016260162601626017981 0.12195121951219511924 0.23170731707317074322 0.30081300813008132744 0.27642276422764228139 0.23577235772357724164 0.15040650406504066372 0.097560975609756100946 0.12195121951219511924 0.21138211382113822334 0.15040650406504066372 0.040650406504065039748 0.11382113821138210852 0.15853658536585366057 0.20325203252032519874 0.19512195121951220189 0.21951219512195122019
0.11382113821138210852 0.26422764227642275836 0.5650406504065040858 0.55284552845528456277 0.52032520325203257539 0.51219512195121952303 0.55284552845528456277 0.53252032520325198739 0.57317073170731702714 0.5 0.36178861788617888706 0.45528455284552843407 0.50406504065040647067 0.58536585365853655016 0.4674796747967479571 0.47154471544715448328 0.37398373983739835458 0.31707317073170732113 0.19105691056910570347 0.41056910569105692366 0.32520325203252031798 0.4512195121951219634 0.31300813008130079496 0.37804878048780488076 0.26016260162601628769 0.11382113821138210852 0.020325203252032519874 0 0.016260162601626017981 0.032520325203252035962 0.097560975609756100946 0.11788617886178862082 0.12195121951219511924 0.27235772357723575521 0.24796747967479673691 0.032520325203252035962 0.11382113821138210852 0.14634146341463413754 0.089430894308943090221 0.048780487804878050473 0.056910569105691054259 0.020325203252032519874 0.024390243902439025236 0.11382113821138210852 0.16666666666666665741 0.22764227642276421704
0.081300813008130079496 0.25609756097560976151 0.24796747967479673691 0.34146341463414636719 0.41056910569105692366 0.50406504065040647067 0.47154471544715448328 0.52032520325203257539 0.5650406504065040858 0.45528455284552843407 0.36991869918699188391 0.30081300813008132744 0.41056910569105692366 0.52845528455284551672 0.45528455284552843407 0.4512195121951219634 0.31707317073170732113 0.22764227642276421704 0.17479674796747968202 0.31300813008130079496 0.21951219512195122019 0.40650406504065039748 0.23577235772357724164 0.19105691056910570347 0.22764227642276421704 0.16666666666666665741 0.036585365853658534385 0.0081300813008130089904 0.012195121951219512618 0.0081300813008130089904 0.016260162601626017981 0.036585365853658534385 0.19105691056910570347 0.37804878048780488076 0.11788617886178862082 0.093495934959349588644 0.036585365853658534385 0.11382113821138210852 0.11382113821138210852 0.07317073170731706877 0.016260162601626017981 0.077235772357723581072 0.093495934959349588644 0.11382113821138210852 0.21951219512195122019 0.093495934959349588644
0.032520325203252035962 0.056910569105691054259 0.11788617886178862082 0.14227642276422763912 0.35772357723577236088 0.47154471544715448328 0.4512195121951219634 0.34146341463414636719 0.47154471544715448328 0.55284552845528456277 0.29268292682926827508 0.45528455284552843407 0.53658536585365856908 0.58536585365853655016 0.37804878048780488076 0.39024390243902440378 0.31300813008130079496 0.20731707317073169716 0.19105691056910570347 0.31300813008130079496 0.19105691056910570347 0.30081300813008132744 0.36178861788617888706 0.36178861788617888706 0.15447154471544716214 0.056910569105691054259 0.016260162601626017981 0.0081300813008130089904 0.020325203252032519874 0.048780487804878050473 0.11382113821138210852 0.19105691056910570347 0.23983739837398374006 0.30081300813008132744 0.23983739837398374006 0.07317073170731706877 0.016260162601626017981 0.016260162601626017981 0.069105691056910570347 0.016260162601626017981 0.032520325203252035962 0.097560975609756100946 0.11382113821138210852 0.16260162601626015899 0.11382113821138210852 0.17073170731707318359
0.07317073170731706877 0.040650406504065039748 0.032520325203252035962 0.19512195121951220189 0.27642276422764228139 0.31707317073170732113 0.24796747967479673691 0.22764227642276421704 0.40650406504065039748 0.31707317073170732113 0.23577235772357724164 0.3861788617886178776 0.50406504065040647067 0.42276422764227644668 0.50406504065040647067 0.26422764227642275836 0.22764227642276421704 0.17479674796747968202 0.22764227642276421704 0.26016260162601628769 0.12195121951219511924 0.18292682926829267887 0.22764227642276421704 0.28861788617886180441 0.15040650406504066372 0.11382113821138210852 0.11382113821138210852 0.016260162601626017981 0.012195121951219512618 0.016260162601626017981 0.020325203252032519874 0.085365853658536591797 0.19105691056910570347 0.13821138211382114069 0.31707317073170732113 0.15853658536585366057 0.024390243902439025236 0 0.012195121951219512618 0.0081300813008130089904 0.016260162601626017981 0.036585365853658534385 0.12195121951219511924 0.11382113821138210852 0.036585365853658534385 0.16666666666666665741
0.25609756097560976151 0.15040650406504066372 0.081300813008130079496 0.11382113821138210852 0.17479674796747968202 0.15040650406504066372 0.11382113821138210852 0.19105691056910570347 0.45934959349593496025 0.24796747967479673691 0.12195121951219511924 0.4186991869918699205 0.44308943089430896656 0.53252032520325198739 0.26422764227642275836 0.23577235772357724164 0.11382113821138210852 0.11382113821138210852 0.13821138211382114069 0.19105691056910570347 0.097560975609756100946 0.16666666666666665741 0.093495934959349588644 0.19918699186991870032 0.21138211382113822334 0.16666666666666665741 0.097560975609756100946 0.012195121951219512618 0 0 0.012195121951219512618 0.020325203252032519874 0.16260162601626015899 0.032520325203252035962 0.22764227642276421704 0.097560975609756100946 0.016260162601626017981 0.0081300813008130089904 0 0.016260162601626017981 0.036585365853658534385 0.11788617886178862082 0.16260162601626015899 0.11382113821138210852 0.056910569105691054259 0.036585365853658534385
0.26422764227642275836 0.22764227642276421704 0.12195121951219511924 0.036585365853658534385 0.036585365853658534385 0.024390243902439025236 0.10569105691056911167 0.24796747967479673691 0.41056910569105692366 0.12195121951219511924 0.22764227642276421704 0.41056910569105692366 0.31300813008130079496 0.26422764227642275836 0.3861788617886178776 0.24796747967479673691 0.12601626016260161767 0.048780487804878050473 0.10569105691056911167 0.11382113821138210852 0.097560975609756100946 0.07317073170731706877 0.060975609756097559622 0.048780487804878050473 0.17479674796747968202 0.048780487804878050473 0.016260162601626017981 0.0081300813008130089904 0 0.0081300813008130089904 0.0081300813008130089904 0.024390243902439025236 0.056910569105691054259 0.016260162601626017981 0.097560975609756100946 0.15040650406504066372 0.020325203252032519874 0.0081300813008130089904 0.0081300813008130089904 0.032520325203252035962 0.093495934959349588644 0.077235772357723581072 0.097560975609756100946 0.032520325203252035962 0.0081300813008130089904 0.040650406504065039748
0.15040650406504066372 0.15040650406504066372 0.12195121951219511924 0.23577235772357724164 0.19105691056910570347 0.16260162601626015899 0.04471544715447154511 0.093495934959349588644 0.17479674796747968202 0.12195121951219511924 0.31707317073170732113 0.26016260162601628769 0.11382113821138210852 0.15853658536585366057 0.30487804878048779811 0.4512195121951219634 0.15447154471544716214 0.11788617886178862082 0.040650406504065039748 0.085365853658536591797 0.069105691056910570347 0.032520325203252035962 0.016260162601626017981 0.056910569105691054259 0.15040650406504066372 0.081300813008130079496 0.020325203252032519874 0 0.0081300813008130089904 0.0081300813008130089904 0.016260162601626017981 0.036585365853658534385 0.048780487804878050473 0.048780487804878050473 0.14227642276422763912 0.097560975609756100946 0.036585365853658534385 0 0.016260162601626017981 0.036585365853658534385 0.020325203252032519874 0.036585365853658534385 0.097560975609756100946 0.016260162601626017981 0.012195121951219512618 0.012195121951219512618
0.012195121951219512618 0.081300813008130079496 0.15447154471544716214 0.30487804878048779811 0.22764227642276421704 0.15040650406504066372 0.15040650406504066372 0.097560975609756100946 0.020325203252032519874 0.07317073170731706877 0.11382113821138210852 0.040650406504065039748 0.020325203252032519874 0.032520325203252035962 0.11788617886178862082 0.35772357723577236088 0.28048780487804880757 0.16666666666666665741 0.077235772357723581072 0.020325203252032519874 0.0081300813008130089904 0.020325203252032519874 0.0081300813008130089904 0.032520325203252035962 0.097560975609756100946 0.10162601626016259937 0.016260162601626017981 0.0081300813008130089904 0 0 0.016260162601626017981 0.048780487804878050473 0.016260162601626017981 0.016260162601626017981 0.040650406504065039748 0.12195121951219511924 0.0081300813008130089904 0 0.016260162601626017981 0.0081300813008130089904 0.016260162601626017981 0.081300813008130079496 0.016260162601626017981 0.016260162601626017981 0 0
0.11382113821138210852 0.19105691056910570347 0.11382113821138210852 0.29268292682926827508 0.30081300813008132744 0.23170731707317074322 0.23577235772357724164 0.12195121951219511924 0.020325203252032519874 0.020325203252032519874 0.024390243902439025236 0.016260162601626017981 0.036585365853658534385 0.11788617886178862082 0.11382113821138210852 0.16666666666666665741 0.23577235772357724164 0.25609756097560976151 0.19105691056910570347 0.097560975609756100946 0.032520325203252035962 0.0040650406504065044952 0.0081300813008130089904 0.016260162601626017981 0.032520325203252035962 0.020325203252032519874 0.020325203252032519874 0 0 0.0081300813008130089904 0.016260162601626017981 0.016260162601626017981 0 0 0.032520325203252035962 0.11382113821138210852 0.012195121951219512618 0 0 0 0 0.036585365853658534385 0.024390243902439025236 0.016260162601626017981 0 0
0.36991869918699188391 0.4674796747967479571 0.21951219512195122019 0.17479674796747968202 0.34959349593495936404 0.31707317073170732113 0.19512195121951220189 0.048780487804878050473 0.020325203252032519874 0.032520325203252035962 0.016260162601626017981 0.016260162601626017981 0.016260162601626017981 0.020325203252032519874 0.048780487804878050473 0.097560975609756100946 0.12195121951219511924 0.097560975609756100946 0.07317073170731706877 0.097560975609756100946 0.036585365853658534385 0.016260162601626017981 0.0081300813008130089904 0.020325203252032519874 0.0081300813008130089904 0.012195121951219512618 0 0 0 0.0081300813008130089904 0.0081300813008130089904 0.012195121951219512618 0 0.0081300813008130089904 0.020325203252032519874 0.032520325203252035962 0.016260162601626017981 0 0 0 0.0081300813008130089904 0 0.020325203252032519874 0 0 0
0.70731707317073166941 0.32113821138211384731 0.26016260162601628769 0.23983739837398374006 0.4512195121951219634 0.19918699186991870032 0.048780487804878050473 0.016260162601626017981 0.077235772357723581072 0.0081300813008130089904 0 0 0 0 0 0.0081300813008130089904 0.036585365853658534385 0.020325203252032519874 0.020325203252032519874 0.032520325203252035962 0.0081300813008130089904 0 0 0 0 0 0 0 0 0 0 0.0081300813008130089904 0 0.016260162601626017981 0.016260162601626017981 0.016260162601626017981 0.012195121951219512618 0 0 0 0 0 0.0081300813008130089904 0 0 0
0.5813008130081300795 0.5 0.50406504065040647067 0.46341463414634148643 0.30487804878048779811 0.16666666666666665741 0.036585365853658534385 0.11788617886178862082 0.048780487804878050473 0.036585365853658534385 0.012195121951219512618 0.0081300813008130089904 0.0081300813008130089904 0 0 0.0081300813008130089904 0.016260162601626017981 0.020325203252032519874 0.016260162601626017981 0.0081300813008130089904 0 0 0 0 0 0 0 0 0 0 0 0 0 0 0.0081300813008130089904 0 0 0 0 0 0 0 0 0 0 0
0.23577235772357724164 0.22764227642276421704 0.40650406504065039748 0.39024390243902440378 0.26422764227642275836 0.12195121951219511924 0.056910569105691054259 0.15040650406504066372 0.056910569105691054259 0.036585365853658534385 0 0.012195121951219512618 0.020325203252032519874 0.016260162601626017981 0.0081300813008130089904 0.016260162601626017981 0.032520325203252035962 0.048780487804878050473 0.020325203252032519874 0.016260162601626017981 0 0 0.0081300813008130089904 0.012195121951219512618 0.0081300813008130089904 0 0 0 0 0 0 0 0 0 0 0 0 0 0 0 0 0 0 0 0 0
0.23577235772357724164 0.11382113821138210852 0.26016260162601628769 0.31707317073170732113 0.11382113821138210852 0.093495934959349588644 0.12195121951219511924 0.12195121951219511924 0.036585365853658534385 0.0081300813008130089904 0.0081300813008130089904 0.0081300813008130089904 0.020325203252032519874 0.032520325203252035962 0.012195121951219512618 0.016260162601626017981 0.10975609756097561009 0.040650406504065039748 0.020325203252032519874 0.016260162601626017981 0.0081300813008130089904 0.0081300813008130089904 0.012195121951219512618 0.016260162601626017981 0.0081300813008130089904 0 0 0 0 0 0 0 0 0 0 0 0 0 0 0 0 0 0 0 0 0
0.036585365853658534385 0.19512195121951220189 0.30487804878048779811 0.26016260162601628769 0.17479674796747968202 0.17479674796747968202 0.040650406504065039748 0.093495934959349588644 0.15040650406504066372 0.032520325203252035962 0 0.0081300813008130089904 0.020325203252032519874 0.093495934959349588644 0.032520325203252035962 0.024390243902439025236 0.040650406504065039748 0.10569105691056911167 0.036585365853658534385 0.020325203252032519874 0.024390243902439025236 0.024390243902439025236 0.020325203252032519874 0.012195121951219512618 0.0081300813008130089904 0 0 0 0 0 0 0 0 0 0 0 0 0 0 0.0081300813008130089904 0.012195121951219512618 0.012195121951219512618 0.016260162601626017981 0 0 0
0.032520325203252035962 0.11788617886178862082 0.30487804878048779811 0.32520325203252031798 0.34146341463414636719 0.20731707317073169716 0.089430894308943090221 0.016260162601626017981 0.04471544715447154511 0.020325203252032519874 0 0.016260162601626017981 0.032520325203252035962 0.097560975609756100946 0.040650406504065039748 0.020325203252032519874 0.048780487804878050473 0.11382113821138210852 0.097560975609756100946 0.10162601626016259937 0.081300813008130079496 0.04471544715447154511 0.032520325203252035962 0.032520325203252035962 0.016260162601626017981 0.016260162601626017981 0.012195121951219512618 0.0081300813008130089904 0 0 0 0 0 0 0 0 0 0 0 0 0 0 0.0081300813008130089904 0.032520325203252035962 0.020325203252032519874 0.016260162601626017981
0.020325203252032519874 0.020325203252032519874 0.16260162601626015899 0.29268292682926827508 0.22357723577235771861 0.11382113821138210852 0.016260162601626017981 0.020325203252032519874 0.048780487804878050473 0.032520325203252035962 0.016260162601626017981 0 0.016260162601626017981 0.032520325203252035962 0.13008130081300814385 0.16666666666666665741 0.15040650406504066372 0.17479674796747968202 0.093495934959349588644 0.032520325203252035962 0.016260162601626017981 0.012195121951219512618 0.020325203252032519874 0.020325203252032519874 0.016260162601626017981 0.012195121951219512618 0.012195121951219512618 0.012195121951219512618 0.0081300813008130089904 0 0 0 0 0 0 0 0 0 0 0 0 0 0 0.0081300813008130089904 0.016260162601626017981 0.016260162601626017981
0.020325203252032519874 0.036585365853658534385 0.036585365853658534385 0.11788617886178862082 0.07317073170731706877 0.012195121951219512618 0.016260162601626017981 0.016260162601626017981 0.036585365853658534385 0.0081300813008130089904 0.0081300813008130089904 0.016260162601626017981 0.020325203252032519874 0.056910569105691054259 0.069105691056910570347 0.077235772357723581072 0.16260162601626015899 0.12195121951219511924 0.093495934959349588644 0.0081300813008130089904 0.0081300813008130089904 0 0.0081300813008130089904 0.016260162601626017981 0.0081300813008130089904 0 0 0.0081300813008130089904 0.0081300813008130089904 0.0081300813008130089904 0 0 0 0 0 0 0 0 0 0 0 0 0.012195121951219512618 0.0081300813008130089904 0.0081300813008130089904 0.012195121951219512618
0.11382113821138210852 0.032520325203252035962 0.040650406504065039748 0.032520325203252035962 0.012195121951219512618 0.032520325203252035962 0.020325203252032519874 0.0081300813008130089904 0.012195121951219512618 0.0081300813008130089904 0.0081300813008130089904 0.016260162601626017981 0.024390243902439025236 0.024390243902439025236 0.040650406504065039748 0.15040650406504066372 0.17073170731707318359 0.069105691056910570347 0.016260162601626017981 0.0081300813008130089904 0 0 0 0 0 0 0 0.0081300813008130089904 0 0 0 0 0 0 0 0 0 0 0 0 0 0 0.0081300813008130089904 0 0 0
