Example/niche_identity/models/ENFA/chlorocyanus.asc
ncols        743
nrows        319
xllcorner    -74.500956448335
yllcorner    17.448920549066
cellsize     0.008333333333
NODATA_value  -9999
[rows 200 to 219 of 319, columns 92 to 137 of 743]
0.08764940239043825243 0.083665338645418321772 0.095617529880478085991 0.095617529880478085991 0.26693227091633464632 0.60956175298804782248 0.19123505976095617198 0.15139442231075697642 0.11553784860557768377 0.1553784860557768932 0.13545816733067728155 0.11553784860557768377 0.19920318725099600554 0.29083665338645420251 0.24701195219123506241 0.18326693227091633842 0.32669322709163345353 0.29482071713147411929 0.24701195219123506241 0.28286852589641436895 0.36653386454183267684 0.40637450199203190015 0.53386454183266929263 0.31872509960159361997 0.49402390438247012483 0.53386454183266929263 0.53784860557768920941 0.5856573705179283218 0.58964143426294823858 0.66932270916334657418 0.74501992031872510402 0.83266932270916338421 0.80079681274900393895 0.81673306772908371709 0.81673306772908371709 0.88047808764940238557 0.95219123505976099864 0.95617529880478091542 0.95219123505976099864 0.96414342629482074898 1 0.99203187250996016644 1 0.99203187250996016644 1 0.9800796812749004161
0.059760956175298807214 0.075697211155378488212 0.11553784860557768377 0.13545816733067728155 0.08764940239043825243 0.1553784860557768932 0.18326693227091633842 0.095617529880478085991 0.16733067729083664354 0.059760956175298807214 0.14342629482071714286 0.24302788844621514563 0.19123505976095617198 0.19123505976095617198 0.19521912350597608876 0.29482071713147411929 0.24701195219123506241 0.30677290836653386963 0.26693227091633464632 0.26693227091633464632 0.26294820717131472954 0.28685258964143428573 0.28685258964143428573 0.46613545816733065186 0.52988047808764937585 0.54980079681274895975 0.59362549800796815536 0.6454183266932270735 0.65338645418326690706 0.76095617529880477115 0.81673306772908371709 0.81673306772908371709 0.83665338645418330099 0.80478087649402385573 0.84860557768924305133 0.86454183266932271845 0.81673306772908371709 0.80079681274900393895 0.93227091633466130371 0.86454183266932271845 0.91235059760956171981 0.9800796812749004161 0.99203187250996016644 0.96414342629482074898 0.96414342629482074898 1
0.08764940239043825243 0.08764940239043825243 0.075697211155378488212 0.071713147410358571432 0.095617529880478085991 0.11553784860557768377 0.075697211155378488212 0.059760956175298807214 0.075697211155378488212 0.095617529880478085991 0.22709163346613545076 0.16334661354581672676 0.15936254980079680998 0.19920318725099600554 0.26693227091633464632 0.19920318725099600554 0.24302788844621514563 0.1872509960159362552 0.2509960159362549792 0.31474103585657370319 0.27888446215139439666 0.33864541832669320387 0.35856573705179284328 0.40239043824701192786 0.48605577689243029127 0.66135458167330674062 0.66135458167330674062 0.64143426294820715672 0.65338645418326690706 0.66932270916334657418 0.73705179282868527046 0.82470119521912355065 0.86055776892430280167 0.85657370517928288489 0.88047808764940238557 0.86055776892430280167 0.82071713147410363387 0.88047808764940238557 0.9362549800796812205 0.83665338645418330099 0.84462151394422313455 0.91235059760956171981 0.9362549800796812205 0.88047808764940238557 0.91235059760956171981 0.83266932270916338421
0.059760956175298807214 0.059760956175298807214 0.039840637450199202496 0.095617529880478085991 0.075697211155378488212 0.16733067729083664354 0.055776892430278883495 0.063745019920318723994 0.055776892430278883495 0.055776892430278883495 0.08764940239043825243 0.1553784860557768932 0.15139442231075697642 0.16733067729083664354 0.13545816733067728155 0.1872509960159362552 0.16733067729083664354 0.16733067729083664354 0.1872509960159362552 0.15139442231075697642 0.19920318725099600554 0.28685258964143428573 0.26294820717131472954 0.32270916334661353675 0.42629482071713148406 0.49402390438247012483 0.6254980079681274896 0.6454183266932270735 0.67330677290836649096 0.78486055776892427183 0.86454183266932271845 0.81673306772908371709 0.86454183266932271845 0.86852589641434263523 0.86055776892430280167 0.64143426294820715672 0.86454183266932271845 0.94422310756972116508 0.95219123505976099864 0.96414342629482074898 0.91633466135458163659 0.84860557768924305133 0.83266932270916338421 0.91235059760956171981 0.99203187250996016644 0.97609561752988049932
0.051792828685258966714 0.039840637450199202496 0.039840637450199202496 0.039840637450199202496 0.059760956175298807214 0.075697211155378488212 0.095617529880478085991 0.075697211155378488212 0.075697211155378488212 0.059760956175298807214 0.19123505976095617198 0.11952191235059761443 0.095617529880478085991 0.12350597609561753121 0.095617529880478085991 0.13545816733067728155 0.13944223107569719833 0.11553784860557768377 0.13944223107569719833 0.19123505976095617198 0.15139442231075697642 0.15139442231075697642 0.19123505976095617198 0.24701195219123506241 0.34661354581673309294 0.39840637450199201108 0.52988047808764937585 0.48207171314741037449 0.77290836653386452149 0.81673306772908371709 0.78884462151394418861 0.91235059760956171981 0.86454183266932271845 0.87649402390438246879 0.84860557768924305133 0.59760956175298807214 0.53386454183266929263 0.96414342629482074898 0.86454183266932271845 0.96414342629482074898 0.96414342629482074898 0.91235059760956171981 0.96414342629482074898 0.99203187250996016644 0.96414342629482074898 0.91235059760956171981
0.13545816733067728155 0.059760956175298807214 0.16733067729083664354 0.027888446215139441747 0.059760956175298807214 0.059760956175298807214 0.1553784860557768932 0.095617529880478085991 0.1872509960159362552 0.10358565737051793343 0.10358565737051793343 0.19123505976095617198 0.13545816733067728155 0.12350597609561753121 0.19123505976095617198 0.12350597609561753121 0.22310756972111553398 0.22709163346613545076 0.1553784860557768932 0.19123505976095617198 0.13944223107569719833 0.14342629482071714286 0.19920318725099600554 0.19123505976095617198 0.29482071713147411929 0.34661354581673309294 0.32270916334661353675 0.57370517928286857146 0.66135458167330674062 0.65737051792828682384 0.66135458167330674062 0.80079681274900393895 0.83665338645418330099 0.92031872509960155337 0.88446215139442230235 0.86454183266932271845 0.88047808764940238557 0.92430278884462147015 0.96414342629482074898 0.91235059760956171981 0.88446215139442230235 0.9402390438247012483 0.9362549800796812205 0.91235059760956171981 0.88047808764940238557 0.90039840637450196947
0.051792828685258966714 0.059760956175298807214 0.11553784860557768377 0.047808764940239042995 0.08764940239043825243 0.10358565737051793343 0.075697211155378488212 0.099601593625498002771 0.095617529880478085991 0.12350597609561753121 0.31474103585657370319 0.15936254980079680998 0.11553784860557768377 0.12749003984063744799 0.1553784860557768932 0.16733067729083664354 0.10358565737051793343 0.15139442231075697642 0.11553784860557768377 0.095617529880478085991 0.11553784860557768377 0.15139442231075697642 0.19123505976095617198 0.18326693227091633842 0.22310756972111553398 0.34262948207171312065 0.3545816733067729265 0.39840637450199201108 0.49402390438247012483 0.58964143426294823858 0.66932270916334657418 0.80079681274900393895 0.79282868525896410539 0.91235059760956171981 0.88446215139442230235 0.92430278884462147015 0.92430278884462147015 0.96414342629482074898 0.96414342629482074898 0.9800796812749004161 0.91235059760956171981 0.88047808764940238557 0.96414342629482074898 0.88844621513944221913 0.86454183266932271845 0.83266932270916338421
0.019920318725099601248 0.039840637450199202496 0.051792828685258966714 0.075697211155378488212 0.059760956175298807214 0.075697211155378488212 0.075697211155378488212 0.067729083665338640774 0.075697211155378488212 0.31872509960159361997 0.29482071713147411929 0.53386454183266929263 0.22709163346613545076 0.19123505976095617198 0.13944223107569719833 0.1553784860557768932 0.11952191235059761443 0.13545816733067728155 0.12350597609561753121 0.12350597609561753121 0.095617529880478085991 0.10358565737051793343 0.10358565737051793343 0.10358565737051793343 0.24302788844621514563 0.26693227091633464632 0.35059760956175300972 0.51792828685258962551 0.48605577689243029127 0.63346613545816732316 0.59760956175298807214 0.66932270916334657418 0.77689243027888443827 0.81673306772908371709 0.88047808764940238557 0.88446215139442230235 0.89243027888446213591 0.91235059760956171981 0.91235059760956171981 0.9362549800796812205 0.9800796812749004161 0.88844621513944221913 0.91235059760956171981 0.86454183266932271845 0.81673306772908371709 0.86454183266932271845
0.011952191235059760749 0.043824701195219126215 0.043824701195219126215 0.039840637450199202496 0.059760956175298807214 0.059760956175298807214 0.075697211155378488212 0.36254980079681276006 0.5856573705179283218 0.48605577689243029127 0.5856573705179283218 0.5856573705179283218 0.57768924302788848824 0.31872509960159361997 0.24302788844621514563 0.2191235059760956172 0.1872509960159362552 0.2191235059760956172 0.16733067729083664354 0.16334661354581672676 0.17529880478087650486 0.1553784860557768932 0.1553784860557768932 0.13545816733067728155 0.1553784860557768932 0.19123505976095617198 0.31872509960159361997 0.30677290836653386963 0.43426294820717131762 0.5856573705179283218 0.60159362549800798892 0.5856573705179283218 0.75697211155378485437 0.75697211155378485437 0.87250996015936255201 0.82868525896414346743 0.86454183266932271845 0.91235059760956171981 0.88047808764940238557 0.91235059760956171981 0.95219123505976099864 0.92430278884462147015 0.88446215139442230235 0.88446215139442230235 0.88047808764940238557 0.92430278884462147015
0.075697211155378488212 0.055776892430278883495 0.039840637450199202496 0.035856573705179285716 0.059760956175298807214 0.11553784860557768377 0.30677290836653386963 0.51792828685258962551 0.54980079681274895975 0.5856573705179283218 0.63745019920318723994 0.60956175298804782248 0.59760956175298807214 0.33864541832669320387 0.36254980079681276006 0.19521912350597608876 0.22709163346613545076 0.19123505976095617198 0.19123505976095617198 0.16733067729083664354 0.15139442231075697642 0.08764940239043825243 0.095617529880478085991 0.075697211155378488212 0.095617529880478085991 0.095617529880478085991 0.095617529880478085991 0.19123505976095617198 0.38247011952191234396 0.24701195219123506241 0.27888446215139439666 0.34262948207171312065 0.57370517928286857146 0.63745019920318723994 0.66135458167330674062 0.75697211155378485437 0.87649402390438246879 0.82470119521912355065 0.83665338645418330099 0.87250996015936255201 0.95219123505976099864 0.88047808764940238557 0.88047808764940238557 0.89243027888446213591 0.86454183266932271845 0.88047808764940238557
0.19123505976095617198 0.24302788844621514563 0.32669322709163345353 0.36653386454183267684 0.3944223107569720943 0.49003984063745020805 0.51792828685258962551 0.54980079681274895975 0.58964143426294823858 0.54980079681274895975 0.59760956175298807214 0.64143426294820715672 0.56175298804780871009 0.19123505976095617198 0.075697211155378488212 0.099601593625498002771 0.11952191235059761443 0.19123505976095617198 0.095617529880478085991 0.095617529880478085991 0.095617529880478085991 0.039840637450199202496 0.027888446215139441747 0.019920318725099601248 0.059760956175298807214 0.019920318725099601248 0.059760956175298807214 0.23505976095617531207 0.1872509960159362552 0.051792828685258966714 0.067729083665338640774 0.075697211155378488212 0.22709163346613545076 0.30677290836653386963 0.36254980079681276006 0.53784860557768920941 0.31872509960159361997 0.53386454183266929263 0.36653386454183267684 0.50597609561752987517 0.54183266932270912619 0.71713147410358568656 0.77290836653386452149 0.84860557768924305133 0.86454183266932271845 0.80876494023904377251
0.24701195219123506241 0.30677290836653386963 0.34661354581673309294 0.35059760956175300972 0.40239043824701192786 0.48207171314741037449 0.50597609561752987517 0.49003984063745020805 0.5856573705179283218 0.61752988047808765604 0.66932270916334657418 0.41035856573705181694 0.099601593625498002771 0.11952191235059761443 0.13545816733067728155 0.10358565737051793343 0.11553784860557768377 0.051792828685258966714 0.043824701195219126215 0.059760956175298807214 0.075697211155378488212 0.039840637450199202496 0.08764940239043825243 0.039840637450199202496 0.011952191235059760749 0.039840637450199202496 0.059760956175298807214 0.059760956175298807214 0.039840637450199202496 0.011952191235059760749 0.011952191235059760749 0.011952191235059760749 0.039840637450199202496 0.13545816733067728155 0.095617529880478085991 0.08764940239043825243 0.059760956175298807214 0.075697211155378488212 0.083665338645418321772 0.091633466135458169211 0.23505976095617531207 0.47011952191235062415 0.63745019920318723994 0.7290836653386454369 0.83266932270916338421 0.88047808764940238557
0.019920318725099601248 0.047808764940239042995 0.039840637450199202496 0.039840637450199202496 0.023904382470119521498 0.043824701195219126215 0.055776892430278883495 0.051792828685258966714 0.095617529880478085991 0.54980079681274895975 0.67330677290836649096 0.10358565737051793343 0.075697211155378488212 0.11553784860557768377 0.091633466135458169211 0.12350597609561753121 0.051792828685258966714 0.031872509960159361997 0.011952191235059760749 0.035856573705179285716 0.051792828685258966714 0.035856573705179285716 0.095617529880478085991 0.075697211155378488212 0.039840637450199202496 0.0039840637450199202496 0.0039840637450199202496 0.0039840637450199202496 0.0079681274900398404992 0.023904382470119521498 0.051792828685258966714 0.011952191235059760749 0.035856573705179285716 0.011952191235059760749 0.011952191235059760749 0.043824701195219126215 0.039840637450199202496 0.043824701195219126215 0.075697211155378488212 0.10358565737051793343 0.13545816733067728155 0.13545816733067728155 0.7290836653386454369 0.83266932270916338421 0.83266932270916338421 0.95219123505976099864
0.011952191235059760749 0.019920318725099601248 0.047808764940239042995 0.035856573705179285716 0.035856573705179285716 0.059760956175298807214 0.079681274900398404992 0.059760956175298807214 0.24701195219123506241 0.6454183266932270735 0.6653386454183266574 0.22310756972111553398 0.52988047808764937585 0.059760956175298807214 0.08764940239043825243 0.08764940239043825243 0.095617529880478085991 0.075697211155378488212 0.051792828685258966714 0.095617529880478085991 0.095617529880478085991 0.10358565737051793343 0.1553784860557768932 0.08764940239043825243 0.067729083665338640774 0.011952191235059760749 0.011952191235059760749 0.015936254980079680998 0.051792828685258966714 0.24701195219123506241 0.12749003984063744799 0.16733067729083664354 0.075697211155378488212 0.0079681274900398404992 0.019920318725099601248 0.091633466135458169211 0.26693227091633464632 0.19123505976095617198 0.15139442231075697642 0.41035856573705181694 0.31474103585657370319 0.37051792828685259362 0.66135458167330674062 0.88446215139442230235 0.86454183266932271845 0.91633466135458163659
0.027888446215139441747 0.059760956175298807214 0.051792828685258966714 0.08764940239043825243 0.091633466135458169211 0.13545816733067728155 0.19920318725099600554 0.26693227091633464632 0.36254980079681276006 0.64143426294820715672 0.64143426294820715672 0.48207171314741037449 0.38247011952191234396 0.083665338645418321772 0.075697211155378488212 0.095617529880478085991 0.095617529880478085991 0.10358565737051793343 0.10358565737051793343 0.11553784860557768377 0.42629482071713148406 0.1872509960159362552 0.19920318725099600554 0.059760956175298807214 0.031872509960159361997 0.019920318725099601248 0.027888446215139441747 0.091633466135458169211 0.15936254980079680998 0.53386454183266929263 0.43426294820717131762 0.34661354581673309294 0.16733067729083664354 0.059760956175298807214 0.075697211155378488212 0.30677290836653386963 0.67729083665338640774 0.59760956175298807214 0.31872509960159361997 0.6454183266932270735 0.77689243027888443827 0.83266932270916338421 0.9362549800796812205 0.84860557768924305133 0.94820717131474108186 0.86454183266932271845
0.071713147410358571432 0.075697211155378488212 0.063745019920318723994 0.075697211155378488212 0.11952191235059761443 0.24302788844621514563 0.2509960159362549792 0.57370517928286857146 0.61752988047808765604 0.62948207171314740638 0.53784860557768920941 0.24302788844621514563 0.11952191235059761443 0.24701195219123506241 0.22310756972111553398 0.091633466135458169211 0.079681274900398404992 0.08764940239043825243 0.13944223107569719833 0.31872509960159361997 0.54980079681274895975 0.13944223107569719833 0.095617529880478085991 0.11553784860557768377 0.08764940239043825243 0.059760956175298807214 0.051792828685258966714 0.16733067729083664354 0.36254980079681276006 0.43426294820717131762 0.57370517928286857146 0.16733067729083664354 0.075697211155378488212 0.051792828685258966714 0.28685258964143428573 0.59760956175298807214 0.60956175298804782248 0.75697211155378485437 0.86454183266932271845 0.86454183266932271845 0.93227091633466130371 0.86454183266932271845 0.92430278884462147015 0.92031872509960155337 0.81673306772908371709 0.91235059760956171981
0.027888446215139441747 0.075697211155378488212 0.095617529880478085991 0.16733067729083664354 0.19123505976095617198 0.35059760956175300972 0.40239043824701192786 0.59760956175298807214 0.61752988047808765604 0.65737051792828682384 0.24302788844621514563 0.31872509960159361997 0.49402390438247012483 0.075697211155378488212 0.059760956175298807214 0.08764940239043825243 0.08764940239043825243 0.1553784860557768932 0.24701195219123506241 0.3944223107569720943 0.49003984063745020805 0.5856573705179283218 0.19123505976095617198 0.12350597609561753121 0.095617529880478085991 0.19123505976095617198 0.14342629482071714286 0.20717131474103586686 0.4382470119521912344 0.50597609561752987517 0.095617529880478085991 0.075697211155378488212 0.043824701195219126215 0.051792828685258966714 0.095617529880478085991 0.31474103585657370319 0.64143426294820715672 0.91235059760956171981 0.74501992031872510402 0.65737051792828682384 0.77689243027888443827 0.83266932270916338421 0.81673306772908371709 0.80876494023904377251 0.83266932270916338421 0.88047808764940238557
0.035856573705179285716 0.043824701195219126215 0.14342629482071714286 0.24701195219123506241 0.19521912350597608876 0.27888446215139439666 0.42629482071713148406 0.5856573705179283218 0.6254980079681274896 0.66135458167330674062 0.24701195219123506241 0.16334661354581672676 0.54980079681274895975 0.18326693227091633842 0.08764940239043825243 0.059760956175298807214 0.075697211155378488212 0.095617529880478085991 0.33864541832669320387 0.19123505976095617198 0.5856573705179283218 0.54980079681274895975 0.65737051792828682384 0.63346613545816732316 0.63745019920318723994 0.47011952191235062415 0.54980079681274895975 0.4382470119521912344 0.77689243027888443827 0.31872509960159361997 0.19920318725099600554 0.075697211155378488212 0.059760956175298807214 0.08764940239043825243 0.16733067729083664354 0.45418326693227090152 0.68127490039840632452 0.68127490039840632452 0.77290836653386452149 0.77689243027888443827 0.77290836653386452149 0.82470119521912355065 0.77689243027888443827 0.88047808764940238557 0.81673306772908371709 0.84462151394422313455
0.039840637450199202496 0.039840637450199202496 0.059760956175298807214 0.31075697211155378641 0.27888446215139439666 0.29880478087649403607 0.32669322709163345353 0.59760956175298807214 0.59760956175298807214 0.64143426294820715672 0.31474103585657370319 0.64143426294820715672 0.66135458167330674062 0.54980079681274895975 0.24302788844621514563 0.1872509960159362552 0.095617529880478085991 0.13545816733067728155 0.39840637450199201108 0.50597609561752987517 0.54980079681274895975 0.32669322709163345353 0.19123505976095617198 0.1872509960159362552 0.31872509960159361997 0.6454183266932270735 0.48605577689243029127 0.24302788844621514563 0.24302788844621514563 0.14342629482071714286 0.08764940239043825243 0.16334661354581672676 0.22709163346613545076 0.14342629482071714286 0.1872509960159362552 0.29083665338645420251 0.74501992031872510402 0.92828685258964138693 0.89243027888446213591 0.82071713147410363387 0.80079681274900393895 0.83266932270916338421 0.77689243027888443827 0.82868525896414346743 0.85258964143426296811 0.88446215139442230235
0.019920318725099601248 0.059760956175298807214 0.055776892430278883495 0.34661354581673309294 0.29083665338645420251 0.44621513944223106796 0.56175298804780871009 0.5856573705179283218 0.5856573705179283218 0.64143426294820715672 0.65737051792828682384 0.6454183266932270735 0.35856573705179284328 0.19920318725099600554 0.5856573705179283218 0.61752988047808765604 0.19123505976095617198 0.53386454183266929263 0.57370517928286857146 0.13545816733067728155 0.095617529880478085991 0.10358565737051793343 0.075697211155378488212 0.11952191235059761443 0.24701195219123506241 0.66135458167330674062 0.2191235059760956172 0.19123505976095617198 0.24302788844621514563 0.1872509960159362552 0.24701195219123506241 0.1553784860557768932 0.3545816733067729265 0.50597609561752987517 0.6892430278884462691 0.57370517928286857146 0.78087649402390435505 0.80478087649402385573 0.74501992031872510402 0.81673306772908371709 0.78486055776892427183 -9999 -9999 0.78486055776892427183 0.93227091633466130371 0.86454183266932271845
