Example/niche_identity/models/ENFA/chlorocyanus_1.asc
ncols        743
nrows        319
xllcorner    -74.500956448335
yllcorner    17.448920549066
cellsize     0.008333333333
NODATA_value  -9999
[rows 40 to 59 of 319, columns 138 to 183 of 743]
0.42741935483870968637 0.45564516129032256453 0.42741935483870968637 0.57661290322580649459 0.53225806451612900361 0.50403225806451612545 0.57258064516129036914 0.65322580645161287816 0.70967741935483874549 0.88709677419354837635 0.79435483870967737996 0.82258064516129036914 0.82258064516129036914 0.72177419354838712184 0.69758064516129036914 0.79838709677419350541 0.69758064516129036914 0.62903225806451612545 0.56451612903225811824 0.60483870967741937275 0.58064516129032262004 0.57661290322580649459 0.69354838709677424369 0.57661290322580649459 0.62903225806451612545 0.71370967741935487094 0.6169354838709677491 0.65725806451612900361 0.72177419354838712184 0.56048387096774188176 0.6330645161290322509 0.64516129032258062725 0.61290322580645162365 0.5 0.6330645161290322509 0.48790322580645162365 0.67741935483870963086 0.61290322580645162365 0.60483870967741937275 0.49596774193548387455 0.53225806451612900361 0.62096774193548387455 0.57661290322580649459 0.45161290322580643908 0.59677419354838712184 0.57258064516129036914
0.48790322580645162365 0.36290322580645162365 0.58064516129032262004 0.54838709677419350541 0.55645161290322575631 0.57661290322580649459 0.42741935483870968637 0.6169354838709677491 0.62096774193548387455 0.68145161290322575631 0.82258064516129036914 0.77419354838709675271 0.78225806451612900361 0.78225806451612900361 0.70967741935483874549 0.72580645161290324729 0.77419354838709675271 0.67741935483870963086 0.6411290322580645018 0.55645161290322575631 0.49596774193548387455 0.6330645161290322509 0.63709677419354837635 0.77016129032258062725 0.62096774193548387455 0.62096774193548387455 0.61290322580645162365 0.48790322580645162365 0.6088709677419354982 0.76209677419354837635 0.64516129032258062725 0.63709677419354837635 0.6330645161290322509 0.6088709677419354982 0.47580645161290324729 0.45564516129032256453 0.52016129032258062725 0.62096774193548387455 0.58467741935483874549 0.45161290322580643908 0.43951612903225806273 0.58064516129032262004 0.56451612903225811824 0.59274193548387099639 0.61290322580645162365 0.52822580645161287816
0.45161290322580643908 0.6088709677419354982 0.62903225806451612545 0.71370967741935487094 0.67338709677419350541 0.48790322580645162365 0.3911290322580645018 0.3911290322580645018 0.65725806451612900361 0.72580645161290324729 0.71370967741935487094 0.78225806451612900361 0.80241935483870963086 0.82258064516129036914 0.77419354838709675271 0.78225806451612900361 0.71370967741935487094 0.70161290322580649459 0.65322580645161287816 0.62903225806451612545 0.56451612903225811824 0.62903225806451612545 0.62096774193548387455 0.75403225806451612545 0.71370967741935487094 0.53225806451612900361 0.48790322580645162365 0.52419354838709675271 0.47177419354838712184 0.69758064516129036914 0.6330645161290322509 0.62096774193548387455 0.6330645161290322509 0.59274193548387099639 0.43145161290322581182 0.56048387096774188176 0.69758064516129036914 0.62096774193548387455 0.49596774193548387455 0.46774193548387094088 0.55645161290322575631 0.625 0.63709677419354837635 0.58870967741935487094 0.61290322580645162365 0.48790322580645162365
0.62096774193548387455 0.64516129032258062725 0.61290322580645162365 0.64516129032258062725 0.71370967741935487094 0.71370967741935487094 0.44758064516129031363 0.43548387096774193727 0.3911290322580645018 0.6330645161290322509 0.75 0.82258064516129036914 0.78225806451612900361 0.83467741935483874549 0.75403225806451612545 0.79032258064516125451 0.79435483870967737996 0.69758064516129036914 0.8911290322580645018 0.79838709677419350541 0.71370967741935487094 0.58870967741935487094 0.65322580645161287816 0.7419354838709677491 0.62096774193548387455 0.69758064516129036914 0.59677419354838712184 0.48790322580645162365 0.49596774193548387455 0.52016129032258062725 0.7338709677419354982 0.52822580645161287816 0.6411290322580645018 0.62096774193548387455 0.58064516129032262004 0.71370967741935487094 0.49596774193548387455 0.53225806451612900361 0.48790322580645162365 0.47580645161290324729 0.59677419354838712184 0.6169354838709677491 0.52419354838709675271 0.61290322580645162365 0.49596774193548387455 0.36290322580645162365
0.75 0.71370967741935487094 0.71370967741935487094 0.71370967741935487094 0.67338709677419350541 0.61290322580645162365 0.57661290322580649459 0.3911290322580645018 0.56451612903225811824 0.53225806451612900361 0.64516129032258062725 0.71370967741935487094 0.75 0.875 0.71370967741935487094 0.70161290322580649459 0.75 0.6088709677419354982 0.69354838709677424369 0.66935483870967737996 0.67338709677419350541 0.66532258064516125451 0.75 0.64516129032258062725 0.62096774193548387455 0.53225806451612900361 0.57661290322580649459 0.61290322580645162365 0.45161290322580643908 0.62903225806451612545 0.3911290322580645018 0.52016129032258062725 0.58064516129032262004 0.57661290322580649459 0.68951612903225811824 0.67338709677419350541 0.49596774193548387455 0.36290322580645162365 0.30241935483870968637 0.39919354838709675271 0.48790322580645162365 0.6169354838709677491 0.49596774193548387455 0.57661290322580649459 0.28629032258064518457 0.27419354838709675271
0.79838709677419350541 0.77419354838709675271 0.78225806451612900361 0.72177419354838712184 0.67741935483870963086 0.64919354838709675271 0.61290322580645162365 0.43145161290322581182 0.4919354838709677491 0.31451612903225806273 0.45161290322580643908 0.63709677419354837635 0.6330645161290322509 0.65322580645161287816 0.79435483870967737996 0.77016129032258062725 0.68145161290322575631 0.75 0.62903225806451612545 0.56048387096774188176 0.61290322580645162365 0.6088709677419354982 0.60483870967741937275 0.53629032258064512906 0.54838709677419350541 0.6411290322580645018 0.57661290322580649459 0.49596774193548387455 0.45161290322580643908 0.40322580645161287816 0.54435483870967737996 0.60483870967741937275 0.62096774193548387455 0.625 0.48790322580645162365 0.64516129032258062725 0.58064516129032262004 0.36290322580645162365 0.29838709677419356092 0.56854838709677424369 0.62903225806451612545 0.38709677419354837635 0.71370967741935487094 0.62903225806451612545 0.51209677419354837635 0.22177419354838709409
0.78225806451612900361 0.79435483870967737996 0.75 0.79435483870967737996 0.80241935483870963086 0.78225806451612900361 0.71370967741935487094 0.53225806451612900361 0.3830645161290322509 0.39516129032258062725 0.31451612903225806273 0.36290322580645162365 0.62903225806451612545 0.61290322580645162365 0.65725806451612900361 0.77419354838709675271 0.75 0.70967741935483874549 0.71370967741935487094 0.6330645161290322509 0.45161290322580643908 0.53629032258064512906 0.52016129032258062725 0.59677419354838712184 0.45161290322580643908 0.68145161290322575631 0.52016129032258062725 0.4838709677419354982 0.3830645161290322509 0.47177419354838712184 0.41532258064516131002 0.36290322580645162365 0.49596774193548387455 0.48790322580645162365 0.62096774193548387455 0.6088709677419354982 0.71370967741935487094 0.35483870967741937275 0.27419354838709675271 0.41532258064516131002 0.27419354838709675271 0.56451612903225811824 0.64516129032258062725 0.69758064516129036914 0.58064516129032262004 0.26209677419354837635
0.80241935483870963086 0.81048387096774188176 0.81048387096774188176 0.78225806451612900361 0.83064516129032262004 0.75 0.63709677419354837635 0.71370967741935487094 0.66935483870967737996 0.58870967741935487094 0.35483870967741937275 0.32258064516129031363 0.47580645161290324729 0.59677419354838712184 0.62096774193548387455 0.62096774193548387455 0.6330645161290322509 0.71370967741935487094 0.6330645161290322509 0.65322580645161287816 0.6330645161290322509 0.61290322580645162365 0.39516129032258062725 0.47983870967741937275 0.42741935483870968637 0.38709677419354837635 0.62096774193548387455 0.56854838709677424369 0.3669354838709677491 0.29838709677419356092 0.23790322580645162365 0.36290322580645162365 0.46774193548387094088 0.36290322580645162365 0.47580645161290324729 0.59677419354838712184 0.55645161290322575631 0.24596774193548387455 0.26209677419354837635 0.21774193548387096864 0.27419354838709675271 0.3830645161290322509 0.43548387096774193727 0.60483870967741937275 0.62096774193548387455 0.3830645161290322509
0.82258064516129036914 0.79435483870967737996 0.83467741935483874549 0.83467741935483874549 0.78225806451612900361 0.78225806451612900361 0.78225806451612900361 0.78225806451612900361 0.6330645161290322509 0.6088709677419354982 0.50403225806451612545 0.31451612903225806273 0.28629032258064518457 0.54435483870967737996 0.48790322580645162365 0.47983870967741937275 0.53225806451612900361 0.6330645161290322509 0.62903225806451612545 0.61290322580645162365 0.71370967741935487094 0.79838709677419350541 0.63709677419354837635 0.31048387096774193727 0.29435483870967743547 0.48790322580645162365 0.41532258064516131002 0.38709677419354837635 0.40322580645161287816 0.35080645161290324729 0.29435483870967743547 0.3830645161290322509 0.39919354838709675271 0.3911290322580645018 0.31451612903225806273 0.35483870967741937275 0.47580645161290324729 0.21774193548387096864 0.18951612903225806273 0.21370967741935484319 0.3911290322580645018 0.48790322580645162365 0.52016129032258062725 0.45161290322580643908 0.63709677419354837635 0.59274193548387099639
0.78225806451612900361 0.83064516129032262004 0.82258064516129036914 0.83870967741935487094 0.82258064516129036914 0.80645161290322575631 0.83064516129032262004 0.80645161290322575631 0.80645161290322575631 0.71370967741935487094 0.6169354838709677491 0.25403225806451612545 0.26209677419354837635 0.28629032258064518457 0.28629032258064518457 0.27419354838709675271 0.48790322580645162365 0.4838709677419354982 0.52016129032258062725 0.55645161290322575631 0.57661290322580649459 0.72580645161290324729 0.6169354838709677491 0.55645161290322575631 0.59274193548387099639 0.3911290322580645018 0.47983870967741937275 0.27419354838709675271 0.27419354838709675271 0.28629032258064518457 0.28629032258064518457 0.32258064516129031363 0.36290322580645162365 0.27419354838709675271 0.27419354838709675271 0.29032258064516131002 0.35483870967741937275 0.17741935483870968637 0.092741935483870968637 0.16129032258064515681 0.27419354838709675271 0.24596774193548387455 0.52016129032258062725 0.49596774193548387455 0.43145161290322581182 0.61290322580645162365
0.83064516129032262004 0.83467741935483874549 0.83467741935483874549 0.80241935483870963086 0.84274193548387099639 0.81048387096774188176 0.83064516129032262004 0.83467741935483874549 0.78225806451612900361 0.7661290322580645018 0.64516129032258062725 0.53225806451612900361 0.28629032258064518457 0.21774193548387096864 0.13709677419354837635 0.2661290322580645018 0.16129032258064515681 0.28629032258064518457 0.31451612903225806273 0.375 0.57258064516129036914 0.47580645161290324729 0.47580645161290324729 0.54435483870967737996 0.70161290322580649459 0.29435483870967743547 0.46774193548387094088 0.36290322580645162365 0.28629032258064518457 0.27419354838709675271 0.32258064516129031363 0.21370967741935484319 0.25403225806451612545 0.25 0.28629032258064518457 0.21370967741935484319 0.16129032258064515681 0.11290322580645160977 0.10483870967741935887 0.16129032258064515681 0.24596774193548387455 0.21774193548387096864 0.35080645161290324729 0.23790322580645162365 0.38709677419354837635 0.49596774193548387455
0.79435483870967737996 0.81451612903225811824 0.82258064516129036914 0.85080645161290324729 0.81451612903225811824 0.82258064516129036914 0.85080645161290324729 0.79838709677419350541 0.79838709677419350541 0.81048387096774188176 0.72177419354838712184 0.71370967741935487094 0.32258064516129031363 0.31048387096774193727 0.16129032258064515681 0.16129032258064515681 0.16129032258064515681 0.27419354838709675271 0.21774193548387096864 0.45161290322580643908 0.48790322580645162365 0.35483870967741937275 0.54435483870967737996 0.45967741935483868998 0.56451612903225811824 0.27822580645161287816 0.47177419354838712184 0.24596774193548387455 0.27419354838709675271 0.35080645161290324729 0.22177419354838709409 0.2661290322580645018 0.17741935483870968637 0.18548387096774193727 0.16129032258064515681 0.16129032258064515681 0.12096774193548387455 0.14112903225806452956 0.16129032258064515681 0.16129032258064515681 0.16129032258064515681 0.23790322580645162365 0.28629032258064518457 0.32258064516129031363 0.24596774193548387455 0.5161290322580645018
0.81451612903225811824 0.80241935483870963086 0.79838709677419350541 0.81048387096774188176 0.82258064516129036914 0.79838709677419350541 0.80645161290322575631 0.81451612903225811824 0.78225806451612900361 0.6330645161290322509 0.75 0.70967741935483874549 0.45161290322580643908 0.43951612903225806273 0.38709677419354837635 0.11290322580645160977 0.21774193548387096864 0.16129032258064515681 0.24596774193548387455 0.35483870967741937275 0.48790322580645162365 0.47580645161290324729 0.49596774193548387455 0.36290322580645162365 0.3911290322580645018 0.28629032258064518457 0.35080645161290324729 0.45161290322580643908 0.47983870967741937275 0.28629032258064518457 0.25 0.16129032258064515681 0.23790322580645162365 0.11693548387096773522 0.16129032258064515681 0.16129032258064515681 0.12096774193548387455 0.12096774193548387455 0.18548387096774193727 0.22177419354838709409 0.12903225806451612545 0.24596774193548387455 0.20161290322580643908 0.24596774193548387455 0.39516129032258062725 0.375
0.79435483870967737996 0.7661290322580645018 0.72177419354838712184 0.79838709677419350541 0.78225806451612900361 0.83064516129032262004 0.81048387096774188176 0.83467741935483874549 0.82258064516129036914 0.79435483870967737996 0.75403225806451612545 0.72580645161290324729 0.59677419354838712184 0.48790322580645162365 0.45161290322580643908 0.13709677419354837635 0.11290322580645160977 0.21774193548387096864 0.22983870967741934499 0.31048387096774193727 0.47580645161290324729 0.45564516129032256453 0.52822580645161287816 0.3911290322580645018 0.28629032258064518457 0.11290322580645160977 0.20967741935483871774 0.31048387096774193727 0.28629032258064518457 0.24596774193548387455 0.27419354838709675271 0.10483870967741935887 0.16129032258064515681 0.1330645161290322509 0.16129032258064515681 0.092741935483870968637 0.16129032258064515681 0.096774193548387094088 0.16129032258064515681 0.22177419354838709409 0.092741935483870968637 0.096774193548387094088 0.12096774193548387455 0.15322580645161290591 0.28629032258064518457 0.23790322580645162365
0.80645161290322575631 0.8911290322580645018 0.83467741935483874549 0.77419354838709675271 0.77016129032258062725 0.78225806451612900361 0.85483870967741937275 0.79435483870967737996 0.77419354838709675271 0.76209677419354837635 0.79435483870967737996 0.80241935483870963086 0.75403225806451612545 0.65322580645161287816 0.375 0.16129032258064515681 -9999 -9999 0.14919354838709678046 0.20161290322580643908 0.31048387096774193727 0.54435483870967737996 0.375 0.46370967741935481543 0.21774193548387096864 0.11290322580645160977 0.18548387096774193727 0.12903225806451612545 0.22177419354838709409 0.14919354838709678046 0.28629032258064518457 0.14112903225806452956 0.23387096774193547044 0.11290322580645160977 0.096774193548387094088 0.13709677419354837635 0.076612903225806452956 0.14112903225806452956 0.16129032258064515681 0.16129032258064515681 0.14112903225806452956 0.14112903225806452956 0.096774193548387094088 0.11693548387096773522 0.24596774193548387455 0.16129032258064515681
0.48790322580645162365 0.55645161290322575631 0.42741935483870968637 0.91532258064516125451 0.89919354838709675271 0.71370967741935487094 0.48790322580645162365 0.69758064516129036914 0.65322580645161287816 0.71370967741935487094 0.76209677419354837635 0.79838709677419350541 0.75 0.48790322580645162365 0.23790322580645162365 0.16129032258064515681 -9999 -9999 -9999 -9999 0.096774193548387094088 0.26209677419354837635 0.40322580645161287816 0.46774193548387094088 0.45161290322580643908 0.25403225806451612545 0.11290322580645160977 0.125 0.13709677419354837635 0.1330645161290322509 0.11290322580645160977 0.080645161290322578407 0.15322580645161290591 0.16129032258064515681 0.092741935483870968637 0.10483870967741935887 0.18548387096774193727 0.092741935483870968637 0.16129032258064515681 0.060483870967741937275 0.096774193548387094088 0.092741935483870968637 0.092741935483870968637 0.096774193548387094088 0.21774193548387096864 0.20967741935483871774
0.22983870967741934499 0.24596774193548387455 0.28629032258064518457 0.30645161290322581182 0.27419354838709675271 0.22177419354838709409 0.21774193548387096864 0.35080645161290324729 0.28629032258064518457 0.27419354838709675271 0.62096774193548387455 0.49596774193548387455 0.35483870967741937275 0.28629032258064518457 0.14516129032258065501 -9999 -9999 -9999 -9999 -9999 -9999 -9999 0.20967741935483871774 0.2661290322580645018 0.3911290322580645018 0.14112903225806452956 0.14516129032258065501 0.092741935483870968637 -9999 -9999 -9999 -9999 -9999 0.092741935483870968637 0.092741935483870968637 0.11693548387096773522 0.16129032258064515681 0.092741935483870968637 0.096774193548387094088 0.048387096774193547044 0.036290322580645163753 0.092741935483870968637 0.13709677419354837635 0.16129032258064515681 0.125 0.16129032258064515681
0.28629032258064518457 0.14112903225806452956 0.18548387096774193727 0.18951612903225806273 0.16129032258064515681 -9999 -9999 -9999 -9999 -9999 -9999 -9999 -9999 -9999 -9999 -9999 -9999 -9999 -9999 -9999 -9999 -9999 -9999 -9999 0.16129032258064515681 0.14516129032258065501 0.092741935483870968637 -9999 -9999 -9999 -9999 -9999 -9999 -9999 -9999 -9999 0.092741935483870968637 0.27419354838709675271 0.16129032258064515681 0.060483870967741937275 0.092741935483870968637 0.092741935483870968637 0.125 0.064516129032258062725 0.13709677419354837635 0.14112903225806452956
-9999 -9999 -9999 -9999 -9999 -9999 -9999 -9999 -9999 -9999 -9999 -9999 -9999 -9999 -9999 -9999 -9999 -9999 -9999 -9999 -9999 -9999 -9999 -9999 -9999 -9999 -9999 -9999 -9999 -9999 -9999 -9999 -9999 -9999 -9999 -9999 -9999 0.096774193548387094088 0.076612903225806452956 0.060483870967741937275 0.052419354838709679434 0.032258064516129031363 0.060483870967741937275 0.060483870967741937275 0.16129032258064515681 0.12096774193548387455
-9999 -9999 -9999 -9999 -9999 -9999 -9999 -9999 -9999 -9999 -9999 -9999 -9999 -9999 -9999 -9999 -9999 -9999 -9999 -9999 -9999 -9999 -9999 -9999 -9999 -9999 -9999 -9999 -9999 -9999 -9999 -9999 -9999 -9999 -9999 -9999 -9999 -9999 -9999 0.032258064516129031363 0.040322580645161289203 0.060483870967741937275 -9999 0.088709677419354843186 0.11290322580645160977 0.092741935483870968637
