Example/niche_identity/models/ENFA/coelestinus_1.asc
ncols        743
nrows        319
xllcorner    -74.500956448335
yllcorner    17.448920549066
cellsize     0.008333333333
NODATA_value  -9999
[rows 140 to 159 of 319, columns 414 to 459 of 743]
0.10975609756097561009 0.067073170731707321135 0.12195121951219511924 0.15853658536585366057 0.24390243902439023849 0.13414634146341464227 0.14634146341463413754 0.091463414634146339433 0.067073170731707321135 0.18902439024390244038 0.10975609756097561009 0.067073170731707321135 0.012195121951219512618 0 0.012195121951219512618 0 0 0.012195121951219512618 0 0.042682926829268295899 0.07317073170731706877 0.091463414634146339433 0.13414634146341464227 0.13414634146341464227 0.15853658536585366057 0.13414634146341464227 0.10975609756097561009 0.11585365853658537161 0.067073170731707321135 0.036585365853658534385 0 0.012195121951219512618 0.07317073170731706877 0.030487804878048779811 0.067073170731707321135 0.042682926829268295899 0.060975609756097559622 0.085365853658536591797 0.060975609756097559622 0.060975609756097559622 0.042682926829268295899 0.012195121951219512618 0.060975609756097559622 0.079268292682926830284 0.085365853658536591797 0.085365853658536591797
0.18902439024390244038 0.060975609756097559622 0.12195121951219511924 0.17682926829268291735 0.37804878048780488076 0.17682926829268291735 0.23780487804878047697 0.32317073170731708265 0.18292682926829267887 0.060975609756097559622 0.012195121951219512618 0 0 0 0 0 0 0.042682926829268295899 0.07317073170731706877 0.042682926829268295899 0.042682926829268295899 0.036585365853658534385 0.060975609756097559622 0.067073170731707321135 0.13414634146341464227 0.17073170731707318359 0.16463414634146342208 0.091463414634146339433 0.11585365853658537161 0.067073170731707321135 0.012195121951219512618 0.012195121951219512618 0.030487804878048779811 0.10975609756097561009 0.042682926829268295899 0.024390243902439025236 0.060975609756097559622 0.10365853658536584858 0.067073170731707321135 0.024390243902439025236 0.012195121951219512618 0 0.060975609756097559622 0.042682926829268295899 0.07317073170731706877 0.091463414634146339433
0.28658536585365851357 0.18292682926829267887 0.060975609756097559622 0.17073170731707318359 0.38414634146341464227 0.31707317073170732113 0.14634146341463413754 0.14024390243902440378 0.07317073170731706877 0.042682926829268295899 0.012195121951219512618 0 0 0 0 0 0 0.012195121951219512618 0.091463414634146339433 0.11585365853658537161 0.13414634146341464227 0.079268292682926830284 0.10975609756097561009 0.060975609756097559622 0.11585365853658537161 0.17682926829268291735 0.15853658536585366057 0.042682926829268295899 0.11585365853658537161 0.012195121951219512618 0.012195121951219512618 0.067073170731707321135 0.067073170731707321135 0.097560975609756100946 0.085365853658536591797 0.079268292682926830284 0.10365853658536584858 0.085365853658536591797 0.060975609756097559622 0.067073170731707321135 0.079268292682926830284 0.067073170731707321135 0.067073170731707321135 0.067073170731707321135 0.060975609756097559622 0.07317073170731706877
0.21341463414634145868 0.28658536585365851357 0.17682926829268291735 0.39024390243902440378 0.3963414634146341653 0.15853658536585366057 0.15853658536585366057 0.012195121951219512618 0.012195121951219512618 0 0 0 0 0.07317073170731706877 0 0 0 0.012195121951219512618 0.042682926829268295899 0.10975609756097561009 0.12195121951219511924 0.14634146341463413754 0.14024390243902440378 0.091463414634146339433 0.11585365853658537161 0.21341463414634145868 0.085365853658536591797 0.085365853658536591797 0.15853658536585366057 0.10975609756097561009 0.067073170731707321135 0.091463414634146339433 0.07317073170731706877 0.054878048780487805047 0.060975609756097559622 0.11585365853658537161 0.085365853658536591797 0.10975609756097561009 0.091463414634146339433 0.10975609756097561009 0.11585365853658537161 0.10975609756097561009 0.079268292682926830284 0.060975609756097559622 0.060975609756097559622 0.067073170731707321135
0.23780487804878047697 0.33536585365853660567 0.28048780487804880757 0.3963414634146341653 0.17682926829268291735 0.18292682926829267887 0.060975609756097559622 0.042682926829268295899 0 0.012195121951219512618 0.060975609756097559622 0.042682926829268295899 0.067073170731707321135 0.07317073170731706877 0.079268292682926830284 0.024390243902439025236 0.042682926829268295899 0.012195121951219512618 0.042682926829268295899 0.060975609756097559622 0.091463414634146339433 0.17073170731707318359 0.15853658536585366057 0.14634146341463413754 0.17073170731707318359 0.26829268292682928454 0.17073170731707318359 0.18292682926829267887 0.17682926829268291735 0.15853658536585366057 0.079268292682926830284 0.030487804878048779811 0.085365853658536591797 0.13414634146341464227 0.11585365853658537161 0.10975609756097561009 0.085365853658536591797 0.10365853658536584858 0.11585365853658537161 0.10975609756097561009 0.091463414634146339433 0.091463414634146339433 0.097560975609756100946 0.067073170731707321135 0.060975609756097559622 0.042682926829268295899
0.2012195121951219634 0.28048780487804880757 0.35975609756097559622 0.31707317073170732113 0.19512195121951220189 0.17073170731707318359 0.091463414634146339433 0.091463414634146339433 0.060975609756097559622 0.012195121951219512618 0.0060975609756097563091 0.07317073170731706877 0.13414634146341464227 0.15853658536585366057 0.10975609756097561009 0.067073170731707321135 0.12195121951219511924 0.042682926829268295899 0.042682926829268295899 0.079268292682926830284 0.11585365853658537161 0.10975609756097561009 0.2256097560975609817 0.18292682926829267887 0.28048780487804880757 0.19512195121951220189 0.17073170731707318359 0.17073170731707318359 0.12195121951219511924 0.14024390243902440378 0.15853658536585366057 0.085365853658536591797 0.10975609756097561009 0.085365853658536591797 0.060975609756097559622 0.10975609756097561009 0.085365853658536591797 0.085365853658536591797 0.10975609756097561009 0.091463414634146339433 0.10365853658536584858 0.10975609756097561009 0.091463414634146339433 0.042682926829268295899 0.030487804878048779811 0.012195121951219512618
0.079268292682926830284 0.24390243902439023849 0.33536585365853660567 0.46951219512195119243 0.33536585365853660567 0.25 0.17073170731707318359 0.2012195121951219634 0.14634146341463413754 0.11585365853658537161 0.060975609756097559622 0.085365853658536591797 0.079268292682926830284 0.15853658536585366057 0.17073170731707318359 0.15853658536585366057 0.10975609756097561009 0.10975609756097561009 0.091463414634146339433 0.10975609756097561009 0.17682926829268291735 0.14024390243902440378 0.21341463414634145868 0.33536585365853660567 0.15853658536585366057 0.042682926829268295899 0.060975609756097559622 0.11585365853658537161 0.14024390243902440378 0.11585365853658537161 0.15853658536585366057 0.17073170731707318359 0.14634146341463413754 0.11585365853658537161 0.067073170731707321135 0.060975609756097559622 0.079268292682926830284 0.07317073170731706877 0.091463414634146339433 0.060975609756097559622 0.079268292682926830284 0.091463414634146339433 0.067073170731707321135 0.024390243902439025236 0.012195121951219512618 0.012195121951219512618
0.12195121951219511924 0.11585365853658537161 0.17073170731707318359 0.39024390243902440378 0.39024390243902440378 0.38414634146341464227 0.31707317073170732113 0.25609756097560976151 0.10975609756097561009 0.13414634146341464227 0.17073170731707318359 0.12195121951219511924 0.11585365853658537161 0.21341463414634145868 0.31707317073170732113 0.17682926829268291735 0.10975609756097561009 0.060975609756097559622 0.042682926829268295899 0.079268292682926830284 0.12195121951219511924 0.17073170731707318359 0.17073170731707318359 0.33536585365853660567 0.15853658536585366057 0.067073170731707321135 0 0.012195121951219512618 0.10975609756097561009 0.13414634146341464227 0.042682926829268295899 0.054878048780487805047 0.042682926829268295899 0.042682926829268295899 0 0.067073170731707321135 0.11585365853658537161 0.085365853658536591797 0.091463414634146339433 0.060975609756097559622 0.012195121951219512618 0.060975609756097559622 0.060975609756097559622 0.036585365853658534385 0 0
0.17073170731707318359 0.17073170731707318359 0.26219512195121952303 0.43292682926829267887 0.3963414634146341653 0.18292682926829267887 0.18292682926829267887 0.17073170731707318359 0.10975609756097561009 0.14634146341463413754 0.21341463414634145868 0.29268292682926827508 0.18902439024390244038 0.37804878048780488076 0.18902439024390244038 0.18292682926829267887 0.15853658536585366057 0.13414634146341464227 0.042682926829268295899 0.067073170731707321135 0.091463414634146339433 0.13414634146341464227 0.26219512195121952303 0.23780487804878047697 0.18292682926829267887 0.13414634146341464227 0.036585365853658534385 0.012195121951219512618 0.030487804878048779811 0.042682926829268295899 0.10975609756097561009 0.060975609756097559622 0 0 0 0.012195121951219512618 0.0060975609756097563091 0.042682926829268295899 0.07317073170731706877 0.067073170731707321135 0.060975609756097559622 0.012195121951219512618 0.012195121951219512618 0.012195121951219512618 0 0
0.33536585365853660567 0.3536585365853658347 0.28658536585365851357 0.46341463414634148643 0.28048780487804880757 0.33536585365853660567 0.14024390243902440378 0.21341463414634145868 0.15853658536585366057 0.13414634146341464227 0.091463414634146339433 0.21341463414634145868 0.25 0.3963414634146341653 0.21341463414634145868 0.17073170731707318359 0.16463414634146342208 0.091463414634146339433 0.07317073170731706877 0.067073170731707321135 0.13414634146341464227 0.14024390243902440378 0.21341463414634145868 0.26219512195121952303 0.11585365853658537161 0.067073170731707321135 0.012195121951219512618 0 0.012195121951219512618 0.0060975609756097563091 0.091463414634146339433 0.067073170731707321135 0.012195121951219512618 0 0 0 0 0.012195121951219512618 0.042682926829268295899 0.060975609756097559622 0.07317073170731706877 0.067073170731707321135 0.042682926829268295899 0.042682926829268295899 0.012195121951219512618 0
0.48780487804878047697 0.37195121951219511924 0.3963414634146341653 0.31707317073170732113 0.23780487804878047697 0.17073170731707318359 0.20731707317073169716 0.28048780487804880757 0.16463414634146342208 0.19512195121951220189 0.16463414634146342208 0.13414634146341464227 0.24390243902439023849 0.3963414634146341653 0.23780487804878047697 0.25 0.21341463414634145868 0.18292682926829267887 0.085365853658536591797 0.067073170731707321135 0.079268292682926830284 0.21341463414634145868 0.3963414634146341653 0.14024390243902440378 0.042682926829268295899 0.012195121951219512618 0 0 0 0.042682926829268295899 0.012195121951219512618 0.042682926829268295899 0.024390243902439025236 0.012195121951219512618 0.012195121951219512618 0.012195121951219512618 0 0 0.060975609756097559622 0.012195121951219512618 0.0060975609756097563091 0.012195121951219512618 0 0.012195121951219512618 0.018292682926829267193 0.012195121951219512618
0.3963414634146341653 0.3963414634146341653 0.3963414634146341653 0.33536585365853660567 0.18902439024390244038 0.21341463414634145868 0.3963414634146341653 0.37195121951219511924 0.26219512195121952303 0.23780487804878047697 0.25609756097560976151 0.21341463414634145868 0.19512195121951220189 0.26219512195121952303 0.48780487804878047697 0.3963414634146341653 0.21341463414634145868 0.18292682926829267887 0.13414634146341464227 0.17073170731707318359 0.15853658536585366057 0.21341463414634145868 0.43292682926829267887 0.21341463414634145868 0.060975609756097559622 0 0 0 0 0.012195121951219512618 0.012195121951219512618 0 0.012195121951219512618 0.012195121951219512618 0.0060975609756097563091 0 0.0060975609756097563091 0 0 0.012195121951219512618 0 0.0060975609756097563091 0 0 0.012195121951219512618 0.012195121951219512618
0.40243902439024392681 0.3963414634146341653 0.37195121951219511924 0.42682926829268291735 0.3536585365853658347 0.24390243902439023849 0.37195121951219511924 0.40243902439024392681 0.39024390243902440378 0.51829268292682928454 0.23780487804878047697 0.28048780487804880757 0.33536585365853660567 0.17073170731707318359 0.32317073170731708265 0.46951219512195119243 0.31097560975609755962 0.31707317073170732113 0.37195121951219511924 0.54268292682926833059 0.53658536585365856908 0.46951219512195119243 0.28048780487804880757 0.085365853658536591797 0.012195121951219512618 0.024390243902439025236 0 0 0 0 0 0 0 0 0 0 0 0 0 0 0 0 0 0 0 0
0.39024390243902440378 0.39024390243902440378 0.33536585365853660567 0.33536585365853660567 0.32317073170731708265 0.30487804878048779811 0.25 0.37195121951219511924 0.49390243902439023849 0.32317073170731708265 0.43902439024390244038 0.33536585365853660567 0.35975609756097559622 0.51829268292682928454 0.4512195121951219634 0.46341463414634148643 0.46341463414634148643 0.48170731707317071546 0.3963414634146341653 0.21341463414634145868 0.23780487804878047697 0.21341463414634145868 0.13414634146341464227 0.042682926829268295899 0.012195121951219512618 0.079268292682926830284 0.012195121951219512618 0 0.012195121951219512618 0 0 0 0 0 0 0 0 0 0 0 0 0 0 0 0 0
0.46341463414634148643 0.44512195121951220189 0.35975609756097559622 0.3963414634146341653 0.37195121951219511924 0.49390243902439023849 0.37195121951219511924 0.38414634146341464227 0.32926829268292684416 0.37195121951219511924 0.29268292682926827508 0.46341463414634148643 0.65243902439024392681 0.4512195121951219634 0.33536585365853660567 0.2256097560975609817 0.33536585365853660567 0.26219512195121952303 0.3536585365853658347 0.48170731707317071546 0.26219512195121952303 0.13414634146341464227 0.11585365853658537161 0.10975609756097561009 0.091463414634146339433 0.067073170731707321135 0 0.012195121951219512618 0.036585365853658534385 0 0.012195121951219512618 0.012195121951219512618 0.012195121951219512618 0 0 0 0 0 0 0 0 0 0 0 0 0
0.3963414634146341653 0.46951219512195119243 0.46341463414634148643 0.53658536585365856908 0.3963414634146341653 0.46951219512195119243 0.53048780487804880757 0.43292682926829267887 0.30487804878048779811 0.38414634146341464227 0.3963414634146341653 0.47560975609756095395 0.43292682926829267887 0.43292682926829267887 0.33536585365853660567 0.33536585365853660567 0.3536585365853658347 0.32317073170731708265 0.20731707317073169716 0.25 0.37195121951219511924 0.25 0.17682926829268291735 0.21341463414634145868 0.13414634146341464227 0.07317073170731706877 0.067073170731707321135 0.085365853658536591797 0.042682926829268295899 0.07317073170731706877 0.042682926829268295899 0.012195121951219512618 0.012195121951219512618 0.012195121951219512618 0 0.012195121951219512618 0.012195121951219512618 0.012195121951219512618 0 0 0 0 0 0 0 0
0.41463414634146339433 0.31097560975609755962 0.39024390243902440378 0.46341463414634148643 0.39024390243902440378 0.37195121951219511924 0.48780487804878047697 0.5 0.53048780487804880757 0.48170731707317071546 0.40243902439024392681 0.52439024390243904605 0.43292682926829267887 0.39024390243902440378 0.46341463414634148643 0.38414634146341464227 0.38414634146341464227 0.3963414634146341653 0.23780487804878047697 0.17073170731707318359 0.18292682926829267887 0.21341463414634145868 0.3536585365853658347 0.16463414634146342208 0.067073170731707321135 0.10975609756097561009 0.15853658536585366057 0.042682926829268295899 0.036585365853658534385 0.042682926829268295899 0.042682926829268295899 0.012195121951219512618 0 0.036585365853658534385 0.060975609756097559622 0.060975609756097559622 0.060975609756097559622 0.042682926829268295899 0 0.012195121951219512618 0 0 0 0 0 0
0.37195121951219511924 0.3963414634146341653 0.37195121951219511924 0.30487804878048779811 0.31707317073170732113 0.37195121951219511924 0.39024390243902440378 0.44512195121951220189 0.3963414634146341653 0.43902439024390244038 0.35975609756097559622 0.37195121951219511924 0.35975609756097559622 0.38414634146341464227 0.37804878048780488076 0.3963414634146341653 0.31707317073170732113 0.26219512195121952303 0.28048780487804880757 0.17682926829268291735 0.23170731707317074322 0.21951219512195122019 0.14024390243902440378 0.23780487804878047697 0.16463414634146342208 0.17073170731707318359 0.060975609756097559622 0.11585365853658537161 0.042682926829268295899 0.060975609756097559622 0.091463414634146339433 0.024390243902439025236 0.012195121951219512618 0.060975609756097559622 0.060975609756097559622 0 0 0 0.012195121951219512618 0 0 0 0 0 0 0
0.40853658536585363281 0.48170731707317071546 0.33536585365853660567 0.38414634146341464227 0.37804878048780488076 0.38414634146341464227 0.48170731707317071546 0.4512195121951219634 0.42073170731707315584 0.38414634146341464227 0.48170731707317071546 0.35975609756097559622 0.48780487804878047697 0.40853658536585363281 0.32926829268292684416 0.28048780487804880757 0.23170731707317074322 0.25 0.21951219512195122019 0.30487804878048779811 0.28658536585365851357 0.23780487804878047697 0.26829268292682928454 0.16463414634146342208 0.17073170731707318359 0.15853658536585366057 0.14024390243902440378 0.042682926829268295899 0.060975609756097559622 0.13414634146341464227 0.13414634146341464227 0.085365853658536591797 0.042682926829268295899 0.091463414634146339433 0.042682926829268295899 0.036585365853658534385 0 0 0 0 0 0 0 0 0 0
0.46341463414634148643 0.46341463414634148643 0.3963414634146341653 0.37195121951219511924 0.48170731707317071546 0.39024390243902440378 0.47560975609756095395 0.43292682926829267887 0.37804878048780488076 0.33536585365853660567 0.39024390243902440378 0.3963414634146341653 0.4512195121951219634 0.35975609756097559622 0.34146341463414636719 0.31707317073170732113 0.30487804878048779811 0.3963414634146341653 0.34146341463414636719 0.43292682926829267887 0.38414634146341464227 0.25609756097560976151 0.3963414634146341653 0.26219512195121952303 0.31097560975609755962 0.16463414634146342208 0.13414634146341464227 0.14024390243902440378 0.17073170731707318359 0.23780487804878047697 0.23170731707317074322 0.17682926829268291735 0.14024390243902440378 0.14024390243902440378 0.060975609756097559622 0.012195121951219512618 0 0 0 0 0 0 0 0 0 0
