Example/niche_identity/models/ENFA/coelestinus_1.asc
ncols        743
nrows        319
xllcorner    -74.500956448335
yllcorner    17.448920549066
cellsize     0.008333333333
NODATA_value  -9999
[rows 80 to 99 of 319, columns 414 to 459 of 743]
0.13414634146341464227 0.12804878048780488076 0.085365853658536591797 0.067073170731707321135 0.042682926829268295899 0.085365853658536591797 0.091463414634146339433 0.11585365853658537161 0.060975609756097559622 0.067073170731707321135 0.07317073170731706877 0.060975609756097559622 0.085365853658536591797 0.060975609756097559622 0.13414634146341464227 0.15853658536585366057 0.17073170731707318359 0.16463414634146342208 0.16463414634146342208 0.17073170731707318359 0.18902439024390244038 0.18292682926829267887 0.13414634146341464227 0.15853658536585366057 0.14024390243902440378 0.17073170731707318359 0.15853658536585366057 0.13414634146341464227 0.13414634146341464227 0.079268292682926830284 0.085365853658536591797 0.12195121951219511924 0.085365853658536591797 0.07317073170731706877 0.13414634146341464227 0.11585365853658537161 0.12195121951219511924 0.079268292682926830284 0.12195121951219511924 0.13414634146341464227 0.11585365853658537161 0.10975609756097561009 0.10975609756097561009 0.12195121951219511924 0.13414634146341464227 0.16463414634146342208
0.15853658536585366057 0.10975609756097561009 0.12195121951219511924 0.091463414634146339433 0.085365853658536591797 0.067073170731707321135 0.085365853658536591797 0.060975609756097559622 0.060975609756097559622 0.067073170731707321135 0.10975609756097561009 0.10975609756097561009 0.060975609756097559622 0.067073170731707321135 0.12195121951219511924 0.12195121951219511924 0.17682926829268291735 0.16463414634146342208 0.15853658536585366057 0.2012195121951219634 0.15853658536585366057 0.11585365853658537161 0.17073170731707318359 0.13414634146341464227 0.17073170731707318359 0.18902439024390244038 0.17682926829268291735 0.10975609756097561009 0.11585365853658537161 0.12195121951219511924 0.11585365853658537161 0.12195121951219511924 0.10975609756097561009 0.10975609756097561009 0.13414634146341464227 0.13414634146341464227 0.12195121951219511924 0.085365853658536591797 0.10975609756097561009 0.12195121951219511924 0.091463414634146339433 0.12195121951219511924 0.11585365853658537161 0.10975609756097561009 0.16463414634146342208 0.16463414634146342208
0.17073170731707318359 0.15853658536585366057 0.15853658536585366057 0.10975609756097561009 0.060975609756097559622 0.11585365853658537161 0.10975609756097561009 0.13414634146341464227 0.085365853658536591797 0.085365853658536591797 0.091463414634146339433 0.091463414634146339433 0.067073170731707321135 0.12195121951219511924 0.15853658536585366057 0.14634146341463413754 0.13414634146341464227 0.14024390243902440378 0.12195121951219511924 0.16463414634146342208 0.16463414634146342208 0.11585365853658537161 0.14024390243902440378 0.21341463414634145868 0.16463414634146342208 0.16463414634146342208 0.15853658536585366057 0.12195121951219511924 0.15853658536585366057 0.13414634146341464227 0.12195121951219511924 0.12195121951219511924 0.060975609756097559622 0.067073170731707321135 0.085365853658536591797 0.12195121951219511924 0.12195121951219511924 0.11585365853658537161 0.12195121951219511924 0.079268292682926830284 0.13414634146341464227 0.12195121951219511924 0.11585365853658537161 0.13414634146341464227 0.14024390243902440378 0.16463414634146342208
0.12195121951219511924 0.21951219512195122019 0.15243902439024389905 0.17682926829268291735 0.067073170731707321135 0.12195121951219511924 0.10975609756097561009 0.097560975609756100946 0.060975609756097559622 0.060975609756097559622 0.048780487804878050473 0.042682926829268295899 0.091463414634146339433 0.091463414634146339433 0.10975609756097561009 0.16463414634146342208 0.12195121951219511924 0.11585365853658537161 0.14024390243902440378 0.13414634146341464227 0.12195121951219511924 0.14634146341463413754 0.11585365853658537161 0.16463414634146342208 0.23780487804878047697 0.17073170731707318359 0.16463414634146342208 0.14634146341463413754 0.15853658536585366057 0.13414634146341464227 0.10975609756097561009 0.13414634146341464227 0.14024390243902440378 0.091463414634146339433 0.10975609756097561009 0.14634146341463413754 0.13414634146341464227 0.12195121951219511924 0.11585365853658537161 0.091463414634146339433 0.10975609756097561009 0.15853658536585366057 0.14634146341463413754 0.13414634146341464227 0.13414634146341464227 0.14634146341463413754
0.15853658536585366057 0.13414634146341464227 0.13414634146341464227 0.23170731707317074322 0.15853658536585366057 0.16463414634146342208 0.14024390243902440378 0.13414634146341464227 0.10975609756097561009 0.091463414634146339433 0.060975609756097559622 0.091463414634146339433 0.067073170731707321135 0.085365853658536591797 0.10365853658536584858 0.091463414634146339433 0.11585365853658537161 0.12195121951219511924 0.17073170731707318359 0.13414634146341464227 0.13414634146341464227 0.14634146341463413754 0.14024390243902440378 0.15853658536585366057 0.17073170731707318359 0.14024390243902440378 0.17073170731707318359 0.15243902439024389905 0.15853658536585366057 0.13414634146341464227 0.10975609756097561009 0.14024390243902440378 0.079268292682926830284 0.097560975609756100946 0.091463414634146339433 0.14024390243902440378 0.12195121951219511924 0.14634146341463413754 0.11585365853658537161 0.11585365853658537161 0.10975609756097561009 0.15853658536585366057 0.16463414634146342208 0.17073170731707318359 0.11585365853658537161 0.14024390243902440378
0.14024390243902440378 0.17073170731707318359 0.30487804878048779811 0.17073170731707318359 0.18902439024390244038 0.19512195121951220189 0.19512195121951220189 0.25 0.17073170731707318359 0.11585365853658537161 0.14634146341463413754 0.091463414634146339433 0.091463414634146339433 0.10975609756097561009 0.12195121951219511924 0.13414634146341464227 0.12195121951219511924 0.085365853658536591797 0.11585365853658537161 0.12804878048780488076 0.14024390243902440378 0.17073170731707318359 0.15853658536585366057 0.15853658536585366057 0.17682926829268291735 0.18902439024390244038 0.16463414634146342208 0.16463414634146342208 0.13414634146341464227 0.12195121951219511924 0.17073170731707318359 0.13414634146341464227 0.079268292682926830284 0.10975609756097561009 0.14024390243902440378 0.12195121951219511924 0.15853658536585366057 0.091463414634146339433 0.07317073170731706877 0.10975609756097561009 0.13414634146341464227 0.15853658536585366057 0.15853658536585366057 0.18292682926829267887 0.14634146341463413754 0.15853658536585366057
0.25 0.27439024390243904605 0.25 0.18902439024390244038 0.21341463414634145868 0.2012195121951219634 0.23780487804878047697 0.17682926829268291735 0.18292682926829267887 0.16463414634146342208 0.15853658536585366057 0.16463414634146342208 0.17073170731707318359 0.21341463414634145868 0.16463414634146342208 0.10365853658536584858 0.14634146341463413754 0.16463414634146342208 0.14024390243902440378 0.13414634146341464227 0.14024390243902440378 0.15853658536585366057 0.14634146341463413754 0.14634146341463413754 0.17073170731707318359 0.24390243902439023849 0.21951219512195122019 0.17073170731707318359 0.15853658536585366057 0.17073170731707318359 0.13414634146341464227 0.14024390243902440378 0.091463414634146339433 0.10975609756097561009 0.12195121951219511924 0.10975609756097561009 0.13414634146341464227 0.12195121951219511924 0.10975609756097561009 0.10975609756097561009 0.15853658536585366057 0.14024390243902440378 0.15853658536585366057 0.17073170731707318359 0.17073170731707318359 0.17073170731707318359
0.26219512195121952303 0.23780487804878047697 0.23780487804878047697 0.26219512195121952303 0.24390243902439023849 0.23780487804878047697 0.23780487804878047697 0.19512195121951220189 0.30487804878048779811 0.26219512195121952303 0.10975609756097561009 0.14634146341463413754 0.17073170731707318359 0.17682926829268291735 0.15853658536585366057 0.15853658536585366057 0.16463414634146342208 0.15853658536585366057 0.19512195121951220189 0.10975609756097561009 0.17073170731707318359 0.15853658536585366057 0.15853658536585366057 0.17073170731707318359 0.18902439024390244038 0.15853658536585366057 0.16463414634146342208 0.17073170731707318359 0.13414634146341464227 0.16463414634146342208 0.11585365853658537161 0.12804878048780488076 0.14634146341463413754 0.15853658536585366057 0.13414634146341464227 0.13414634146341464227 0.14024390243902440378 0.13414634146341464227 0.14024390243902440378 0.12804878048780488076 0.10975609756097561009 0.13414634146341464227 0.15853658536585366057 0.14634146341463413754 0.17073170731707318359 0.15853658536585366057
0.23780487804878047697 0.21341463414634145868 0.17682926829268291735 0.23780487804878047697 0.25 0.26219512195121952303 0.23170731707317074322 0.18292682926829267887 0.15853658536585366057 0.17073170731707318359 0.15853658536585366057 0.11585365853658537161 0.15853658536585366057 0.14634146341463413754 0.21341463414634145868 0.18292682926829267887 0.2012195121951219634 0.14024390243902440378 0.13414634146341464227 0.12195121951219511924 0.13414634146341464227 0.15853658536585366057 0.17073170731707318359 0.16463414634146342208 0.17073170731707318359 0.15853658536585366057 0.17073170731707318359 0.13414634146341464227 0.17073170731707318359 0.15853658536585366057 0.16463414634146342208 0.15853658536585366057 0.17073170731707318359 0.15853658536585366057 0.13414634146341464227 0.091463414634146339433 0.14634146341463413754 0.14634146341463413754 0.15853658536585366057 0.15853658536585366057 0.13414634146341464227 0.15853658536585366057 0.18902439024390244038 0.17073170731707318359 0.14634146341463413754 0.15853658536585366057
0.28048780487804880757 0.18292682926829267887 0.21341463414634145868 0.24390243902439023849 0.16463414634146342208 0.15853658536585366057 0.21341463414634145868 0.17073170731707318359 0.29268292682926827508 0.18902439024390244038 0.17073170731707318359 0.14024390243902440378 0.2012195121951219634 0.14634146341463413754 0.15853658536585366057 0.17073170731707318359 0.17073170731707318359 0.13414634146341464227 0.13414634146341464227 0.14634146341463413754 0.14024390243902440378 0.17073170731707318359 0.16463414634146342208 0.16463414634146342208 0.17073170731707318359 0.15853658536585366057 0.17073170731707318359 0.13414634146341464227 0.15853658536585366057 0.13414634146341464227 0.14024390243902440378 0.17073170731707318359 0.16463414634146342208 0.17073170731707318359 0.13414634146341464227 0.14634146341463413754 0.12195121951219511924 0.14634146341463413754 0.17073170731707318359 0.15853658536585366057 0.15853658536585366057 0.2012195121951219634 0.21341463414634145868 0.18902439024390244038 0.18292682926829267887 0.17073170731707318359
0.23780487804878047697 0.2987804878048780366 0.21341463414634145868 0.21341463414634145868 0.15853658536585366057 0.21951219512195122019 0.15853658536585366057 0.17073170731707318359 0.15853658536585366057 0.21341463414634145868 0.2256097560975609817 0.17073170731707318359 0.15853658536585366057 0.17073170731707318359 0.15853658536585366057 0.17073170731707318359 0.17682926829268291735 0.13414634146341464227 0.14634146341463413754 0.17073170731707318359 0.17073170731707318359 0.15853658536585366057 0.18902439024390244038 0.16463414634146342208 0.15853658536585366057 0.2012195121951219634 0.17073170731707318359 0.12195121951219511924 0.18292682926829267887 0.17073170731707318359 0.21341463414634145868 0.17073170731707318359 0.18292682926829267887 0.17073170731707318359 0.15853658536585366057 0.11585365853658537161 0.15853658536585366057 0.17073170731707318359 0.15853658536585366057 0.10975609756097561009 0.13414634146341464227 0.17073170731707318359 0.21341463414634145868 0.18292682926829267887 0.17073170731707318359 0.18902439024390244038
0.23170731707317074322 0.17073170731707318359 0.17073170731707318359 0.21341463414634145868 0.14024390243902440378 0.15853658536585366057 0.16463414634146342208 0.15853658536585366057 0.16463414634146342208 0.13414634146341464227 0.28658536585365851357 0.19512195121951220189 0.17073170731707318359 0.18292682926829267887 0.14634146341463413754 0.17073170731707318359 0.18292682926829267887 0.18902439024390244038 0.15853658536585366057 0.16463414634146342208 0.15853658536585366057 0.17073170731707318359 0.17073170731707318359 0.21341463414634145868 0.17073170731707318359 0.17073170731707318359 0.17073170731707318359 0.15853658536585366057 0.14634146341463413754 0.17682926829268291735 0.17073170731707318359 0.18902439024390244038 0.21341463414634145868 0.17073170731707318359 0.12195121951219511924 0.15853658536585366057 0.14634146341463413754 0.14024390243902440378 0.15853658536585366057 0.15853658536585366057 0.12195121951219511924 0.15853658536585366057 0.18902439024390244038 0.17073170731707318359 0.17073170731707318359 0.14634146341463413754
0.18902439024390244038 0.21341463414634145868 0.19512195121951220189 0.2012195121951219634 0.15853658536585366057 0.25 0.14024390243902440378 0.16463414634146342208 0.14634146341463413754 0.17073170731707318359 0.28048780487804880757 0.23780487804878047697 0.16463414634146342208 0.16463414634146342208 0.16463414634146342208 0.15853658536585366057 0.18902439024390244038 0.16463414634146342208 0.16463414634146342208 0.21341463414634145868 0.18902439024390244038 0.2012195121951219634 0.15853658536585366057 0.15853658536585366057 0.17073170731707318359 0.21341463414634145868 0.17073170731707318359 0.15853658536585366057 0.17073170731707318359 0.17073170731707318359 0.17073170731707318359 0.21341463414634145868 0.17073170731707318359 0.21341463414634145868 0.17073170731707318359 0.17073170731707318359 0.14634146341463413754 0.15853658536585366057 0.16463414634146342208 0.079268292682926830284 0.13414634146341464227 0.17073170731707318359 0.2012195121951219634 0.17073170731707318359 0.16463414634146342208 0.16463414634146342208
0.25609756097560976151 0.23170731707317074322 0.18902439024390244038 0.23780487804878047697 0.2256097560975609817 0.2256097560975609817 0.18902439024390244038 0.21341463414634145868 0.17073170731707318359 0.18902439024390244038 0.21341463414634145868 0.24390243902439023849 0.13414634146341464227 0.21951219512195122019 0.16463414634146342208 0.21341463414634145868 0.17073170731707318359 0.17073170731707318359 0.15853658536585366057 0.16463414634146342208 0.14024390243902440378 0.17682926829268291735 0.18292682926829267887 0.20731707317073169716 0.17073170731707318359 0.18902439024390244038 0.17073170731707318359 0.14634146341463413754 0.14634146341463413754 0.16463414634146342208 0.17682926829268291735 0.20731707317073169716 0.14634146341463413754 0.15853658536585366057 0.16463414634146342208 0.12195121951219511924 0.12195121951219511924 0.12195121951219511924 0.16463414634146342208 0.13414634146341464227 0.12195121951219511924 0.17073170731707318359 0.21341463414634145868 0.25609756097560976151 0.25 0.25
0.33536585365853660567 0.16463414634146342208 0.29268292682926827508 0.26219512195121952303 0.2987804878048780366 0.25 0.23780487804878047697 0.2256097560975609817 0.18902439024390244038 0.16463414634146342208 0.21341463414634145868 0.23780487804878047697 0.18292682926829267887 0.18292682926829267887 0.15853658536585366057 0.17073170731707318359 0.17073170731707318359 0.17682926829268291735 0.17073170731707318359 0.17073170731707318359 0.17073170731707318359 0.13414634146341464227 0.13414634146341464227 0.21341463414634145868 0.14634146341463413754 0.15853658536585366057 0.14024390243902440378 0.091463414634146339433 0.17073170731707318359 0.17073170731707318359 0.17682926829268291735 0.25 0.17073170731707318359 0.12195121951219511924 0.17073170731707318359 0.13414634146341464227 0.12195121951219511924 0.14024390243902440378 0.16463414634146342208 0.15853658536585366057 0.15243902439024389905 0.17073170731707318359 0.16463414634146342208 0.23170731707317074322 0.18292682926829267887 0.17073170731707318359
0.43292682926829267887 0.29268292682926827508 0.33536585365853660567 0.26219512195121952303 0.27439024390243904605 0.17682926829268291735 0.23780487804878047697 0.25609756097560976151 0.29268292682926827508 0.17073170731707318359 0.18292682926829267887 0.18902439024390244038 0.17073170731707318359 0.17073170731707318359 0.23780487804878047697 0.16463414634146342208 0.23780487804878047697 0.23170731707317074322 0.17682926829268291735 0.18902439024390244038 0.17073170731707318359 0.17073170731707318359 0.14634146341463413754 0.18902439024390244038 0.21341463414634145868 0.17073170731707318359 0.14024390243902440378 0.15853658536585366057 0.13414634146341464227 0.17682926829268291735 0.18292682926829267887 0.17073170731707318359 0.17073170731707318359 0.12195121951219511924 0.14634146341463413754 0.15853658536585366057 0.15853658536585366057 0.17073170731707318359 0.16463414634146342208 0.18292682926829267887 0.17073170731707318359 0.16463414634146342208 0.19512195121951220189 0.16463414634146342208 0.21341463414634145868 0.18292682926829267887
0.43292682926829267887 0.29268292682926827508 0.2012195121951219634 0.21341463414634145868 0.31097560975609755962 0.2256097560975609817 0.23780487804878047697 0.30487804878048779811 0.24390243902439023849 0.18902439024390244038 0.17682926829268291735 0.21341463414634145868 0.2012195121951219634 0.21951219512195122019 0.23780487804878047697 0.21341463414634145868 0.21341463414634145868 0.17073170731707318359 0.17073170731707318359 0.17073170731707318359 0.16463414634146342208 0.17073170731707318359 0.17073170731707318359 0.18292682926829267887 0.15853658536585366057 0.19512195121951220189 0.18292682926829267887 0.15853658536585366057 0.15853658536585366057 0.12195121951219511924 0.18292682926829267887 0.14634146341463413754 0.17073170731707318359 0.14024390243902440378 0.15853658536585366057 0.15853658536585366057 0.18902439024390244038 0.17073170731707318359 0.17073170731707318359 0.13414634146341464227 0.15853658536585366057 0.16463414634146342208 0.17073170731707318359 0.21341463414634145868 0.17073170731707318359 0.21341463414634145868
0.23780487804878047697 0.31707317073170732113 0.28048780487804880757 0.17073170731707318359 0.28658536585365851357 0.19512195121951220189 0.23780487804878047697 0.23780487804878047697 0.26219512195121952303 0.28658536585365851357 0.18902439024390244038 0.23780487804878047697 0.17073170731707318359 0.17682926829268291735 0.21341463414634145868 0.23780487804878047697 0.18902439024390244038 0.17073170731707318359 0.17073170731707318359 0.17073170731707318359 0.21341463414634145868 0.28658536585365851357 0.19512195121951220189 0.15853658536585366057 0.14634146341463413754 0.2012195121951219634 0.18292682926829267887 0.2012195121951219634 0.16463414634146342208 0.14634146341463413754 0.23780487804878047697 0.21341463414634145868 0.17073170731707318359 0.17073170731707318359 0.16463414634146342208 0.14634146341463413754 0.17682926829268291735 0.19512195121951220189 0.18902439024390244038 0.13414634146341464227 0.14024390243902440378 0.21341463414634145868 0.23780487804878047697 0.18902439024390244038 0.17073170731707318359 0.21341463414634145868
0.26219512195121952303 0.23780487804878047697 0.28048780487804880757 0.21341463414634145868 0.28048780487804880757 0.17073170731707318359 0.31097560975609755962 0.21341463414634145868 0.26219512195121952303 0.21341463414634145868 0.23780487804878047697 0.17073170731707318359 0.17073170731707318359 0.23780487804878047697 0.28658536585365851357 0.26219512195121952303 0.26219512195121952303 0.18902439024390244038 0.21341463414634145868 0.23170731707317074322 0.19512195121951220189 0.18902439024390244038 0.17073170731707318359 0.18902439024390244038 0.21341463414634145868 0.17073170731707318359 0.21341463414634145868 0.18902439024390244038 0.18292682926829267887 0.16463414634146342208 0.13414634146341464227 0.18292682926829267887 0.12195121951219511924 0.12195121951219511924 0.17073170731707318359 0.2256097560975609817 0.18292682926829267887 0.21341463414634145868 0.12195121951219511924 0.15853658536585366057 0.15853658536585366057 0.23170731707317074322 0.24390243902439023849 0.24390243902439023849 0.23170731707317074322 0.26219512195121952303
0.19512195121951220189 0.18292682926829267887 0.17073170731707318359 0.13414634146341464227 0.24390243902439023849 0.18902439024390244038 0.28048780487804880757 0.18902439024390244038 0.25 0.26219512195121952303 0.21341463414634145868 0.21341463414634145868 0.2256097560975609817 0.25609756097560976151 0.18902439024390244038 0.18902439024390244038 0.23780487804878047697 0.21951219512195122019 0.17682926829268291735 0.18292682926829267887 0.18292682926829267887 0.17073170731707318359 0.16463414634146342208 0.21341463414634145868 0.21341463414634145868 0.2256097560975609817 0.21341463414634145868 0.18292682926829267887 0.17073170731707318359 0.17682926829268291735 0.17073170731707318359 0.23780487804878047697 0.2012195121951219634 0.23170731707317074322 0.14024390243902440378 0.17073170731707318359 0.16463414634146342208 0.23780487804878047697 0.18902439024390244038 0.10975609756097561009 0.23780487804878047697 0.23780487804878047697 0.17682926829268291735 0.23780487804878047697 0.19512195121951220189 0.26219512195121952303
