Example/niche_identity/models/ENFA/coelestinus.asc
ncols        743
nrows        319
xllcorner    -74.500956448335
yllcorner    17.448920549066
cellsize     0.008333333333
NODATA_value  -9999
[rows 60 to 79 of 319, columns 322 to 367 of 743]
0.039473684210526313598 0.059210526315789470397 0.039473684210526313598 0.032894736842105261332 0.039473684210526313598 0.032894736842105261332 0.032894736842105261332 0.039473684210526313598 0.013157894736842104533 0.013157894736842104533 0.0065789473684210522664 0.046052631578947365865 0.039473684210526313598 0.032894736842105261332 0.013157894736842104533 0.032894736842105261332 0.032894736842105261332 0.032894736842105261332 0.032894736842105261332 0.013157894736842104533 0.019736842105263156799 0.032894736842105261332 0.032894736842105261332 0.013157894736842104533 0.013157894736842104533 0.013157894736842104533 0.032894736842105261332 0.013157894736842104533 0.032894736842105261332 0.032894736842105261332 0.0065789473684210522664 0.0065789473684210522664 0.0065789473684210522664 0.032894736842105261332 0.032894736842105261332 0.019736842105263156799 0.0065789473684210522664 0 0 0 0.0065789473684210522664 0.0065789473684210522664 0 0.0065789473684210522664 0.0065789473684210522664 0
0.046052631578947365865 0.046052631578947365865 0.039473684210526313598 0.039473684210526313598 0.032894736842105261332 0.032894736842105261332 0.032894736842105261332 0.039473684210526313598 0.039473684210526313598 0.032894736842105261332 0.013157894736842104533 0.032894736842105261332 0.039473684210526313598 0.032894736842105261332 0.032894736842105261332 0.032894736842105261332 0.032894736842105261332 0.032894736842105261332 0.032894736842105261332 0.032894736842105261332 0.039473684210526313598 0.039473684210526313598 0.032894736842105261332 0.032894736842105261332 0.019736842105263156799 0.0065789473684210522664 0.013157894736842104533 0.032894736842105261332 0.032894736842105261332 0.0065789473684210522664 0.032894736842105261332 0.013157894736842104533 0.013157894736842104533 0.019736842105263156799 0.032894736842105261332 0.013157894736842104533 0.032894736842105261332 0.0065789473684210522664 0.0065789473684210522664 0.0065789473684210522664 0.0065789473684210522664 0.0065789473684210522664 0.0065789473684210522664 0.0065789473684210522664 0.0065789473684210522664 0
0.052631578947368418131 0.059210526315789470397 0.046052631578947365865 0.039473684210526313598 0.032894736842105261332 0.032894736842105261332 0.039473684210526313598 0.039473684210526313598 0.039473684210526313598 0.032894736842105261332 0.032894736842105261332 0.032894736842105261332 0.046052631578947365865 0.046052631578947365865 0.032894736842105261332 0.032894736842105261332 0.019736842105263156799 0.032894736842105261332 0.013157894736842104533 0.032894736842105261332 0.019736842105263156799 0.032894736842105261332 0.046052631578947365865 0.032894736842105261332 0.013157894736842104533 0.032894736842105261332 0.019736842105263156799 0.032894736842105261332 0.019736842105263156799 0.032894736842105261332 0.0065789473684210522664 0.013157894736842104533 0.0065789473684210522664 0.013157894736842104533 0.013157894736842104533 0.013157894736842104533 0.013157894736842104533 0.0065789473684210522664 0 0.0065789473684210522664 0 0.0065789473684210522664 0.0065789473684210522664 0.0065789473684210522664 0 0
0.039473684210526313598 0.046052631578947365865 0.046052631578947365865 0.039473684210526313598 0.032894736842105261332 0.032894736842105261332 0.046052631578947365865 0.032894736842105261332 0.039473684210526313598 0.032894736842105261332 0.039473684210526313598 0.032894736842105261332 0.039473684210526313598 0.039473684210526313598 0.032894736842105261332 0.032894736842105261332 0.039473684210526313598 0.046052631578947365865 0.039473684210526313598 0.032894736842105261332 0.032894736842105261332 0.032894736842105261332 0.032894736842105261332 0.032894736842105261332 0.032894736842105261332 0.032894736842105261332 0.039473684210526313598 0.013157894736842104533 0.013157894736842104533 0.013157894736842104533 0.032894736842105261332 0.013157894736842104533 0.032894736842105261332 0.013157894736842104533 0.013157894736842104533 0.013157894736842104533 0.0065789473684210522664 0.013157894736842104533 0.0065789473684210522664 0.0065789473684210522664 0.032894736842105261332 0.013157894736842104533 0.0065789473684210522664 0.0065789473684210522664 0.0065789473684210522664 0.0065789473684210522664
0.046052631578947365865 0.039473684210526313598 0.032894736842105261332 0.039473684210526313598 0.065789473684210522664 0.039473684210526313598 0.039473684210526313598 0.039473684210526313598 0.032894736842105261332 0.032894736842105261332 0.039473684210526313598 0.059210526315789470397 0.032894736842105261332 0.019736842105263156799 0.032894736842105261332 0.032894736842105261332 0.046052631578947365865 0.059210526315789470397 0.039473684210526313598 0.039473684210526313598 0.046052631578947365865 0.046052631578947365865 0.039473684210526313598 0.032894736842105261332 0.032894736842105261332 0.032894736842105261332 0.032894736842105261332 0.032894736842105261332 0.019736842105263156799 0.039473684210526313598 0.032894736842105261332 0.032894736842105261332 0.019736842105263156799 0.032894736842105261332 0.013157894736842104533 0.0065789473684210522664 0.032894736842105261332 0.032894736842105261332 0.032894736842105261332 0.013157894736842104533 0.032894736842105261332 0.019736842105263156799 0.013157894736842104533 0.0065789473684210522664 0.0065789473684210522664 0.013157894736842104533
0.039473684210526313598 0.046052631578947365865 0.039473684210526313598 0.039473684210526313598 0.059210526315789470397 0.039473684210526313598 0.039473684210526313598 0.032894736842105261332 0.032894736842105261332 0.039473684210526313598 0.039473684210526313598 0.046052631578947365865 0.039473684210526313598 0.032894736842105261332 0.032894736842105261332 0.039473684210526313598 0.032894736842105261332 0.032894736842105261332 0.039473684210526313598 0.032894736842105261332 0.039473684210526313598 0.032894736842105261332 0.046052631578947365865 0.032894736842105261332 0.032894736842105261332 0.032894736842105261332 0.032894736842105261332 0.032894736842105261332 0.032894736842105261332 0.039473684210526313598 0.019736842105263156799 0.013157894736842104533 0.032894736842105261332 0.032894736842105261332 0.032894736842105261332 0.032894736842105261332 0.013157894736842104533 0.013157894736842104533 0.039473684210526313598 0.046052631578947365865 0.039473684210526313598 0.032894736842105261332 0.032894736842105261332 0.013157894736842104533 0.032894736842105261332 0.0065789473684210522664
0.059210526315789470397 0.085526315789473686402 0.046052631578947365865 0.046052631578947365865 0.032894736842105261332 0.046052631578947365865 0.046052631578947365865 0.039473684210526313598 0.039473684210526313598 0.039473684210526313598 0.039473684210526313598 0.039473684210526313598 0.039473684210526313598 0.039473684210526313598 0.039473684210526313598 0.039473684210526313598 0.032894736842105261332 0.039473684210526313598 0.039473684210526313598 0.046052631578947365865 0.065789473684210522664 0.039473684210526313598 0.039473684210526313598 0.032894736842105261332 0.039473684210526313598 0.039473684210526313598 0.032894736842105261332 0.039473684210526313598 0.039473684210526313598 0.032894736842105261332 0.032894736842105261332 0.019736842105263156799 0.0065789473684210522664 0.039473684210526313598 0.039473684210526313598 0.032894736842105261332 0.032894736842105261332 0.019736842105263156799 0.039473684210526313598 0.039473684210526313598 0.032894736842105261332 0.032894736842105261332 0.032894736842105261332 0.013157894736842104533 0.013157894736842104533 0.0065789473684210522664
0.059210526315789470397 0.059210526315789470397 0.039473684210526313598 0.078947368421052627196 0.059210526315789470397 0.059210526315789470397 0.059210526315789470397 0.078947368421052627196 0.059210526315789470397 0.039473684210526313598 0.046052631578947365865 0.039473684210526313598 0.039473684210526313598 0.039473684210526313598 0.039473684210526313598 0.039473684210526313598 0.032894736842105261332 0.052631578947368418131 0.039473684210526313598 0.059210526315789470397 0.046052631578947365865 0.085526315789473686402 0.046052631578947365865 0.052631578947368418131 0.046052631578947365865 0.046052631578947365865 0.039473684210526313598 0.032894736842105261332 0.039473684210526313598 0.039473684210526313598 0.013157894736842104533 0.032894736842105261332 0.013157894736842104533 0.039473684210526313598 0.039473684210526313598 0.013157894736842104533 0.019736842105263156799 0.019736842105263156799 0.039473684210526313598 0.032894736842105261332 0.032894736842105261332 0.039473684210526313598 0.032894736842105261332 0.013157894736842104533 0.032894736842105261332 0.013157894736842104533
0.098684210526315790935 0.085526315789473686402 0.085526315789473686402 0.085526315789473686402 0.078947368421052627196 0.052631578947368418131 0.059210526315789470397 0.039473684210526313598 0.052631578947368418131 0.046052631578947365865 0.078947368421052627196 0.046052631578947365865 0.046052631578947365865 0.039473684210526313598 0.039473684210526313598 0.046052631578947365865 0.039473684210526313598 0.039473684210526313598 0.046052631578947365865 0.039473684210526313598 0.039473684210526313598 0.11184210526315789547 0.072368421052631581869 0.098684210526315790935 0.046052631578947365865 0.039473684210526313598 0.039473684210526313598 0.032894736842105261332 0.032894736842105261332 0.039473684210526313598 0.039473684210526313598 0.032894736842105261332 0.039473684210526313598 0.032894736842105261332 0.032894736842105261332 0.013157894736842104533 0.032894736842105261332 0.013157894736842104533 0.032894736842105261332 0.039473684210526313598 0.039473684210526313598 0.032894736842105261332 0.032894736842105261332 0.032894736842105261332 0.013157894736842104533 0.032894736842105261332
0.098684210526315790935 0.085526315789473686402 0.059210526315789470397 0.059210526315789470397 0.046052631578947365865 0.078947368421052627196 0.098684210526315790935 0.046052631578947365865 0.046052631578947365865 0.059210526315789470397 0.046052631578947365865 0.046052631578947365865 0.039473684210526313598 0.039473684210526313598 0.046052631578947365865 0.059210526315789470397 0.059210526315789470397 0.046052631578947365865 0.046052631578947365865 0.078947368421052627196 0.046052631578947365865 0.11184210526315789547 0.098684210526315790935 0.098684210526315790935 0.085526315789473686402 0.059210526315789470397 0.046052631578947365865 0.046052631578947365865 0.046052631578947365865 0.039473684210526313598 0.039473684210526313598 0.039473684210526313598 0.032894736842105261332 0.039473684210526313598 0.032894736842105261332 0.039473684210526313598 0.039473684210526313598 0.032894736842105261332 0.039473684210526313598 0.032894736842105261332 0.032894736842105261332 0.032894736842105261332 0.032894736842105261332 0.013157894736842104533 0.0065789473684210522664 0.013157894736842104533
0.11842105263157894079 0.11184210526315789547 0.052631578947368418131 0.065789473684210522664 0.11184210526315789547 0.072368421052631581869 0.065789473684210522664 0.046052631578947365865 0.078947368421052627196 0.052631578947368418131 0.046052631578947365865 0.046052631578947365865 0.059210526315789470397 0.065789473684210522664 0.046052631578947365865 0.046052631578947365865 0.046052631578947365865 0.046052631578947365865 0.078947368421052627196 0.052631578947368418131 0.059210526315789470397 0.065789473684210522664 0.10526315789473683626 0.039473684210526313598 0.059210526315789470397 0.078947368421052627196 0.059210526315789470397 0.039473684210526313598 0.046052631578947365865 0.039473684210526313598 0.039473684210526313598 0.059210526315789470397 0.052631578947368418131 0.046052631578947365865 0.059210526315789470397 0.039473684210526313598 0.046052631578947365865 0.032894736842105261332 0.032894736842105261332 0.032894736842105261332 0.032894736842105261332 0.032894736842105261332 0.032894736842105261332 0.0065789473684210522664 0.0065789473684210522664 0.0065789473684210522664
0.34210526315789474561 0.23026315789473683626 0.15131578947368420907 0.13815789473684211841 0.11184210526315789547 0.085526315789473686402 0.072368421052631581869 0.065789473684210522664 0.10526315789473683626 0.13815789473684211841 0.078947368421052627196 0.046052631578947365865 0.059210526315789470397 0.059210526315789470397 0.059210526315789470397 0.052631578947368418131 0.059210526315789470397 0.072368421052631581869 0.065789473684210522664 0.13157894736842104533 0.085526315789473686402 0.078947368421052627196 0.078947368421052627196 0.098684210526315790935 0.13815789473684211841 0.10526315789473683626 0.085526315789473686402 0.059210526315789470397 0.039473684210526313598 0.046052631578947365865 0.092105263157894731729 0.059210526315789470397 0.046052631578947365865 0.039473684210526313598 0.039473684210526313598 0.039473684210526313598 0.039473684210526313598 0.039473684210526313598 0.032894736842105261332 0.032894736842105261332 0.032894736842105261332 0.019736842105263156799 0.032894736842105261332 0.032894736842105261332 0.013157894736842104533 0.0065789473684210522664
0.13815789473684211841 0.23026315789473683626 0.13815789473684211841 0.085526315789473686402 0.065789473684210522664 0.078947368421052627196 0.11184210526315789547 0.085526315789473686402 0.098684210526315790935 0.15131578947368420907 0.078947368421052627196 0.085526315789473686402 0.059210526315789470397 0.085526315789473686402 0.072368421052631581869 0.059210526315789470397 0.072368421052631581869 0.085526315789473686402 0.11184210526315789547 0.15131578947368420907 0.11842105263157894079 0.092105263157894731729 0.19078947368421053654 0.36842105263157892692 0.15131578947368420907 0.26973684210526316374 0.098684210526315790935 0.085526315789473686402 0.065789473684210522664 0.098684210526315790935 0.078947368421052627196 0.098684210526315790935 0.078947368421052627196 0.046052631578947365865 0.065789473684210522664 0.039473684210526313598 0.046052631578947365865 0.039473684210526313598 0.032894736842105261332 0.032894736842105261332 0.032894736842105261332 0.032894736842105261332 0.013157894736842104533 0.032894736842105261332 0.013157894736842104533 0.013157894736842104533
0.21052631578947367252 0.13815789473684211841 0.21052631578947367252 0.13815789473684211841 0.21052631578947367252 0.085526315789473686402 0.17763157894736841813 0.19736842105263158187 0.059210526315789470397 0.059210526315789470397 0.072368421052631581869 0.078947368421052627196 0.13815789473684211841 0.059210526315789470397 0.078947368421052627196 0.052631578947368418131 0.085526315789473686402 0.098684210526315790935 0.046052631578947365865 0.059210526315789470397 0.10526315789473683626 0.15131578947368420907 0.35526315789473683626 0.26973684210526316374 0.2039473684210526272 0.11184210526315789547 0.15131578947368420907 0.14473684210526316374 0.046052631578947365865 0.065789473684210522664 0.072368421052631581869 0.11842105263157894079 0.065789473684210522664 0.059210526315789470397 0.085526315789473686402 0.085526315789473686402 0.039473684210526313598 0.039473684210526313598 0.032894736842105261332 0.032894736842105261332 0.032894736842105261332 0.032894736842105261332 0.032894736842105261332 0.032894736842105261332 0.032894736842105261332 0.019736842105263156799
0.2039473684210526272 0.21710526315789474561 0.11842105263157894079 0.44078947368421050879 0.13815789473684211841 0.11842105263157894079 0.13815789473684211841 0.078947368421052627196 0.14473684210526316374 0.15789473684210525439 0.19078947368421053654 0.11842105263157894079 0.085526315789473686402 0.059210526315789470397 0.046052631578947365865 0.046052631578947365865 0.085526315789473686402 0.085526315789473686402 0.085526315789473686402 0.085526315789473686402 0.11184210526315789547 0.16447368421052632748 0.21710526315789474561 0.40131578947368423682 0.21710526315789474561 0.125 0.14473684210526316374 0.13815789473684211841 0.1710526315789473728 0.13157894736842104533 0.092105263157894731729 0.078947368421052627196 0.098684210526315790935 0.085526315789473686402 0.078947368421052627196 0.078947368421052627196 0.052631578947368418131 0.032894736842105261332 0.046052631578947365865 0.032894736842105261332 0.032894736842105261332 0.046052631578947365865 0.039473684210526313598 0.046052631578947365865 0.039473684210526313598 0.032894736842105261332
0.15131578947368420907 0.10526315789473683626 0.23026315789473683626 0.46052631578947367252 0.65131578947368418131 0.21710526315789474561 0.11842105263157894079 0.15789473684210525439 0.13157894736842104533 0.11184210526315789547 0.098684210526315790935 0.13815789473684211841 0.15789473684210525439 0.065789473684210522664 0.059210526315789470397 0.13157894736842104533 0.098684210526315790935 0.10526315789473683626 0.092105263157894731729 0.15131578947368420907 0.1710526315789473728 0.15131578947368420907 0.13815789473684211841 0.21052631578947367252 0.15789473684210525439 0.36184210526315790935 0.35526315789473683626 0.36842105263157892692 0.34210526315789474561 0.098684210526315790935 0.085526315789473686402 0.098684210526315790935 0.11184210526315789547 0.072368421052631581869 0.039473684210526313598 0.059210526315789470397 0.039473684210526313598 0.046052631578947365865 0.039473684210526313598 0.046052631578947365865 0.072368421052631581869 0.039473684210526313598 0.039473684210526313598 0.032894736842105261332 0.032894736842105261332 0.039473684210526313598
0.15131578947368420907 0.52631578947368418131 0.44078947368421050879 0.44078947368421050879 0.60526315789473683626 0.43421052631578949121 0.28289473684210525439 0.21052631578947367252 0.15131578947368420907 0.10526315789473683626 0.21710526315789474561 0.13815789473684211841 0.11842105263157894079 0.21052631578947367252 0.11184210526315789547 0.13157894736842104533 0.085526315789473686402 0.059210526315789470397 0.098684210526315790935 0.1710526315789473728 0.15789473684210525439 0.13815789473684211841 0.15789473684210525439 0.21710526315789474561 0.30921052631578949121 0.36184210526315790935 0.625 0.47368421052631576318 0.27631578947368423682 0.34210526315789474561 0.30921052631578949121 0.098684210526315790935 0.098684210526315790935 0.085526315789473686402 0.046052631578947365865 0.052631578947368418131 0.078947368421052627196 0.039473684210526313598 0.046052631578947365865 0.039473684210526313598 0.065789473684210522664 0.052631578947368418131 0.046052631578947365865 0.039473684210526313598 0.059210526315789470397 0.072368421052631581869
0.36842105263157892692 0.21710526315789474561 0.58552631578947367252 0.46710526315789474561 0.625 0.46710526315789474561 0.43421052631578949121 0.43421052631578949121 0.21052631578947367252 0.13815789473684211841 0.11842105263157894079 0.098684210526315790935 0.13815789473684211841 0.17763157894736841813 0.098684210526315790935 0.098684210526315790935 0.098684210526315790935 0.15131578947368420907 0.19078947368421053654 0.10526315789473683626 0.13815789473684211841 0.11184210526315789547 0.13815789473684211841 0.21052631578947367252 0.61842105263157898243 0.40131578947368423682 0.43421052631578949121 0.49342105263157892692 0.44078947368421050879 0.40131578947368423682 0.38815789473684209065 0.32236842105263158187 0.23026315789473683626 0.059210526315789470397 0.13815789473684211841 0.13157894736842104533 0.15131578947368420907 0.13815789473684211841 0.098684210526315790935 0.039473684210526313598 0.059210526315789470397 0.085526315789473686402 0.039473684210526313598 0.059210526315789470397 0.052631578947368418131 0.059210526315789470397
0.61842105263157898243 0.30921052631578949121 0.40131578947368423682 0.43421052631578949121 0.40131578947368423682 0.41447368421052632748 0.40131578947368423682 0.21052631578947367252 0.29605263157894734505 0.44078947368421050879 0.30921052631578949121 0.21710526315789474561 0.098684210526315790935 0.2039473684210526272 0.098684210526315790935 0.098684210526315790935 0.13815789473684211841 0.31578947368421050879 0.11842105263157894079 0.11184210526315789547 0.098684210526315790935 0.21710526315789474561 0.19078947368421053654 0.46710526315789474561 0.40131578947368423682 0.54605263157894734505 0.58552631578947367252 0.46052631578947367252 0.60526315789473683626 0.46710526315789474561 0.34210526315789474561 0.38815789473684209065 0.11842105263157894079 0.21710526315789474561 0.13157894736842104533 0.18421052631578946346 0.21052631578947367252 0.098684210526315790935 0.046052631578947365865 0.098684210526315790935 0.059210526315789470397 0.046052631578947365865 0.059210526315789470397 0.039473684210526313598 0.059210526315789470397 0.032894736842105261332
0.46052631578947367252 0.21052631578947367252 0.42105263157894734505 0.38815789473684209065 0.26973684210526316374 0.34210526315789474561 0.30921052631578949121 0.27631578947368423682 0.23684210526315788159 0.15131578947368420907 0.39473684210526316374 0.21052631578947367252 0.21052631578947367252 0.098684210526315790935 0.14473684210526316374 0.10526315789473683626 0.30921052631578949121 0.15131578947368420907 0.15789473684210525439 0.15789473684210525439 0.18421052631578946346 0.21710526315789474561 0.15789473684210525439 0.21052631578947367252 0.26973684210526316374 0.39473684210526316374 0.69078947368421050879 0.5921052631578946901 0.60526315789473683626 0.36184210526315790935 0.43421052631578949121 0.30263157894736841813 0.19078947368421053654 0.40131578947368423682 0.17763157894736841813 0.085526315789473686402 0.13815789473684211841 0.13815789473684211841 0.046052631578947365865 0.039473684210526313598 0.039473684210526313598 0.052631578947368418131 0.085526315789473686402 0.039473684210526313598 0.032894736842105261332 0.039473684210526313598
