Example/niche_identity/models/ENFA/coelestinus.asc
ncols        743
nrows        319
xllcorner    -74.500956448335
yllcorner    17.448920549066
cellsize     0.008333333333
NODATA_value  -9999
[rows 180 to 199 of 319, columns 368 to 413 of 743]
0.10526315789473683626 0.078947368421052627196 0.059210526315789470397 0.11184210526315789547 0.039473684210526313598 0.039473684210526313598 0.032894736842105261332 0.046052631578947365865 0.078947368421052627196 0.078947368421052627196 0.11184210526315789547 0.098684210526315790935 0.11842105263157894079 0.10526315789473683626 0.15131578947368420907 0.13157894736842104533 0.21710526315789474561 0.15131578947368420907 0.19078947368421053654 0.26973684210526316374 0.21052631578947367252 0.32894736842105265495 0.26973684210526316374 0.30921052631578949121 0.21710526315789474561 0.19078947368421053654 0.21710526315789474561 0.18421052631578946346 0.15131578947368420907 0.15789473684210525439 0.13815789473684211841 0.21052631578947367252 0.13157894736842104533 0.19736842105263158187 0.21052631578947367252 0.21052631578947367252 0.11842105263157894079 0.21710526315789474561 0.21052631578947367252 0.21052631578947367252 0.11842105263157894079 0.17763157894736841813 0.15789473684210525439 0.15131578947368420907 0.21052631578947367252 0.19078947368421053654
0.21052631578947367252 0.21710526315789474561 0.19078947368421053654 0.21052631578947367252 0.085526315789473686402 0.039473684210526313598 0.032894736842105261332 0.039473684210526313598 0.046052631578947365865 0.039473684210526313598 0.059210526315789470397 0.078947368421052627196 0.15131578947368420907 0.2039473684210526272 0.16447368421052632748 0.11184210526315789547 0.21052631578947367252 0.13815789473684211841 0.26973684210526316374 0.21710526315789474561 0.26973684210526316374 0.33552631578947367252 0.38815789473684209065 0.23026315789473683626 0.30921052631578949121 0.21052631578947367252 0.30263157894736841813 0.24342105263157895467 0.26973684210526316374 0.31578947368421050879 0.29605263157894734505 0.31578947368421050879 0.21710526315789474561 0.13815789473684211841 0.30263157894736841813 0.15131578947368420907 0.19736842105263158187 0.21052631578947367252 0.19078947368421053654 0.19078947368421053654 0.15131578947368420907 0.21710526315789474561 0.21710526315789474561 0.21052631578947367252 0.21052631578947367252 0.21052631578947367252
0.39473684210526316374 0.28947368421052632748 0.30263157894736841813 0.25657894736842107308 0.30921052631578949121 0.085526315789473686402 0.11842105263157894079 0.10526315789473683626 0.11184210526315789547 0.078947368421052627196 0.085526315789473686402 0.21052631578947367252 0.19078947368421053654 0.15131578947368420907 0.21052631578947367252 0.15131578947368420907 0.13157894736842104533 0.19078947368421053654 0.21052631578947367252 0.16447368421052632748 0.19736842105263158187 0.17763157894736841813 0.25657894736842107308 0.2039473684210526272 0.23684210526315788159 0.21052631578947367252 0.23026315789473683626 0.375 0.30921052631578949121 0.21710526315789474561 0.25657894736842107308 0.19736842105263158187 0.21710526315789474561 0.34210526315789474561 0.23684210526315788159 0.17763157894736841813 0.16447368421052632748 0.19078947368421053654 0.15131578947368420907 0.17763157894736841813 0.13815789473684211841 0.21052631578947367252 0.21052631578947367252 0.21052631578947367252 0.21710526315789474561 0.21052631578947367252
0.21052631578947367252 0.32236842105263158187 0.23026315789473683626 0.24342105263157895467 0.15789473684210525439 0.098684210526315790935 0.21710526315789474561 0.23026315789473683626 0.1710526315789473728 0.1710526315789473728 0.26973684210526316374 0.25657894736842107308 0.22368421052631579093 0.1710526315789473728 0.31578947368421050879 0.15789473684210525439 0.11184210526315789547 0.085526315789473686402 0.13815789473684211841 0.15789473684210525439 0.15789473684210525439 0.14473684210526316374 0.19078947368421053654 0.30263157894736841813 0.25657894736842107308 0.21710526315789474561 0.25657894736842107308 0.38815789473684209065 0.21052631578947367252 0.30921052631578949121 0.17763157894736841813 0.26973684210526316374 0.375 0.23026315789473683626 0.26973684210526316374 0.19736842105263158187 0.19736842105263158187 0.21710526315789474561 0.19736842105263158187 0.27631578947368423682 0.19078947368421053654 0.15131578947368420907 0.15789473684210525439 0.19736842105263158187 0.21052631578947367252 0.21710526315789474561
0.15131578947368420907 0.34210526315789474561 0.44078947368421050879 0.30263157894736841813 0.27631578947368423682 0.19078947368421053654 0.36842105263157892692 0.26973684210526316374 0.36842105263157892692 0.38815789473684209065 0.31578947368421050879 0.25657894736842107308 0.30921052631578949121 0.32894736842105265495 0.15789473684210525439 0.13157894736842104533 0.15789473684210525439 0.13815789473684211841 0.13815789473684211841 0.30263157894736841813 0.17763157894736841813 0.15131578947368420907 0.15789473684210525439 0.21710526315789474561 0.34210526315789474561 0.23026315789473683626 0.19078947368421053654 0.30263157894736841813 0.25657894736842107308 0.21710526315789474561 0.25657894736842107308 0.17763157894736841813 0.36184210526315790935 0.15789473684210525439 0.11842105263157894079 0.21052631578947367252 0.15131578947368420907 0.26973684210526316374 0.21710526315789474561 0.21052631578947367252 0.19736842105263158187 0.16447368421052632748 0.21710526315789474561 0.26973684210526316374 0.21052631578947367252 0.17763157894736841813
0.15131578947368420907 0.1710526315789473728 0.35526315789473683626 0.35526315789473683626 0.30263157894736841813 0.27631578947368423682 0.43421052631578949121 0.375 0.39473684210526316374 0.375 0.43421052631578949121 0.375 0.25657894736842107308 0.13815789473684211841 0.13815789473684211841 0.26973684210526316374 0.26973684210526316374 0.15131578947368420907 0.125 0.13815789473684211841 0.21710526315789474561 0.19078947368421053654 0.19078947368421053654 0.26973684210526316374 0.21710526315789474561 0.21052631578947367252 0.34868421052631576318 0.38815789473684209065 0.375 0.30263157894736841813 0.36842105263157892692 0.21710526315789474561 0.30921052631578949121 0.32894736842105265495 0.34210526315789474561 0.25657894736842107308 0.21710526315789474561 0.13157894736842104533 0.21052631578947367252 0.1710526315789473728 0.26973684210526316374 0.19078947368421053654 0.1710526315789473728 0.24342105263157895467 0.13815789473684211841 0.21710526315789474561
0.21052631578947367252 0.38815789473684209065 0.30921052631578949121 0.53947368421052632748 0.46052631578947367252 0.40131578947368423682 0.49342105263157892692 0.43421052631578949121 0.53947368421052632748 0.38157894736842107308 0.40131578947368423682 0.21710526315789474561 0.375 0.36842105263157892692 0.36842105263157892692 0.21052631578947367252 0.25657894736842107308 0.30263157894736841813 0.19078947368421053654 0.23684210526315788159 0.26973684210526316374 0.30263157894736841813 0.33552631578947367252 0.21052631578947367252 0.38815789473684209065 0.35526315789473683626 0.23026315789473683626 0.30921052631578949121 0.43421052631578949121 0.36184210526315790935 0.34210526315789474561 0.21710526315789474561 0.33552631578947367252 0.38157894736842107308 0.36842105263157892692 0.34210526315789474561 0.34210526315789474561 0.31578947368421050879 0.30921052631578949121 0.23026315789473683626 0.21052631578947367252 0.34210526315789474561 0.39473684210526316374 0.21710526315789474561 0.42105263157894734505 0.21052631578947367252
0.375 0.34210526315789474561 0.36842105263157892692 0.44078947368421050879 0.41447368421052632748 0.31578947368421050879 0.42105263157894734505 0.46052631578947367252 0.40131578947368423682 0.40131578947368423682 0.36842105263157892692 0.36842105263157892692 0.38157894736842107308 0.46710526315789474561 0.43421052631578949121 0.38815789473684209065 0.30263157894736841813 0.31578947368421050879 0.30263157894736841813 0.21710526315789474561 0.36842105263157892692 0.33552631578947367252 0.24342105263157895467 0.38157894736842107308 0.35526315789473683626 0.34868421052631576318 0.21710526315789474561 0.30921052631578949121 0.30263157894736841813 0.36842105263157892692 0.30921052631578949121 0.36842105263157892692 0.38815789473684209065 0.30263157894736841813 0.30921052631578949121 0.19736842105263158187 0.25657894736842107308 0.34210526315789474561 0.30263157894736841813 0.375 0.31578947368421050879 0.28289473684210525439 0.25657894736842107308 0.21052631578947367252 0.30263157894736841813 0.25657894736842107308
0.375 0.40131578947368423682 0.46052631578947367252 0.44078947368421050879 0.43421052631578949121 0.43421052631578949121 0.46052631578947367252 0.43421052631578949121 0.41447368421052632748 0.43421052631578949121 0.43421052631578949121 0.36842105263157892692 0.40131578947368423682 0.40131578947368423682 0.48026315789473683626 0.42105263157894734505 0.33552631578947367252 0.42105263157894734505 0.24342105263157895467 0.35526315789473683626 0.34868421052631576318 0.34210526315789474561 0.36184210526315790935 0.40131578947368423682 0.40131578947368423682 0.39473684210526316374 0.38157894736842107308 0.39473684210526316374 0.28289473684210525439 0.34210526315789474561 0.38815789473684209065 0.39473684210526316374 0.36842105263157892692 0.38815789473684209065 0.39473684210526316374 0.39473684210526316374 0.28947368421052632748 0.375 0.39473684210526316374 0.36842105263157892692 0.35526315789473683626 0.28947368421052632748 0.31578947368421050879 0.28947368421052632748 0.31578947368421050879 0.23026315789473683626
0.5921052631578946901 0.54605263157894734505 0.43421052631578949121 0.49342105263157892692 0.44078947368421050879 0.43421052631578949121 0.48026315789473683626 0.40131578947368423682 0.41447368421052632748 0.40131578947368423682 0.38815789473684209065 0.39473684210526316374 0.375 0.40131578947368423682 0.41447368421052632748 0.44078947368421050879 0.39473684210526316374 0.58552631578947367252 0.40131578947368423682 0.46052631578947367252 0.36842105263157892692 0.375 0.36842105263157892692 0.40131578947368423682 0.36842105263157892692 0.38815789473684209065 0.375 0.39473684210526316374 0.34210526315789474561 0.34210526315789474561 0.31578947368421050879 0.36842105263157892692 0.31578947368421050879 0.36842105263157892692 0.26973684210526316374 0.30921052631578949121 0.23684210526315788159 0.38815789473684209065 0.375 0.21710526315789474561 0.38815789473684209065 0.30921052631578949121 0.29605263157894734505 0.21710526315789474561 0.34868421052631576318 0.28289473684210525439
0.48026315789473683626 0.43421052631578949121 0.53947368421052632748 0.43421052631578949121 0.69078947368421050879 0.46710526315789474561 0.46052631578947367252 0.40131578947368423682 0.40131578947368423682 0.375 0.30263157894736841813 0.26973684210526316374 0.27631578947368423682 0.30263157894736841813 0.26973684210526316374 0.36842105263157892692 0.34210526315789474561 0.43421052631578949121 0.40131578947368423682 0.46052631578947367252 0.44078947368421050879 0.44078947368421050879 0.43421052631578949121 0.40131578947368423682 0.38815789473684209065 0.34868421052631576318 0.38815789473684209065 0.43421052631578949121 0.39473684210526316374 0.34210526315789474561 0.375 0.38815789473684209065 0.375 0.34210526315789474561 0.30921052631578949121 0.34868421052631576318 0.36842105263157892692 0.36842105263157892692 0.31578947368421050879 0.34210526315789474561 0.34210526315789474561 0.36184210526315790935 0.30263157894736841813 0.28289473684210525439 0.28289473684210525439 0.30263157894736841813
0.40131578947368423682 0.38815789473684209065 0.40131578947368423682 0.39473684210526316374 0.34210526315789474561 0.40131578947368423682 0.40131578947368423682 0.38815789473684209065 0.30263157894736841813 0.21710526315789474561 0.30263157894736841813 0.26973684210526316374 0.21710526315789474561 0.23026315789473683626 0.15131578947368420907 0.15789473684210525439 0.28289473684210525439 0.34210526315789474561 0.36842105263157892692 0.38815789473684209065 0.38815789473684209065 0.40131578947368423682 0.375 0.32236842105263158187 0.38815789473684209065 0.36184210526315790935 0.30263157894736841813 0.32236842105263158187 0.39473684210526316374 0.375 0.27631578947368423682 0.30921052631578949121 0.30263157894736841813 0.34210526315789474561 0.375 0.36184210526315790935 0.38815789473684209065 0.36842105263157892692 0.36842105263157892692 0.375 0.34210526315789474561 0.375 0.34868421052631576318 0.26973684210526316374 0.31578947368421050879 0.30921052631578949121
0.39473684210526316374 0.40789473684210525439 0.40131578947368423682 0.375 0.25657894736842107308 0.39473684210526316374 0.39473684210526316374 0.33552631578947367252 0.21710526315789474561 0.21710526315789474561 0.23026315789473683626 0.21710526315789474561 0.19736842105263158187 0.16447368421052632748 0.1710526315789473728 0.15131578947368420907 0.19078947368421053654 0.19736842105263158187 0.21052631578947367252 0.25657894736842107308 0.26973684210526316374 0.34210526315789474561 0.30263157894736841813 0.26973684210526316374 0.30263157894736841813 0.30921052631578949121 0.31578947368421050879 0.33552631578947367252 0.375 0.36842105263157892692 0.34210526315789474561 0.30263157894736841813 0.36184210526315790935 0.36184210526315790935 0.36842105263157892692 0.33552631578947367252 0.36842105263157892692 0.38815789473684209065 0.375 0.32894736842105265495 0.34210526315789474561 0.34210526315789474561 0.31578947368421050879 0.34210526315789474561 0.29605263157894734505 0.26973684210526316374
0.39473684210526316374 0.36842105263157892692 0.35526315789473683626 0.34210526315789474561 0.27631578947368423682 0.36184210526315790935 0.36842105263157892692 0.39473684210526316374 0.1710526315789473728 0.19078947368421053654 0.19736842105263158187 0.17763157894736841813 0.19078947368421053654 0.15789473684210525439 0.16447368421052632748 0.19736842105263158187 0.19078947368421053654 0.19078947368421053654 0.17763157894736841813 0.2039473684210526272 0.19736842105263158187 0.23026315789473683626 0.21052631578947367252 0.21052631578947367252 0.21710526315789474561 0.24342105263157895467 0.26973684210526316374 0.31578947368421050879 0.40131578947368423682 0.36842105263157892692 0.375 0.36842105263157892692 0.35526315789473683626 0.31578947368421050879 0.36842105263157892692 0.36842105263157892692 0.38815789473684209065 0.39473684210526316374 0.35526315789473683626 0.34210526315789474561 0.34210526315789474561 0.36842105263157892692 0.34210526315789474561 0.34210526315789474561 0.30263157894736841813 0.30263157894736841813
0.36842105263157892692 0.30263157894736841813 0.30921052631578949121 0.30263157894736841813 0.21710526315789474561 0.1710526315789473728 0.2039473684210526272 0.19078947368421053654 0.1710526315789473728 0.18421052631578946346 0.2039473684210526272 0.18421052631578946346 0.15789473684210525439 0.15131578947368420907 0.16447368421052632748 0.19078947368421053654 0.1710526315789473728 0.17763157894736841813 0.19078947368421053654 0.1710526315789473728 0.2039473684210526272 0.17763157894736841813 0.21052631578947367252 0.21052631578947367252 0.21052631578947367252 0.21710526315789474561 0.21710526315789474561 0.30263157894736841813 0.41447368421052632748 0.39473684210526316374 0.39473684210526316374 0.36842105263157892692 0.36184210526315790935 0.28947368421052632748 0.29605263157894734505 0.30921052631578949121 0.375 0.38815789473684209065 0.30921052631578949121 0.35526315789473683626 0.34868421052631576318 0.33552631578947367252 0.30263157894736841813 0.34210526315789474561 0.34868421052631576318 0.34210526315789474561
0.30263157894736841813 0.26973684210526316374 0.23026315789473683626 0.19078947368421053654 0.1710526315789473728 0.15789473684210525439 0.17763157894736841813 0.18421052631578946346 0.1710526315789473728 0.18421052631578946346 0.1710526315789473728 0.16447368421052632748 0.15789473684210525439 0.15789473684210525439 0.17763157894736841813 0.16447368421052632748 0.16447368421052632748 0.1710526315789473728 0.19078947368421053654 0.17763157894736841813 0.1710526315789473728 0.19736842105263158187 0.21052631578947367252 0.21052631578947367252 0.21052631578947367252 0.21052631578947367252 0.25657894736842107308 0.28289473684210525439 0.35526315789473683626 0.40131578947368423682 0.40131578947368423682 0.38815789473684209065 0.38815789473684209065 0.35526315789473683626 0.375 0.375 0.38815789473684209065 0.38815789473684209065 0.36184210526315790935 0.34210526315789474561 0.36842105263157892692 0.34210526315789474561 0.375 0.34210526315789474561 0.30263157894736841813 0.33552631578947367252
0.27631578947368423682 0.21710526315789474561 0.21052631578947367252 0.21052631578947367252 0.16447368421052632748 0.17763157894736841813 0.17763157894736841813 0.1710526315789473728 0.17763157894736841813 0.17763157894736841813 0.17763157894736841813 0.15789473684210525439 0.15789473684210525439 0.1710526315789473728 0.17763157894736841813 0.1710526315789473728 0.1710526315789473728 0.1710526315789473728 0.17763157894736841813 0.1710526315789473728 0.16447368421052632748 0.1710526315789473728 0.19078947368421053654 0.1710526315789473728 0.21052631578947367252 0.21052631578947367252 0.21710526315789474561 0.25657894736842107308 0.30263157894736841813 0.32894736842105265495 0.43421052631578949121 0.44078947368421050879 0.40131578947368423682 0.34210526315789474561 0.34210526315789474561 0.36842105263157892692 0.35526315789473683626 0.38815789473684209065 0.38815789473684209065 0.34868421052631576318 0.32894736842105265495 0.30263157894736841813 0.35526315789473683626 0.34210526315789474561 0.34210526315789474561 0.36842105263157892692
0.25657894736842107308 0.21710526315789474561 0.21710526315789474561 0.2039473684210526272 0.1710526315789473728 0.15789473684210525439 0.17763157894736841813 0.16447368421052632748 0.1710526315789473728 0.17763157894736841813 0.1710526315789473728 0.15131578947368420907 0.15789473684210525439 0.17763157894736841813 0.17763157894736841813 0.17763157894736841813 0.16447368421052632748 0.17763157894736841813 0.18421052631578946346 0.16447368421052632748 0.17763157894736841813 0.17763157894736841813 0.18421052631578946346 0.18421052631578946346 0.19078947368421053654 0.21052631578947367252 0.21052631578947367252 0.21710526315789474561 0.28289473684210525439 0.30263157894736841813 0.32894736842105265495 0.36842105263157892692 0.38815789473684209065 0.34210526315789474561 0.35526315789473683626 0.38815789473684209065 0.34210526315789474561 0.34210526315789474561 0.38815789473684209065 0.31578947368421050879 0.31578947368421050879 0.36842105263157892692 0.35526315789473683626 0.36842105263157892692 0.38815789473684209065 0.35526315789473683626
0.25 0.21710526315789474561 0.18421052631578946346 0.19078947368421053654 0.1710526315789473728 0.1710526315789473728 0.18421052631578946346 0.1710526315789473728 0.17763157894736841813 0.15789473684210525439 0.15131578947368420907 0.16447368421052632748 0.17763157894736841813 0.17763157894736841813 0.1710526315789473728 0.15789473684210525439 0.1710526315789473728 0.17763157894736841813 0.17763157894736841813 0.17763157894736841813 0.17763157894736841813 0.17763157894736841813 0.19078947368421053654 0.17763157894736841813 0.17763157894736841813 0.19736842105263158187 0.21052631578947367252 0.21710526315789474561 0.25657894736842107308 0.26973684210526316374 0.27631578947368423682 0.29605263157894734505 0.30921052631578949121 0.32894736842105265495 0.35526315789473683626 0.33552631578947367252 0.30263157894736841813 0.30921052631578949121 0.31578947368421050879 0.32236842105263158187 0.34210526315789474561 0.34210526315789474561 0.34210526315789474561 0.38815789473684209065 0.375 0.40131578947368423682
0.21710526315789474561 0.21052631578947367252 0.18421052631578946346 0.1710526315789473728 0.17763157894736841813 0.1710526315789473728 0.1710526315789473728 0.1710526315789473728 0.17763157894736841813 0.15789473684210525439 0.15131578947368420907 0.15131578947368420907 0.1710526315789473728 0.17763157894736841813 0.1710526315789473728 0.15789473684210525439 0.16447368421052632748 0.17763157894736841813 0.17763157894736841813 0.17763157894736841813 0.1710526315789473728 0.18421052631578946346 0.17763157894736841813 0.18421052631578946346 0.17763157894736841813 0.19078947368421053654 0.21052631578947367252 0.21710526315789474561 0.21710526315789474561 0.21052631578947367252 0.25657894736842107308 0.25657894736842107308 0.30263157894736841813 0.34210526315789474561 0.27631578947368423682 0.30263157894736841813 0.31578947368421050879 0.31578947368421050879 0.32894736842105265495 0.31578947368421050879 0.375 0.38815789473684209065 0.39473684210526316374 0.40131578947368423682 0.36842105263157892692 0.40131578947368423682
