Example/niche_identity/models/ENFA/coelestinus_1.asc
ncols        743
nrows        319
xllcorner    -74.500956448335
yllcorner    17.448920549066
cellsize     0.008333333333
NODATA_value  -9999
[rows 140 to 159 of 319, columns 276 to 321 of 743]
0.079268292682926830284 0.091463414634146339433 0.060975609756097559622 0.036585365853658534385 0.012195121951219512618 0.012195121951219512618 0.042682926829268295899 0.024390243902439025236 0.012195121951219512618 0.012195121951219512618 0.024390243902439025236 0.012195121951219512618 0.012195121951219512618 0.012195121951219512618 0.13414634146341464227 0.23780487804878047697 0.51219512195121952303 0.63414634146341464227 0.65243902439024392681 0.65243902439024392681 0.59146341463414631168 0.51219512195121952303 0.51219512195121952303 0.24390243902439023849 0.17682926829268291735 0.15853658536585366057 0.10975609756097561009 0.085365853658536591797 0.067073170731707321135 0.060975609756097559622 0.042682926829268295899 0.079268292682926830284 0.07317073170731706877 0.10975609756097561009 0.085365853658536591797 0.091463414634146339433 0.079268292682926830284 0.10975609756097561009 0.13414634146341464227 0.17073170731707318359 0.18902439024390244038 0.23780487804878047697 0.18292682926829267887 0.2987804878048780366 0.30487804878048779811 0.35975609756097559622
0.060975609756097559622 0.042682926829268295899 0.060975609756097559622 0.024390243902439025236 0.067073170731707321135 0.024390243902439025236 0.024390243902439025236 0.024390243902439025236 0.012195121951219512618 0.012195121951219512618 0.012195121951219512618 0.012195121951219512618 0.012195121951219512618 0.012195121951219512618 0.012195121951219512618 0.13414634146341464227 0.17682926829268291735 0.53048780487804880757 0.62804878048780488076 0.65853658536585368832 0.53048780487804880757 0.68292682926829273438 0.54878048780487809211 0.2256097560975609817 0.10975609756097561009 0.17073170731707318359 0.091463414634146339433 0.079268292682926830284 0.079268292682926830284 0.085365853658536591797 0.067073170731707321135 0.07317073170731706877 0.085365853658536591797 0.11585365853658537161 0.14024390243902440378 0.10975609756097561009 0.13414634146341464227 0.11585365853658537161 0.13414634146341464227 0.17073170731707318359 0.18902439024390244038 0.24390243902439023849 0.2012195121951219634 0.21341463414634145868 0.26219512195121952303 0.37195121951219511924
0.048780487804878050473 0.036585365853658534385 0.067073170731707321135 0.054878048780487805047 0.067073170731707321135 0.036585365853658534385 0.012195121951219512618 0.012195121951219512618 0.036585365853658534385 0.012195121951219512618 0.012195121951219512618 0.012195121951219512618 0.012195121951219512618 0.012195121951219512618 0.0060975609756097563091 0.012195121951219512618 0.10975609756097561009 0.13414634146341464227 0.46951219512195119243 0.3963414634146341653 0.54268292682926833059 0.6036585365853658347 0.28048780487804880757 0.042682926829268295899 0.012195121951219512618 0.11585365853658537161 0.085365853658536591797 0.085365853658536591797 0.091463414634146339433 0.060975609756097559622 0.091463414634146339433 0.085365853658536591797 0.07317073170731706877 0.079268292682926830284 0.13414634146341464227 0.14024390243902440378 0.11585365853658537161 0.13414634146341464227 0.11585365853658537161 0.17682926829268291735 0.18902439024390244038 0.23170731707317074322 0.19512195121951220189 0.28658536585365851357 0.23780487804878047697 0.25609756097560976151
0.012195121951219512618 0.042682926829268295899 0.060975609756097559622 0.042682926829268295899 0.10975609756097561009 0.060975609756097559622 0.042682926829268295899 0.012195121951219512618 0.012195121951219512618 0.012195121951219512618 0.0060975609756097563091 0.0060975609756097563091 0 0.012195121951219512618 0.012195121951219512618 0.012195121951219512618 0.024390243902439025236 0.10975609756097561009 0.17073170731707318359 0.21341463414634145868 0.26219512195121952303 0.11585365853658537161 0.048780487804878050473 0.024390243902439025236 0.042682926829268295899 0.036585365853658534385 0.13414634146341464227 0.060975609756097559622 0.060975609756097559622 0.085365853658536591797 0.07317073170731706877 0.085365853658536591797 0.085365853658536591797 0.10975609756097561009 0.11585365853658537161 0.14024390243902440378 0.11585365853658537161 0.15853658536585366057 0.17073170731707318359 0.16463414634146342208 0.20731707317073169716 0.23170731707317074322 0.18292682926829267887 0.23780487804878047697 0.32926829268292684416 0.23780487804878047697
0.048780487804878050473 0.042682926829268295899 0.085365853658536591797 0.14634146341463413754 0.11585365853658537161 0.042682926829268295899 0.036585365853658534385 0.036585365853658534385 0.012195121951219512618 0.012195121951219512618 0.012195121951219512618 0.012195121951219512618 0.012195121951219512618 0.012195121951219512618 0.012195121951219512618 0.012195121951219512618 0.012195121951219512618 0.012195121951219512618 0.036585365853658534385 0.012195121951219512618 0.012195121951219512618 0.042682926829268295899 0.036585365853658534385 0.042682926829268295899 0.060975609756097559622 0.091463414634146339433 0.067073170731707321135 0.042682926829268295899 0.042682926829268295899 0.079268292682926830284 0.085365853658536591797 0.091463414634146339433 0.10975609756097561009 0.10975609756097561009 0.11585365853658537161 0.12195121951219511924 0.14634146341463413754 0.15853658536585366057 0.16463414634146342208 0.16463414634146342208 0.20731707317073169716 0.26219512195121952303 0.21341463414634145868 0.21341463414634145868 0.30487804878048779811 0.35975609756097559622
0.042682926829268295899 0.012195121951219512618 0.036585365853658534385 0.060975609756097559622 0.11585365853658537161 0.042682926829268295899 0.012195121951219512618 0.012195121951219512618 0.024390243902439025236 0.012195121951219512618 0.012195121951219512618 0.012195121951219512618 0.0060975609756097563091 0.012195121951219512618 0.012195121951219512618 0.012195121951219512618 0.036585365853658534385 0.079268292682926830284 0.085365853658536591797 0.042682926829268295899 0.012195121951219512618 0.012195121951219512618 0.060975609756097559622 0.14634146341463413754 0.15853658536585366057 0.091463414634146339433 0.042682926829268295899 0.067073170731707321135 0.042682926829268295899 0.085365853658536591797 0.060975609756097559622 0.085365853658536591797 0.11585365853658537161 0.13414634146341464227 0.13414634146341464227 0.14024390243902440378 0.15853658536585366057 0.15853658536585366057 0.14634146341463413754 0.23780487804878047697 0.21341463414634145868 0.24390243902439023849 0.2012195121951219634 0.26219512195121952303 0.26829268292682928454 0.39024390243902440378
0.060975609756097559622 0.012195121951219512618 0.042682926829268295899 0.036585365853658534385 0.012195121951219512618 0.012195121951219512618 0.012195121951219512618 0.012195121951219512618 0.012195121951219512618 0.012195121951219512618 0.012195121951219512618 0.012195121951219512618 0.012195121951219512618 0.036585365853658534385 0.012195121951219512618 0.012195121951219512618 0.042682926829268295899 0.23780487804878047697 0.46951219512195119243 0.59756097560975607319 0.067073170731707321135 0.024390243902439025236 0.036585365853658534385 0.14024390243902440378 0.10975609756097561009 0.060975609756097559622 0.067073170731707321135 0.042682926829268295899 0.042682926829268295899 0.091463414634146339433 0.085365853658536591797 0.067073170731707321135 0.091463414634146339433 0.13414634146341464227 0.14024390243902440378 0.16463414634146342208 0.17073170731707318359 0.16463414634146342208 0.17682926829268291735 0.26219512195121952303 0.23780487804878047697 0.26219512195121952303 0.18902439024390244038 0.23780487804878047697 0.30487804878048779811 0.33536585365853660567
0.091463414634146339433 0.060975609756097559622 0.07317073170731706877 0.042682926829268295899 0.024390243902439025236 0.036585365853658534385 0.012195121951219512618 0.012195121951219512618 0.012195121951219512618 0.012195121951219512618 0.012195121951219512618 0.042682926829268295899 0.012195121951219512618 0.012195121951219512618 0.0060975609756097563091 0.012195121951219512618 0.036585365853658534385 0.28658536585365851357 0.73170731707317071546 0.65853658536585368832 0.17073170731707318359 0.024390243902439025236 0.036585365853658534385 0.12195121951219511924 0.17073170731707318359 0.085365853658536591797 0.060975609756097559622 0.060975609756097559622 0.10975609756097561009 0.12195121951219511924 0.067073170731707321135 0.11585365853658537161 0.10975609756097561009 0.13414634146341464227 0.15853658536585366057 0.15853658536585366057 0.13414634146341464227 0.15853658536585366057 0.18902439024390244038 0.23780487804878047697 0.19512195121951220189 0.21341463414634145868 0.31707317073170732113 0.30487804878048779811 0.42073170731707315584 0.46341463414634148643
0.067073170731707321135 0.054878048780487805047 0.060975609756097559622 0.042682926829268295899 0.036585365853658534385 0.042682926829268295899 0.012195121951219512618 0.012195121951219512618 0.012195121951219512618 0.024390243902439025236 0.012195121951219512618 0.012195121951219512618 0.012195121951219512618 0.012195121951219512618 0.0060975609756097563091 0.012195121951219512618 0.012195121951219512618 0.17682926829268291735 0.59146341463414631168 0.65243902439024392681 0.39024390243902440378 0.085365853658536591797 0.060975609756097559622 0.097560975609756100946 0.07317073170731706877 0.079268292682926830284 0.07317073170731706877 0.12195121951219511924 0.15853658536585366057 0.091463414634146339433 0.10975609756097561009 0.11585365853658537161 0.10975609756097561009 0.15853658536585366057 0.17073170731707318359 0.13414634146341464227 0.16463414634146342208 0.19512195121951220189 0.18902439024390244038 0.28048780487804880757 0.23780487804878047697 0.26219512195121952303 0.2987804878048780366 0.39024390243902440378 0.39024390243902440378 0.46341463414634148643
0.060975609756097559622 0.07317073170731706877 0.07317073170731706877 0.10975609756097561009 0.036585365853658534385 0.067073170731707321135 0.054878048780487805047 0.042682926829268295899 0.042682926829268295899 0.012195121951219512618 0.012195121951219512618 0.012195121951219512618 0.036585365853658534385 0.012195121951219512618 0 0.024390243902439025236 0.012195121951219512618 0.091463414634146339433 0.57317073170731702714 0.48170731707317071546 0.65243902439024392681 0.57317073170731702714 0.42073170731707315584 0.2987804878048780366 0.17073170731707318359 0.091463414634146339433 0.10975609756097561009 0.07317073170731706877 0.10975609756097561009 0.15853658536585366057 0.13414634146341464227 0.10975609756097561009 0.10975609756097561009 0.16463414634146342208 0.17073170731707318359 0.15853658536585366057 0.14634146341463413754 0.17073170731707318359 0.24390243902439023849 0.25 0.31097560975609755962 0.33536585365853660567 0.26219512195121952303 0.33536585365853660567 0.3963414634146341653 0.6036585365853658347
0.079268292682926830284 0.085365853658536591797 0.054878048780487805047 0.060975609756097559622 0.060975609756097559622 0.067073170731707321135 0.024390243902439025236 0.060975609756097559622 0.042682926829268295899 0.018292682926829267193 0.024390243902439025236 0.012195121951219512618 0.012195121951219512618 0.036585365853658534385 0.012195121951219512618 0.024390243902439025236 0.012195121951219512618 0.012195121951219512618 0.14024390243902440378 0.69512195121951214638 0.47560975609756095395 0.47560975609756095395 0.61585365853658535773 0.64024390243902440378 0.53048780487804880757 0.33536585365853660567 0.21341463414634145868 0.15853658536585366057 0.12195121951219511924 0.11585365853658537161 0.13414634146341464227 0.10975609756097561009 0.10975609756097561009 0.14024390243902440378 0.15853658536585366057 0.17073170731707318359 0.15853658536585366057 0.21341463414634145868 0.21341463414634145868 0.33536585365853660567 0.37195121951219511924 0.29268292682926827508 0.25 0.39024390243902440378 0.51219512195121952303 0.46951219512195119243
0.11585365853658537161 0.091463414634146339433 0.060975609756097559622 0.067073170731707321135 0.067073170731707321135 0.07317073170731706877 0.067073170731707321135 0.042682926829268295899 0.042682926829268295899 0.036585365853658534385 0.042682926829268295899 0.012195121951219512618 0.036585365853658534385 0.018292682926829267193 0.012195121951219512618 0.018292682926829267193 0.042682926829268295899 0.024390243902439025236 0.10975609756097561009 0.49390243902439023849 0.67682926829268297286 0.33536585365853660567 0.3963414634146341653 0.68292682926829273438 0.6036585365853658347 0.59756097560975607319 0.53658536585365856908 0.3536585365853658347 0.14024390243902440378 0.091463414634146339433 0.10975609756097561009 0.14024390243902440378 0.091463414634146339433 0.14634146341463413754 0.11585365853658537161 0.18902439024390244038 0.17682926829268291735 0.18902439024390244038 0.23780487804878047697 0.39024390243902440378 0.36585365853658535773 0.35975609756097559622 0.37195121951219511924 0.48170731707317071546 0.46341463414634148643 0.59756097560975607319
0.15853658536585366057 0.11585365853658537161 0.067073170731707321135 0.079268292682926830284 0.10975609756097561009 0.060975609756097559622 0.067073170731707321135 0.036585365853658534385 0.042682926829268295899 0.042682926829268295899 0.012195121951219512618 0.012195121951219512618 0.012195121951219512618 0.036585365853658534385 0.036585365853658534385 0.042682926829268295899 0.036585365853658534385 0.060975609756097559622 0.10975609756097561009 0.15853658536585366057 0.3536585365853658347 0.65243902439024392681 0.6036585365853658347 0.37195121951219511924 0.48170731707317071546 0.6036585365853658347 0.73170731707317071546 0.57317073170731702714 0.13414634146341464227 0.11585365853658537161 0.11585365853658537161 0.13414634146341464227 0.12195121951219511924 0.15853658536585366057 0.21341463414634145868 0.2256097560975609817 0.26829268292682928454 0.26219512195121952303 0.33536585365853660567 0.43292682926829267887 0.47560975609756095395 0.48170731707317071546 0.49390243902439023849 0.49390243902439023849 0.56097560975609761513 0.65243902439024392681
0.13414634146341464227 0.12195121951219511924 0.067073170731707321135 0.079268292682926830284 0.085365853658536591797 0.079268292682926830284 0.054878048780487805047 0.067073170731707321135 0.042682926829268295899 0.067073170731707321135 0.012195121951219512618 0.042682926829268295899 0.060975609756097559622 0.060975609756097559622 0.042682926829268295899 0.042682926829268295899 0.060975609756097559622 0.018292682926829267193 0.15853658536585366057 0.15853658536585366057 0.24390243902439023849 0.33536585365853660567 0.6036585365853658347 0.68292682926829273438 0.33536585365853660567 0.37804878048780488076 0.58536585365853655016 0.72560975609756095395 0.2987804878048780366 0.17682926829268291735 0.12195121951219511924 0.10975609756097561009 0.12195121951219511924 0.17073170731707318359 0.17073170731707318359 0.23170731707317074322 0.26219512195121952303 0.29268292682926827508 0.42073170731707315584 0.54268292682926833059 0.56707317073170726562 0.64024390243902440378 0.6036585365853658347 0.6036585365853658347 0.65853658536585368832 0.65853658536585368832
0.13414634146341464227 0.13414634146341464227 0.12195121951219511924 0.079268292682926830284 0.091463414634146339433 0.10975609756097561009 0.14024390243902440378 0.067073170731707321135 0.067073170731707321135 0.060975609756097559622 0.024390243902439025236 0.042682926829268295899 0.091463414634146339433 0.10975609756097561009 0.060975609756097559622 0.060975609756097559622 0.054878048780487805047 0.060975609756097559622 0.10975609756097561009 0.19512195121951220189 0.26219512195121952303 0.26219512195121952303 0.53658536585365856908 0.53658536585365856908 0.65853658536585368832 0.6036585365853658347 0.40243902439024392681 0.70121951219512190789 0.65243902439024392681 0.18902439024390244038 0.15853658536585366057 0.13414634146341464227 0.17073170731707318359 0.17073170731707318359 0.32926829268292684416 0.33536585365853660567 0.46341463414634148643 0.60975609756097559622 0.75 0.77439024390243904605 0.77439024390243904605 0.78658536585365856908 0.78658536585365856908 0.73170731707317071546 0.83536585365853655016 0.83536585365853655016
0.17682926829268291735 0.16463414634146342208 0.14634146341463413754 0.12195121951219511924 0.091463414634146339433 0.13414634146341464227 0.085365853658536591797 0.10975609756097561009 0.060975609756097559622 0.060975609756097559622 0.079268292682926830284 0.060975609756097559622 0.060975609756097559622 0.060975609756097559622 0.07317073170731706877 0.060975609756097559622 0.042682926829268295899 0.060975609756097559622 0.10975609756097561009 0.091463414634146339433 0.18902439024390244038 0.091463414634146339433 0.56097560975609761513 0.33536585365853660567 0.53658536585365856908 0.74390243902439023849 0.69512195121951214638 0.57926829268292678865 0.53048780487804880757 0.23780487804878047697 0.32317073170731708265 0.70121951219512190789 0.33536585365853660567 0.46951219512195119243 0.65243902439024392681 0.71951219512195119243 0.78048780487804880757 0.69512195121951214638 0.78658536585365856908 0.72560975609756095395 0.79268292682926833059 0.78658536585365856908 0.78658536585365856908 0.61585365853658535773 0.57317073170731702714 0.6036585365853658347
0.17073170731707318359 0.15853658536585366057 0.13414634146341464227 0.13414634146341464227 0.14634146341463413754 0.11585365853658537161 0.085365853658536591797 0.11585365853658537161 0.091463414634146339433 0.12195121951219511924 0.079268292682926830284 0.042682926829268295899 0.091463414634146339433 0.060975609756097559622 0.11585365853658537161 0.067073170731707321135 0.12195121951219511924 0.10975609756097561009 0.13414634146341464227 0.10975609756097561009 0.091463414634146339433 0.10365853658536584858 0.16463414634146342208 0.17073170731707318359 0.23780487804878047697 0.43292682926829267887 0.71341463414634143092 0.48170731707317071546 0.29268292682926827508 0.18902439024390244038 0.3963414634146341653 0.71341463414634143092 0.64024390243902440378 0.77439024390243904605 0.70121951219512190789 0.31707317073170732113 0.48780487804878047697 0.56707317073170726562 0.73170731707317071546 0.72560975609756095395 0.76219512195121952303 0.73170731707317071546 0.78658536585365856908 0.77439024390243904605 0.6036585365853658347 0.49390243902439023849
0.23780487804878047697 0.23780487804878047697 0.16463414634146342208 0.16463414634146342208 0.15853658536585366057 0.17073170731707318359 0.14634146341463413754 0.11585365853658537161 0.11585365853658537161 0.14634146341463413754 0.091463414634146339433 0.079268292682926830284 0.10975609756097561009 0.11585365853658537161 0.11585365853658537161 0.10975609756097561009 0.10975609756097561009 0.10975609756097561009 0.067073170731707321135 0.11585365853658537161 0.12195121951219511924 0.14634146341463413754 0.15853658536585366057 0.14024390243902440378 0.17073170731707318359 0.17073170731707318359 0.28048780487804880757 0.28048780487804880757 0.18902439024390244038 0.32317073170731708265 0.6036585365853658347 0.70121951219512190789 0.72560975609756095395 0.59756097560975607319 0.43292682926829267887 0.28048780487804880757 0.46341463414634148643 0.38414634146341464227 0.49390243902439023849 0.78658536585365856908 0.81097560975609761513 0.65243902439024392681 0.75609756097560976151 0.84146341463414631168 0.49390243902439023849 0.48170731707317071546
0.18902439024390244038 0.16463414634146342208 0.15853658536585366057 0.18292682926829267887 0.17073170731707318359 0.14634146341463413754 0.15853658536585366057 0.16463414634146342208 0.11585365853658537161 0.11585365853658537161 0.079268292682926830284 0.14634146341463413754 0.11585365853658537161 0.14634146341463413754 0.14024390243902440378 0.13414634146341464227 0.13414634146341464227 0.11585365853658537161 0.10975609756097561009 0.16463414634146342208 0.16463414634146342208 0.14634146341463413754 0.16463414634146342208 0.18902439024390244038 0.17682926829268291735 0.23780487804878047697 0.21341463414634145868 0.26219512195121952303 0.53048780487804880757 0.54268292682926833059 0.6036585365853658347 0.56097560975609761513 0.56707317073170726562 0.6036585365853658347 0.54268292682926833059 0.53048780487804880757 0.48780487804878047697 0.29268292682926827508 0.35975609756097559622 0.69512195121951214638 0.46341463414634148643 0.56707317073170726562 0.83536585365853655016 0.84146341463414631168 0.72560975609756095395 0.53048780487804880757
0.2012195121951219634 0.2256097560975609817 0.24390243902439023849 0.21341463414634145868 0.24390243902439023849 0.18902439024390244038 0.14024390243902440378 0.16463414634146342208 0.17073170731707318359 0.15853658536585366057 0.12195121951219511924 0.17073170731707318359 0.16463414634146342208 0.11585365853658537161 0.15853658536585366057 0.17073170731707318359 0.18902439024390244038 0.17073170731707318359 0.17073170731707318359 0.18902439024390244038 0.18292682926829267887 0.19512195121951220189 0.2012195121951219634 0.19512195121951220189 0.28048780487804880757 0.28048780487804880757 0.25609756097560976151 0.21341463414634145868 0.28048780487804880757 0.57317073170731702714 0.57317073170731702714 0.69512195121951214638 0.57317073170731702714 0.52439024390243904605 0.57926829268292678865 0.46341463414634148643 0.49390243902439023849 0.56097560975609761513 0.33536585365853660567 0.28658536585365851357 0.32317073170731708265 0.23170731707317074322 0.42073170731707315584 0.48780487804878047697 0.6463414634146341653 0.57926829268292678865
