Example/niche_identity/models/ENFA/coelestinus.asc
ncols        743
nrows        319
xllcorner    -74.500956448335
yllcorner    17.448920549066
cellsize     0.008333333333
NODATA_value  -9999
[rows 140 to 159 of 319, columns 598 to 643 of 743]
0.44078947368421050879 0.44078947368421050879 0.41447368421052632748 0.44078947368421050879 0.43421052631578949121 0.43421052631578949121 0.44078947368421050879 0.40131578947368423682 0.41447368421052632748 0.43421052631578949121 0.43421052631578949121 0.39473684210526316374 0.40131578947368423682 0.38815789473684209065 0.34210526315789474561 0.36184210526315790935 0.34868421052631576318 0.36842105263157892692 0.34210526315789474561 0.36842105263157892692 0.38815789473684209065 0.36842105263157892692 0.38815789473684209065 0.38815789473684209065 0.40131578947368423682 0.38815789473684209065 0.36842105263157892692 0.36184210526315790935 0.33552631578947367252 0.32236842105263158187 0.30921052631578949121 0.30921052631578949121 0.21710526315789474561 0.30263157894736841813 0.23026315789473683626 0.23026315789473683626 0.23684210526315788159 0.28289473684210525439 0.27631578947368423682 0.21052631578947367252 0.36184210526315790935 0.30921052631578949121 0.17763157894736841813 0.15131578947368420907 0.16447368421052632748 0.16447368421052632748
0.43421052631578949121 0.44078947368421050879 0.43421052631578949121 0.48026315789473683626 0.40131578947368423682 0.44078947368421050879 0.44078947368421050879 0.43421052631578949121 0.41447368421052632748 0.40131578947368423682 0.40131578947368423682 0.39473684210526316374 0.44078947368421050879 0.42105263157894734505 0.39473684210526316374 0.40131578947368423682 0.38815789473684209065 0.38815789473684209065 0.40131578947368423682 0.38815789473684209065 0.39473684210526316374 0.39473684210526316374 0.42105263157894734505 0.34210526315789474561 0.39473684210526316374 0.40131578947368423682 0.38157894736842107308 0.38815789473684209065 0.38815789473684209065 0.36184210526315790935 0.36842105263157892692 0.28289473684210525439 0.29605263157894734505 0.21710526315789474561 0.30263157894736841813 0.21710526315789474561 0.21052631578947367252 0.25657894736842107308 0.26973684210526316374 0.21710526315789474561 0.21710526315789474561 0.21710526315789474561 0.21052631578947367252 0.21052631578947367252 0.19078947368421053654 0.1710526315789473728
0.40131578947368423682 0.43421052631578949121 0.39473684210526316374 0.44078947368421050879 0.43421052631578949121 0.47368421052631576318 0.40131578947368423682 0.43421052631578949121 0.44078947368421050879 0.44078947368421050879 0.43421052631578949121 0.43421052631578949121 0.44078947368421050879 0.43421052631578949121 0.44078947368421050879 0.43421052631578949121 0.41447368421052632748 0.43421052631578949121 0.43421052631578949121 0.42105263157894734505 0.40131578947368423682 0.40789473684210525439 0.39473684210526316374 0.33552631578947367252 0.36184210526315790935 0.40131578947368423682 0.40131578947368423682 0.40131578947368423682 0.40789473684210525439 0.40131578947368423682 0.38815789473684209065 0.375 0.32894736842105265495 0.25657894736842107308 0.29605263157894734505 0.21052631578947367252 0.21710526315789474561 0.21710526315789474561 0.26973684210526316374 0.21710526315789474561 0.21710526315789474561 0.21710526315789474561 0.21710526315789474561 0.21052631578947367252 0.21052631578947367252 0.19078947368421053654
0.43421052631578949121 0.43421052631578949121 0.40131578947368423682 0.44078947368421050879 0.46710526315789474561 0.40131578947368423682 0.46710526315789474561 0.38815789473684209065 0.40131578947368423682 0.43421052631578949121 0.42105263157894734505 0.42105263157894734505 0.43421052631578949121 0.39473684210526316374 0.43421052631578949121 0.39473684210526316374 0.46052631578947367252 0.43421052631578949121 0.43421052631578949121 0.43421052631578949121 0.43421052631578949121 0.43421052631578949121 0.40789473684210525439 0.43421052631578949121 0.43421052631578949121 0.43421052631578949121 0.40131578947368423682 0.40131578947368423682 0.40131578947368423682 0.40131578947368423682 0.41447368421052632748 0.40131578947368423682 0.41447368421052632748 0.40789473684210525439 0.39473684210526316374 0.38815789473684209065 0.34210526315789474561 0.30921052631578949121 0.21710526315789474561 0.21710526315789474561 0.25657894736842107308 0.21710526315789474561 0.21710526315789474561 0.21052631578947367252 0.19078947368421053654 0.1710526315789473728
0.46052631578947367252 0.43421052631578949121 0.43421052631578949121 0.44078947368421050879 0.46052631578947367252 0.44078947368421050879 0.46710526315789474561 0.43421052631578949121 0.38815789473684209065 0.46052631578947367252 0.40131578947368423682 0.42105263157894734505 0.44078947368421050879 0.40789473684210525439 0.42105263157894734505 0.44078947368421050879 0.46710526315789474561 0.46710526315789474561 0.44078947368421050879 0.44078947368421050879 0.46710526315789474561 0.43421052631578949121 0.44078947368421050879 0.34210526315789474561 0.43421052631578949121 0.43421052631578949121 0.42763157894736841813 0.44078947368421050879 0.40131578947368423682 0.38815789473684209065 0.40131578947368423682 0.38815789473684209065 0.41447368421052632748 0.41447368421052632748 0.38815789473684209065 0.36842105263157892692 0.39473684210526316374 0.38815789473684209065 0.40131578947368423682 0.36842105263157892692 0.26973684210526316374 0.21710526315789474561 0.18421052631578946346 0.21710526315789474561 0.21052631578947367252 0.19736842105263158187
0.44078947368421050879 0.46710526315789474561 0.46710526315789474561 0.49342105263157892692 0.43421052631578949121 0.46710526315789474561 0.48684210526315790935 0.47368421052631576318 0.44078947368421050879 0.48026315789473683626 0.47368421052631576318 0.48026315789473683626 0.46710526315789474561 0.43421052631578949121 0.40131578947368423682 0.43421052631578949121 0.36842105263157892692 0.43421052631578949121 0.44078947368421050879 0.40131578947368423682 0.44078947368421050879 0.43421052631578949121 0.44078947368421050879 0.38157894736842107308 0.44078947368421050879 0.44736842105263158187 0.43421052631578949121 0.44078947368421050879 0.44078947368421050879 0.44078947368421050879 0.39473684210526316374 0.42105263157894734505 0.43421052631578949121 0.40131578947368423682 0.40131578947368423682 0.38815789473684209065 0.40131578947368423682 0.38815789473684209065 0.30263157894736841813 0.35526315789473683626 0.28947368421052632748 0.25657894736842107308 0.21710526315789474561 0.23026315789473683626 0.21710526315789474561 0.21710526315789474561
0.5328947368421053099 0.54605263157894734505 0.46052631578947367252 0.57236842105263152636 0.57236842105263152636 0.5 0.44078947368421050879 0.50657894736842101757 0.43421052631578949121 0.45394736842105265495 0.46052631578947367252 0.46052631578947367252 0.49342105263157892692 0.46710526315789474561 0.48026315789473683626 0.375 0.41447368421052632748 0.43421052631578949121 0.375 0.44736842105263158187 0.43421052631578949121 0.41447368421052632748 0.38815789473684209065 0.41447368421052632748 0.44078947368421050879 0.46710526315789474561 0.44078947368421050879 0.46052631578947367252 0.44078947368421050879 0.43421052631578949121 0.44078947368421050879 0.43421052631578949121 0.38815789473684209065 0.43421052631578949121 0.40131578947368423682 0.39473684210526316374 0.43421052631578949121 0.38815789473684209065 0.38815789473684209065 0.34868421052631576318 0.29605263157894734505 0.30263157894736841813 0.21710526315789474561 0.16447368421052632748 0.23026315789473683626 0.23026315789473683626
0.46710526315789474561 0.61184210526315785383 0.44078947368421050879 0.48026315789473683626 0.45394736842105265495 0.5 0.5 0.48026315789473683626 0.46710526315789474561 0.46052631578947367252 0.43421052631578949121 0.44078947368421050879 0.46052631578947367252 0.55921052631578949121 0.48026315789473683626 0.40131578947368423682 0.39473684210526316374 0.42105263157894734505 0.40131578947368423682 0.42105263157894734505 0.38157894736842107308 0.43421052631578949121 0.46710526315789474561 0.44078947368421050879 0.43421052631578949121 0.42105263157894734505 0.43421052631578949121 0.42105263157894734505 0.43421052631578949121 0.40131578947368423682 0.40131578947368423682 0.36842105263157892692 0.42105263157894734505 0.43421052631578949121 0.43421052631578949121 0.44736842105263158187 0.43421052631578949121 0.43421052631578949121 0.40131578947368423682 0.40131578947368423682 0.30263157894736841813 0.30263157894736841813 0.25657894736842107308 0.27631578947368423682 0.21710526315789474561 0.28289473684210525439
0.61184210526315785383 0.56578947368421050879 0.63815789473684214617 0.61184210526315785383 0.625 0.46710526315789474561 0.58552631578947367252 0.53947368421052632748 0.43421052631578949121 0.53947368421052632748 0.40131578947368423682 0.46710526315789474561 0.50657894736842101757 0.5 0.49342105263157892692 0.49342105263157892692 0.49342105263157892692 0.46052631578947367252 0.43421052631578949121 0.43421052631578949121 0.50657894736842101757 0.43421052631578949121 0.43421052631578949121 0.43421052631578949121 0.46052631578947367252 0.44736842105263158187 0.44078947368421050879 0.47368421052631576318 0.46710526315789474561 0.39473684210526316374 0.40131578947368423682 0.38815789473684209065 0.44078947368421050879 0.40131578947368423682 0.40131578947368423682 0.34210526315789474561 0.5 0.44078947368421050879 0.43421052631578949121 0.40131578947368423682 0.40131578947368423682 0.375 0.34868421052631576318 0.32236842105263158187 0.29605263157894734505 0.21710526315789474561
0.55921052631578949121 0.58552631578947367252 0.55921052631578949121 0.61184210526315785383 0.61842105263157898243 0.55921052631578949121 0.63157894736842101757 0.46710526315789474561 0.54605263157894734505 0.55921052631578949121 0.46710526315789474561 0.38815789473684209065 0.5 0.56578947368421050879 0.53947368421052632748 0.54605263157894734505 0.47368421052631576318 0.47368421052631576318 0.53947368421052632748 0.5328947368421053099 0.53947368421052632748 0.48026315789473683626 0.48026315789473683626 0.48026315789473683626 0.46710526315789474561 0.46052631578947367252 0.50657894736842101757 0.40131578947368423682 0.42763157894736841813 0.43421052631578949121 0.46710526315789474561 0.41447368421052632748 0.43421052631578949121 0.40131578947368423682 0.46052631578947367252 0.43421052631578949121 0.47368421052631576318 0.46052631578947367252 0.47368421052631576318 0.43421052631578949121 0.36842105263157892692 0.34868421052631576318 0.30263157894736841813 0.23684210526315788159 0.40131578947368423682 0.21710526315789474561
0.55921052631578949121 0.60526315789473683626 0.625 0.5921052631578946901 0.58552631578947367252 0.46052631578947367252 0.55921052631578949121 0.58552631578947367252 0.57236842105263152636 0.67105263157894734505 0.65131578947368418131 0.375 0.5328947368421053099 0.57894736842105265495 0.58552631578947367252 0.55921052631578949121 0.49342105263157892692 0.5 0.55921052631578949121 0.43421052631578949121 0.55921052631578949121 0.53947368421052632748 0.49342105263157892692 0.58552631578947367252 0.56578947368421050879 0.56578947368421050879 0.48026315789473683626 0.375 0.46710526315789474561 0.44078947368421050879 0.40131578947368423682 0.41447368421052632748 0.40789473684210525439 0.43421052631578949121 0.46052631578947367252 0.43421052631578949121 0.40131578947368423682 0.44078947368421050879 0.5 0.44078947368421050879 0.38815789473684209065 0.36842105263157892692 0.34210526315789474561 0.30263157894736841813 0.44078947368421050879 0.40131578947368423682
0.5 0.46710526315789474561 0.53947368421052632748 0.55263157894736847364 0.46710526315789474561 0.5921052631578946901 0.61184210526315785383 0.69078947368421050879 0.63157894736842101757 0.69078947368421050879 0.69078947368421050879 0.63815789473684214617 0.65131578947368418131 0.67763157894736847364 0.63157894736842101757 0.57894736842105265495 0.54605263157894734505 0.66447368421052632748 0.57894736842105265495 0.54605263157894734505 0.60526315789473683626 0.55921052631578949121 0.61842105263157898243 0.57236842105263152636 0.57894736842105265495 0.625 0.48026315789473683626 0.41447368421052632748 0.375 0.43421052631578949121 0.43421052631578949121 0.40131578947368423682 0.46052631578947367252 0.55921052631578949121 0.41447368421052632748 0.46710526315789474561 0.53947368421052632748 0.51315789473684214617 0.54605263157894734505 0.48026315789473683626 0.32236842105263158187 0.38815789473684209065 0.45394736842105265495 0.36842105263157892692 0.53947368421052632748 0.44078947368421050879
0.61842105263157898243 0.625 0.60526315789473683626 0.5921052631578946901 0.57236842105263152636 0.61842105263157898243 0.625 0.68421052631578949121 0.65131578947368418131 0.69078947368421050879 0.69736842105263152636 0.68421052631578949121 0.53947368421052632748 0.50657894736842101757 0.53947368421052632748 0.53947368421052632748 0.46052631578947367252 0.49342105263157892692 0.64473684210526316374 0.57236842105263152636 0.60526315789473683626 0.65131578947368418131 0.61184210526315785383 0.65131578947368418131 0.65131578947368418131 0.66447368421052632748 0.49342105263157892692 0.375 0.38815789473684209065 0.30263157894736841813 0.43421052631578949121 0.58552631578947367252 0.44078947368421050879 0.40131578947368423682 0.53947368421052632748 0.58552631578947367252 0.5328947368421053099 0.48026315789473683626 0.52631578947368418131 0.53947368421052632748 0.40131578947368423682 0.39473684210526316374 0.36184210526315790935 0.35526315789473683626 0.44078947368421050879 0.45394736842105265495
0.66447368421052632748 0.7171052631578946901 0.7171052631578946901 0.63815789473684214617 0.69078947368421050879 0.63815789473684214617 0.61184210526315785383 0.69736842105263152636 0.5 0.69078947368421050879 0.69078947368421050879 0.48026315789473683626 0.49342105263157892692 0.52631578947368418131 0.53947368421052632748 0.50657894736842101757 0.53947368421052632748 0.38815789473684209065 0.58552631578947367252 0.65131578947368418131 0.66447368421052632748 0.47368421052631576318 0.43421052631578949121 0.43421052631578949121 0.69078947368421050879 0.63815789473684214617 0.41447368421052632748 0.40131578947368423682 0.38815789473684209065 0.43421052631578949121 0.43421052631578949121 0.57894736842105265495 0.44078947368421050879 0.46710526315789474561 0.44078947368421050879 0.58552631578947367252 0.44078947368421050879 0.53947368421052632748 0.57894736842105265495 0.49342105263157892692 0.40131578947368423682 0.48026315789473683626 0.43421052631578949121 0.30263157894736841813 0.36842105263157892692 0.48026315789473683626
0.68421052631578949121 0.71052631578947367252 0.75 0.57894736842105265495 0.58552631578947367252 0.71052631578947367252 0.74342105263157898243 0.69078947368421050879 0.65131578947368418131 0.68421052631578949121 0.53947368421052632748 0.69078947368421050879 0.65131578947368418131 0.60526315789473683626 0.58552631578947367252 0.50657894736842101757 0.49342105263157892692 0.57236842105263152636 0.69078947368421050879 0.61184210526315785383 0.67763157894736847364 0.60526315789473683626 0.44078947368421050879 0.34210526315789474561 0.53947368421052632748 0.5 0.48026315789473683626 0.43421052631578949121 0.63157894736842101757 0.5 0.43421052631578949121 0.61842105263157898243 0.66447368421052632748 0.40131578947368423682 0.48026315789473683626 0.54605263157894734505 0.60526315789473683626 0.55921052631578949121 0.46052631578947367252 0.44078947368421050879 0.48026315789473683626 0.43421052631578949121 0.51973684210526316374 0.44078947368421050879 0.43421052631578949121 0.44078947368421050879
0.7171052631578946901 0.73684210526315785383 0.77631578947368418131 0.5921052631578946901 0.65131578947368418131 0.625 0.75 0.69078947368421050879 0.61842105263157898243 0.71052631578947367252 0.58552631578947367252 0.65131578947368418131 0.66447368421052632748 0.71052631578947367252 0.58552631578947367252 0.53947368421052632748 0.65131578947368418131 0.56578947368421050879 0.71052631578947367252 0.69078947368421050879 0.69736842105263152636 0.63157894736842101757 0.46710526315789474561 0.61184210526315785383 0.46710526315789474561 0.42105263157894734505 0.51973684210526316374 0.53947368421052632748 0.54605263157894734505 0.58552631578947367252 0.55921052631578949121 0.71052631578947367252 0.54605263157894734505 0.64473684210526316374 0.51973684210526316374 0.58552631578947367252 0.61184210526315785383 0.61184210526315785383 0.61842105263157898243 0.46052631578947367252 0.61184210526315785383 0.54605263157894734505 0.44078947368421050879 0.49342105263157892692 0.58552631578947367252 0.46052631578947367252
0.77631578947368418131 0.73026315789473683626 0.69736842105263152636 0.40131578947368423682 0.80921052631578949121 0.69078947368421050879 0.77631578947368418131 0.73026315789473683626 0.625 0.69078947368421050879 0.71052631578947367252 0.75 0.63157894736842101757 0.55921052631578949121 0.67105263157894734505 0.63157894736842101757 0.6578947368421053099 0.53947368421052632748 0.625 0.77631578947368418131 0.69078947368421050879 0.73026315789473683626 0.69078947368421050879 0.5328947368421053099 0.49342105263157892692 0.61184210526315785383 0.68421052631578949121 0.46052631578947367252 0.68421052631578949121 0.63157894736842101757 0.53947368421052632748 0.66447368421052632748 0.63815789473684214617 0.57236842105263152636 0.6578947368421053099 0.61184210526315785383 0.63815789473684214617 0.5 0.5921052631578946901 0.55921052631578949121 0.46710526315789474561 0.41447368421052632748 0.65131578947368418131 0.61184210526315785383 0.46052631578947367252 0.51315789473684214617
0.77631578947368418131 0.73026315789473683626 0.80263157894736847364 0.74342105263157898243 0.79605263157894734505 0.74342105263157898243 0.76973684210526316374 0.75657894736842101757 0.57894736842105265495 0.63157894736842101757 0.75 0.73684210526315785383 0.71052631578947367252 0.71052631578947367252 0.625 0.61184210526315785383 0.49342105263157892692 0.61842105263157898243 0.5328947368421053099 0.69078947368421050879 0.61184210526315785383 0.69736842105263152636 0.72368421052631581869 0.73684210526315785383 0.60526315789473683626 0.64473684210526316374 0.69078947368421050879 0.73026315789473683626 0.65131578947368418131 0.57236842105263152636 0.69078947368421050879 0.61184210526315785383 0.58552631578947367252 0.58552631578947367252 0.68421052631578949121 0.58552631578947367252 0.53947368421052632748 0.61184210526315785383 0.5921052631578946901 0.65131578947368418131 0.63157894736842101757 0.63157894736842101757 0.49342105263157892692 0.64473684210526316374 0.55921052631578949121 0.49342105263157892692
0.61842105263157898243 0.67763157894736847364 0.79605263157894734505 0.75657894736842101757 0.90131578947368418131 0.66447368421052632748 0.82236842105263152636 0.74342105263157898243 0.69078947368421050879 0.75657894736842101757 0.73026315789473683626 0.73684210526315785383 0.77631578947368418131 0.71052631578947367252 0.63157894736842101757 0.44078947368421050879 0.61184210526315785383 0.73684210526315785383 0.74342105263157898243 0.76973684210526316374 0.79605263157894734505 0.77631578947368418131 0.75657894736842101757 0.66447368421052632748 0.77631578947368418131 0.7171052631578946901 0.53947368421052632748 0.65131578947368418131 0.58552631578947367252 0.66447368421052632748 0.67763157894736847364 0.625 0.57894736842105265495 0.63157894736842101757 0.65131578947368418131 0.5921052631578946901 0.54605263157894734505 0.40131578947368423682 0.71052631578947367252 0.68421052631578949121 0.57894736842105265495 0.58552631578947367252 0.46710526315789474561 0.68421052631578949121 0.65131578947368418131 0.61842105263157898243
0.75 0.77631578947368418131 0.80263157894736847364 0.73026315789473683626 0.80921052631578949121 0.79605263157894734505 0.77631578947368418131 0.75657894736842101757 0.70394736842105265495 0.75657894736842101757 0.63157894736842101757 0.625 0.7171052631578946901 0.68421052631578949121 0.58552631578947367252 0.60526315789473683626 0.69078947368421050879 0.60526315789473683626 0.79605263157894734505 0.57236842105263152636 0.73684210526315785383 0.75657894736842101757 0.75657894736842101757 0.75657894736842101757 0.65131578947368418131 0.61184210526315785383 0.69736842105263152636 0.63157894736842101757 0.66447368421052632748 0.63157894736842101757 0.69078947368421050879 0.64473684210526316374 0.61184210526315785383 0.60526315789473683626 0.7171052631578946901 0.5328947368421053099 0.58552631578947367252 0.63157894736842101757 0.625 0.58552631578947367252 0.63157894736842101757 0.46710526315789474561 0.48026315789473683626 0.46710526315789474561 0.53947368421052632748 0.63815789473684214617
