Example/niche_identity/models/ENFA/coelestinus_1.asc
ncols        743
nrows        319
xllcorner    -74.500956448335
yllcorner    17.448920549066
cellsize     0.008333333333
NODATA_value  -9999
[rows 80 to 99 of 319, columns 230 to 275 of 743]
0.72560975609756095395 0.6463414634146341653 0.73780487804878047697 0.66463414634146344984 0.72560975609756095395 0.75609756097560976151 0.76219512195121952303 0.76219512195121952303 0.59756097560975607319 0.60975609756097559622 0.56707317073170726562 0.57317073170731702714 0.57317073170731702714 0.72560975609756095395 0.68292682926829273438 0.56707317073170726562 0.35975609756097559622 0.2987804878048780366 0.56707317073170726562 0.72560975609756095395 0.74390243902439023849 0.72560975609756095395 0.69512195121951214638 0.68292682926829273438 0.84146341463414631168 0.77439024390243904605 0.76219512195121952303 0.8536585365853658347 0.76219512195121952303 0.72560975609756095395 0.8536585365853658347 0.84146341463414631168 0.77439024390243904605 0.79878048780487809211 0.78658536585365856908 0.79878048780487809211 0.91463414634146344984 0.83536585365853655016 0.69512195121951214638 0.49390243902439023849 0.57317073170731702714 0.66463414634146344984 0.74390243902439023849 0.66463414634146344984 0.84146341463414631168 0.99390243902439023849
0.70121951219512190789 0.71951219512195119243 0.71341463414634143092 0.72560975609756095395 0.71951219512195119243 0.65243902439024392681 0.71951219512195119243 0.77439024390243904605 0.77439024390243904605 0.39024390243902440378 0.65853658536585368832 0.66463414634146344984 0.37804878048780488076 0.65243902439024392681 0.65243902439024392681 0.40243902439024392681 0.62804878048780488076 0.2987804878048780366 0.56707317073170726562 0.69512195121951214638 0.70731707317073166941 0.65243902439024392681 0.63414634146341464227 0.76219512195121952303 0.77439024390243904605 0.72560975609756095395 0.77439024390243904605 0.76219512195121952303 0.78658536585365856908 0.83536585365853655016 0.81097560975609761513 0.78658536585365856908 0.78658536585365856908 0.77439024390243904605 0.83536585365853655016 0.92073170731707321135 0.83536585365853655016 0.91463414634146344984 0.8536585365853658347 0.77439024390243904605 0.69512195121951214638 0.70731707317073166941 0.84146341463414631168 0.74390243902439023849 0.8536585365853658347 1
0.68292682926829273438 0.6463414634146341653 0.65243902439024392681 0.72560975609756095395 0.72560975609756095395 0.73780487804878047697 0.72560975609756095395 0.73780487804878047697 0.75609756097560976151 0.6036585365853658347 0.65243902439024392681 0.65243902439024392681 0.47560975609756095395 0.3963414634146341653 0.48780487804878047697 0.72560975609756095395 0.65853658536585368832 0.74390243902439023849 0.63414634146341464227 0.70731707317073166941 0.53658536585365856908 0.56097560975609761513 0.65243902439024392681 0.48170731707317071546 0.72560975609756095395 0.76219512195121952303 0.78658536585365856908 0.70121951219512190789 0.76219512195121952303 0.69512195121951214638 0.73170731707317071546 0.68292682926829273438 0.77439024390243904605 0.8536585365853658347 0.84756097560975607319 0.84146341463414631168 0.8536585365853658347 0.8536585365853658347 0.8536585365853658347 0.77439024390243904605 0.73170731707317071546 0.76219512195121952303 0.77439024390243904605 0.84146341463414631168 0.98170731707317071546 1
0.57317073170731702714 0.60975609756097559622 0.6036585365853658347 0.66463414634146344984 0.65853658536585368832 0.69512195121951214638 0.65853658536585368832 0.68292682926829273438 0.54268292682926833059 0.41463414634146339433 0.47560975609756095395 0.77439024390243904605 0.73170731707317071546 0.59146341463414631168 0.28048780487804880757 0.31707317073170732113 0.69512195121951214638 0.73170731707317071546 0.79878048780487809211 0.6463414634146341653 0.65243902439024392681 0.61585365853658535773 0.77439024390243904605 0.75 0.65853658536585368832 0.73170731707317071546 0.73170731707317071546 0.69512195121951214638 0.70121951219512190789 0.76219512195121952303 0.77439024390243904605 0.84146341463414631168 0.77439024390243904605 0.84756097560975607319 0.83536585365853655016 0.81707317073170726562 0.78658536585365856908 0.78658536585365856908 0.85975609756097559622 0.8536585365853658347 0.78658536585365856908 0.77439024390243904605 0.77439024390243904605 0.96951219512195119243 0.99390243902439023849 1
0.56707317073170726562 0.63414634146341464227 0.65243902439024392681 0.67073170731707321135 0.6463414634146341653 0.66463414634146344984 0.70121951219512190789 0.69512195121951214638 0.28048780487804880757 0.46341463414634148643 0.46951219512195119243 0.46341463414634148643 0.54878048780487809211 0.60975609756097559622 0.31707317073170732113 0.11585365853658537161 0.31097560975609755962 0.54268292682926833059 0.70731707317073166941 0.57317073170731702714 0.73170731707317071546 0.57317073170731702714 0.73170731707317071546 0.68292682926829273438 0.70731707317073166941 0.59756097560975607319 0.66463414634146344984 0.74390243902439023849 0.76219512195121952303 0.73170731707317071546 0.84146341463414631168 0.77439024390243904605 0.69512195121951214638 0.81707317073170726562 0.78658536585365856908 0.83536585365853655016 0.78658536585365856908 0.84146341463414631168 0.91463414634146344984 0.8536585365853658347 0.83536585365853655016 0.84146341463414631168 0.79878048780487809211 0.99390243902439023849 1 1
0.34146341463414636719 0.57317073170731702714 0.65243902439024392681 0.57317073170731702714 0.60975609756097559622 0.64024390243902440378 0.65853658536585368832 0.56097560975609761513 0.31707317073170732113 0.46341463414634148643 0.46341463414634148643 0.74390243902439023849 0.6463414634146341653 0.73170731707317071546 0.31097560975609755962 0.14024390243902440378 0.17073170731707318359 0.38414634146341464227 0.65243902439024392681 0.68292682926829273438 0.83536585365853655016 0.65853658536585368832 0.6036585365853658347 0.72560975609756095395 0.69512195121951214638 0.65243902439024392681 0.72560975609756095395 0.72560975609756095395 0.75 0.70121951219512190789 0.82926829268292678865 0.91463414634146344984 0.84146341463414631168 0.91463414634146344984 0.84146341463414631168 0.90243902439024392681 0.74390243902439023849 0.8536585365853658347 0.77439024390243904605 0.8536585365853658347 0.90853658536585368832 0.96951219512195119243 0.84146341463414631168 0.98780487804878047697 1 0.98780487804878047697
0.35975609756097559622 0.3963414634146341653 0.53048780487804880757 0.56707317073170726562 0.54268292682926833059 0.56707317073170726562 0.65853658536585368832 0.65853658536585368832 0.57926829268292678865 0.48170731707317071546 0.46341463414634148643 0.54878048780487809211 0.74390243902439023849 0.72560975609756095395 0.76219512195121952303 0.26219512195121952303 0.14024390243902440378 0.25 0.48780487804878047697 0.65853658536585368832 0.49390243902439023849 0.73170731707317071546 0.78658536585365856908 0.68292682926829273438 0.66463414634146344984 0.63414634146341464227 0.65243902439024392681 0.70121951219512190789 0.76219512195121952303 0.66463414634146344984 0.73170731707317071546 0.74390243902439023849 0.8536585365853658347 0.78048780487804880757 0.76219512195121952303 0.84146341463414631168 0.82926829268292678865 0.88414634146341464227 0.92682926829268297286 0.77439024390243904605 0.90853658536585368832 0.86585365853658535773 0.92682926829268297286 0.99390243902439023849 1 0.99390243902439023849
0.30487804878048779811 0.40243902439024392681 0.40853658536585363281 0.56707317073170726562 0.56097560975609761513 0.64024390243902440378 0.59146341463414631168 0.65243902439024392681 0.6463414634146341653 0.64024390243902440378 0.35975609756097559622 0.3963414634146341653 0.3963414634146341653 0.68292682926829273438 0.73170731707317071546 0.69512195121951214638 0.37195121951219511924 0.18902439024390244038 0.56707317073170726562 0.65853658536585368832 0.65243902439024392681 0.47560975609756095395 0.77439024390243904605 0.75 0.74390243902439023849 0.65243902439024392681 0.70121951219512190789 0.61585365853658535773 0.77439024390243904605 0.77439024390243904605 0.83536585365853655016 0.84146341463414631168 0.79878048780487809211 0.79878048780487809211 0.81707317073170726562 0.84146341463414631168 0.8536585365853658347 0.92682926829268297286 0.91463414634146344984 0.91463414634146344984 0.96341463414634143092 0.96951219512195119243 0.98170731707317071546 0.99390243902439023849 0.99390243902439023849 0.97560975609756095395
0.26219512195121952303 0.33536585365853660567 0.39024390243902440378 0.39024390243902440378 0.46341463414634148643 0.53658536585365856908 0.6036585365853658347 0.6463414634146341653 0.65243902439024392681 0.57317073170731702714 0.39024390243902440378 0.51219512195121952303 0.52439024390243904605 0.77439024390243904605 0.57926829268292678865 0.74390243902439023849 0.6463414634146341653 0.56707317073170726562 0.21341463414634145868 0.65243902439024392681 0.48170731707317071546 0.51829268292682928454 0.58536585365853655016 0.65243902439024392681 0.66463414634146344984 0.63414634146341464227 0.67682926829268297286 0.68292682926829273438 0.77439024390243904605 0.73170731707317071546 0.78048780487804880757 0.83536585365853655016 0.79878048780487809211 0.79878048780487809211 0.83536585365853655016 0.8536585365853658347 0.84756097560975607319 0.92073170731707321135 0.92682926829268297286 0.91463414634146344984 0.92073170731707321135 0.96951219512195119243 0.99390243902439023849 0.99390243902439023849 1 1
0.33536585365853660567 0.37195121951219511924 0.37195121951219511924 0.42073170731707315584 0.56707317073170726562 0.56097560975609761513 0.54268292682926833059 0.61585365853658535773 0.47560975609756095395 0.26219512195121952303 0.37195121951219511924 0.39024390243902440378 0.57317073170731702714 0.49390243902439023849 0.49390243902439023849 0.72560975609756095395 0.70731707317073166941 0.82926829268292678865 0.54268292682926833059 0.65243902439024392681 0.73170731707317071546 0.48170731707317071546 0.57317073170731702714 0.49390243902439023849 0.84146341463414631168 0.61585365853658535773 0.68292682926829273438 0.73170731707317071546 0.73170731707317071546 0.73170731707317071546 0.70731707317073166941 0.77439024390243904605 0.79878048780487809211 0.83536585365853655016 0.84146341463414631168 0.8536585365853658347 0.84146341463414631168 0.84146341463414631168 0.92682926829268297286 0.91463414634146344984 0.96951219512195119243 0.98170731707317071546 0.99390243902439023849 0.99390243902439023849 0.99390243902439023849 1
0.26219512195121952303 0.30487804878048779811 0.29268292682926827508 0.30487804878048779811 0.51219512195121952303 0.37195121951219511924 0.37804878048780488076 0.26219512195121952303 0.4512195121951219634 0.33536585365853660567 0.44512195121951220189 0.23780487804878047697 0.38414634146341464227 0.34146341463414636719 0.40853658536585363281 0.43902439024390244038 0.65243902439024392681 0.78658536585365856908 0.73170731707317071546 0.23780487804878047697 0.38414634146341464227 0.38414634146341464227 0.54878048780487809211 0.51219512195121952303 0.61585365853658535773 0.59756097560975607319 0.61585365853658535773 0.56707317073170726562 0.70121951219512190789 0.70731707317073166941 0.77439024390243904605 0.78658536585365856908 0.77439024390243904605 0.77439024390243904605 0.78658536585365856908 0.79878048780487809211 0.84146341463414631168 0.8536585365853658347 0.91463414634146344984 0.90853658536585368832 0.96951219512195119243 0.98780487804878047697 0.98780487804878047697 0.99390243902439023849 0.99390243902439023849 1
0.28658536585365851357 0.28048780487804880757 0.2256097560975609817 0.29268292682926827508 0.46341463414634148643 0.57317073170731702714 0.38414634146341464227 0.32926829268292684416 0.25609756097560976151 0.47560975609756095395 0.37195121951219511924 0.53048780487804880757 0.31707317073170732113 0.31097560975609755962 0.30487804878048779811 0.46951219512195119243 0.34146341463414636719 0.6036585365853658347 0.72560975609756095395 0.74390243902439023849 0.37195121951219511924 0.53048780487804880757 0.57317073170731702714 0.50609756097560976151 0.62804878048780488076 0.65243902439024392681 0.73170731707317071546 0.69512195121951214638 0.72560975609756095395 0.73170731707317071546 0.73170731707317071546 0.76219512195121952303 0.77439024390243904605 0.73780487804878047697 0.83536585365853655016 0.79878048780487809211 0.83536585365853655016 0.92073170731707321135 0.92682926829268297286 0.96951219512195119243 0.93292682926829273438 0.96951219512195119243 0.98780487804878047697 0.99390243902439023849 0.99390243902439023849 1
0.25609756097560976151 0.3536585365853658347 0.31097560975609755962 0.39024390243902440378 0.53658536585365856908 0.57317073170731702714 0.57317073170731702714 0.18902439024390244038 0.42073170731707315584 0.53658536585365856908 0.53658536585365856908 0.46951219512195119243 0.26219512195121952303 0.37195121951219511924 0.33536585365853660567 0.39024390243902440378 0.48170731707317071546 0.56707317073170726562 0.56707317073170726562 0.70121951219512190789 0.53658536585365856908 0.53048780487804880757 0.3963414634146341653 0.56707317073170726562 0.59146341463414631168 0.65243902439024392681 0.77439024390243904605 0.6036585365853658347 0.70731707317073166941 0.77439024390243904605 0.76219512195121952303 0.67682926829268297286 0.71341463414634143092 0.84146341463414631168 0.83536585365853655016 0.91463414634146344984 0.84146341463414631168 0.8536585365853658347 0.93292682926829273438 0.91463414634146344984 0.96341463414634143092 0.96951219512195119243 0.98780487804878047697 0.99390243902439023849 0.99390243902439023849 0.99390243902439023849
0.28658536585365851357 0.51829268292682928454 0.51829268292682928454 0.57317073170731702714 0.37195121951219511924 0.40243902439024392681 0.48170731707317071546 0.68292682926829273438 0.39024390243902440378 0.6036585365853658347 0.74390243902439023849 0.6463414634146341653 0.37804878048780488076 0.32926829268292684416 0.44512195121951220189 0.40243902439024392681 0.46341463414634148643 0.31097560975609755962 0.33536585365853660567 0.39024390243902440378 0.53658536585365856908 0.46341463414634148643 0.3963414634146341653 0.59756097560975607319 0.57926829268292678865 0.62804878048780488076 0.83536585365853655016 0.65243902439024392681 0.66463414634146344984 0.6036585365853658347 0.65243902439024392681 0.65243902439024392681 0.81097560975609761513 0.69512195121951214638 0.78658536585365856908 0.77439024390243904605 0.77439024390243904605 0.82926829268292678865 0.84146341463414631168 0.91463414634146344984 0.97560975609756095395 0.98170731707317071546 0.96951219512195119243 0.99390243902439023849 0.99390243902439023849 0.99390243902439023849
0.25 0.49390243902439023849 0.48780487804878047697 0.31097560975609755962 0.28048780487804880757 0.37195121951219511924 0.46951219512195119243 0.52439024390243904605 0.65243902439024392681 0.39024390243902440378 0.56707317073170726562 0.26219512195121952303 0.32926829268292684416 0.6036585365853658347 0.28048780487804880757 0.47560975609756095395 0.40243902439024392681 0.37804878048780488076 0.46341463414634148643 0.37195121951219511924 0.5 0.57317073170731702714 0.46341463414634148643 0.57317073170731702714 0.65853658536585368832 0.6036585365853658347 0.83536585365853655016 0.65853658536585368832 0.6036585365853658347 0.65243902439024392681 0.77439024390243904605 0.76219512195121952303 0.70121951219512190789 0.65853658536585368832 0.70731707317073166941 0.72560975609756095395 0.77439024390243904605 0.77439024390243904605 0.83536585365853655016 0.92073170731707321135 0.96951219512195119243 0.96951219512195119243 0.98170731707317071546 0.99390243902439023849 0.98780487804878047697 0.99390243902439023849
0.25 0.21341463414634145868 0.3963414634146341653 0.3963414634146341653 0.31707317073170732113 0.28048780487804880757 0.41463414634146339433 0.53658536585365856908 0.38414634146341464227 0.32317073170731708265 0.57317073170731702714 0.32317073170731708265 0.32317073170731708265 0.37195121951219511924 0.28048780487804880757 0.30487804878048779811 0.37804878048780488076 0.46951219512195119243 0.5 0.37195121951219511924 0.31707317073170732113 0.49390243902439023849 0.5 0.54268292682926833059 0.48170731707317071546 0.47560975609756095395 0.6036585365853658347 0.61585365853658535773 0.72560975609756095395 0.6036585365853658347 0.56097560975609761513 0.57317073170731702714 0.61585365853658535773 0.72560975609756095395 0.73170731707317071546 0.77439024390243904605 0.77439024390243904605 0.84146341463414631168 0.8536585365853658347 0.91463414634146344984 0.92073170731707321135 0.96341463414634143092 0.96951219512195119243 0.98780487804878047697 0.99390243902439023849 0.98780487804878047697
0.21341463414634145868 0.23170731707317074322 0.26219512195121952303 0.26219512195121952303 0.30487804878048779811 0.33536585365853660567 0.2987804878048780366 0.35975609756097559622 0.46951219512195119243 0.3963414634146341653 0.46341463414634148643 0.48170731707317071546 0.33536585365853660567 0.35975609756097559622 0.46341463414634148643 0.2987804878048780366 0.53048780487804880757 0.46951219512195119243 0.56707317073170726562 0.46341463414634148643 0.34146341463414636719 0.2987804878048780366 0.49390243902439023849 0.6036585365853658347 0.63414634146341464227 0.65243902439024392681 0.57317073170731702714 0.66463414634146344984 0.69512195121951214638 0.67682926829268297286 0.6036585365853658347 0.56707317073170726562 0.57317073170731702714 0.76219512195121952303 0.76219512195121952303 0.77439024390243904605 0.78048780487804880757 0.78658536585365856908 0.83536585365853655016 0.83536585365853655016 0.96341463414634143092 0.96951219512195119243 0.98170731707317071546 0.98170731707317071546 0.98780487804878047697 0.98780487804878047697
0.26219512195121952303 0.26219512195121952303 0.27439024390243904605 0.33536585365853660567 0.3963414634146341653 0.3963414634146341653 0.46341463414634148643 0.43292682926829267887 0.47560975609756095395 0.38414634146341464227 0.37195121951219511924 0.53048780487804880757 0.3963414634146341653 0.54268292682926833059 0.34146341463414636719 0.26219512195121952303 0.37195121951219511924 0.40243902439024392681 0.48780487804878047697 0.59756097560975607319 0.44512195121951220189 0.54878048780487809211 0.56707317073170726562 0.49390243902439023849 0.6463414634146341653 0.65243902439024392681 0.62804878048780488076 0.63414634146341464227 0.65243902439024392681 0.6463414634146341653 0.6463414634146341653 0.77439024390243904605 0.73170731707317071546 0.6463414634146341653 0.69512195121951214638 0.76219512195121952303 0.73170731707317071546 0.71341463414634143092 0.78048780487804880757 0.84146341463414631168 0.95121951219512190789 0.93902439024390238487 0.96341463414634143092 0.96951219512195119243 0.98170731707317071546 0.98170731707317071546
0.25 0.25609756097560976151 0.24390243902439023849 0.29268292682926827508 0.40853658536585363281 0.32926829268292684416 0.38414634146341464227 0.23780487804878047697 0.25609756097560976151 0.49390243902439023849 0.26219512195121952303 0.24390243902439023849 0.25 0.28658536585365851357 0.39024390243902440378 0.57926829268292678865 0.27439024390243904605 0.48170731707317071546 0.56707317073170726562 0.57317073170731702714 0.59756097560975607319 0.4512195121951219634 0.49390243902439023849 0.5 0.51829268292682928454 0.56707317073170726562 0.57317073170731702714 0.59756097560975607319 0.65853658536585368832 0.71951219512195119243 0.68292682926829273438 0.74390243902439023849 0.72560975609756095395 0.53658536585365856908 0.57317073170731702714 0.77439024390243904605 0.72560975609756095395 0.81707317073170726562 0.83536585365853655016 0.8536585365853658347 0.92682926829268297286 0.96341463414634143092 0.96341463414634143092 0.96951219512195119243 0.98170731707317071546 0.98170731707317071546
0.23780487804878047697 0.23780487804878047697 0.24390243902439023849 0.24390243902439023849 0.26219512195121952303 0.39024390243902440378 0.35975609756097559622 0.35975609756097559622 0.30487804878048779811 0.3536585365853658347 0.56707317073170726562 0.30487804878048779811 0.18292682926829267887 0.25 0.17073170731707318359 0.43292682926829267887 0.46341463414634148643 0.37804878048780488076 0.59756097560975607319 0.53048780487804880757 0.53658536585365856908 0.57926829268292678865 0.51219512195121952303 0.54878048780487809211 0.56707317073170726562 0.56707317073170726562 0.59146341463414631168 0.72560975609756095395 0.73170731707317071546 0.65853658536585368832 0.68292682926829273438 0.65243902439024392681 0.57317073170731702714 0.77439024390243904605 0.65243902439024392681 0.73170731707317071546 0.81707317073170726562 0.81707317073170726562 0.88414634146341464227 0.8536585365853658347 0.96341463414634143092 0.96341463414634143092 0.95731707317073166941 0.96951219512195119243 0.96951219512195119243 0.96951219512195119243
