Example/niche_identity/models/ENFA/coelestinus.asc
ncols        743
nrows        319
xllcorner    -74.500956448335
yllcorner    17.448920549066
cellsize     0.008333333333
NODATA_value  -9999
[rows 180 to 199 of 319, columns 506 to 551 of 743]
0.19078947368421053654 0.11842105263157894079 0.375 0.54605263157894734505 0.82894736842105265495 0.90131578947368418131 0.89473684210526316374 0.63157894736842101757 0.375 0.21052631578947367252 0.21710526315789474561 0.21052631578947367252 0.13815789473684211841 0.13815789473684211841 0.13815789473684211841 0.13815789473684211841 0.11842105263157894079 0.1710526315789473728 0.11842105263157894079 0.11842105263157894079 0.11842105263157894079 0.098684210526315790935 0.13815789473684211841 0.11842105263157894079 0.11184210526315789547 0.11184210526315789547 0.13157894736842104533 0.11184210526315789547 0.11842105263157894079 0.11842105263157894079 0.15131578947368420907 0.11184210526315789547 0.13157894736842104533 0.13815789473684211841 0.15131578947368420907 0.13157894736842104533 0.15789473684210525439 0.15789473684210525439 0.15131578947368420907 0.1710526315789473728 0.19078947368421053654 0.1710526315789473728 0.1710526315789473728 0.18421052631578946346 0.19078947368421053654 0.19078947368421053654
0.31578947368421050879 0.46710526315789474561 0.48026315789473683626 0.40131578947368423682 0.47368421052631576318 0.75657894736842101757 0.86184210526315785383 0.95394736842105265495 0.34868421052631576318 0.21710526315789474561 0.21710526315789474561 0.19078947368421053654 0.13815789473684211841 0.15131578947368420907 0.13815789473684211841 0.11842105263157894079 0.11184210526315789547 0.13157894736842104533 0.11184210526315789547 0.15131578947368420907 0.13815789473684211841 0.13815789473684211841 0.13815789473684211841 0.11184210526315789547 0.13815789473684211841 0.13815789473684211841 0.13815789473684211841 0.13815789473684211841 0.13815789473684211841 0.13815789473684211841 0.13815789473684211841 0.13815789473684211841 0.13815789473684211841 0.1710526315789473728 0.15131578947368420907 0.15131578947368420907 0.15131578947368420907 0.14473684210526316374 0.17763157894736841813 0.15789473684210525439 0.19078947368421053654 0.21052631578947367252 0.21052631578947367252 0.19736842105263158187 0.21052631578947367252 0.21710526315789474561
0.11184210526315789547 0.25657894736842107308 0.44736842105263158187 0.75657894736842101757 0.77631578947368418131 0.82236842105263152636 0.95394736842105265495 0.95394736842105265495 0.46710526315789474561 0.67763157894736847364 0.54605263157894734505 0.21052631578947367252 0.30921052631578949121 0.13815789473684211841 0.16447368421052632748 0.16447368421052632748 0.15789473684210525439 0.1710526315789473728 0.19078947368421053654 0.15131578947368420907 0.14473684210526316374 0.15131578947368420907 0.13815789473684211841 0.1710526315789473728 0.15131578947368420907 0.1710526315789473728 0.11842105263157894079 0.15131578947368420907 0.13815789473684211841 0.15131578947368420907 0.15131578947368420907 0.15131578947368420907 0.14473684210526316374 0.15789473684210525439 0.19078947368421053654 0.16447368421052632748 0.18421052631578946346 0.19078947368421053654 0.19736842105263158187 0.21052631578947367252 0.18421052631578946346 0.21052631578947367252 0.21052631578947367252 0.21710526315789474561 0.21710526315789474561 0.21710526315789474561
0.11842105263157894079 0.34210526315789474561 0.46710526315789474561 0.76973684210526316374 0.95394736842105265495 0.90131578947368418131 0.82236842105263152636 0.8421052631578946901 0.82236842105263152636 0.65131578947368418131 0.78947368421052632748 0.375 0.36842105263157892692 0.26973684210526316374 0.15789473684210525439 0.13815789473684211841 0.15131578947368420907 0.19736842105263158187 0.13157894736842104533 0.13815789473684211841 0.15131578947368420907 0.15131578947368420907 0.1710526315789473728 0.13157894736842104533 0.15131578947368420907 0.15789473684210525439 0.15131578947368420907 0.13815789473684211841 0.1710526315789473728 0.15131578947368420907 0.15789473684210525439 0.15789473684210525439 0.15131578947368420907 0.13815789473684211841 0.21052631578947367252 0.16447368421052632748 0.15131578947368420907 0.21052631578947367252 0.19078947368421053654 0.21052631578947367252 0.21052631578947367252 0.21710526315789474561 0.21710526315789474561 0.24342105263157895467 0.25657894736842107308 0.25657894736842107308
0.30263157894736841813 0.36842105263157892692 0.49342105263157892692 0.69078947368421050879 0.68421052631578949121 0.90131578947368418131 0.875 0.89473684210526316374 0.89473684210526316374 0.95394736842105265495 0.9671052631578946901 0.65131578947368418131 0.30921052631578949121 0.19736842105263158187 0.21710526315789474561 0.23684210526315788159 0.23026315789473683626 0.13815789473684211841 0.17763157894736841813 0.19736842105263158187 0.21710526315789474561 0.16447368421052632748 0.15131578947368420907 0.15131578947368420907 0.13815789473684211841 0.13815789473684211841 0.17763157894736841813 0.21052631578947367252 0.17763157894736841813 0.21052631578947367252 0.1710526315789473728 0.15789473684210525439 0.1710526315789473728 0.15789473684210525439 0.17763157894736841813 0.21052631578947367252 0.15131578947368420907 0.21052631578947367252 0.21710526315789474561 0.22368421052631579093 0.22368421052631579093 0.25 0.23026315789473683626 0.26973684210526316374 0.28947368421052632748 0.29605263157894734505
0.36842105263157892692 0.56578947368421050879 0.53947368421052632748 0.5921052631578946901 0.77631578947368418131 0.79605263157894734505 0.93421052631578949121 0.63157894736842101757 0.71052631578947367252 0.75657894736842101757 0.63157894736842101757 0.38157894736842107308 0.26973684210526316374 0.21710526315789474561 0.21710526315789474561 0.23026315789473683626 0.17763157894736841813 0.21710526315789474561 0.16447368421052632748 0.21052631578947367252 0.15131578947368420907 0.21710526315789474561 0.19736842105263158187 0.21052631578947367252 0.15131578947368420907 0.21052631578947367252 0.19736842105263158187 0.15131578947368420907 0.21052631578947367252 0.15131578947368420907 0.21052631578947367252 0.21710526315789474561 0.21052631578947367252 0.17763157894736841813 0.21052631578947367252 0.21052631578947367252 0.21710526315789474561 0.21052631578947367252 0.21052631578947367252 0.23026315789473683626 0.23684210526315788159 0.25657894736842107308 0.25657894736842107308 0.28289473684210525439 0.27631578947368423682 0.32894736842105265495
0.30921052631578949121 0.49342105263157892692 0.61842105263157898243 0.79605263157894734505 0.82236842105263152636 0.875 0.88815789473684214617 0.81578947368421050879 0.78947368421052632748 0.79605263157894734505 0.82236842105263152636 0.63157894736842101757 0.69078947368421050879 0.32894736842105265495 0.34210526315789474561 0.21052631578947367252 0.19736842105263158187 0.2039473684210526272 0.19736842105263158187 0.24342105263157895467 0.17763157894736841813 0.21052631578947367252 0.21710526315789474561 0.17763157894736841813 0.17763157894736841813 0.23026315789473683626 0.23684210526315788159 0.18421052631578946346 0.21710526315789474561 0.15789473684210525439 0.21052631578947367252 0.24342105263157895467 0.21052631578947367252 0.21052631578947367252 0.21052631578947367252 0.21052631578947367252 0.21710526315789474561 0.21710526315789474561 0.19736842105263158187 0.27631578947368423682 0.27631578947368423682 0.29605263157894734505 0.30263157894736841813 0.31578947368421050879 0.34210526315789474561 0.36842105263157892692
0.23026315789473683626 0.27631578947368423682 0.40131578947368423682 0.49342105263157892692 0.60526315789473683626 0.63157894736842101757 0.86184210526315785383 0.89473684210526316374 0.89473684210526316374 0.82236842105263152636 0.88815789473684214617 0.85526315789473683626 0.95394736842105265495 0.43421052631578949121 0.34868421052631576318 0.34210526315789474561 0.30263157894736841813 0.25657894736842107308 0.21052631578947367252 0.17763157894736841813 0.24342105263157895467 0.21052631578947367252 0.15131578947368420907 0.1710526315789473728 0.21052631578947367252 0.21052631578947367252 0.26973684210526316374 0.15131578947368420907 0.13815789473684211841 0.26973684210526316374 0.23026315789473683626 0.21710526315789474561 0.19078947368421053654 0.23026315789473683626 0.21710526315789474561 0.23026315789473683626 0.26973684210526316374 0.26973684210526316374 0.28289473684210525439 0.29605263157894734505 0.30263157894736841813 0.31578947368421050879 0.31578947368421050879 0.30921052631578949121 0.34210526315789474561 0.38815789473684209065
0.43421052631578949121 0.43421052631578949121 0.55921052631578949121 0.65131578947368418131 0.79605263157894734505 0.80921052631578949121 0.72368421052631581869 0.89473684210526316374 0.79605263157894734505 0.69736842105263152636 0.90131578947368418131 0.77631578947368418131 0.67763157894736847364 0.55921052631578949121 0.39473684210526316374 0.25657894736842107308 0.27631578947368423682 0.21710526315789474561 0.21710526315789474561 0.21710526315789474561 0.19736842105263158187 0.21710526315789474561 0.28289473684210525439 0.2039473684210526272 0.25 0.28289473684210525439 0.19078947368421053654 0.23026315789473683626 0.22368421052631579093 0.21710526315789474561 0.21710526315789474561 0.23684210526315788159 0.25657894736842107308 0.25657894736842107308 0.19736842105263158187 0.25657894736842107308 0.25657894736842107308 0.30263157894736841813 0.30263157894736841813 0.30921052631578949121 0.32894736842105265495 0.34210526315789474561 0.30921052631578949121 0.375 0.375 0.39473684210526316374
0.57236842105263152636 0.57236842105263152636 0.73026315789473683626 0.82236842105263152636 0.88815789473684214617 0.95394736842105265495 0.89473684210526316374 0.89473684210526316374 0.77631578947368418131 0.63157894736842101757 0.625 0.74342105263157898243 0.90131578947368418131 0.82236842105263152636 0.53947368421052632748 0.43421052631578949121 0.23684210526315788159 0.21710526315789474561 0.31578947368421050879 0.28947368421052632748 0.23026315789473683626 0.25657894736842107308 0.28289473684210525439 0.21710526315789474561 0.21710526315789474561 0.26973684210526316374 0.28289473684210525439 0.30263157894736841813 0.26973684210526316374 0.26973684210526316374 0.21710526315789474561 0.21052631578947367252 0.27631578947368423682 0.30263157894736841813 0.30263157894736841813 0.30263157894736841813 0.28947368421052632748 0.23026315789473683626 0.33552631578947367252 0.31578947368421050879 0.31578947368421050879 0.36184210526315790935 0.38815789473684209065 0.38815789473684209065 0.40131578947368423682 0.40131578947368423682
0.69078947368421050879 0.60526315789473683626 0.73026315789473683626 0.73684210526315785383 0.8421052631578946901 0.95394736842105265495 0.79605263157894734505 0.9671052631578946901 0.89473684210526316374 0.71052631578947367252 0.43421052631578949121 0.53947368421052632748 0.75 0.73026315789473683626 0.68421052631578949121 0.39473684210526316374 0.30921052631578949121 0.34868421052631576318 0.30263157894736841813 0.36842105263157892692 0.33552631578947367252 0.31578947368421050879 0.30263157894736841813 0.30263157894736841813 0.32894736842105265495 0.26973684210526316374 0.26973684210526316374 0.25657894736842107308 0.30263157894736841813 0.23684210526315788159 0.25657894736842107308 0.26973684210526316374 0.28947368421052632748 0.29605263157894734505 0.30263157894736841813 0.30921052631578949121 0.30263157894736841813 0.32236842105263158187 0.30921052631578949121 0.32894736842105265495 0.36842105263157892692 0.375 0.375 0.41447368421052632748 0.42105263157894734505 0.42105263157894734505
0.69078947368421050879 0.73026315789473683626 0.61184210526315785383 0.88157894736842101757 0.82236842105263152636 0.92105263157894734505 0.9671052631578946901 0.69078947368421050879 0.82236842105263152636 0.76973684210526316374 0.69078947368421050879 0.5328947368421053099 0.63157894736842101757 0.79605263157894734505 0.58552631578947367252 0.41447368421052632748 0.39473684210526316374 0.33552631578947367252 0.41447368421052632748 0.34210526315789474561 0.39473684210526316374 0.36842105263157892692 0.36842105263157892692 0.30263157894736841813 0.30921052631578949121 0.30263157894736841813 0.21710526315789474561 0.30263157894736841813 0.25657894736842107308 0.30263157894736841813 0.23026315789473683626 0.29605263157894734505 0.30921052631578949121 0.30921052631578949121 0.31578947368421050879 0.30921052631578949121 0.30921052631578949121 0.34210526315789474561 0.36842105263157892692 0.375 0.33552631578947367252 0.38815789473684209065 0.40131578947368423682 0.40131578947368423682 0.43421052631578949121 0.43421052631578949121
0.46052631578947367252 0.46710526315789474561 0.60526315789473683626 0.43421052631578949121 0.75657894736842101757 0.95394736842105265495 0.89473684210526316374 0.78947368421052632748 0.73026315789473683626 0.69078947368421050879 0.49342105263157892692 0.73026315789473683626 0.44078947368421050879 0.73026315789473683626 0.66447368421052632748 0.43421052631578949121 0.36842105263157892692 0.40131578947368423682 0.44078947368421050879 0.40131578947368423682 0.26973684210526316374 0.30263157894736841813 0.40131578947368423682 0.38815789473684209065 0.25657894736842107308 0.30921052631578949121 0.26973684210526316374 0.30921052631578949121 0.26315789473684209065 0.26973684210526316374 0.29605263157894734505 0.21710526315789474561 0.30263157894736841813 0.30921052631578949121 0.34210526315789474561 0.30263157894736841813 0.34210526315789474561 0.34210526315789474561 0.36842105263157892692 0.38815789473684209065 0.39473684210526316374 0.40131578947368423682 0.43421052631578949121 0.44078947368421050879 0.44078947368421050879 0.47368421052631576318
0.098684210526315790935 0.28289473684210525439 0.34868421052631576318 0.69078947368421050879 0.75657894736842101757 0.77631578947368418131 0.81578947368421050879 0.88815789473684214617 0.82236842105263152636 0.63157894736842101757 0.82894736842105265495 0.57894736842105265495 0.79605263157894734505 0.89473684210526316374 0.57236842105263152636 0.43421052631578949121 0.46710526315789474561 0.53947368421052632748 0.55921052631578949121 0.40131578947368423682 0.39473684210526316374 0.40131578947368423682 0.375 0.38815789473684209065 0.26973684210526316374 0.34210526315789474561 0.28947368421052632748 0.30921052631578949121 0.30263157894736841813 0.30921052631578949121 0.30921052631578949121 0.27631578947368423682 0.30263157894736841813 0.34210526315789474561 0.33552631578947367252 0.34210526315789474561 0.36842105263157892692 0.38157894736842107308 0.30921052631578949121 0.40131578947368423682 0.40131578947368423682 0.43421052631578949121 0.40131578947368423682 0.46710526315789474561 0.48026315789473683626 0.48026315789473683626
0.1710526315789473728 0.078947368421052627196 0.15131578947368420907 0.46710526315789474561 0.65131578947368418131 0.43421052631578949121 0.46052631578947367252 0.75657894736842101757 0.79605263157894734505 0.83552631578947367252 0.75657894736842101757 0.58552631578947367252 0.54605263157894734505 0.49342105263157892692 0.43421052631578949121 0.43421052631578949121 0.43421052631578949121 0.47368421052631576318 0.40131578947368423682 0.38815789473684209065 0.30263157894736841813 0.38815789473684209065 0.39473684210526316374 0.36842105263157892692 0.375 0.36842105263157892692 0.30263157894736841813 0.33552631578947367252 0.36184210526315790935 0.28947368421052632748 0.30921052631578949121 0.30921052631578949121 0.33552631578947367252 0.34210526315789474561 0.36184210526315790935 0.36184210526315790935 0.40131578947368423682 0.30921052631578949121 0.39473684210526316374 0.38815789473684209065 0.43421052631578949121 0.43421052631578949121 0.44078947368421050879 0.46710526315789474561 0.51973684210526316374 0.58552631578947367252
0.28289473684210525439 0.15789473684210525439 0.15131578947368420907 0.21710526315789474561 0.63157894736842101757 0.53947368421052632748 0.75657894736842101757 0.89473684210526316374 0.80263157894736847364 0.9671052631578946901 0.93421052631578949121 0.82894736842105265495 0.89473684210526316374 0.55921052631578949121 0.36184210526315790935 0.63157894736842101757 0.5921052631578946901 0.38815789473684209065 0.43421052631578949121 0.44078947368421050879 0.40131578947368423682 0.44078947368421050879 0.40131578947368423682 0.375 0.39473684210526316374 0.31578947368421050879 0.34868421052631576318 0.31578947368421050879 0.32894736842105265495 0.30921052631578949121 0.35526315789473683626 0.30921052631578949121 0.36842105263157892692 0.27631578947368423682 0.30921052631578949121 0.32894736842105265495 0.40131578947368423682 0.36842105263157892692 0.43421052631578949121 0.43421052631578949121 0.43421052631578949121 0.46710526315789474561 0.49342105263157892692 0.54605263157894734505 0.57236842105263152636 0.57236842105263152636
0.35526315789473683626 0.55921052631578949121 0.49342105263157892692 0.38815789473684209065 0.61184210526315785383 0.68421052631578949121 0.625 0.90131578947368418131 0.80263157894736847364 0.89473684210526316374 0.95394736842105265495 0.95394736842105265495 0.73026315789473683626 0.63157894736842101757 0.68421052631578949121 0.69078947368421050879 0.69078947368421050879 0.46710526315789474561 0.38815789473684209065 0.42105263157894734505 0.38815789473684209065 0.39473684210526316374 0.375 0.46710526315789474561 0.34210526315789474561 0.36842105263157892692 0.34210526315789474561 0.36842105263157892692 0.36842105263157892692 0.34210526315789474561 0.375 0.32894736842105265495 0.36842105263157892692 0.36842105263157892692 0.375 0.38157894736842107308 0.36842105263157892692 0.40131578947368423682 0.40131578947368423682 0.41447368421052632748 0.44078947368421050879 0.46710526315789474561 0.44078947368421050879 0.55921052631578949121 0.58552631578947367252 0.55921052631578949121
0.92105263157894734505 0.77631578947368418131 0.82236842105263152636 0.57236842105263152636 0.69078947368421050879 0.46710526315789474561 0.51315789473684214617 0.82894736842105265495 0.79605263157894734505 0.73026315789473683626 0.73684210526315785383 0.75 0.69078947368421050879 0.7828947368421053099 0.77631578947368418131 0.53947368421052632748 0.52631578947368418131 0.49342105263157892692 0.48026315789473683626 0.36842105263157892692 0.43421052631578949121 0.42105263157894734505 0.43421052631578949121 0.43421052631578949121 0.36842105263157892692 0.38815789473684209065 0.40131578947368423682 0.38815789473684209065 0.39473684210526316374 0.41447368421052632748 0.36842105263157892692 0.38815789473684209065 0.38815789473684209065 0.375 0.40131578947368423682 0.39473684210526316374 0.40131578947368423682 0.40131578947368423682 0.40131578947368423682 0.46052631578947367252 0.48026315789473683626 0.46052631578947367252 0.48026315789473683626 0.57894736842105265495 0.60526315789473683626 0.63815789473684214617
0.73026315789473683626 0.95394736842105265495 0.90131578947368418131 0.79605263157894734505 0.89473684210526316374 0.61842105263157898243 0.46710526315789474561 0.95394736842105265495 0.75657894736842101757 0.69078947368421050879 0.625 0.48684210526315790935 0.46710526315789474561 0.54605263157894734505 0.57236842105263152636 0.61184210526315785383 0.58552631578947367252 0.48026315789473683626 0.38815789473684209065 0.40789473684210525439 0.44078947368421050879 0.58552631578947367252 0.40131578947368423682 0.43421052631578949121 0.39473684210526316374 0.40131578947368423682 0.38157894736842107308 0.38815789473684209065 0.33552631578947367252 0.42105263157894734505 0.39473684210526316374 0.38815789473684209065 0.39473684210526316374 0.36842105263157892692 0.34868421052631576318 0.38157894736842107308 0.40131578947368423682 0.39473684210526316374 0.43421052631578949121 0.46052631578947367252 0.42105263157894734505 0.46710526315789474561 0.57236842105263152636 0.58552631578947367252 -9999 -9999
0.41447368421052632748 0.54605263157894734505 0.83552631578947367252 0.80921052631578949121 0.88815789473684214617 0.77631578947368418131 0.73684210526315785383 0.80921052631578949121 0.79605263157894734505 0.79605263157894734505 0.79605263157894734505 0.68421052631578949121 0.53947368421052632748 0.58552631578947367252 0.64473684210526316374 0.44078947368421050879 0.40131578947368423682 0.43421052631578949121 0.43421052631578949121 0.43421052631578949121 0.43421052631578949121 0.41447368421052632748 0.44078947368421050879 0.42105263157894734505 0.33552631578947367252 0.40131578947368423682 0.40789473684210525439 0.43421052631578949121 0.41447368421052632748 0.40131578947368423682 0.39473684210526316374 0.44078947368421050879 0.375 0.40131578947368423682 0.39473684210526316374 0.36184210526315790935 0.43421052631578949121 0.35526315789473683626 0.42105263157894734505 0.44078947368421050879 0.44078947368421050879 0.49342105263157892692 0.5328947368421053099 -9999 -9999 -9999
