Example/niche_identity/models/RF/coelestinus_0.asc
ncols        743
nrows        319
xllcorner    -74.500956448335
yllcorner    17.448920549066
cellsize     0.008333333333
NODATA_value  -9999
[rows 100 to 119 of 319, columns 230 to 275 of 743]
0.56999999284744262695 0.66000002622604370117 0.60000002384185791016 0.64999997615814208984 0.60000002384185791016 0.61000001430511474609 0.25 0.14000000059604644775 0.11999999731779098511 0.15999999642372131348 0.58999997377395629883 0.090000003576278686523 0.73000001907348632812 0.61000001430511474609 0.68999999761581420898 0.28999999165534973145 0.75999999046325683594 0.66000002622604370117 0.67000001668930053711 0.75 0.77999997138977050781 0.77999997138977050781 0.76999998092651367188 0.77999997138977050781 0.74000000953674316406 0.68999999761581420898 0.68999999761581420898 0.80000001192092895508 0.76999998092651367188 0.86000001430511474609 0.81999999284744262695 0.87000000476837158203 0.87999999523162841797 0.86000001430511474609 0.83999997377395629883 0.85000002384185791016 0.87000000476837158203 0.89999997615814208984 0.85000002384185791016 0.82999998331069946289 0.81000000238418579102 0.86000001430511474609 0.63999998569488525391 0.46999999880790710449 0.54000002145767211914 0.40000000596046447754
0.66000002622604370117 0.62000000476837158203 0.60000002384185791016 0.61000001430511474609 0.61000001430511474609 0.62999999523162841797 0.63999998569488525391 0.63999998569488525391 0.70999997854232788086 0.20999999344348907471 0.56000000238418579102 0.56999999284744262695 0.15000000596046447754 0.15999999642372131348 0.15999999642372131348 0.77999997138977050781 0.75 0.74000000953674316406 0.66000002622604370117 0.69999998807907104492 0.73000001907348632812 0.81000000238418579102 0.74000000953674316406 0.75 0.70999997854232788086 0.80000001192092895508 0.70999997854232788086 0.82999998331069946289 0.74000000953674316406 0.83999997377395629883 0.82999998331069946289 0.87000000476837158203 0.86000001430511474609 0.88999998569488525391 0.80000001192092895508 0.75999999046325683594 0.76999998092651367188 0.77999997138977050781 0.86000001430511474609 0.74000000953674316406 0.75999999046325683594 0.69999998807907104492 0.44999998807907104492 0.49000000953674316406 0.38999998569488525391 0.34000000357627868652
0.66000002622604370117 0.61000001430511474609 0.61000001430511474609 0.58999997377395629883 0.50999999046325683594 0.56000000238418579102 0.62999999523162841797 0.68000000715255737305 0.68000000715255737305 0.68000000715255737305 0.68000000715255737305 0.66000002622604370117 0.70999997854232788086 0.64999997615814208984 0.70999997854232788086 0.70999997854232788086 0.82999998331069946289 0.73000001907348632812 0.73000001907348632812 0.73000001907348632812 0.76999998092651367188 0.66000002622604370117 0.76999998092651367188 0.67000001668930053711 0.70999997854232788086 0.68999999761581420898 0.69999998807907104492 0.69999998807907104492 0.73000001907348632812 0.82999998331069946289 0.86000001430511474609 0.86000001430511474609 0.86000001430511474609 0.83999997377395629883 0.88999998569488525391 0.81999999284744262695 0.82999998331069946289 0.69999998807907104492 0.75999999046325683594 0.64999997615814208984 0.55000001192092895508 0.40000000596046447754 0.5 0.44999998807907104492 0.36000001430511474609 0.72000002861022949219
0.58999997377395629883 0.57999998331069946289 0.62000000476837158203 0.61000001430511474609 0.60000002384185791016 0.62999999523162841797 0.63999998569488525391 0.66000002622604370117 0.68999999761581420898 0.69999998807907104492 0.55000001192092895508 0.61000001430511474609 0.34999999403953552246 0.23999999463558197021 0.75999999046325683594 0.72000002861022949219 0.72000002861022949219 0.69999998807907104492 0.72000002861022949219 0.75 0.72000002861022949219 0.67000001668930053711 0.67000001668930053711 0.67000001668930053711 0.60000002384185791016 0.68999999761581420898 0.69999998807907104492 0.68000000715255737305 0.68999999761581420898 0.81000000238418579102 0.70999997854232788086 0.68999999761581420898 0.82999998331069946289 0.81000000238418579102 0.79000002145767211914 0.76999998092651367188 0.67000001668930053711 0.73000001907348632812 0.60000002384185791016 0.66000002622604370117 0.50999999046325683594 0.37999999523162841797 0.37999999523162841797 0.43000000715255737305 0.34999999403953552246 0.46000000834465026855
0.49000000953674316406 0.51999998092651367188 0.60000002384185791016 0.57999998331069946289 0.61000001430511474609 0.61000001430511474609 0.63999998569488525391 0.63999998569488525391 0.60000002384185791016 0.60000002384185791016 0.49000000953674316406 0.62000000476837158203 0.64999997615814208984 0.56999999284744262695 0.11999999731779098511 0.73000001907348632812 0.67000001668930053711 0.69999998807907104492 0.70999997854232788086 0.67000001668930053711 0.68999999761581420898 0.68999999761581420898 0.66000002622604370117 0.66000002622604370117 0.69999998807907104492 0.69999998807907104492 0.66000002622604370117 0.66000002622604370117 0.63999998569488525391 0.67000001668930053711 0.67000001668930053711 0.64999997615814208984 0.70999997854232788086 0.75999999046325683594 0.80000001192092895508 0.73000001907348632812 0.55000001192092895508 0.72000002861022949219 0.67000001668930053711 0.25 0.37000000476837158203 0.34999999403953552246 0.25999999046325683594 0.25 0.34999999403953552246 0.46999999880790710449
0.56999999284744262695 0.54000002145767211914 0.62000000476837158203 0.60000002384185791016 0.62000000476837158203 0.58999997377395629883 0.61000001430511474609 0.57999998331069946289 0.67000001668930053711 0.23000000417232513428 0.46000000834465026855 0.25 0.68000000715255737305 0.60000002384185791016 0.64999997615814208984 0.23999999463558197021 0.54000002145767211914 0.11999999731779098511 0.40000000596046447754 0.18999999761581420898 0.57999998331069946289 0.63999998569488525391 0.75 0.54000002145767211914 0.81000000238418579102 0.79000002145767211914 0.69999998807907104492 0.75999999046325683594 0.79000002145767211914 0.72000002861022949219 0.68000000715255737305 0.61000001430511474609 0.68999999761581420898 0.72000002861022949219 0.73000001907348632812 0.75999999046325683594 0.73000001907348632812 0.73000001907348632812 0.55000001192092895508 0.25999999046325683594 0.34000000357627868652 0.23000000417232513428 0.40000000596046447754 0.46000000834465026855 0.50999999046325683594 0.49000000953674316406
0.54000002145767211914 0.60000002384185791016 0.63999998569488525391 0.61000001430511474609 0.67000001668930053711 0.61000001430511474609 0.56999999284744262695 0.56000000238418579102 0.60000002384185791016 0.57999998331069946289 0.66000002622604370117 0.62000000476837158203 0.66000002622604370117 0.72000002861022949219 0.60000002384185791016 0.75 0.56000000238418579102 0.23000000417232513428 0.47999998927116394043 0.68999999761581420898 0.77999997138977050781 0.56000000238418579102 0.72000002861022949219 0.69999998807907104492 0.68999999761581420898 0.75999999046325683594 0.70999997854232788086 0.61000001430511474609 0.75999999046325683594 0.79000002145767211914 0.75 0.56999999284744262695 0.70999997854232788086 0.69999998807907104492 0.68999999761581420898 0.66000002622604370117 0.66000002622604370117 0.43000000715255737305 0.38999998569488525391 0.37000000476837158203 0.40000000596046447754 0.25999999046325683594 0.51999998092651367188 0.50999999046325683594 0.37000000476837158203 0.50999999046325683594
0.58999997377395629883 0.61000001430511474609 0.61000001430511474609 0.61000001430511474609 0.58999997377395629883 0.58999997377395629883 0.66000002622604370117 0.62999999523162841797 0.61000001430511474609 0.67000001668930053711 0.69999998807907104492 0.67000001668930053711 0.62000000476837158203 0.72000002861022949219 0.58999997377395629883 0.75999999046325683594 0.18000000715255737305 0.43000000715255737305 0.44999998807907104492 0.72000002861022949219 0.66000002622604370117 0.68000000715255737305 0.63999998569488525391 0.73000001907348632812 0.66000002622604370117 0.66000002622604370117 0.68000000715255737305 0.69999998807907104492 0.67000001668930053711 0.69999998807907104492 0.75999999046325683594 0.68999999761581420898 0.62000000476837158203 0.54000002145767211914 0.67000001668930053711 0.49000000953674316406 0.44999998807907104492 0.49000000953674316406 0.40999999642372131348 0.46000000834465026855 0.23999999463558197021 0.21999999880790710449 0.56000000238418579102 0.43000000715255737305 0.50999999046325683594 0.66000002622604370117
0.58999997377395629883 0.61000001430511474609 0.62000000476837158203 0.58999997377395629883 0.58999997377395629883 0.66000002622604370117 0.69999998807907104492 0.63999998569488525391 0.68999999761581420898 0.69999998807907104492 0.62999999523162841797 0.61000001430511474609 0.61000001430511474609 0.68000000715255737305 0.66000002622604370117 0.67000001668930053711 0.52999997138977050781 0.40999999642372131348 0.36000001430511474609 0.56000000238418579102 0.66000002622604370117 0.70999997854232788086 0.77999997138977050781 0.68000000715255737305 0.72000002861022949219 0.66000002622604370117 0.61000001430511474609 0.77999997138977050781 0.69999998807907104492 0.61000001430511474609 0.68000000715255737305 0.70999997854232788086 0.70999997854232788086 0.55000001192092895508 0.41999998688697814941 0.56999999284744262695 0.63999998569488525391 0.43999999761581420898 0.40999999642372131348 0.30000001192092895508 0.23000000417232513428 0.30000001192092895508 0.38999998569488525391 0.38999998569488525391 0.54000002145767211914 0.62999999523162841797
0.60000002384185791016 0.58999997377395629883 0.57999998331069946289 0.57999998331069946289 0.63999998569488525391 0.69999998807907104492 0.68999999761581420898 0.69999998807907104492 0.68999999761581420898 0.60000002384185791016 0.61000001430511474609 0.57999998331069946289 0.68999999761581420898 0.68000000715255737305 0.66000002622604370117 0.55000001192092895508 0.62999999523162841797 0.58999997377395629883 0.18999999761581420898 0.43000000715255737305 0.55000001192092895508 0.62999999523162841797 0.76999998092651367188 0.81000000238418579102 0.80000001192092895508 0.68999999761581420898 0.70999997854232788086 0.68000000715255737305 0.75999999046325683594 0.74000000953674316406 0.77999997138977050781 0.76999998092651367188 0.62999999523162841797 0.54000002145767211914 0.56999999284744262695 0.56000000238418579102 0.70999997854232788086 0.28000000119209289551 0.40999999642372131348 0.18999999761581420898 0.18999999761581420898 0.28000000119209289551 0.21999999880790710449 0.25999999046325683594 0.34999999403953552246 0.50999999046325683594
0.58999997377395629883 0.58999997377395629883 0.57999998331069946289 0.68999999761581420898 0.68000000715255737305 0.66000002622604370117 0.63999998569488525391 0.62000000476837158203 0.61000001430511474609 0.56999999284744262695 0.62000000476837158203 0.67000001668930053711 0.68999999761581420898 0.66000002622604370117 0.64999997615814208984 0.54000002145767211914 0.62999999523162841797 0.56000000238418579102 0.54000002145767211914 0.46999999880790710449 0.43000000715255737305 0.68999999761581420898 0.77999997138977050781 0.86000001430511474609 0.81999999284744262695 0.81999999284744262695 0.62999999523162841797 0.75999999046325683594 0.63999998569488525391 0.64999997615814208984 0.68999999761581420898 0.66000002622604370117 0.60000002384185791016 0.68999999761581420898 0.55000001192092895508 0.46000000834465026855 0.58999997377395629883 0.37999999523162841797 0.36000001430511474609 0.38999998569488525391 0.12999999523162841797 0.23999999463558197021 0.33000001311302185059 0.62000000476837158203 0.66000002622604370117 0.67000001668930053711
0.58999997377395629883 0.66000002622604370117 0.68999999761581420898 0.73000001907348632812 0.70999997854232788086 0.62999999523162841797 0.62000000476837158203 0.60000002384185791016 0.56000000238418579102 0.56999999284744262695 0.69999998807907104492 0.68999999761581420898 0.49000000953674316406 0.60000002384185791016 0.61000001430511474609 0.62000000476837158203 0.46999999880790710449 0.54000002145767211914 0.56999999284744262695 0.34000000357627868652 0.20000000298023223877 0.72000002861022949219 0.64999997615814208984 0.68000000715255737305 0.83999997377395629883 0.86000001430511474609 0.88999998569488525391 0.75 0.73000001907348632812 0.74000000953674316406 0.75 0.76999998092651367188 0.74000000953674316406 0.69999998807907104492 0.67000001668930053711 0.55000001192092895508 0.41999998688697814941 0.43999999761581420898 0.21999999880790710449 0.23999999463558197021 0.15000000596046447754 0.25 0.34000000357627868652 0.34000000357627868652 0.69999998807907104492 0.67000001668930053711
0.58999997377395629883 0.68000000715255737305 0.67000001668930053711 0.70999997854232788086 0.64999997615814208984 0.64999997615814208984 0.61000001430511474609 0.56000000238418579102 0.55000001192092895508 0.57999998331069946289 0.66000002622604370117 0.5 0.60000002384185791016 0.62000000476837158203 0.36000001430511474609 0.20000000298023223877 0.40000000596046447754 0.43999999761581420898 0.46999999880790710449 0.56999999284744262695 0.61000001430511474609 0.56999999284744262695 0.5 0.64999997615814208984 0.81999999284744262695 0.88999998569488525391 0.82999998331069946289 0.81000000238418579102 0.66000002622604370117 0.68999999761581420898 0.70999997854232788086 0.68000000715255737305 0.73000001907348632812 0.66000002622604370117 0.72000002861022949219 0.63999998569488525391 0.47999998927116394043 0.34000000357627868652 0.38999998569488525391 0.20000000298023223877 0.25 0.49000000953674316406 0.34000000357627868652 0.51999998092651367188 0.44999998807907104492 0.50999999046325683594
0.64999997615814208984 0.64999997615814208984 0.69999998807907104492 0.62000000476837158203 0.64999997615814208984 0.60000002384185791016 0.56000000238418579102 0.56999999284744262695 0.60000002384185791016 0.64999997615814208984 0.60000002384185791016 0.57999998331069946289 0.58999997377395629883 0.62999999523162841797 0.60000002384185791016 0.38999998569488525391 0.23999999463558197021 0.51999998092651367188 0.43999999761581420898 0.40000000596046447754 0.20000000298023223877 0.43999999761581420898 0.58999997377395629883 0.66000002622604370117 0.79000002145767211914 0.77999997138977050781 0.82999998331069946289 0.83999997377395629883 0.75999999046325683594 0.63999998569488525391 0.74000000953674316406 0.67000001668930053711 0.72000002861022949219 0.66000002622604370117 0.5 0.40000000596046447754 0.49000000953674316406 0.36000001430511474609 0.15999999642372131348 0.20999999344348907471 0.20999999344348907471 0.28999999165534973145 0.36000001430511474609 0.31999999284744262695 0.31999999284744262695 0.61000001430511474609
0.70999997854232788086 0.67000001668930053711 0.62999999523162841797 0.49000000953674316406 0.47999998927116394043 0.56000000238418579102 0.61000001430511474609 0.60000002384185791016 0.62999999523162841797 0.57999998331069946289 0.62999999523162841797 0.63999998569488525391 0.62999999523162841797 0.64999997615814208984 0.60000002384185791016 0.54000002145767211914 0.40000000596046447754 0.44999998807907104492 0.40000000596046447754 0.34000000357627868652 0.41999998688697814941 0.20000000298023223877 0.61000001430511474609 0.43999999761581420898 0.73000001907348632812 0.69999998807907104492 0.68000000715255737305 0.87000000476837158203 0.85000002384185791016 0.63999998569488525391 0.63999998569488525391 0.62999999523162841797 0.64999997615814208984 0.40999999642372131348 0.34000000357627868652 0.37000000476837158203 0.36000001430511474609 0.18999999761581420898 0.18999999761581420898 0.63999998569488525391 0.61000001430511474609 0.34999999403953552246 0.20999999344348907471 0.20999999344348907471 0.50999999046325683594 0.63999998569488525391
0.58999997377395629883 0.56999999284744262695 0.47999998927116394043 0.46999999880790710449 0.56000000238418579102 0.58999997377395629883 0.63999998569488525391 0.62999999523162841797 0.60000002384185791016 0.62000000476837158203 0.57999998331069946289 0.58999997377395629883 0.57999998331069946289 0.61000001430511474609 0.56999999284744262695 0.38999998569488525391 0.27000001072883605957 0.41999998688697814941 0.40000000596046447754 0.34999999403953552246 0.31999999284744262695 0.27000001072883605957 0.20000000298023223877 0.52999997138977050781 0.54000002145767211914 0.57999998331069946289 0.51999998092651367188 0.92000001668930053711 0.85000002384185791016 0.87999999523162841797 0.63999998569488525391 0.61000001430511474609 0.60000002384185791016 0.25999999046325683594 0.5 0.27000001072883605957 0.37999999523162841797 0.68999999761581420898 0.68999999761581420898 0.72000002861022949219 0.81999999284744262695 0.72000002861022949219 0.43999999761581420898 0.37000000476837158203 0.63999998569488525391 0.58999997377395629883
0.62000000476837158203 0.52999997138977050781 0.46999999880790710449 0.47999998927116394043 0.56999999284744262695 0.57999998331069946289 0.57999998331069946289 0.58999997377395629883 0.56999999284744262695 0.63999998569488525391 0.69999998807907104492 0.67000001668930053711 0.60000002384185791016 0.54000002145767211914 0.52999997138977050781 0.40000000596046447754 0.34999999403953552246 0.43999999761581420898 0.41999998688697814941 0.25999999046325683594 0.18000000715255737305 0.40999999642372131348 0.20999999344348907471 0.12999999523162841797 0.17000000178813934326 0.68999999761581420898 0.62999999523162841797 0.68000000715255737305 0.77999997138977050781 0.83999997377395629883 0.76999998092651367188 0.64999997615814208984 0.49000000953674316406 0.37000000476837158203 0.68000000715255737305 0.68999999761581420898 0.50999999046325683594 0.50999999046325683594 0.40999999642372131348 0.38999998569488525391 0.77999997138977050781 0.72000002861022949219 0.49000000953674316406 0.21999999880790710449 0.17000000178813934326 0.20000000298023223877
0.28000000119209289551 0.46000000834465026855 0.62000000476837158203 0.57999998331069946289 0.61000001430511474609 0.55000001192092895508 0.56000000238418579102 0.55000001192092895508 0.57999998331069946289 0.58999997377395629883 0.64999997615814208984 0.66000002622604370117 0.56999999284744262695 0.46999999880790710449 0.5 0.49000000953674316406 0.58999997377395629883 0.47999998927116394043 0.23999999463558197021 0.41999998688697814941 0.33000001311302185059 0.20000000298023223877 0.18999999761581420898 0.33000001311302185059 0.12999999523162841797 0.23999999463558197021 0.37000000476837158203 0.69999998807907104492 0.69999998807907104492 0.69999998807907104492 0.80000001192092895508 0.68999999761581420898 0.47999998927116394043 0.38999998569488525391 0.61000001430511474609 0.81000000238418579102 0.68000000715255737305 0.68000000715255737305 0.36000001430511474609 0.57999998331069946289 0.43999999761581420898 0.46000000834465026855 0.43000000715255737305 0.21999999880790710449 0.11999999731779098511 0.33000001311302185059
0.12999999523162841797 0.27000001072883605957 0.60000002384185791016 0.56000000238418579102 0.55000001192092895508 0.44999998807907104492 0.58999997377395629883 0.62000000476837158203 0.56999999284744262695 0.63999998569488525391 0.62000000476837158203 0.61000001430511474609 0.51999998092651367188 0.43000000715255737305 0.54000002145767211914 0.58999997377395629883 0.40999999642372131348 0.41999998688697814941 0.41999998688697814941 0.15999999642372131348 0.14000000059604644775 0.20999999344348907471 0.25999999046325683594 0.38999998569488525391 0.15000000596046447754 0.17000000178813934326 0.21999999880790710449 0.12999999523162841797 0.61000001430511474609 0.37999999523162841797 0.54000002145767211914 0.81000000238418579102 0.44999998807907104492 0.5 0.55000001192092895508 0.70999997854232788086 0.68000000715255737305 0.61000001430511474609 0.68999999761581420898 0.68999999761581420898 0.62999999523162841797 0.54000002145767211914 0.52999997138977050781 0.86000001430511474609 0.49000000953674316406 0.38999998569488525391
0.18999999761581420898 0.10999999940395355225 0.20000000298023223877 0.31000000238418579102 0.5 0.43999999761581420898 0.56000000238418579102 0.62000000476837158203 0.62000000476837158203 0.62999999523162841797 0.60000002384185791016 0.61000001430511474609 0.56999999284744262695 0.47999998927116394043 0.54000002145767211914 0.41999998688697814941 0.41999998688697814941 0.41999998688697814941 0.41999998688697814941 0.43000000715255737305 0.41999998688697814941 0.43000000715255737305 0.23000000417232513428 0.10999999940395355225 0.14000000059604644775 0.25999999046325683594 0.12999999523162841797 0.34999999403953552246 0.40999999642372131348 0.37000000476837158203 0.41999998688697814941 0.63999998569488525391 0.57999998331069946289 0.46999999880790710449 0.58999997377395629883 0.66000002622604370117 0.81999999284744262695 0.72000002861022949219 0.62999999523162841797 0.81999999284744262695 0.56000000238418579102 0.69999998807907104492 0.88999998569488525391 0.85000002384185791016 0.87999999523162841797 0.85000002384185791016
