Example/niche_identity/models/RF/coelestinus_0.asc
ncols        743
nrows        319
xllcorner    -74.500956448335
yllcorner    17.448920549066
cellsize     0.008333333333
NODATA_value  -9999
[rows 180 to 199 of 319, columns 460 to 505 of 743]
0.56999999284744262695 0.63999998569488525391 0.67000001668930053711 0.64999997615814208984 0.67000001668930053711 0.63999998569488525391 0.68999999761581420898 0.60000002384185791016 0.54000002145767211914 0.63999998569488525391 0.68999999761581420898 0.66000002622604370117 0.47999998927116394043 0.72000002861022949219 0.69999998807907104492 0.51999998092651367188 0.62999999523162841797 0.31999999284744262695 0.55000001192092895508 0.44999998807907104492 0.54000002145767211914 0.52999997138977050781 0.56000000238418579102 0.54000002145767211914 0.43999999761581420898 0.56000000238418579102 0.54000002145767211914 0.56999999284744262695 0.56999999284744262695 0.38999998569488525391 0.56000000238418579102 0.52999997138977050781 0.52999997138977050781 0.56999999284744262695 0.52999997138977050781 0.60000002384185791016 0.51999998092651367188 0.5 0.56000000238418579102 0.60000002384185791016 0.44999998807907104492 0.60000002384185791016 0.41999998688697814941 0.61000001430511474609 0.51999998092651367188 0.54000002145767211914
0.62000000476837158203 0.64999997615814208984 0.66000002622604370117 0.64999997615814208984 0.58999997377395629883 0.52999997138977050781 0.52999997138977050781 0.64999997615814208984 0.62999999523162841797 0.63999998569488525391 0.66000002622604370117 0.46999999880790710449 0.47999998927116394043 0.47999998927116394043 0.66000002622604370117 0.58999997377395629883 0.41999998688697814941 0.41999998688697814941 0.52999997138977050781 0.47999998927116394043 0.43000000715255737305 0.52999997138977050781 0.51999998092651367188 0.58999997377395629883 0.55000001192092895508 0.58999997377395629883 0.52999997138977050781 0.56000000238418579102 0.51999998092651367188 0.43999999761581420898 0.47999998927116394043 0.52999997138977050781 0.58999997377395629883 0.54000002145767211914 0.60000002384185791016 0.60000002384185791016 0.5 0.54000002145767211914 0.58999997377395629883 0.51999998092651367188 0.52999997138977050781 0.51999998092651367188 0.56000000238418579102 0.61000001430511474609 0.56999999284744262695 0.54000002145767211914
0.54000002145767211914 0.60000002384185791016 0.61000001430511474609 0.62000000476837158203 0.64999997615814208984 0.58999997377395629883 0.67000001668930053711 0.60000002384185791016 0.55000001192092895508 0.38999998569488525391 0.62999999523162841797 0.68000000715255737305 0.5 0.5 0.46999999880790710449 0.56999999284744262695 0.50999999046325683594 0.55000001192092895508 0.44999998807907104492 0.41999998688697814941 0.47999998927116394043 0.47999998927116394043 0.49000000953674316406 0.52999997138977050781 0.46000000834465026855 0.50999999046325683594 0.49000000953674316406 0.46999999880790710449 0.49000000953674316406 0.43000000715255737305 0.37000000476837158203 0.47999998927116394043 0.55000001192092895508 0.57999998331069946289 0.51999998092651367188 0.47999998927116394043 0.50999999046325683594 0.51999998092651367188 0.58999997377395629883 0.55000001192092895508 0.58999997377395629883 0.5 0.51999998092651367188 0.58999997377395629883 0.51999998092651367188 0.55000001192092895508
0.64999997615814208984 0.63999998569488525391 0.57999998331069946289 0.56999999284744262695 0.64999997615814208984 0.64999997615814208984 0.5 0.52999997138977050781 0.62999999523162841797 0.67000001668930053711 0.67000001668930053711 0.50999999046325683594 0.67000001668930053711 0.66000002622604370117 0.46999999880790710449 0.56999999284744262695 0.43999999761581420898 0.5 0.51999998092651367188 0.44999998807907104492 0.46000000834465026855 0.52999997138977050781 0.44999998807907104492 0.51999998092651367188 0.5 0.28999999165534973145 0.46999999880790710449 0.44999998807907104492 0.46999999880790710449 0.41999998688697814941 0.43000000715255737305 0.37000000476837158203 0.46999999880790710449 0.54000002145767211914 0.50999999046325683594 0.44999998807907104492 0.56000000238418579102 0.51999998092651367188 0.57999998331069946289 0.51999998092651367188 0.55000001192092895508 0.47999998927116394043 0.40000000596046447754 0.37000000476837158203 0.46999999880790710449 0.51999998092651367188
0.62000000476837158203 0.51999998092651367188 0.58999997377395629883 0.61000001430511474609 0.47999998927116394043 0.63999998569488525391 0.56000000238418579102 0.5 0.55000001192092895508 0.47999998927116394043 0.62000000476837158203 0.64999997615814208984 0.62000000476837158203 0.63999998569488525391 0.47999998927116394043 0.57999998331069946289 0.49000000953674316406 0.43000000715255737305 0.58999997377395629883 0.62999999523162841797 0.60000002384185791016 0.43999999761581420898 0.51999998092651367188 0.36000001430511474609 0.50999999046325683594 0.46999999880790710449 0.50999999046325683594 0.52999997138977050781 0.52999997138977050781 0.5 0.54000002145767211914 0.38999998569488525391 0.36000001430511474609 0.46999999880790710449 0.43000000715255737305 0.38999998569488525391 0.56000000238418579102 0.52999997138977050781 0.56999999284744262695 0.54000002145767211914 0.56999999284744262695 0.50999999046325683594 0.51999998092651367188 0.46999999880790710449 0.57999998331069946289 0.43000000715255737305
0.61000001430511474609 0.50999999046325683594 0.43000000715255737305 0.57999998331069946289 0.57999998331069946289 0.61000001430511474609 0.60000002384185791016 0.41999998688697814941 0.55000001192092895508 0.62000000476837158203 0.55000001192092895508 0.64999997615814208984 0.5 0.58999997377395629883 0.61000001430511474609 0.5 0.57999998331069946289 0.43000000715255737305 0.64999997615814208984 0.72000002861022949219 0.61000001430511474609 0.54000002145767211914 0.44999998807907104492 0.37999999523162841797 0.5 0.60000002384185791016 0.34000000357627868652 0.64999997615814208984 0.56999999284744262695 0.62000000476837158203 0.46000000834465026855 0.44999998807907104492 0.40000000596046447754 0.40000000596046447754 0.38999998569488525391 0.37000000476837158203 0.49000000953674316406 0.51999998092651367188 0.50999999046325683594 0.52999997138977050781 0.58999997377395629883 0.47999998927116394043 0.34000000357627868652 0.54000002145767211914 0.56000000238418579102 0.55000001192092895508
0.52999997138977050781 0.50999999046325683594 0.64999997615814208984 0.58999997377395629883 0.51999998092651367188 0.51999998092651367188 0.61000001430511474609 0.60000002384185791016 0.43000000715255737305 0.62000000476837158203 0.5 0.43999999761581420898 0.30000001192092895508 0.5 0.46000000834465026855 0.30000001192092895508 0.46000000834465026855 0.43999999761581420898 0.56000000238418579102 0.80000001192092895508 0.76999998092651367188 0.46999999880790710449 0.50999999046325683594 0.47999998927116394043 0.37999999523162841797 0.46999999880790710449 0.58999997377395629883 0.34000000357627868652 0.62999999523162841797 0.62000000476837158203 0.52999997138977050781 0.49000000953674316406 0.51999998092651367188 0.49000000953674316406 0.37999999523162841797 0.36000001430511474609 0.49000000953674316406 0.60000002384185791016 0.54000002145767211914 0.40999999642372131348 0.37999999523162841797 0.37999999523162841797 0.5 0.46999999880790710449 0.55000001192092895508 0.52999997138977050781
0.63999998569488525391 0.61000001430511474609 0.43000000715255737305 0.43999999761581420898 0.56000000238418579102 0.56000000238418579102 0.5 0.46999999880790710449 0.50999999046325683594 0.50999999046325683594 0.54000002145767211914 0.43000000715255737305 0.50999999046325683594 0.43000000715255737305 0.43999999761581420898 0.46000000834465026855 0.44999998807907104492 0.54000002145767211914 0.67000001668930053711 0.77999997138977050781 0.74000000953674316406 0.37000000476837158203 0.52999997138977050781 0.36000001430511474609 0.37999999523162841797 0.55000001192092895508 0.67000001668930053711 0.57999998331069946289 0.46000000834465026855 0.67000001668930053711 0.64999997615814208984 0.61000001430511474609 0.54000002145767211914 0.47999998927116394043 0.40000000596046447754 0.37000000476837158203 0.54000002145767211914 0.5 0.49000000953674316406 0.23000000417232513428 0.47999998927116394043 0.46999999880790710449 0.73000001907348632812 0.5 0.51999998092651367188 0.56000000238418579102
0.57999998331069946289 0.37999999523162841797 0.62999999523162841797 0.37000000476837158203 0.62000000476837158203 0.49000000953674316406 0.46000000834465026855 0.50999999046325683594 0.62000000476837158203 0.43000000715255737305 0.50999999046325683594 0.43000000715255737305 0.56000000238418579102 0.46999999880790710449 0.51999998092651367188 0.63999998569488525391 0.5 0.62999999523162841797 0.82999998331069946289 0.75999999046325683594 0.69999998807907104492 0.44999998807907104492 0.58999997377395629883 0.46999999880790710449 0.50999999046325683594 0.55000001192092895508 0.64999997615814208984 0.56000000238418579102 0.56999999284744262695 0.61000001430511474609 0.57999998331069946289 0.55000001192092895508 0.49000000953674316406 0.40000000596046447754 0.37999999523162841797 0.43999999761581420898 0.38999998569488525391 0.40000000596046447754 0.31000000238418579102 0.5 0.51999998092651367188 0.46999999880790710449 0.41999998688697814941 0.46999999880790710449 0.43000000715255737305 0.40000000596046447754
0.46000000834465026855 0.50999999046325683594 0.60000002384185791016 0.60000002384185791016 0.56000000238418579102 0.51999998092651367188 0.5 0.5 0.5 0.60000002384185791016 0.56000000238418579102 0.44999998807907104492 0.51999998092651367188 0.69999998807907104492 0.5 0.61000001430511474609 0.63999998569488525391 0.72000002861022949219 0.67000001668930053711 0.92000001668930053711 0.76999998092651367188 0.41999998688697814941 0.46000000834465026855 0.43000000715255737305 0.51999998092651367188 0.61000001430511474609 0.62000000476837158203 0.5 0.54000002145767211914 0.38999998569488525391 0.47999998927116394043 0.40000000596046447754 0.37999999523162841797 0.5 0.46999999880790710449 0.37999999523162841797 0.61000001430511474609 0.37000000476837158203 0.47999998927116394043 0.43000000715255737305 0.47999998927116394043 0.41999998688697814941 0.44999998807907104492 0.58999997377395629883 0.43999999761581420898 0.43999999761581420898
0.55000001192092895508 0.43999999761581420898 0.54000002145767211914 0.41999998688697814941 0.46999999880790710449 0.57999998331069946289 0.50999999046325683594 0.55000001192092895508 0.57999998331069946289 0.57999998331069946289 0.56000000238418579102 0.75 0.79000002145767211914 0.68000000715255737305 0.40000000596046447754 0.47999998927116394043 0.52999997138977050781 0.75 0.89999997615814208984 0.80000001192092895508 0.43999999761581420898 0.40999999642372131348 0.36000001430511474609 0.49000000953674316406 0.50999999046325683594 0.55000001192092895508 0.62999999523162841797 0.55000001192092895508 0.57999998331069946289 0.25999999046325683594 0.40999999642372131348 0.38999998569488525391 0.43000000715255737305 0.46999999880790710449 0.41999998688697814941 0.41999998688697814941 0.37000000476837158203 0.64999997615814208984 0.41999998688697814941 0.38999998569488525391 0.37999999523162841797 0.43999999761581420898 0.47999998927116394043 0.62000000476837158203 0.68999999761581420898 0.49000000953674316406
0.52999997138977050781 0.51999998092651367188 0.67000001668930053711 0.63999998569488525391 0.43999999761581420898 0.43000000715255737305 0.55000001192092895508 0.5 0.41999998688697814941 0.47999998927116394043 0.56000000238418579102 0.63999998569488525391 0.72000002861022949219 0.67000001668930053711 0.74000000953674316406 0.43999999761581420898 0.40000000596046447754 0.57999998331069946289 0.93000000715255737305 0.73000001907348632812 0.41999998688697814941 0.43000000715255737305 0.44999998807907104492 0.56000000238418579102 0.62000000476837158203 0.57999998331069946289 0.37999999523162841797 0.62000000476837158203 0.51999998092651367188 0.44999998807907104492 0.49000000953674316406 0.46000000834465026855 0.56000000238418579102 0.56999999284744262695 0.56000000238418579102 0.30000001192092895508 0.37999999523162841797 0.46000000834465026855 0.38999998569488525391 0.37999999523162841797 0.62000000476837158203 0.46000000834465026855 0.55000001192092895508 0.67000001668930053711 0.40000000596046447754 0.46000000834465026855
0.58999997377395629883 0.40000000596046447754 0.60000002384185791016 0.81000000238418579102 0.61000001430511474609 0.43999999761581420898 0.49000000953674316406 0.72000002861022949219 0.67000001668930053711 0.89999997615814208984 0.63999998569488525391 0.56000000238418579102 0.49000000953674316406 0.36000001430511474609 0.49000000953674316406 0.83999997377395629883 0.61000001430511474609 0.46000000834465026855 0.82999998331069946289 0.54000002145767211914 0.31999999284744262695 0.43999999761581420898 0.44999998807907104492 0.58999997377395629883 0.62999999523162841797 0.73000001907348632812 0.62999999523162841797 0.70999997854232788086 0.63999998569488525391 0.62000000476837158203 0.64999997615814208984 0.49000000953674316406 0.62000000476837158203 0.63999998569488525391 0.47999998927116394043 0.40999999642372131348 0.40999999642372131348 0.49000000953674316406 0.66000002622604370117 0.68000000715255737305 0.70999997854232788086 0.63999998569488525391 0.62999999523162841797 0.37000000476837158203 0.50999999046325683594 0.49000000953674316406
0.50999999046325683594 0.79000002145767211914 0.70999997854232788086 0.86000001430511474609 0.85000002384185791016 0.67000001668930053711 0.50999999046325683594 0.76999998092651367188 0.74000000953674316406 0.76999998092651367188 0.89999997615814208984 0.41999998688697814941 0.38999998569488525391 0.51999998092651367188 0.38999998569488525391 0.46000000834465026855 0.81999999284744262695 0.86000001430511474609 0.87000000476837158203 0.85000002384185791016 0.87000000476837158203 0.37999999523162841797 0.46999999880790710449 0.46000000834465026855 0.28999999165534973145 0.68000000715255737305 0.69999998807907104492 0.75 0.38999998569488525391 0.51999998092651367188 0.64999997615814208984 0.68999999761581420898 0.57999998331069946289 0.55000001192092895508 0.34999999403953552246 0.46000000834465026855 0.5 0.50999999046325683594 0.40000000596046447754 0.40000000596046447754 0.37999999523162841797 0.68000000715255737305 0.82999998331069946289 0.64999997615814208984 0.36000001430511474609 0.60000002384185791016
0.83999997377395629883 0.87000000476837158203 0.83999997377395629883 0.77999997138977050781 0.87999999523162841797 0.81999999284744262695 0.87000000476837158203 0.77999997138977050781 0.80000001192092895508 0.81999999284744262695 0.91000002622604370117 0.51999998092651367188 0.37000000476837158203 0.41999998688697814941 0.41999998688697814941 0.43999999761581420898 0.41999998688697814941 0.57999998331069946289 0.82999998331069946289 0.86000001430511474609 0.70999997854232788086 0.75999999046325683594 0.46999999880790710449 0.46000000834465026855 0.47999998927116394043 0.50999999046325683594 0.56000000238418579102 0.73000001907348632812 0.58999997377395629883 0.74000000953674316406 0.57999998331069946289 0.52999997138977050781 0.55000001192092895508 0.33000001311302185059 0.43999999761581420898 0.38999998569488525391 0.40999999642372131348 0.57999998331069946289 0.43999999761581420898 0.33000001311302185059 0.49000000953674316406 0.50999999046325683594 0.40999999642372131348 0.43000000715255737305 0.38999998569488525391 0.43999999761581420898
0.83999997377395629883 0.85000002384185791016 0.89999997615814208984 0.91000002622604370117 0.86000001430511474609 0.87999999523162841797 0.85000002384185791016 0.85000002384185791016 0.86000001430511474609 0.81999999284744262695 0.73000001907348632812 0.81000000238418579102 0.40000000596046447754 0.49000000953674316406 0.34000000357627868652 0.43000000715255737305 0.50999999046325683594 0.43000000715255737305 0.83999997377395629883 0.67000001668930053711 0.86000001430511474609 0.51999998092651367188 0.66000002622604370117 0.34000000357627868652 0.43000000715255737305 0.51999998092651367188 0.62000000476837158203 0.51999998092651367188 0.62000000476837158203 0.70999997854232788086 0.52999997138977050781 0.72000002861022949219 0.37999999523162841797 0.50999999046325683594 0.25 0.38999998569488525391 0.31999999284744262695 0.68999999761581420898 0.51999998092651367188 0.43000000715255737305 0.50999999046325683594 0.38999998569488525391 0.34999999403953552246 0.40000000596046447754 0.77999997138977050781 0.37000000476837158203
0.85000002384185791016 0.88999998569488525391 0.87000000476837158203 0.88999998569488525391 0.87000000476837158203 0.87999999523162841797 0.87999999523162841797 0.89999997615814208984 0.81999999284744262695 0.81000000238418579102 0.75999999046325683594 0.83999997377395629883 0.44999998807907104492 0.38999998569488525391 0.43999999761581420898 0.43999999761581420898 0.37999999523162841797 0.89999997615814208984 0.83999997377395629883 0.83999997377395629883 0.87999999523162841797 0.81999999284744262695 0.73000001907348632812 0.68000000715255737305 0.43999999761581420898 0.41999998688697814941 0.5 0.72000002861022949219 0.60000002384185791016 0.55000001192092895508 0.50999999046325683594 0.51999998092651367188 0.74000000953674316406 0.31000000238418579102 0.46000000834465026855 0.37999999523162841797 0.54000002145767211914 0.49000000953674316406 0.62000000476837158203 0.60000002384185791016 0.44999998807907104492 0.47999998927116394043 0.36000001430511474609 0.46000000834465026855 0.49000000953674316406 0.69999998807907104492
0.87999999523162841797 0.93999999761581420898 0.91000002622604370117 0.86000001430511474609 0.87999999523162841797 0.92000001668930053711 0.83999997377395629883 0.88999998569488525391 0.83999997377395629883 0.81999999284744262695 0.77999997138977050781 0.76999998092651367188 0.89999997615814208984 0.43999999761581420898 0.46000000834465026855 0.50999999046325683594 0.56999999284744262695 0.62999999523162841797 0.52999997138977050781 0.67000001668930053711 0.77999997138977050781 0.52999997138977050781 0.81000000238418579102 0.77999997138977050781 0.36000001430511474609 0.27000001072883605957 0.37000000476837158203 0.49000000953674316406 0.69999998807907104492 0.50999999046325683594 0.57999998331069946289 0.70999997854232788086 0.56000000238418579102 0.43000000715255737305 0.50999999046325683594 0.55000001192092895508 0.54000002145767211914 0.63999998569488525391 0.46000000834465026855 0.75 0.56999999284744262695 0.46000000834465026855 0.37999999523162841797 0.5 0.68000000715255737305 0.68999999761581420898
0.87000000476837158203 0.87999999523162841797 0.89999997615814208984 0.87000000476837158203 0.83999997377395629883 0.82999998331069946289 0.85000002384185791016 0.82999998331069946289 0.87000000476837158203 0.87000000476837158203 0.52999997138977050781 0.61000001430511474609 0.85000002384185791016 0.87000000476837158203 0.50999999046325683594 0.38999998569488525391 0.46000000834465026855 0.82999998331069946289 0.88999998569488525391 0.89999997615814208984 0.83999997377395629883 0.76999998092651367188 0.85000002384185791016 0.85000002384185791016 0.82999998331069946289 0.47999998927116394043 0.41999998688697814941 0.43000000715255737305 0.34000000357627868652 0.68999999761581420898 0.72000002861022949219 0.68000000715255737305 0.56000000238418579102 0.51999998092651367188 0.69999998807907104492 0.61000001430511474609 0.68000000715255737305 0.57999998331069946289 0.66000002622604370117 0.70999997854232788086 0.49000000953674316406 0.51999998092651367188 0.46000000834465026855 0.60000002384185791016 0.63999998569488525391 0.89999997615814208984
0.86000001430511474609 0.88999998569488525391 0.85000002384185791016 0.89999997615814208984 0.83999997377395629883 0.85000002384185791016 0.83999997377395629883 0.88999998569488525391 0.88999998569488525391 0.87999999523162841797 0.87000000476837158203 0.46000000834465026855 0.49000000953674316406 0.85000002384185791016 0.68000000715255737305 0.41999998688697814941 0.41999998688697814941 0.83999997377395629883 0.87999999523162841797 0.83999997377395629883 0.91000002622604370117 0.86000001430511474609 0.87999999523162841797 0.88999998569488525391 0.67000001668930053711 0.40000000596046447754 0.47999998927116394043 0.31000000238418579102 0.54000002145767211914 0.52999997138977050781 0.70999997854232788086 0.69999998807907104492 0.56000000238418579102 0.50999999046325683594 0.46999999880790710449 0.55000001192092895508 0.40999999642372131348 0.30000001192092895508 0.63999998569488525391 0.68000000715255737305 0.55000001192092895508 0.54000002145767211914 0.44999998807907104492 0.54000002145767211914 0.58999997377395629883 0.46999999880790710449
