Example/niche_identity/models/RF/coelestinus_0.asc
ncols        743
nrows        319
xllcorner    -74.500956448335
yllcorner    17.448920549066
cellsize     0.008333333333
NODATA_value  -9999
[rows 100 to 119 of 319, columns 552 to 597 of 743]
0.94999998807907104492 0.93000000715255737305 0.95999997854232788086 0.94999998807907104492 0.94999998807907104492 0.94999998807907104492 0.95999997854232788086 0.95999997854232788086 0.95999997854232788086 0.94999998807907104492 0.94999998807907104492 0.94999998807907104492 0.94999998807907104492 0.95999997854232788086 0.95999997854232788086 0.95999997854232788086 0.95999997854232788086 0.97000002861022949219 0.95999997854232788086 0.97000002861022949219 0.97000002861022949219 0.97000002861022949219 0.97000002861022949219 0.95999997854232788086 0.93999999761581420898 0.98000001907348632812 0.81000000238418579102 0.68000000715255737305 0.75 0.73000001907348632812 0.74000000953674316406 0.77999997138977050781 0.75999999046325683594 0.75999999046325683594 0.80000001192092895508 0.91000002622604370117 0.82999998331069946289 0.86000001430511474609 0.87999999523162841797 0.93999999761581420898 0.89999997615814208984 0.93000000715255737305 0.83999997377395629883 0.86000001430511474609 0.85000002384185791016 0.88999998569488525391
0.94999998807907104492 0.93000000715255737305 0.94999998807907104492 0.93000000715255737305 0.95999997854232788086 0.94999998807907104492 0.95999997854232788086 0.97000002861022949219 0.95999997854232788086 0.97000002861022949219 0.98000001907348632812 0.95999997854232788086 0.95999997854232788086 0.97000002861022949219 0.97000002861022949219 0.95999997854232788086 0.97000002861022949219 0.97000002861022949219 0.98000001907348632812 0.98000001907348632812 0.98000001907348632812 0.98000001907348632812 0.97000002861022949219 0.95999997854232788086 0.95999997854232788086 0.95999997854232788086 0.68999999761581420898 0.67000001668930053711 0.76999998092651367188 0.63999998569488525391 0.74000000953674316406 0.75 0.77999997138977050781 0.80000001192092895508 0.81000000238418579102 0.77999997138977050781 0.82999998331069946289 0.87000000476837158203 0.81000000238418579102 0.83999997377395629883 0.94999998807907104492 0.87999999523162841797 0.86000001430511474609 0.91000002622604370117 0.88999998569488525391 0.87999999523162841797
0.93999999761581420898 0.95999997854232788086 0.95999997854232788086 0.93999999761581420898 0.95999997854232788086 0.95999997854232788086 0.95999997854232788086 0.98000001907348632812 0.98000001907348632812 0.98000001907348632812 0.98000001907348632812 0.98000001907348632812 0.97000002861022949219 0.98000001907348632812 0.97000002861022949219 0.97000002861022949219 0.97000002861022949219 0.98000001907348632812 0.98000001907348632812 0.98000001907348632812 0.98000001907348632812 0.97000002861022949219 0.97000002861022949219 0.95999997854232788086 0.95999997854232788086 0.93999999761581420898 0.89999997615814208984 0.86000001430511474609 0.83999997377395629883 0.82999998331069946289 0.75 0.74000000953674316406 0.81000000238418579102 0.75999999046325683594 0.81999999284744262695 0.80000001192092895508 0.85000002384185791016 0.81000000238418579102 0.88999998569488525391 0.88999998569488525391 0.87000000476837158203 0.91000002622604370117 0.79000002145767211914 0.83999997377395629883 0.86000001430511474609 0.85000002384185791016
0.91000002622604370117 0.94999998807907104492 0.97000002861022949219 0.93999999761581420898 0.93999999761581420898 0.95999997854232788086 0.95999997854232788086 0.97000002861022949219 0.97000002861022949219 0.98000001907348632812 0.98000001907348632812 0.98000001907348632812 0.98000001907348632812 0.98000001907348632812 0.98000001907348632812 0.98000001907348632812 0.98000001907348632812 0.98000001907348632812 0.98000001907348632812 0.98000001907348632812 0.99000000953674316406 0.98000001907348632812 0.98000001907348632812 0.95999997854232788086 0.98000001907348632812 0.94999998807907104492 0.94999998807907104492 0.93999999761581420898 0.94999998807907104492 0.95999997854232788086 0.95999997854232788086 0.94999998807907104492 0.98000001907348632812 0.73000001907348632812 0.91000002622604370117 0.81000000238418579102 0.88999998569488525391 0.80000001192092895508 0.80000001192092895508 0.81999999284744262695 0.91000002622604370117 0.87000000476837158203 0.81999999284744262695 0.93000000715255737305 0.81000000238418579102 0.95999997854232788086
0.93999999761581420898 0.95999997854232788086 0.94999998807907104492 0.94999998807907104492 0.95999997854232788086 0.94999998807907104492 0.95999997854232788086 0.98000001907348632812 0.98000001907348632812 0.98000001907348632812 0.98000001907348632812 0.98000001907348632812 0.98000001907348632812 0.97000002861022949219 0.97000002861022949219 0.97000002861022949219 0.98000001907348632812 0.98000001907348632812 0.98000001907348632812 0.97000002861022949219 0.97000002861022949219 0.97000002861022949219 0.97000002861022949219 0.97000002861022949219 0.97000002861022949219 0.95999997854232788086 0.95999997854232788086 0.97000002861022949219 0.92000001668930053711 0.93000000715255737305 0.93999999761581420898 0.93999999761581420898 0.94999998807907104492 0.94999998807907104492 0.94999998807907104492 0.83999997377395629883 0.95999997854232788086 0.94999998807907104492 0.79000002145767211914 0.81000000238418579102 0.88999998569488525391 0.87000000476837158203 0.87000000476837158203 0.89999997615814208984 0.93000000715255737305 0.98000001907348632812
0.93999999761581420898 0.85000002384185791016 0.95999997854232788086 0.94999998807907104492 0.94999998807907104492 0.95999997854232788086 0.95999997854232788086 0.95999997854232788086 0.94999998807907104492 0.95999997854232788086 0.97000002861022949219 0.94999998807907104492 0.94999998807907104492 0.97000002861022949219 0.94999998807907104492 0.98000001907348632812 0.93999999761581420898 0.93999999761581420898 0.95999997854232788086 0.97000002861022949219 0.97000002861022949219 0.95999997854232788086 0.95999997854232788086 0.95999997854232788086 0.95999997854232788086 0.95999997854232788086 0.95999997854232788086 0.97000002861022949219 0.95999997854232788086 0.95999997854232788086 0.95999997854232788086 0.92000001668930053711 0.92000001668930053711 0.92000001668930053711 0.92000001668930053711 0.94999998807907104492 0.94999998807907104492 0.94999998807907104492 0.94999998807907104492 0.94999998807907104492 0.95999997854232788086 0.93999999761581420898 0.93000000715255737305 0.93999999761581420898 0.98000001907348632812 0.98000001907348632812
0.95999997854232788086 0.98000001907348632812 0.95999997854232788086 0.94999998807907104492 0.95999997854232788086 0.94999998807907104492 0.95999997854232788086 0.95999997854232788086 0.95999997854232788086 0.97000002861022949219 0.97000002861022949219 0.95999997854232788086 0.94999998807907104492 0.99000000953674316406 0.97000002861022949219 0.97000002861022949219 0.97000002861022949219 0.97000002861022949219 0.94999998807907104492 0.95999997854232788086 0.95999997854232788086 0.95999997854232788086 0.95999997854232788086 0.94999998807907104492 0.94999998807907104492 0.94999998807907104492 0.95999997854232788086 0.95999997854232788086 0.94999998807907104492 0.94999998807907104492 0.93999999761581420898 0.94999998807907104492 0.93999999761581420898 -9999 -9999 -9999 -9999 0.92000001668930053711 0.93999999761581420898 0.93000000715255737305 0.93999999761581420898 0.92000001668930053711 0.92000001668930053711 0.93999999761581420898 0.92000001668930053711 0.93999999761581420898
0.93999999761581420898 0.95999997854232788086 0.95999997854232788086 0.95999997854232788086 0.92000001668930053711 0.94999998807907104492 0.93999999761581420898 0.95999997854232788086 0.97000002861022949219 0.97000002861022949219 0.94999998807907104492 0.97000002861022949219 0.97000002861022949219 0.95999997854232788086 0.94999998807907104492 0.97000002861022949219 0.97000002861022949219 0.97000002861022949219 0.97000002861022949219 0.95999997854232788086 0.94999998807907104492 0.94999998807907104492 0.94999998807907104492 0.94999998807907104492 0.94999998807907104492 0.94999998807907104492 0.94999998807907104492 0.94999998807907104492 0.94999998807907104492 0.94999998807907104492 0.92000001668930053711 0.93999999761581420898 0.88999998569488525391 -9999 -9999 -9999 -9999 -9999 -9999 -9999 -9999 -9999 -9999 -9999 -9999 -9999
0.94999998807907104492 0.94999998807907104492 0.95999997854232788086 0.93999999761581420898 0.93999999761581420898 0.94999998807907104492 0.93999999761581420898 0.93999999761581420898 0.93999999761581420898 0.94999998807907104492 0.95999997854232788086 0.95999997854232788086 0.94999998807907104492 0.97000002861022949219 0.97000002861022949219 0.97000002861022949219 0.97000002861022949219 0.97000002861022949219 0.97000002861022949219 0.97000002861022949219 0.95999997854232788086 0.95999997854232788086 0.94999998807907104492 0.93000000715255737305 0.94999998807907104492 0.94999998807907104492 0.94999998807907104492 0.94999998807907104492 0.94999998807907104492 0.94999998807907104492 0.93999999761581420898 0.93999999761581420898 0.92000001668930053711 -9999 -9999 -9999 -9999 -9999 -9999 -9999 -9999 -9999 -9999 -9999 -9999 -9999
0.94999998807907104492 0.94999998807907104492 0.94999998807907104492 0.94999998807907104492 0.93000000715255737305 0.93999999761581420898 0.93999999761581420898 0.93999999761581420898 0.93999999761581420898 0.95999997854232788086 0.93999999761581420898 0.97000002861022949219 0.95999997854232788086 0.95999997854232788086 0.95999997854232788086 0.95999997854232788086 0.95999997854232788086 0.95999997854232788086 0.95999997854232788086 0.95999997854232788086 0.94999998807907104492 0.97000002861022949219 0.95999997854232788086 0.94999998807907104492 0.93000000715255737305 0.94999998807907104492 0.93000000715255737305 0.94999998807907104492 0.94999998807907104492 0.93999999761581420898 0.93999999761581420898 0.92000001668930053711 0.91000002622604370117 -9999 -9999 -9999 -9999 -9999 -9999 -9999 -9999 -9999 -9999 -9999 -9999 -9999
0.95999997854232788086 0.93999999761581420898 0.93999999761581420898 0.93999999761581420898 0.93000000715255737305 0.94999998807907104492 0.94999998807907104492 0.92000001668930053711 0.93999999761581420898 0.93999999761581420898 0.93999999761581420898 0.95999997854232788086 0.93999999761581420898 0.93999999761581420898 0.93999999761581420898 0.95999997854232788086 0.95999997854232788086 0.95999997854232788086 0.95999997854232788086 0.95999997854232788086 0.94999998807907104492 0.95999997854232788086 0.94999998807907104492 0.94999998807907104492 0.94999998807907104492 0.94999998807907104492 0.93000000715255737305 0.93000000715255737305 0.93000000715255737305 0.92000001668930053711 0.93999999761581420898 0.91000002622604370117 0.88999998569488525391 -9999 -9999 -9999 -9999 -9999 -9999 -9999 -9999 -9999 -9999 -9999 -9999 -9999
0.91000002622604370117 0.95999997854232788086 0.94999998807907104492 0.93000000715255737305 0.92000001668930053711 0.92000001668930053711 0.93999999761581420898 0.94999998807907104492 0.92000001668930053711 0.94999998807907104492 0.94999998807907104492 0.93999999761581420898 0.93999999761581420898 0.95999997854232788086 0.95999997854232788086 0.95999997854232788086 0.93999999761581420898 0.94999998807907104492 0.95999997854232788086 0.94999998807907104492 0.95999997854232788086 0.94999998807907104492 0.94999998807907104492 0.94999998807907104492 0.93000000715255737305 0.94999998807907104492 0.94999998807907104492 0.93000000715255737305 0.93999999761581420898 0.92000001668930053711 0.88999998569488525391 0.88999998569488525391 0.91000002622604370117 -9999 -9999 -9999 -9999 -9999 -9999 -9999 -9999 -9999 -9999 -9999 -9999 -9999
0.97000002861022949219 0.92000001668930053711 0.93999999761581420898 0.93000000715255737305 0.93999999761581420898 0.92000001668930053711 0.93000000715255737305 0.94999998807907104492 0.92000001668930053711 0.95999997854232788086 0.94999998807907104492 0.94999998807907104492 0.94999998807907104492 0.95999997854232788086 0.94999998807907104492 0.94999998807907104492 0.94999998807907104492 0.94999998807907104492 0.94999998807907104492 0.94999998807907104492 0.93000000715255737305 0.93000000715255737305 0.94999998807907104492 0.94999998807907104492 0.93000000715255737305 0.93000000715255737305 0.93000000715255737305 0.93000000715255737305 0.93999999761581420898 0.92000001668930053711 0.91000002622604370117 0.88999998569488525391 0.93999999761581420898 -9999 -9999 -9999 -9999 -9999 -9999 -9999 -9999 -9999 -9999 -9999 -9999 -9999
0.97000002861022949219 0.93000000715255737305 0.93999999761581420898 0.93999999761581420898 0.93000000715255737305 0.92000001668930053711 0.93999999761581420898 0.92000001668930053711 0.92000001668930053711 0.94999998807907104492 0.94999998807907104492 0.95999997854232788086 0.94999998807907104492 0.94999998807907104492 0.94999998807907104492 0.94999998807907104492 0.94999998807907104492 0.94999998807907104492 0.94999998807907104492 0.94999998807907104492 0.93000000715255737305 0.93000000715255737305 0.93000000715255737305 0.94999998807907104492 0.93000000715255737305 0.94999998807907104492 0.94999998807907104492 0.93999999761581420898 0.93999999761581420898 0.92000001668930053711 0.88999998569488525391 0.91000002622604370117 -9999 -9999 -9999 -9999 -9999 -9999 -9999 -9999 -9999 -9999 -9999 -9999 -9999 -9999
0.94999998807907104492 0.91000002622604370117 0.95999997854232788086 0.93999999761581420898 0.93000000715255737305 0.93999999761581420898 0.93999999761581420898 0.92000001668930053711 0.92000001668930053711 0.92000001668930053711 0.92000001668930053711 0.94999998807907104492 0.92000001668930053711 0.93000000715255737305 0.94999998807907104492 0.94999998807907104492 0.94999998807907104492 0.93000000715255737305 0.93000000715255737305 0.93000000715255737305 0.94999998807907104492 0.94999998807907104492 0.93000000715255737305 0.93000000715255737305 0.93000000715255737305 0.93000000715255737305 0.93000000715255737305 0.93999999761581420898 0.93999999761581420898 0.93000000715255737305 0.88999998569488525391 0.91000002622604370117 -9999 -9999 -9999 -9999 -9999 -9999 -9999 -9999 -9999 -9999 -9999 -9999 -9999 -9999
0.93000000715255737305 0.95999997854232788086 0.93999999761581420898 0.94999998807907104492 0.93999999761581420898 0.94999998807907104492 0.93999999761581420898 0.93999999761581420898 0.93999999761581420898 0.93000000715255737305 0.94999998807907104492 0.93000000715255737305 0.94999998807907104492 0.94999998807907104492 0.94999998807907104492 0.93000000715255737305 0.93000000715255737305 0.94999998807907104492 0.94999998807907104492 0.94999998807907104492 0.93000000715255737305 0.93000000715255737305 0.93000000715255737305 0.93000000715255737305 0.93000000715255737305 0.94999998807907104492 0.93999999761581420898 0.93999999761581420898 0.92000001668930053711 0.92000001668930053711 0.91000002622604370117 0.91000002622604370117 -9999 -9999 -9999 -9999 -9999 -9999 -9999 -9999 -9999 -9999 -9999 -9999 -9999 -9999
0.91000002622604370117 0.94999998807907104492 0.95999997854232788086 0.94999998807907104492 0.93999999761581420898 0.94999998807907104492 0.94999998807907104492 0.93999999761581420898 0.93999999761581420898 0.94999998807907104492 0.93000000715255737305 0.93000000715255737305 0.94999998807907104492 0.94999998807907104492 0.93000000715255737305 0.93000000715255737305 0.93000000715255737305 0.94999998807907104492 0.93000000715255737305 0.93000000715255737305 0.93000000715255737305 0.93000000715255737305 0.93000000715255737305 0.93000000715255737305 0.94999998807907104492 0.94999998807907104492 0.93999999761581420898 0.93999999761581420898 0.93999999761581420898 0.91000002622604370117 0.92000001668930053711 0.91000002622604370117 -9999 -9999 -9999 -9999 -9999 -9999 -9999 -9999 -9999 -9999 -9999 -9999 -9999 -9999
0.91000002622604370117 0.93999999761581420898 0.93999999761581420898 0.93999999761581420898 0.93999999761581420898 0.94999998807907104492 0.94999998807907104492 0.94999998807907104492 0.94999998807907104492 0.94999998807907104492 0.93999999761581420898 0.94999998807907104492 0.93000000715255737305 0.93000000715255737305 0.93000000715255737305 0.93000000715255737305 0.93000000715255737305 0.94999998807907104492 0.94999998807907104492 0.93000000715255737305 0.93000000715255737305 0.94999998807907104492 0.94999998807907104492 0.94999998807907104492 0.94999998807907104492 0.93999999761581420898 0.93999999761581420898 0.93999999761581420898 0.93999999761581420898 0.93999999761581420898 0.91000002622604370117 0.91000002622604370117 -9999 -9999 -9999 -9999 -9999 -9999 -9999 -9999 -9999 -9999 -9999 -9999 -9999 -9999
0.95999997854232788086 0.93999999761581420898 0.95999997854232788086 0.95999997854232788086 0.95999997854232788086 0.93999999761581420898 0.94999998807907104492 0.94999998807907104492 0.94999998807907104492 0.94999998807907104492 0.95999997854232788086 0.94999998807907104492 0.94999998807907104492 0.94999998807907104492 0.93000000715255737305 0.94999998807907104492 0.93000000715255737305 0.93000000715255737305 0.94999998807907104492 0.93000000715255737305 0.93000000715255737305 0.93000000715255737305 0.94999998807907104492 0.94999998807907104492 0.94999998807907104492 0.93999999761581420898 0.93999999761581420898 0.95999997854232788086 0.93999999761581420898 0.93000000715255737305 0.93000000715255737305 0.93999999761581420898 -9999 -9999 -9999 -9999 -9999 -9999 -9999 -9999 -9999 -9999 -9999 -9999 -9999 -9999
0.87000000476837158203 0.81999999284744262695 0.87999999523162841797 0.93000000715255737305 0.98000001907348632812 0.98000001907348632812 0.98000001907348632812 0.94999998807907104492 0.95999997854232788086 0.95999997854232788086 0.94999998807907104492 0.94999998807907104492 0.95999997854232788086 0.95999997854232788086 0.94999998807907104492 0.94999998807907104492 0.94999998807907104492 0.94999998807907104492 0.94999998807907104492 0.94999998807907104492 0.94999998807907104492 0.93000000715255737305 0.93000000715255737305 0.94999998807907104492 0.93999999761581420898 0.93999999761581420898 0.93999999761581420898 0.93999999761581420898 0.93000000715255737305 0.93000000715255737305 0.94999998807907104492 -9999 -9999 -9999 -9999 -9999 -9999 -9999 -9999 -9999 -9999 -9999 -9999 -9999 -9999 -9999
