Example/niche_identity/models/RF/coelestinus_0.asc
ncols        743
nrows        319
xllcorner    -74.500956448335
yllcorner    17.448920549066
cellsize     0.008333333333
NODATA_value  -9999
[rows 200 to 219 of 319, columns 138 to 183 of 743]
0.85000002384185791016 0.82999998331069946289 0.86000001430511474609 0.77999997138977050781 0.76999998092651367188 0.75999999046325683594 0.82999998331069946289 0.77999997138977050781 0.74000000953674316406 0.66000002622604370117 0.68000000715255737305 0.62000000476837158203 0.68999999761581420898 0.64999997615814208984 0.66000002622604370117 0.60000002384185791016 0.75 0.60000002384185791016 0.64999997615814208984 0.68999999761581420898 0.75 0.64999997615814208984 0.44999998807907104492 0.68999999761581420898 0.75999999046325683594 0.62999999523162841797 0.69999998807907104492 0.70999997854232788086 0.77999997138977050781 0.73000001907348632812 0.66000002622604370117 0.87999999523162841797 0.87999999523162841797 0.75 0.76999998092651367188 0.81000000238418579102 0.63999998569488525391 0.64999997615814208984 0.77999997138977050781 0.70999997854232788086 0.76999998092651367188 0.62999999523162841797 0.62000000476837158203 0.67000001668930053711 0.67000001668930053711 0.82999998331069946289
0.82999998331069946289 0.56999999284744262695 0.63999998569488525391 0.54000002145767211914 0.46000000834465026855 0.56000000238418579102 0.62999999523162841797 0.61000001430511474609 0.62000000476837158203 0.72000002861022949219 0.77999997138977050781 0.50999999046325683594 0.40000000596046447754 0.75 0.58999997377395629883 0.87999999523162841797 0.68999999761581420898 0.80000001192092895508 0.75 0.85000002384185791016 0.87999999523162841797 0.51999998092651367188 0.67000001668930053711 0.70999997854232788086 0.76999998092651367188 0.68000000715255737305 0.74000000953674316406 0.41999998688697814941 0.68000000715255737305 0.46999999880790710449 0.64999997615814208984 0.81999999284744262695 0.86000001430511474609 0.81000000238418579102 0.77999997138977050781 0.77999997138977050781 0.79000002145767211914 0.72000002861022949219 0.77999997138977050781 0.73000001907348632812 0.81000000238418579102 0.86000001430511474609 0.73000001907348632812 0.86000001430511474609 0.83999997377395629883 0.86000001430511474609
0.87000000476837158203 0.68000000715255737305 0.46999999880790710449 0.54000002145767211914 0.74000000953674316406 0.46999999880790710449 0.66000002622604370117 0.70999997854232788086 0.57999998331069946289 0.55000001192092895508 0.76999998092651367188 0.74000000953674316406 0.75999999046325683594 0.80000001192092895508 0.75 0.80000001192092895508 0.82999998331069946289 0.83999997377395629883 0.81000000238418579102 0.66000002622604370117 0.83999997377395629883 0.80000001192092895508 0.75 0.83999997377395629883 0.56000000238418579102 0.72000002861022949219 0.60000002384185791016 0.50999999046325683594 0.83999997377395629883 0.62000000476837158203 0.72000002861022949219 0.64999997615814208984 0.66000002622604370117 0.92000001668930053711 0.89999997615814208984 0.88999998569488525391 0.89999997615814208984 0.80000001192092895508 0.89999997615814208984 0.86000001430511474609 0.81000000238418579102 0.85000002384185791016 0.86000001430511474609 0.92000001668930053711 0.93000000715255737305 0.75999999046325683594
0.93999999761581420898 0.93000000715255737305 0.77999997138977050781 0.77999997138977050781 0.64999997615814208984 0.60000002384185791016 0.63999998569488525391 0.87000000476837158203 0.75999999046325683594 0.82999998331069946289 0.86000001430511474609 0.75 0.80000001192092895508 0.79000002145767211914 0.72000002861022949219 0.77999997138977050781 0.69999998807907104492 0.75999999046325683594 0.62000000476837158203 0.79000002145767211914 0.62000000476837158203 0.85000002384185791016 0.89999997615814208984 0.74000000953674316406 0.62000000476837158203 0.43999999761581420898 0.62999999523162841797 0.70999997854232788086 0.76999998092651367188 0.63999998569488525391 0.80000001192092895508 0.81999999284744262695 0.88999998569488525391 0.86000001430511474609 0.86000001430511474609 0.92000001668930053711 0.91000002622604370117 0.91000002622604370117 0.87000000476837158203 0.87000000476837158203 0.91000002622604370117 0.91000002622604370117 0.89999997615814208984 0.76999998092651367188 0.81000000238418579102 0.93000000715255737305
0.73000001907348632812 0.73000001907348632812 0.63999998569488525391 0.72000002861022949219 0.66000002622604370117 0.57999998331069946289 0.54000002145767211914 0.55000001192092895508 0.61000001430511474609 0.62000000476837158203 0.91000002622604370117 0.93000000715255737305 0.93999999761581420898 0.91000002622604370117 0.87000000476837158203 0.88999998569488525391 0.69999998807907104492 0.81999999284744262695 0.68999999761581420898 0.56999999284744262695 0.67000001668930053711 0.83999997377395629883 0.88999998569488525391 0.72000002861022949219 0.62000000476837158203 0.36000001430511474609 0.47999998927116394043 0.77999997138977050781 0.76999998092651367188 0.64999997615814208984 0.86000001430511474609 0.80000001192092895508 0.75999999046325683594 0.79000002145767211914 0.87000000476837158203 0.85000002384185791016 0.82999998331069946289 0.82999998331069946289 0.88999998569488525391 0.86000001430511474609 0.93000000715255737305 0.92000001668930053711 0.86000001430511474609 0.79000002145767211914 0.94999998807907104492 0.88999998569488525391
0.74000000953674316406 0.54000002145767211914 0.57999998331069946289 0.60000002384185791016 0.57999998331069946289 0.54000002145767211914 0.63999998569488525391 0.56999999284744262695 0.62999999523162841797 0.54000002145767211914 0.58999997377395629883 0.68000000715255737305 0.68000000715255737305 0.50999999046325683594 0.81000000238418579102 0.46999999880790710449 0.77999997138977050781 0.77999997138977050781 0.81999999284744262695 0.87999999523162841797 0.83999997377395629883 0.88999998569488525391 0.74000000953674316406 0.87000000476837158203 0.75999999046325683594 0.50999999046325683594 0.68999999761581420898 0.63999998569488525391 0.50999999046325683594 0.68999999761581420898 0.67000001668930053711 0.67000001668930053711 0.62000000476837158203 0.86000001430511474609 0.89999997615814208984 0.81999999284744262695 0.76999998092651367188 0.75 0.93000000715255737305 0.87999999523162841797 0.83999997377395629883 0.82999998331069946289 0.41999998688697814941 0.62999999523162841797 0.80000001192092895508 0.67000001668930053711
0.61000001430511474609 0.58999997377395629883 0.51999998092651367188 0.56000000238418579102 0.57999998331069946289 0.60000002384185791016 0.60000002384185791016 0.51999998092651367188 0.60000002384185791016 0.79000002145767211914 0.57999998331069946289 0.56999999284744262695 0.73000001907348632812 0.64999997615814208984 0.69999998807907104492 0.62999999523162841797 0.57999998331069946289 0.57999998331069946289 0.75 0.87000000476837158203 0.79000002145767211914 0.69999998807907104492 0.80000001192092895508 0.54000002145767211914 0.62000000476837158203 0.64999997615814208984 0.62000000476837158203 0.76999998092651367188 0.61000001430511474609 0.72000002861022949219 0.81999999284744262695 0.75999999046325683594 0.80000001192092895508 0.75 0.87000000476837158203 0.91000002622604370117 0.87999999523162841797 0.87000000476837158203 0.77999997138977050781 0.85000002384185791016 0.87999999523162841797 0.57999998331069946289 0.49000000953674316406 0.51999998092651367188 0.54000002145767211914 0.67000001668930053711
0.46999999880790710449 0.58999997377395629883 0.54000002145767211914 0.62999999523162841797 0.61000001430511474609 0.62000000476837158203 0.62999999523162841797 0.62000000476837158203 0.60000002384185791016 0.64999997615814208984 0.60000002384185791016 0.61000001430511474609 0.76999998092651367188 0.56999999284744262695 0.64999997615814208984 0.66000002622604370117 0.68999999761581420898 0.55000001192092895508 0.60000002384185791016 0.61000001430511474609 0.43999999761581420898 0.61000001430511474609 0.69999998807907104492 0.46999999880790710449 0.73000001907348632812 0.75 0.75 0.75 0.62999999523162841797 0.63999998569488525391 0.69999998807907104492 0.5 0.69999998807907104492 0.58999997377395629883 0.68000000715255737305 0.56000000238418579102 0.43000000715255737305 0.47999998927116394043 0.68999999761581420898 0.68999999761581420898 0.55000001192092895508 0.63999998569488525391 0.41999998688697814941 0.52999997138977050781 0.47999998927116394043 0.67000001668930053711
0.67000001668930053711 0.68999999761581420898 0.77999997138977050781 0.70999997854232788086 0.70999997854232788086 0.68999999761581420898 0.73000001907348632812 0.72000002861022949219 0.73000001907348632812 0.66000002622604370117 0.70999997854232788086 0.66000002622604370117 0.70999997854232788086 0.62000000476837158203 0.77999997138977050781 0.80000001192092895508 0.62999999523162841797 0.76999998092651367188 0.80000001192092895508 0.79000002145767211914 0.73000001907348632812 0.61000001430511474609 0.60000002384185791016 0.44999998807907104492 0.75 0.57999998331069946289 0.70999997854232788086 0.47999998927116394043 0.62000000476837158203 0.79000002145767211914 0.76999998092651367188 0.80000001192092895508 0.79000002145767211914 0.62999999523162841797 0.72000002861022949219 0.43999999761581420898 0.49000000953674316406 0.58999997377395629883 0.67000001668930053711 0.47999998927116394043 0.55000001192092895508 0.70999997854232788086 0.51999998092651367188 0.56999999284744262695 0.68000000715255737305 0.83999997377395629883
0.57999998331069946289 0.60000002384185791016 0.68000000715255737305 0.75 0.69999998807907104492 0.62999999523162841797 0.64999997615814208984 0.62999999523162841797 0.76999998092651367188 0.69999998807907104492 0.67000001668930053711 0.76999998092651367188 0.68000000715255737305 0.75999999046325683594 0.74000000953674316406 0.66000002622604370117 0.63999998569488525391 0.83999997377395629883 0.80000001192092895508 0.81000000238418579102 0.73000001907348632812 0.72000002861022949219 0.62999999523162841797 0.57999998331069946289 0.46999999880790710449 0.67000001668930053711 0.69999998807907104492 0.56000000238418579102 0.47999998927116394043 0.43999999761581420898 0.75 0.75 0.73000001907348632812 0.79000002145767211914 0.75 0.49000000953674316406 0.5 0.46999999880790710449 0.54000002145767211914 0.58999997377395629883 0.62999999523162841797 0.68000000715255737305 0.62000000476837158203 0.67000001668930053711 0.80000001192092895508 0.73000001907348632812
0.62999999523162841797 0.63999998569488525391 0.68999999761581420898 0.57999998331069946289 0.62999999523162841797 0.58999997377395629883 0.64999997615814208984 0.66000002622604370117 0.76999998092651367188 0.68000000715255737305 0.64999997615814208984 0.68999999761581420898 0.69999998807907104492 0.58999997377395629883 0.81000000238418579102 0.81000000238418579102 0.73000001907348632812 0.64999997615814208984 0.83999997377395629883 0.72000002861022949219 0.69999998807907104492 0.64999997615814208984 0.75999999046325683594 0.68999999761581420898 0.66000002622604370117 0.73000001907348632812 0.70999997854232788086 0.56000000238418579102 0.69999998807907104492 0.73000001907348632812 0.40999999642372131348 0.67000001668930053711 0.73000001907348632812 0.54000002145767211914 0.76999998092651367188 0.73000001907348632812 0.75 0.55000001192092895508 0.61000001430511474609 0.66000002622604370117 0.40000000596046447754 0.77999997138977050781 0.75 0.74000000953674316406 0.83999997377395629883 0.75999999046325683594
0.64999997615814208984 0.60000002384185791016 0.56000000238418579102 0.52999997138977050781 0.62000000476837158203 0.61000001430511474609 0.62000000476837158203 0.67000001668930053711 0.69999998807907104492 0.75 0.73000001907348632812 0.62000000476837158203 0.56000000238418579102 0.61000001430511474609 0.75999999046325683594 0.56000000238418579102 0.63999998569488525391 0.62999999523162841797 0.64999997615814208984 0.69999998807907104492 0.70999997854232788086 0.68000000715255737305 0.72000002861022949219 0.55000001192092895508 0.67000001668930053711 0.5 0.61000001430511474609 0.41999998688697814941 0.70999997854232788086 0.70999997854232788086 0.69999998807907104492 0.56000000238418579102 0.64999997615814208984 0.68000000715255737305 0.68000000715255737305 0.68999999761581420898 0.52999997138977050781 0.56999999284744262695 0.52999997138977050781 0.43999999761581420898 0.67000001668930053711 0.75999999046325683594 0.86000001430511474609 0.86000001430511474609 0.89999997615814208984 0.74000000953674316406
0.87000000476837158203 0.68999999761581420898 0.79000002145767211914 0.87999999523162841797 0.56999999284744262695 0.60000002384185791016 0.68000000715255737305 0.57999998331069946289 0.69999998807907104492 0.68000000715255737305 0.62000000476837158203 0.61000001430511474609 0.54000002145767211914 0.60000002384185791016 0.56999999284744262695 0.62000000476837158203 0.56999999284744262695 0.62000000476837158203 0.54000002145767211914 0.62000000476837158203 0.68999999761581420898 0.62000000476837158203 0.67000001668930053711 0.50999999046325683594 0.62999999523162841797 0.62999999523162841797 0.68000000715255737305 0.73000001907348632812 0.72000002861022949219 0.46999999880790710449 0.68999999761581420898 0.50999999046325683594 0.69999998807907104492 0.69999998807907104492 0.75 0.67000001668930053711 0.52999997138977050781 0.50999999046325683594 0.56000000238418579102 0.79000002145767211914 0.51999998092651367188 0.75999999046325683594 0.56000000238418579102 0.73000001907348632812 0.77999997138977050781 0.57999998331069946289
0.82999998331069946289 0.83999997377395629883 0.92000001668930053711 0.91000002622604370117 0.72000002861022949219 0.82999998331069946289 0.92000001668930053711 0.82999998331069946289 0.67000001668930053711 0.68999999761581420898 0.56000000238418579102 0.69999998807907104492 0.54000002145767211914 0.75999999046325683594 0.79000002145767211914 0.62000000476837158203 0.64999997615814208984 0.79000002145767211914 0.57999998331069946289 0.54000002145767211914 0.62999999523162841797 0.63999998569488525391 0.67000001668930053711 0.56000000238418579102 0.62000000476837158203 0.49000000953674316406 0.68999999761581420898 0.54000002145767211914 0.60000002384185791016 0.70999997854232788086 0.62999999523162841797 0.62999999523162841797 0.68000000715255737305 0.56000000238418579102 0.67000001668930053711 0.67000001668930053711 0.69999998807907104492 0.40000000596046447754 0.64999997615814208984 0.68999999761581420898 0.66000002622604370117 0.82999998331069946289 0.63999998569488525391 0.73000001907348632812 0.60000002384185791016 0.73000001907348632812
0.89999997615814208984 0.88999998569488525391 0.86000001430511474609 0.86000001430511474609 0.86000001430511474609 0.87000000476837158203 0.79000002145767211914 0.81999999284744262695 0.93999999761581420898 0.69999998807907104492 0.74000000953674316406 0.63999998569488525391 0.76999998092651367188 0.81000000238418579102 0.62000000476837158203 0.75 0.74000000953674316406 0.73000001907348632812 0.79000002145767211914 0.69999998807907104492 0.60000002384185791016 0.64999997615814208984 0.76999998092651367188 0.70999997854232788086 0.56999999284744262695 0.62000000476837158203 0.37999999523162841797 0.64999997615814208984 0.55000001192092895508 0.67000001668930053711 0.68000000715255737305 0.58999997377395629883 0.56000000238418579102 0.60000002384185791016 0.61000001430511474609 0.43999999761581420898 0.63999998569488525391 0.49000000953674316406 0.66000002622604370117 0.50999999046325683594 0.49000000953674316406 0.58999997377395629883 0.66000002622604370117 0.70999997854232788086 0.79000002145767211914 0.68999999761581420898
0.88999998569488525391 0.85000002384185791016 0.86000001430511474609 0.86000001430511474609 0.87000000476837158203 0.87000000476837158203 0.83999997377395629883 0.82999998331069946289 0.87999999523162841797 0.86000001430511474609 0.81000000238418579102 0.81999999284744262695 0.60000002384185791016 0.89999997615814208984 0.60000002384185791016 0.58999997377395629883 0.60000002384185791016 0.67000001668930053711 0.63999998569488525391 0.62000000476837158203 0.62000000476837158203 0.61000001430511474609 0.54000002145767211914 0.44999998807907104492 0.60000002384185791016 0.62000000476837158203 0.60000002384185791016 0.63999998569488525391 0.67000001668930053711 0.50999999046325683594 0.60000002384185791016 0.58999997377395629883 0.54000002145767211914 0.44999998807907104492 0.60000002384185791016 0.62000000476837158203 0.46000000834465026855 0.50999999046325683594 0.61000001430511474609 0.56999999284744262695 0.49000000953674316406 0.67000001668930053711 0.82999998331069946289 0.56999999284744262695 0.54000002145767211914 0.80000001192092895508
0.83999997377395629883 0.85000002384185791016 0.89999997615814208984 0.85000002384185791016 0.85000002384185791016 0.85000002384185791016 0.86000001430511474609 0.82999998331069946289 0.79000002145767211914 0.62999999523162841797 0.68000000715255737305 0.69999998807907104492 0.79000002145767211914 0.88999998569488525391 0.88999998569488525391 0.56999999284744262695 0.82999998331069946289 0.86000001430511474609 0.81999999284744262695 0.82999998331069946289 0.57999998331069946289 0.67000001668930053711 0.61000001430511474609 0.63999998569488525391 0.62999999523162841797 0.57999998331069946289 0.43999999761581420898 0.47999998927116394043 0.66000002622604370117 0.56000000238418579102 0.5 0.70999997854232788086 0.49000000953674316406 0.49000000953674316406 0.56999999284744262695 0.63999998569488525391 0.62000000476837158203 0.68999999761581420898 0.55000001192092895508 0.47999998927116394043 0.50999999046325683594 0.76999998092651367188 0.52999997138977050781 0.55000001192092895508 0.85000002384185791016 0.56999999284744262695
0.88999998569488525391 0.89999997615814208984 0.83999997377395629883 0.91000002622604370117 0.86000001430511474609 0.86000001430511474609 0.91000002622604370117 0.83999997377395629883 0.60000002384185791016 0.73000001907348632812 0.54000002145767211914 0.62999999523162841797 0.67000001668930053711 0.73000001907348632812 0.73000001907348632812 0.81999999284744262695 0.67000001668930053711 0.85000002384185791016 0.80000001192092895508 0.73000001907348632812 0.63999998569488525391 0.72000002861022949219 0.67000001668930053711 0.60000002384185791016 0.50999999046325683594 0.64999997615814208984 0.52999997138977050781 0.57999998331069946289 0.64999997615814208984 0.5 0.5 0.64999997615814208984 0.68999999761581420898 0.69999998807907104492 0.56999999284744262695 0.62999999523162841797 0.76999998092651367188 0.58999997377395629883 0.67000001668930053711 0.57999998331069946289 0.49000000953674316406 0.68999999761581420898 0.55000001192092895508 0.80000001192092895508 0.68999999761581420898 0.77999997138977050781
0.86000001430511474609 0.81999999284744262695 0.86000001430511474609 0.91000002622604370117 0.82999998331069946289 0.82999998331069946289 0.81999999284744262695 0.87999999523162841797 0.77999997138977050781 0.58999997377395629883 0.81000000238418579102 0.63999998569488525391 0.72000002861022949219 0.74000000953674316406 0.64999997615814208984 0.57999998331069946289 0.63999998569488525391 0.74000000953674316406 0.66000002622604370117 0.85000002384185791016 0.76999998092651367188 0.46999999880790710449 0.75 0.74000000953674316406 0.63999998569488525391 0.62000000476837158203 0.51999998092651367188 0.57999998331069946289 0.64999997615814208984 0.51999998092651367188 0.68999999761581420898 0.44999998807907104492 0.58999997377395629883 0.58999997377395629883 0.62999999523162841797 0.69999998807907104492 0.61000001430511474609 0.62000000476837158203 0.61000001430511474609 0.69999998807907104492 0.58999997377395629883 0.66000002622604370117 0.63999998569488525391 0.58999997377395629883 0.56999999284744262695 0.68000000715255737305
0.81999999284744262695 0.87999999523162841797 0.85000002384185791016 0.83999997377395629883 0.92000001668930053711 0.87999999523162841797 0.86000001430511474609 0.81999999284744262695 0.75999999046325683594 0.81000000238418579102 0.51999998092651367188 0.62999999523162841797 0.57999998331069946289 0.68999999761581420898 0.74000000953674316406 0.80000001192092895508 0.62999999523162841797 0.43999999761581420898 0.73000001907348632812 0.81000000238418579102 0.63999998569488525391 0.49000000953674316406 0.51999998092651367188 0.56999999284744262695 0.68000000715255737305 0.34999999403953552246 0.61000001430511474609 0.5 0.38999998569488525391 0.44999998807907104492 0.50999999046325683594 0.64999997615814208984 0.52999997138977050781 0.63999998569488525391 0.70999997854232788086 0.72000002861022949219 0.73000001907348632812 0.61000001430511474609 0.51999998092651367188 0.37999999523162841797 0.58999997377395629883 0.57999998331069946289 0.76999998092651367188 0.83999997377395629883 0.67000001668930053711 0.60000002384185791016
