Example/Hispaniola_PCA_20/his_pca_20_3.asc
ncols         743
nrows         319
xllcorner     -74.500956448335
yllcorner     17.448920549066
cellsize      0.0083333333333333
NODATA_value  -9999
[rows 76 to 113 of 319, columns 425 to 509 of 743]
1320 1333 1292 1296 1336 1318 1320 1364 1304 1378 1372 1334 1361 1354 1333 1323 1334 1341 1331 1326 1333 1308 1299 1305 1323 1320 1325 1328 1323 1320 1309 1307 1298 1318 1314 1310 1319 1320 1343 1320 1329 1310 1325 1343 1327 1331 1330 1340 1375 1332 1373 1355 1341 1347 1368 1389 1376 1367 1357 1383 1348 1367 1368 1356 1354 1349 1349 1357 1352 1328 1341 1365 1338 1354 1333 1361 1321 1328 1318 1303 1327 1325 1319 1304 1309
1331 1335 1332 1315 1309 1310 1316 1317 1315 1345 1360 1346 1340 1351 1339 1297 1326 1331 1341 1348 1312 1327 1307 1319 1332 1315 1321 1278 1299 1329 1305 1313 1317 1300 1301 1320 1326 1330 1311 1339 1315 1292 1315 1302 1326 1313 1297 1336 1332 1356 1340 1354 1358 1350 1354 1361 1359 1375 1341 1377 1384 1378 1327 1337 1342 1355 1354 1327 1328 1369 1322 1331 1361 1350 1330 1321 1319 1312 1293 1293 1299 1297 1301 1311 1317
1305 1324 1324 1304 1321 1337 1313 1350 1315 1329 1343 1335 1343 1359 1359 1333 1321 1333 1343 1304 1337 1304 1302 1303 1331 1308 1312 1274 1319 1341 1323 1310 1328 1317 1285 1310 1316 1305 1320 1310 1308 1321 1332 1328 1323 1305 1320 1316 1326 1316 1346 1332 1345 1337 1339 1346 1318 1349 1349 1346 1329 1369 1359 1361 1373 1343 1338 1372 1322 1335 1357 1335 1321 1360 1322 1316 1305 1313 1288 1306 1301 1310 1294 1294 1281
1307 1338 1330 1343 1328 1359 1339 1322 1358 1371 1366 1356 1386 1354 1360 1345 1317 1350 1344 1315 1319 1315 1311 1309 1301 1328 1315 1305 1317 1310 1318 1320 1315 1288 1314 1303 1313 1306 1302 1296 1292 1316 1305 1313 1304 1319 1296 1332 1325 1313 1323 1321 1319 1319 1326 1322 1335 1338 1341 1339 1325 1318 1358 1337 1360 1332 1346 1323 1316 1336 1336 1340 1375 1309 1325 1313 1327 1312 1321 1302 1302 1297 1305 1290 1259
1302 1290 1322 1308 1337 1332 1351 1354 1358 1343 1350 1388 1371 1374 1352 1349 1348 1327 1346 1334 1303 1320 1325 1282 1303 1299 1324 1297 1287 1299 1305 1301 1299 1293 1281 1279 1307 1297 1293 1318 1315 1289 1322 1324 1297 1304 1306 1317 1318 1323 1323 1318 1351 1300 1283 1300 1338 1297 1348 1344 1325 1319 1364 1351 1369 1359 1365 1326 1337 1328 1339 1343 1314 1303 1338 1309 1328 1325 1315 1334 1307 1323 1311 1290 1295
1274 1309 1315 1299 1326 1325 1342 1349 1331 1358 1392 1360 1386 1347 1337 1349 1409 1365 1323 1316 1303 1309 1310 1291 1290 1301 1326 1317 1296 1310 1292 1300 1319 1280 1287 1286 1327 1291 1295 1310 1285 1320 1299 1294 1304 1294 1313 1317 1324 1314 1318 1293 1311 1300 1286 1301 1313 1291 1295 1302 1312 1300 1304 1348 1342 1312 1310 1337 1342 1324 1332 1338 1341 1350 1328 1314 1305 1309 1303 1299 1301 1300 1300 1329 1291
1279 1306 1286 1288 1318 1323 1341 1344 1333 1353 1393 1376 1332 1362 1352 1363 1386 1359 1351 1315 1308 1339 1330 1318 1296 1304 1330 1320 1326 1285 1293 1308 1315 1308 1294 1301 1311 1303 1289 1306 1306 1303 1298 1302 1302 1302 1320 1316 1315 1308 1312 1293 1295 1292 1294 1317 1306 1324 1318 1316 1317 1298 1317 1314 1338 1294 1330 1320 1330 1318 1325 1309 1315 1305 1312 1311 1320 1323 1293 1303 1291 1309 1297 1308 1301
1318 1292 1300 1298 1297 1319 1324 1318 1340 1358 1360 1392 1356 1318 1342 1340 1354 1347 1360 1332 1308 1299 1321 1301 1289 1311 1316 1310 1318 1295 1290 1309 1319 1322 1312 1307 1315 1275 1295 1295 1301 1317 1271 1299 1295 1297 1310 1301 1292 1302 1310 1306 1279 1300 1318 1315 1303 1301 1317 1318 1326 1300 1292 1294 1301 1316 1313 1321 1323 1308 1308 1318 1316 1322 1319 1332 1322 1302 1309 1304 1312 1281 1304 1323 1304
1266 1281 1280 1304 1312 1310 1319 1303 1332 1346 1343 1373 1355 1342 1362 1336 1343 1331 1344 1327 1297 1322 1306 1321 1302 1313 1291 1315 1303 1301 1326 1304 1299 1335 1311 1282 1314 1284 1291 1321 1295 1290 1284 1301 1301 1300 1279 1286 1306 1294 1297 1305 1302 1313 1287 1312 1299 1308 1307 1293 1292 1304 1287 1305 1270 1287 1289 1281 1301 1297 1320 1333 1301 1317 1304 1307 1307 1321 1292 1317 1314 1303 1302 1304 1316
1280 1271 1276 1283 1278 1312 1332 1326 1345 1339 1338 1353 1348 1336 1328 1349 1351 1377 1388 1338 1365 1324 1313 1313 1322 1292 1321 1329 1304 1285 1326 1314 1295 1321 1304 1304 1283 1289 1298 1303 1301 1278 1287 1307 1287 1293 1308 1290 1304 1308 1301 1299 1284 1290 1316 1290 1296 1298 1278 1280 1284 1282 1287 1282 1279 1280 1291 1285 1282 1273 1289 1298 1297 1296 1277 1295 1307 1307 1313 1297 1280 1308 1314 1312 1318
1277 1288 1271 1292 1324 1302 1303 1320 1326 1344 1343 1362 1361 1348 1316 1324 1353 1355 1330 1383 1325 1330 1341 1335 1336 1312 1310 1313 1306 1271 1305 1320 1303 1315 1305 1314 1315 1297 1296 1302 1306 1289 1297 1316 1315 1297 1300 1287 1294 1320 1314 1288 1305 1298 1288 1298 1305 1305 1300 1291 1267 1280 1294 1295 1275 1282 1286 1279 1279 1288 1288 1280 1290 1283 1271 1292 1286 1292 1320 1289 1297 1300 1294 1298 1279
1301 1315 1301 1324 1315 1318 1325 1303 1350 1327 1350 1362 1355 1337 1354 1348 1339 1376 1357 1349 1313 1326 1320 1327 1332 1310 1305 1309 1320 1304 1317 1333 1334 1333 1334 1322 1326 1299 1283 1308 1320 1287 1276 1292 1307 1318 1309 1319 1295 1286 1306 1293 1293 1292 1300 1299 1293 1292 1286 1260 1282 1281 1261 1285 1288 1285 1285 1278 1287 1277 1281 1271 1270 1253 1274 1264 1269 1276 1270 1274 1281 1263 1301 1285 1281
1353 1329 1340 1309 1314 1311 1342 1356 1365 1342 1360 1343 1348 1336 1342 1337 1343 1328 1325 1289 1316 1346 1319 1333 1345 1310 1325 1325 1317 1299 1331 1346 1336 1350 1350 1332 1290 1306 1309 1308 1294 1307 1281 1286 1305 1290 1314 1302 1284 1298 1294 1288 1301 1288 1283 1280 1300 1307 1304 1289 1286 1287 1256 1294 1276 1266 1259 1277 1244 1240 1242 1243 1280 1250 1277 1269 1281 1276 1264 1257 1264 1273 1268 1317 1272
1343 1307 1340 1339 1336 1334 1353 1361 1359 1356 1351 1354 1346 1342 1347 1337 1356 1335 1316 1330 1329 1341 1339 1341 1314 1331 1329 1318 1318 1327 1316 1344 1333 1322 1331 1288 1326 1319 1293 1316 1264 1316 1301 1316 1321 1321 1291 1298 1296 1295 1277 1297 1300 1321 1316 1294 1283 1271 1276 1288 1280 1265 1301 1304 1274 1262 1287 1270 1265 1267 1248 1268 1288 1276 1271 1280 1277 1281 1291 1255 1246 1270 1239 1268 1272
1320 1338 1321 1340 1338 1327 1370 1359 1349 1340 1360 1330 1339 1354 1320 1342 1363 1296 1326 1307 1353 1342 1340 1317 1338 1340 1331 1336 1313 1315 1318 1308 1330 1334 1300 1292 1311 1304 1317 1317 1277 1270 1334 1313 1319 1301 1308 1306 1293 1300 1291 1286 1298 1306 1310 1289 1283 1290 1289 1262 1292 1291 1288 1302 1258 1296 1286 1287 1287 1292 1293 1302 1287 1278 1253 1270 1292 1284 1269 1278 1262 1268 1261 1244 1222
1304 1318 1316 1349 1333 1327 1323 1355 1347 1357 1347 1347 1322 1344 1335 1336 1349 1341 1337 1346 1328 1325 1338 1365 1328 1335 1324 1308 1301 1301 1326 1337 1346 1324 1344 1314 1310 1308 1309 1277 1280 1274 1329 1288 1326 1283 1293 1290 1311 1294 1282 1301 1297 1291 1285 1275 1269 1280 1272 1267 1278 1297 1282 1299 1300 1260 1280 1311 1294 1265 1287 1273 1287 1277 1268 1268 1278 1268 1280 1289 1249 1241 1260 1243 1269
1280 1330 1331 1335 1339 1321 1344 1345 1317 1327 1327 1354 1360 1346 1321 1346 1348 1340 1346 1344 1326 1329 1323 1339 1319 1324 1310 1303 1330 1306 1309 1322 1351 1360 1341 1327 1301 1311 1332 1310 1287 1317 1318 1327 1294 1328 1285 1273 1321 1305 1290 1287 1304 1326 1297 1302 1303 1275 1279 1264 1267 1295 1296 1289 1267 1295 1267 1269 1286 1284 1292 1283 1257 1255 1292 1286 1290 1266 1273 1252 1235 1258 1259 1237 1260
1263 1318 1283 1329 1309 1335 1329 1351 1346 1366 1336 1329 1322 1339 1325 1340 1347 1346 1341 1316 1307 1336 1327 1309 1320 1303 1305 1284 1303 1308 1294 1310 1319 1305 1305 1322 1328 1319 1316 1317 1321 1300 1299 1308 1328 1292 1302 1291 1299 1327 1303 1293 1268 1316 1320 1289 1280 1287 1274 1273 1289 1296 1264 1276 1289 1286 1287 1301 1288 1284 1269 1263 1275 1273 1272 1256 1263 1260 1233 1233 1261 1238 1261 1250 1250
1292 1308 1313 1333 1328 1333 1326 1333 1338 1337 1365 1360 1313 1338 1338 1342 1369 1309 1328 1321 1296 1319 1337 1299 1300 1304 1317 1308 1312 1294 1294 1318 1315 1343 1350 1351 1297 1321 1300 1326 1310 1281 1287 1305 1307 1302 1300 1293 1287 1297 1304 1294 1291 1294 1295 1317 1316 1305 1276 1270 1261 1262 1267 1283 1290 1281 1294 1297 1283 1272 1274 1285 1246 1261 1254 1235 1226 1240 1233 1256 1239 1246 1232 1223 1225
1296 1319 1317 1294 1335 1293 1305 1327 1324 1337 1334 1354 1322 1311 1331 1350 1352 1360 1305 1288 1309 1313 1330 1326 1318 1307 1317 1327 1293 1297 1328 1319 1332 1330 1347 1350 1320 1314 1320 1312 1292 1310 1293 1298 1307 1292 1315 1271 1290 1304 1287 1274 1274 1271 1281 1276 1271 1267 1326 1279 1275 1291 1279 1274 1257 1282 1262 1283 1278 1272 1265 1249 1256 1245 1245 1244 1238 1248 1235 1231 1217 1232 1263 1247 1239
1288 1299 1297 1290 1299 1302 1328 1329 1336 1341 1330 1330 1328 1358 1328 1337 1350 1322 1329 1301 1338 1292 1322 1312 1323 1303 1315 1322 1323 1319 1333 1340 1314 1337 1335 1337 1333 1335 1307 1297 1309 1298 1314 1304 1275 1298 1315 1318 1287 1296 1321 1318 1278 1281 1304 1287 1298 1307 1306 1304 1298 1276 1263 1253 1254 1266 1252 1261 1251 1256 1261 1247 1246 1253 1252 1252 1244 1237 1226 1231 1241 1219 1267 1214 1259
1281 1318 1309 1296 1282 1306 1328 1323 1328 1306 1284 1318 1346 1350 1316 1314 1303 1329 1316 1296 1305 1300 1303 1316 1319 1307 1318 1309 1326 1330 1312 1320 1335 1338 1328 1331 1334 1328 1339 1315 1312 1313 1318 1320 1314 1272 1275 1305 1303 1285 1314 1322 1299 1273 1289 1309 1321 1310 1297 1299 1303 1297 1298 1291 1286 1259 1250 1261 1270 1261 1267 1266 1250 1260 1257 1247 1261 1232 1233 1228 1235 1221 1263 1263 1244
1304 1314 1282 1255 1265 1268 1306 1304 1301 1315 1315 1309 1318 1311 1328 1311 1323 1333 1346 1327 1311 1331 1358 1312 1281 1295 1310 1343 1322 1335 1320 1318 1318 1327 1309 1335 1306 1343 1334 1311 1312 1310 1309 1316 1314 1307 1311 1307 1289 1272 1301 1304 1296 1296 1281 1296 1275 1300 1289 1276 1290 1297 1283 1274 1287 1256 1255 1257 1254 1231 1249 1237 1255 1261 1247 1252 1233 1233 1239 1257 1244 1245 1235 1255 1238
1282 1282 1271 1292 1293 1277 1291 1314 1312 1317 1316 1339 1300 1299 1310 1316 1311 1332 1324 1322 1300 1334 1302 1362 1331 1316 1310 1310 1356 1283 1298 1326 1316 1332 1315 1331 1330 1342 1295 1331 1297 1335 1309 1320 1287 1296 1301 1311 1322 1284 1286 1305 1316 1316 1280 1281 1290 1301 1283 1296 1300 1297 1296 1300 1288 1289 1285 1291 1279 1274 1270 1253 1238 1247 1234 1238 1245 1254 1244 1248 1243 1234 1256 1237 1236
1259 1242 1279 1265 1267 1280 1276 1310 1339 1301 1337 1321 1320 1311 1303 1316 1323 1316 1298 1309 1319 1340 1320 1335 1337 1357 1317 1338 1307 1291 1296 1298 1295 1317 1341 1332 1325 1328 1356 1322 1334 1318 1289 1315 1314 1274 1281 1314 1342 1302 1303 1291 1304 1310 1304 1296 1275 1277 1270 1282 1285 1295 1280 1268 1272 1291 1279 1289 1270 1286 1286 1266 1266 1272 1275 1256 1245 1248 1238 1242 1228 1241 1242 1215 1215
1241 1280 1246 1235 1246 1251 1271 1323 1290 1291 1293 1305 1270 1309 1304 1301 1320 1308 1305 1306 1320 1300 1316 1285 1300 1339 1325 1334 1329 1334 1318 1323 1309 1325 1328 1312 1323 1314 1322 1322 1347 1322 1300 1314 1306 1316 1327 1305 1286 1306 1279 1290 1298 1317 1300 1316 1309 1290 1278 1263 1276 1286 1281 1276 1279 1262 1260 1259 1269 1261 1260 1251 1235 1240 1233 1228 1247 1254 1235 1244 1230 1231 1211 1225 1230
1229 1226 1237 1239 1231 1283 1269 1293 1248 1262 1255 1252 1285 1324 1291 1311 1292 1285 1299 1286 1304 1313 1341 1285 1306 1294 1302 1329 1334 1302 1325 1340 1315 1296 1314 1317 1325 1319 1321 1293 1305 1288 1317 1307 1284 1314 1289 1289 1292 1277 1272 1290 1300 1299 1293 1308 1288 1259 1262 1256 1274 1277 1267 1278 1261 1261 1262 1249 1264 1268 1242 1245 1273 1255 1251 1236 1226 1232 1231 1227 1242 1223 1223 1210 1216
1235 1226 1240 1230 1242 1235 1295 1279 1263 1233 1222 1246 1301 1312 1317 1329 1293 1270 1244 1290 1298 1326 1342 1292 1279 1297 1306 1317 1304 1322 1325 1310 1353 1314 1315 1320 1342 1336 1294 1338 1317 1293 1318 1293 1292 1303 1283 1286 1294 1294 1290 1290 1298 1291 1299 1304 1304 1302 1311 1291 1284 1279 1258 1273 1275 1255 1252 1254 1238 1242 1240 1240 1231 1232 1248 1242 1248 1242 1225 1233 1223 1223 1216 1220 1228
1247 1220 1246 1221 1226 1240 1285 1234 1250 1237 1256 1281 1327 1293 1300 1290 1307 1280 1227 1235 1252 1293 1316 1317 1270 1275 1309 1293 1296 1312 1323 1307 1356 1302 1328 1325 1304 1301 1281 1315 1280 1322 1301 1275 1296 1308 1300 1285 1286 1283 1269 1309 1294 1283 1279 1307 1293 1288 1314 1297 1269 1264 1265 1273 1279 1271 1265 1252 1249 1238 1240 1250 1233 1241 1230 1227 1235 1232 1241 1244 1242 1237 1242 1244 1222
1204 1208 1206 1219 1229 1248 1283 1252 1238 1225 1213 1243 1256 1318 1277 1253 1265 1287 1239 1239 1262 1256 1270 1311 1305 1264 1304 1331 1331 1313 1274 1321 1315 1312 1328 1308 1311 1326 1292 1302 1299 1279 1323 1328 1303 1303 1284 1303 1282 1310 1305 1299 1290 1281 1296 1301 1274 1286 1304 1321 1327 1300 1283 1270 1269 1268 1267 1293 1278 1279 1262 1248 1253 1241 1228 1217 1216 1207 1217 1232 1248 1217 1233 1233 1223
1184 1197 1224 1206 1236 1237 1236 1222 1228 1210 1241 1238 1246 1274 1270 1227 1239 1240 1229 1256 1241 1236 1251 1289 1325 1314 1291 1273 1323 1301 1278 1318 1311 1319 1331 1298 1306 1300 1316 1309 1321 1330 1303 1299 1305 1290 1301 1300 1286 1294 1313 1321 1297 1284 1300 1297 1281 1277 1285 1307 1314 1298 1296 1282 1277 1268 1251 1269 1271 1270 1272 1258 1249 1251 1250 1247 1248 1247 1241 1233 1221 1227 1201 1219 1192
1196 1236 1225 1227 1224 1202 1206 1225 1225 1222 1254 1254 1266 1258 1266 1245 1191 1178 1208 1226 1224 1250 1264 1288 1302 1266 1273 1311 1303 1323 1272 1300 1319 1339 1318 1319 1297 1305 1301 1319 1295 1319 1303 1317 1318 1315 1288 1277 1301 1294 1288 1295 1298 1288 1285 1292 1301 1290 1290 1281 1254 1256 1283 1284 1278 1276 1275 1258 1264 1271 1261 1262 1262 1261 1253 1245 1247 1232 1245 1235 1230 1220 1222 1213 1212
1210 1188 1227 1210 1211 1207 1228 1215 1215 1225 1235 1220 1242 1240 1181 1181 1202 1199 1182 1217 1232 1217 1259 1267 1278 1274 1301 1312 1302 1296 1250 1274 1288 1325 1271 1273 1297 1312 1286 1285 1328 1298 1328 1305 1305 1312 1307 1271 1289 1282 1278 1298 1310 1306 1298 1310 1294 1283 1247 1248 1236 1235 1252 1248 1265 1280 1260 1252 1251 1240 1232 1233 1247 1239 1257 1248 1247 1246 1226 1207 1198 1198 1210 1207 1215
1181 1191 1193 1205 1204 1166 1189 1218 1205 1216 1214 1192 1219 1241 1201 1192 1201 1179 1200 1198 1202 1227 1257 1269 1243 1225 1265 1287 1290 1281 1293 1266 1303 1316 1300 1326 1321 1325 1310 1322 1317 1301 1294 1314 1313 1321 1296 1295 1306 1303 1314 1312 1310 1300 1285 1269 1297 1298 1275 1286 1279 1275 1280 1285 1259 1266 1255 1242 1234 1234 1233 1227 1233 1249 1247 1240 1221 1196 1202 1215 1225 1222 1226 1200 1201
1141 1165 1191 1181 1177 1171 1161 1194 1222 1206 1183 1171 1185 1202 1216 1231 1183 1178 1182 1183 1205 1244 1250 1173 1206 1227 1289 1308 1254 1260 1314 1301 1307 1304 1324 1295 1287 1292 1300 1304 1330 1295 1288 1314 1305 1315 1312 1319 1325 1311 1292 1313 1308 1308 1277 1304 1304 1304 1315 1293 1295 1285 1281 1274 1270 1271 1261 1252 1247 1245 1238 1238 1236 1229 1218 1218 1224 1223 1199 1211 1217 1208 1211 1204 1223
1135 1151 1165 1162 1145 1129 1119 1150 1200 1199 1192 1156 1138 1194 1213 1206 1165 1190 1158 1212 1211 1227 1198 1192 1199 1233 1280 1279 1288 1259 1251 1291 1306 1324 1303 1296 1316 1299 1293 1308 1306 1308 1312 1302 1310 1299 1310 1303 1309 1285 1312 1303 1298 1281 1316 1281 1304 1312 1314 1324 1310 1303 1277 1268 1265 1258 1264 1271 1265 1263 1254 1252 1254 1238 1223 1221 1215 1222 1223 1223 1225 1218 1214 1210 1210
1159 1145 1147 1167 1165 1128 1160 1172 1192 1188 1185 1165 1128 1175 1180 1187 1212 1214 1190 1208 1218 1238 1226 1230 1181 1219 1278 1238 1250 1256 1256 1271 1287 1299 1316 1287 1306 1305 1301 1301 1333 1300 1298 1261 1284 1301 1299 1294 1303 1306 1315 1297 1285 1303 1313 1289 1264 1272 1266 1303 1280 1309 1281 1263 1272 1264 1255 1279 1272 1258 1253 1244 1241 1255 1250 1240 1239 1239 1221 1216 1233 1212 1199 1202 1206
1141 1142 1128 1164 1162 1172 1145 1183 1202 1166 1171 1167 1140 1114 1167 1113 1157 1169 1188 1161 1186 1205 1205 1221 1238 1256 1272 1237 1251 1270 1277 1263 1257 1291 1325 1281 1290 1295 1306 1301 1325 1308 1290 1319 1305 1319 1287 1301 1291 1298 1315 1324 1309 1303 1310 1281 1303 1290 1250 1251 1248 1265 1275 1286 1267 1257 1253 1254 1254 1246 1240 1243 1236 1237 1223 1231 1247 1237 1223 1224 1228 1233 1210 1200 1212
