Example/Hispaniola_PCA_20/his_pca_20_4.asc
ncols         743
nrows         319
xllcorner     -74.500956448335
yllcorner     17.448920549066
cellsize      0.0083333333333333
NODATA_value  -9999
[rows 117 to 155 of 319, columns 348 to 434 of 743]
959 917 932 931 940 952 959 940 929 964 934 933 908 899 885 912 902 877 867 855 871 900 892 903 905 889 863 873 891 874 869 861 860 880 887 887 890 873 888 880 855 853 855 862 863 851 857 840 852 868 849 858 877 832 841 846 835 814 841 824 834 842 827 861 841 859 854 867 873 869 843 826 835 825 857 835 832 834 808 835 840 828 836 834 822 836 830
944 907 933 933 907 920 915 941 944 941 949 931 898 908 911 899 869 908 902 891 878 885 879 899 904 869 874 876 873 863 854 867 865 880 900 896 896 876 887 848 852 845 856 860 855 851 856 848 857 848 843 861 849 858 862 849 854 842 845 843 833 848 854 823 842 869 858 837 854 855 845 856 846 848 846 849 847 807 832 823 835 832 809 837 840 826 821
941 941 917 918 906 946 914 928 904 920 935 952 906 923 908 898 897 889 900 876 891 892 874 890 861 873 875 872 870 858 866 867 847 856 861 885 895 863 871 856 854 867 863 832 862 842 840 847 846 832 846 845 843 857 850 842 871 859 838 859 828 848 848 826 855 817 842 845 847 863 834 849 851 839 812 835 819 830 841 821 836 843 861 845 810 838 821
944 943 927 949 911 918 919 925 902 930 938 928 952 895 922 924 913 917 909 903 889 886 879 866 872 879 875 876 863 877 863 877 856 865 873 877 879 885 871 873 850 866 851 848 854 831 842 847 828 832 838 842 853 850 855 854 840 831 837 835 845 858 820 828 837 835 824 842 842 829 817 839 842 830 812 843 825 824 834 802 820 820 829 844 814 843 816
950 920 954 950 929 939 952 940 931 927 931 925 915 899 927 908 901 908 898 895 908 894 927 891 916 894 904 902 871 878 873 885 870 866 875 892 900 881 894 889 864 854 850 861 836 851 860 853 838 855 834 846 857 844 848 862 822 838 828 824 818 835 839 823 828 808 858 852 839 830 837 845 844 847 838 858 825 825 816 816 845 807 846 841 811 821 829
969 978 966 959 934 961 956 942 934 926 926 945 898 913 908 924 928 904 920 881 910 894 890 898 911 913 915 916 910 863 862 891 884 882 881 897 905 918 881 880 862 862 845 824 833 831 844 850 852 865 847 846 840 833 861 865 859 831 832 846 823 830 857 834 834 825 840 829 835 850 834 821 822 828 805 825 832 834 827 813 813 847 821 830 820 817 830
967 945 967 964 938 915 942 927 932 892 939 903 889 876 882 911 915 876 897 888 866 884 897 885 885 899 900 895 916 901 884 914 872 866 888 876 909 916 930 890 872 864 856 850 848 845 863 846 864 837 853 843 838 838 846 852 850 816 829 833 823 849 829 846 838 843 822 843 850 842 846 834 809 816 828 842 830 835 811 845 828 826 838 807 838 837 842
908 915 921 904 928 932 922 912 893 907 921 897 897 903 907 918 907 887 921 890 885 879 898 913 865 871 875 888 918 921 906 911 853 862 872 877 894 903 916 912 865 862 871 847 860 860 865 835 831 844 836 848 840 850 845 861 860 858 841 849 843 837 851 824 835 818 828 838 856 819 834 834 838 839 827 841 834 829 829 832 829 830 831 841 803 825 826
951 938 960 962 934 932 922 951 920 913 907 903 924 896 900 921 941 930 920 907 882 917 901 898 878 855 876 881 868 907 915 932 901 887 882 884 896 932 902 873 849 867 840 858 846 843 853 854 855 869 856 852 840 845 849 831 842 842 858 852 844 843 834 841 827 838 846 824 827 813 825 816 856 840 839 835 839 817 834 804 831 819 830 811 813 832 847
946 936 948 923 934 956 931 921 927 948 920 926 942 919 924 931 920 912 876 871 904 874 909 913 894 892 875 876 860 884 898 898 925 908 898 905 930 941 889 869 873 865 857 871 856 855 862 838 849 862 865 847 849 831 832 862 838 847 846 847 853 837 859 857 839 849 825 853 848 857 817 826 820 819 846 841 836 833 833 809 823 833 838 830 827 861 833
963 950 941 942 956 949 957 950 956 936 927 933 937 938 934 928 933 902 911 859 880 911 892 891 905 889 881 877 877 862 860 861 897 911 935 954 934 915 903 899 902 873 882 885 853 852 858 848 831 861 849 852 836 855 828 850 854 860 836 841 840 837 847 850 832 838 842 833 828 829 826 832 841 822 849 854 -9999 825 821 830 828 818 815 824 822 811 823
956 943 961 952 951 940 930 946 946 956 949 923 941 936 930 923 919 885 889 870 860 881 893 914 915 876 884 860 844 860 850 854 871 861 898 939 919 911 885 880 882 872 861 857 844 848 862 863 862 854 852 867 856 846 840 840 837 842 845 845 840 846 847 837 853 823 817 847 828 839 855 847 844 824 850 848 835 847 843 838 808 813 824 833 823 814 821
970 961 965 968 950 950 953 929 943 957 954 934 936 921 943 935 910 872 890 895 878 874 913 925 904 927 909 897 881 857 868 862 870 880 916 927 943 930 914 849 881 884 868 884 887 877 861 855 849 853 831 855 855 836 842 838 857 856 850 829 840 832 840 824 847 829 843 820 825 827 -9999 -9999 -9999 828 841 840 851 833 829 831 840 828 825 813 823 839 817
968 954 938 946 946 956 942 934 964 926 945 960 937 948 959 941 914 904 891 923 910 907 909 929 945 912 935 891 886 882 858 849 893 888 872 888 952 935 900 911 876 869 875 895 881 876 866 871 844 857 829 877 836 838 825 840 847 835 840 836 845 837 833 840 852 856 864 866 829 852 864 867 -9999 835 827 819 827 836 825 831 824 840 845 836 823 837 831
951 955 945 948 947 936 962 929 968 966 942 951 961 940 946 963 953 936 946 936 928 923 932 953 925 875 888 903 909 915 911 911 888 906 919 905 923 936 948 936 898 914 901 887 873 851 847 858 858 851 873 858 847 835 844 820 827 843 838 837 835 847 837 853 844 853 860 820 850 830 834 838 843 846 852 850 841 834 840 828 835 852 824 846 814 827 833
966 947 937 933 965 952 947 973 970 936 970 948 946 963 962 946 944 950 973 957 950 940 954 939 948 923 891 913 914 913 923 935 935 881 904 926 953 940 952 916 934 907 872 868 879 843 851 863 847 848 837 841 847 849 855 847 844 837 856 859 842 842 852 827 825 834 849 840 834 828 842 843 858 842 822 841 852 848 827 821 850 842 826 828 824 818 826
945 954 941 951 968 951 959 965 934 957 965 970 971 964 977 962 960 967 952 973 979 961 938 960 935 920 927 920 909 894 877 904 921 934 912 944 938 943 933 900 905 868 864 862 836 854 845 851 848 845 859 849 852 849 846 848 831 847 832 847 835 824 837 828 833 851 840 824 829 819 825 844 834 817 845 821 817 825 816 853 839 823 828 842 825 834 815
942 983 953 949 962 968 974 966 955 973 966 945 959 961 952 944 959 954 954 953 950 979 950 928 932 948 947 944 900 904 900 913 922 926 929 912 933 953 954 938 905 899 864 856 853 865 841 851 836 839 840 837 829 853 852 835 829 830 834 837 828 835 823 824 836 845 830 852 851 850 851 837 845 849 842 839 837 829 821 833 835 841 834 817 833 849 828
951 954 926 940 957 956 969 965 957 958 949 952 947 949 953 933 953 970 954 943 970 954 941 970 934 959 953 934 949 933 936 931 917 964 934 929 961 960 953 933 912 890 872 892 855 862 847 853 875 843 852 854 840 842 837 860 839 858 835 847 838 826 835 845 827 834 846 829 847 847 814 849 833 863 849 842 830 813 829 820 817 819 848 840 830 821 822
941 935 945 952 969 971 967 957 967 970 974 962 983 972 940 979 952 948 981 954 970 962 982 972 972 949 959 937 950 942 929 981 956 959 948 943 955 945 951 952 890 904 886 881 899 877 840 865 868 852 840 838 840 847 837 843 835 840 827 848 858 841 821 850 851 833 844 846 833 848 855 848 838 797 835 836 834 851 824 829 843 847 818 831 833 840 820
953 957 939 942 983 966 964 961 961 969 953 971 974 980 979 984 954 973 969 981 970 988 989 967 951 958 981 948 939 975 985 939 971 965 953 971 962 968 983 982 936 936 916 926 907 909 860 876 904 874 871 849 847 827 834 856 875 840 855 859 862 855 837 831 841 833 853 841 864 842 858 834 846 837 830 835 838 826 817 847 828 836 831 828 846 821 844
961 974 936 966 946 955 955 957 957 969 972 977 963 970 974 965 992 956 965 978 959 973 967 959 962 967 954 966 928 947 942 966 948 957 959 976 980 952 957 944 951 944 973 953 900 900 895 903 879 865 869 841 859 850 840 831 862 854 842 847 830 849 833 838 836 849 835 834 854 861 850 843 805 833 828 846 862 833 810 823 819 821 824 824 835 814 833
960 963 942 953 960 947 965 961 972 955 960 956 979 969 963 976 952 949 966 971 959 989 977 973 971 963 957 944 942 968 946 963 951 985 962 969 960 992 963 971 986 957 960 905 907 922 901 914 888 876 861 837 869 871 878 859 848 871 874 849 817 839 822 837 854 855 838 848 841 855 850 839 865 843 849 848 819 848 838 846 827 842 844 840 829 852 844
961 980 984 967 980 960 955 962 983 954 966 962 960 967 972 962 954 959 954 971 966 986 985 962 966 958 963 955 938 948 978 951 966 978 982 954 951 995 990 966 989 966 942 932 909 895 907 888 885 894 878 873 847 838 885 857 855 873 872 867 860 854 848 805 818 850 850 852 863 855 895 832 838 826 848 850 836 835 818 824 843 832 800 828 827 841 822
952 943 944 964 962 958 961 948 959 979 965 962 981 967 964 962 958 953 977 966 980 977 979 973 954 958 963 955 953 952 972 975 979 955 967 931 969 988 959 986 961 984 965 943 929 917 905 878 885 881 868 862 839 867 854 889 890 893 892 869 847 833 826 857 839 852 854 827 848 876 895 874 877 878 852 830 815 817 817 834 820 821 851 839 853 828 835
963 946 946 965 970 950 957 962 938 961 946 944 987 957 966 943 970 950 961 972 982 971 960 953 950 970 957 938 931 958 952 933 969 949 993 944 940 955 982 1000 1000 973 958 940 931 943 922 901 883 913 886 888 863 853 884 889 912 894 885 863 848 874 848 846 876 854 873 857 846 870 893 875 840 836 837 817 821 820 812 817 827 838 838 823 831 815 823
919 926 940 945 965 964 955 950 934 976 964 959 943 964 961 956 965 946 953 985 979 998 976 949 953 960 959 970 955 955 967 981 963 963 967 960 965 955 972 982 999 953 983 986 949 957 943 906 906 894 904 895 869 851 861 885 888 943 877 870 850 859 835 849 840 866 898 897 853 897 894 863 860 825 820 816 831 823 822 831 811 840 826 826 836 826 820
944 923 967 946 941 963 935 943 940 963 972 977 948 961 951 956 947 942 963 980 984 985 982 966 958 951 965 972 985 960 952 965 978 963 958 998 971 951 954 993 989 975 963 975 949 940 912 959 910 919 940 904 892 896 862 906 895 942 874 855 844 843 824 842 847 832 876 893 909 914 886 847 822 830 821 830 858 829 823 831 838 844 833 824 826 818 829
931 934 925 931 939 939 954 950 965 971 968 941 972 979 953 970 950 940 960 973 988 975 967 957 980 949 962 951 959 968 976 970 973 935 957 955 958 993 986 970 996 994 968 988 974 940 927 954 911 926 934 926 901 894 898 898 936 920 900 873 853 859 868 848 842 843 882 899 903 917 875 848 847 839 842 826 810 831 844 862 823 818 844 827 824 835 821
939 917 925 940 933 955 942 944 937 944 945 955 972 973 962 956 958 964 972 965 960 956 953 975 961 981 951 979 974 971 971 990 952 975 974 974 983 962 976 992 982 997 989 985 976 962 951 953 955 957 925 932 911 915 876 875 886 909 946 908 887 886 879 875 866 855 829 879 908 922 891 863 846 861 833 847 833 824 837 848 858 860 825 829 827 833 851
929 924 938 930 926 926 939 942 931 953 966 937 939 949 953 965 960 954 957 977 947 970 961 976 972 959 985 964 968 967 976 982 967 963 983 976 976 975 988 957 1001 978 1001 991 970 980 974 945 971 913 943 929 930 904 907 911 895 908 960 904 907 910 860 885 896 868 861 833 862 904 923 913 892 847 847 841 875 825 831 870 878 853 828 822 829 832 842
940 942 948 932 940 948 963 936 961 950 960 957 954 940 960 958 960 962 973 969 962 953 979 967 980 958 956 970 964 958 991 993 984 978 980 990 987 961 997 992 1000 1001 986 1004 996 988 970 966 962 928 951 922 915 910 954 947 916 900 975 963 934 924 896 899 897 869 852 861 884 929 897 856 869 845 851 837 853 877 867 892 879 869 852 849 822 828 824
936 928 925 941 949 944 934 939 964 944 948 948 970 952 956 966 945 947 951 977 986 976 971 974 971 953 968 963 971 972 981 964 983 1008 981 960 995 989 997 985 998 983 975 975 981 995 980 983 980 970 965 918 910 925 959 945 906 953 956 961 943 922 927 912 906 903 911 899 935 925 867 866 846 851 834 832 851 871 889 898 873 852 841 844 836 818 826
929 946 944 920 943 956 932 932 929 952 941 947 940 934 961 956 967 966 944 958 969 963 973 970 974 987 978 980 956 986 982 979 1000 964 985 996 975 976 980 1004 991 983 990 1000 1011 982 1012 993 998 987 980 916 941 970 934 945 965 917 957 962 945 944 947 921 924 924 908 950 945 896 879 871 862 864 842 844 837 838 878 899 873 863 845 843 821 826 823
919 933 950 951 946 962 952 943 947 943 955 950 933 937 938 962 958 978 944 947 962 956 960 960 957 962 977 973 972 990 978 996 973 980 1010 970 991 999 984 985 991 1002 1014 995 969 979 1005 993 981 980 975 969 958 966 965 979 947 959 966 937 939 947 949 945 937 925 922 940 931 890 886 863 890 888 870 868 859 868 865 897 901 901 874 846 832 844 845
949 939 941 938 948 938 925 940 930 940 935 936 934 939 962 954 951 953 954 964 973 954 964 966 972 968 963 970 968 966 970 981 981 960 1003 981 992 993 987 985 990 984 976 993 1001 1001 999 992 997 991 969 977 982 984 972 975 969 949 940 948 969 985 934 938 918 948 937 946 936 894 884 886 884 883 886 901 860 882 881 870 897 897 903 883 899 887 889
925 934 925 931 928 935 941 932 947 946 951 948 962 951 966 959 964 965 972 958 971 974 954 959 960 966 953 975 976 966 978 1002 971 968 992 992 985 990 983 997 1000 985 989 997 988 998 996 964 995 981 982 971 971 982 983 982 963 979 970 962 962 947 946 920 932 937 941 951 924 889 940 896 885 910 915 908 895 897 888 910 915 907 889 897 885 873 883
921 932 950 925 937 927 940 924 954 937 942 945 957 951 953 971 953 965 944 947 960 991 963 943 935 956 967 996 955 965 963 970 974 996 987 1000 997 984 980 1004 1007 985 986 997 1003 975 1000 995 988 1004 980 964 976 973 983 973 953 965 950 965 946 946 927 930 941 936 941 948 921 919 932 904 891 894 940 946 941 919 882 899 917 877 906 902 918 897 854
931 923 909 933 936 925 948 919 942 931 933 959 953 965 945 949 934 968 969 942 951 956 968 961 953 961 968 952 967 967 982 967 973 986 981 997 987 980 988 994 1005 985 986 998 1011 984 999 988 1008 1001 1013 1005 992 966 981 977 957 967 980 950 914 933 934 959 944 941 959 941 926 902 934 932 909 894 926 920 935 927 934 901 875 875 887 879 872 891 886
