Example/Hispaniola_PCA_20/his_pca_20_3.asc
ncols         743
nrows         319
xllcorner     -74.500956448335
yllcorner     17.448920549066
cellsize      0.0083333333333333
NODATA_value  -9999
[rows 114 to 151 of 319, columns 510 to 594 of 743]
1192 1196 1212 1211 1197 1189 1179 1162 1152 1151 1159 1159 1164 1171 1184 1178 1137 1149 1159 1148 1127 1121 1111 1133 1109 1112 1110 1087 1083 1073 1074 1076 1064 1057 1068 1041 1030 1040 1033 1039 1037 1026 1013 1034 1034 1034 1052 1059 1068 1058 1057 1052 1048 1031 1047 1036 1034 1019 1018 1036 1034 1029 1014 1013 1028 1019 1025 1016 1015 1028 1022 974 993 1008 -9999 -9999 -9999 -9999 -9999 -9999 -9999 -9999 -9999 -9999 -9999
1196 1177 1194 1212 1204 1196 1159 1157 1170 1178 1172 1179 1173 1174 1156 1143 1143 1159 1136 1150 1127 1110 1110 1128 1108 1092 1114 1104 1077 1100 1067 1063 1062 1078 1056 1033 1022 1015 1003 1030 1046 1030 1011 1014 1046 1032 1027 1041 1062 1059 1053 1045 1023 1046 1004 1008 1013 1027 1039 1006 1007 1007 1016 1015 999 1006 1011 1018 1021 1014 990 982 1010 1012 -9999 -9999 -9999 -9999 -9999 -9999 -9999 -9999 -9999 -9999 -9999
1179 1197 1186 1179 1160 1171 1178 1182 1183 1184 1183 1176 1176 1178 1170 1164 1159 1168 1166 1147 1138 1165 1129 1129 1126 1118 1113 1107 1102 1081 1079 1062 1085 1079 1064 1059 1044 1021 1019 1031 1035 1017 1015 1017 1022 1026 1022 1032 1034 1049 1048 1040 1025 1021 1000 1012 1021 1028 1035 1013 1009 1018 998 1006 1011 1007 1018 1008 1019 1013 996 1000 1022 1005 -9999 -9999 -9999 -9999 -9999 -9999 -9999 -9999 -9999 -9999 -9999
1187 1190 1192 1168 1190 1181 1163 1163 1177 1170 1173 1158 1167 1160 1152 1159 1130 1166 1130 1126 1131 1150 1127 1106 1106 1088 1111 1111 1087 1078 1067 1065 1082 1053 1073 1051 1043 1033 1032 1041 1031 1015 1006 1011 1024 1007 1019 1021 1029 1031 1055 1054 1054 1037 1020 1018 1019 1011 1018 1030 1023 996 1006 1019 1018 1006 1005 998 997 988 1006 996 1001 995 -9999 -9999 -9999 -9999 -9999 -9999 -9999 -9999 -9999 -9999 -9999
1193 1192 1185 1180 1164 1150 1163 1156 1141 1151 1140 1150 1149 1131 1142 1119 1160 1107 1160 1149 1140 1132 1128 1108 1114 1118 1115 1121 1113 1097 1102 1085 1094 1088 1063 1082 1060 1028 1043 1025 1028 1032 1016 1019 1009 1022 1018 1017 1022 1010 1018 1032 1044 1049 1024 1024 1002 1014 1006 1013 1013 995 988 992 1002 1008 1006 993 996 1022 986 975 972 998 -9999 -9999 -9999 -9999 -9999 -9999 -9999 -9999 -9999 -9999 -9999
1181 1171 1165 1160 1166 1168 1162 1156 1137 1134 1127 1139 1155 1120 1115 1105 1149 1125 1153 1114 1124 1126 1122 1100 1120 1087 1098 1086 1099 1109 1069 1069 1070 1072 1075 1077 1062 1026 1008 1056 1071 1057 1068 1069 1070 1052 1026 1018 1027 1023 1026 1026 1009 1029 1033 1043 1007 1008 1015 1008 1007 1007 1005 980 980 993 1003 995 991 990 974 976 997 -9999 -9999 -9999 -9999 -9999 -9999 -9999 -9999 -9999 -9999 -9999 -9999
1183 1168 1138 1158 1152 1151 1150 1142 1149 1135 1149 1150 1125 1144 1103 1131 1117 1122 1121 1140 1122 1122 1120 1113 1090 1099 1084 1080 1108 1070 1066 1074 1043 1074 1072 1058 1077 1067 1008 1012 1001 1059 1043 1035 1065 1042 1067 1063 1027 1036 1013 1019 1029 1043 1044 1046 1018 1002 1014 1013 1001 995 996 996 1008 983 1005 990 1009 1005 995 1019 992 -9999 -9999 -9999 -9999 -9999 -9999 -9999 -9999 -9999 -9999 -9999 -9999
1176 1176 1180 1196 1152 1147 1140 1132 1141 1151 1150 1109 1147 1104 1111 1103 1103 1110 1119 1103 1133 1129 1133 1120 1110 1099 1086 1096 1110 1107 1088 1071 1071 1078 1072 1102 1074 1072 1074 1080 1008 1012 997 1057 1030 1048 1051 1053 1045 1059 1054 1035 1069 1048 1028 1040 1045 1052 1042 1020 1010 1008 1016 993 998 1018 1006 995 1017 1023 1001 994 1023 -9999 -9999 -9999 -9999 -9999 -9999 -9999 -9999 -9999 -9999 -9999 -9999
1157 1173 1164 1186 1141 1155 1145 1143 1140 1134 1129 1120 1110 1111 1124 1141 1143 1135 1133 1088 1117 1139 1115 1100 1107 1103 1076 1089 1089 1084 1065 1088 1085 1056 1053 1071 1057 1059 1071 1069 1065 1012 1058 1072 1063 1039 1058 1018 1031 1016 1037 1043 1051 1028 1026 1047 1050 1037 1053 1052 1019 1015 1039 1012 1032 1041 1019 1033 1017 1007 1021 1014 987 995 -9999 -9999 -9999 -9999 -9999 -9999 -9999 982 966 -9999 -9999
1159 1161 1135 1139 1172 1140 1147 1146 1145 1118 1119 1115 1134 1096 1112 1118 1128 1097 1116 1109 1114 1100 1107 1089 1115 1106 1091 1078 1057 1049 1044 1031 1082 1072 1071 1048 1052 1050 1051 1061 1059 1026 1070 1085 1070 1064 1048 1020 1038 1039 1026 1051 1031 1031 1045 1036 1047 1046 1034 1037 1054 1039 1039 1030 1033 1051 1011 1033 1031 1011 1006 1000 1018 1021 984 990 1008 968 964 993 1007 999 994 1006 1020
1178 1176 1162 1170 1166 1142 1141 1133 1126 1125 1113 1110 1110 1102 1077 1103 1103 1121 1103 1102 1114 1087 1095 1086 1072 1073 1090 1072 1069 1051 1065 1057 1052 1030 1047 1045 1053 1045 1042 1051 1059 1020 1058 1046 1070 1061 1062 1041 1067 1062 1035 1061 1054 1037 1039 1051 1044 1048 1042 1040 1037 1034 1043 1035 1047 1059 1026 1027 1025 1026 1028 1003 996 1025 1020 1011 1025 1028 1002 1031 1015 1019 1027 1019 1008
1175 1193 1130 1164 1144 1132 1128 1106 1122 1085 1114 1080 1105 1107 1080 1066 1124 1104 1101 1107 1077 1053 1092 1085 1056 1094 1069 1070 1075 1062 1072 1046 1057 1043 1045 1053 1048 1038 1036 1028 1042 1009 1054 1058 1057 1043 1049 1046 1065 1048 1062 1057 1047 1058 1050 1067 1066 1050 1037 1019 1065 1034 1025 1029 1042 1015 1032 1056 1031 1024 1017 1008 1032 1008 1026 1018 1009 1003 1050 994 983 1013 994 1034 999
1178 1169 1155 1141 1138 1145 1123 1110 1113 1130 1097 1117 1090 1086 1105 1099 1080 1075 1076 1072 1055 1076 1087 1087 1081 1062 1091 1052 1052 1052 1058 1057 1046 1042 1009 1032 1022 1023 1019 1009 995 1007 1058 1040 1053 1044 1056 1035 1036 1064 1045 1024 1038 1069 1061 1061 1032 1069 1052 1054 1055 1053 1041 1038 1027 1013 1037 1053 1037 1024 1020 1031 1039 1024 1038 1028 1038 1022 1035 1032 1035 1014 995 1024 1014
1184 1170 1150 1144 1120 1102 1109 1133 1121 1120 1134 1098 1126 1073 1082 1066 1080 1082 1058 1065 1062 1073 1068 1061 1066 1069 1048 1041 1029 1047 1028 1023 1051 1039 1040 1021 1047 1028 1037 1022 971 999 1012 1019 1045 1056 1044 1041 1031 1045 1042 1034 1026 1052 1037 1030 1048 1040 1040 1045 1067 1051 1043 1060 1030 1014 1005 1047 1031 1025 1031 1032 1035 1019 1034 1030 1031 1027 1027 1030 1030 1031 1029 1035 1012
1153 1146 1147 1156 1156 1104 1098 1132 1135 1143 1146 1111 1085 1059 1071 1084 1061 1060 1062 1058 1067 1069 1070 1060 1052 1055 1049 1053 1052 1027 1039 1011 1016 1047 1027 1025 1039 1017 1038 990 998 971 1033 1048 1045 1049 1029 1043 1060 1042 1039 1029 1059 1055 1053 1038 1048 1067 1026 1033 1041 1044 1038 1040 1048 1026 1051 1055 998 1047 1035 1010 1012 1025 1031 1038 1030 1030 1035 1033 1032 1042 1048 1013 1005
1159 1147 1130 1152 1123 1127 1122 1109 1121 1167 1149 1125 1088 1089 1100 1078 1061 1064 1069 1059 1072 1053 1064 1060 1046 1050 1042 1034 1053 1044 1027 1023 1023 1002 1031 1002 1047 1022 1022 1009 1001 995 1012 1048 1036 1030 1039 1043 1064 1044 1051 1033 1028 1048 1068 1057 1049 1050 1082 1072 1039 1037 1032 1030 1054 1041 1040 1053 1053 1052 1023 1049 1037 1049 1034 1067 1050 1050 1030 1024 1017 1025 1029 1029 1044
1144 1146 1120 1133 1132 1110 1107 1106 1144 1141 1106 1098 1109 1133 1110 1073 1058 1074 1070 1048 1048 1065 1029 1047 1039 1065 1073 1018 1006 1025 1018 1013 1008 995 992 1009 1039 996 1006 1001 995 974 990 1013 1014 1036 1058 1033 1025 1053 1040 1043 1042 1036 1071 1047 1087 1068 1051 1042 1060 1070 1042 1028 1034 1030 1040 1057 1011 1022 1060 1020 1044 1021 1051 1035 1036 1053 1027 1040 1046 1020 1037 1020 1022
1170 1173 1130 1106 1115 1127 1107 1116 1119 1103 1124 1083 1113 1078 1081 1083 1060 1052 1071 1066 1064 1046 1042 1051 1039 1031 1055 1076 1050 1009 1015 1021 1017 992 1008 1023 1037 1010 1001 999 980 975 996 984 1027 1023 1031 1034 1039 1039 1046 1045 1050 1063 1033 1060 1071 1040 1056 1050 1069 1046 1044 1067 1047 1051 1056 1060 1049 1066 1044 1036 1030 1051 1029 1026 1044 1058 1032 1067 1000 1056 1046 1040 1047
1134 1154 1091 1128 1105 1115 1099 1092 1125 1123 1123 1105 1074 1093 1068 1081 1067 1076 1058 1046 1051 1036 1027 1015 1025 1027 1070 1062 1042 1003 1011 988 1004 990 1017 1008 990 1007 994 976 995 1013 1015 999 1024 1027 1033 1026 1035 1030 1047 1028 1052 1036 1048 1032 1041 1060 1070 1036 1036 1045 1049 1047 1060 1059 1065 1068 1051 1060 1048 1044 1053 1061 1067 1041 1067 1038 1031 1018 1064 1062 1050 1034 1018
1110 1132 1114 1107 1096 1133 1118 1092 1106 1083 1090 1085 1085 1100 1058 1056 1067 1061 1045 1054 1028 1021 1020 1016 1038 1044 1051 1086 1025 1018 1034 998 1003 1010 995 1031 977 988 991 1005 997 1003 976 979 1004 1045 1012 1031 1022 1046 1046 1033 1040 1041 1025 1032 1045 1046 1063 1063 1083 1060 1038 1058 1041 1057 1060 1044 1040 1040 1046 1034 1048 1036 1075 1043 1079 1023 1090 1020 1009 1018 1020 1013 1062
1107 1106 1123 1116 1112 1120 1132 1101 1100 1134 1084 1059 1067 1066 1049 1041 1043 1036 1042 1030 1065 1044 1032 1025 1013 1037 1098 1082 1100 1003 1022 1014 992 1018 988 1005 990 980 1003 991 975 1017 971 987 1014 1001 1039 1031 1026 1030 1024 1024 1018 1043 1025 1033 1034 1025 1034 1050 1075 1061 1015 1021 1036 1052 1062 1055 1061 1054 1037 1046 1056 1053 1063 1067 1084 1072 1087 1082 1091 1090 1078 1017 1017
1115 1131 1137 1147 1116 1134 1162 1121 1129 1081 1059 1087 1050 1061 1052 1058 1060 1026 1024 1021 1045 1006 1031 1037 1034 1024 1013 1058 1081 1031 1008 1003 1027 1004 1027 974 999 1005 980 985 968 985 1029 1000 1022 1008 1001 1022 1024 1019 998 1012 1033 1021 1037 1043 1002 1030 1015 1007 1027 1023 1029 1006 1016 1039 1013 1054 1035 1009 1033 1012 1056 1051 1061 1022 1050 1056 1079 1049 1063 1063 1066 1075 1039
1123 1142 1128 1160 1153 1141 1137 1154 1135 1093 1101 1077 1055 1038 1042 1053 1045 1038 1007 1044 1041 1035 1050 1085 1010 1033 1075 1097 1067 994 1012 1011 976 979 999 973 958 968 972 991 965 968 970 999 1001 1009 1015 1005 1029 1018 1008 1021 1002 1027 1028 1035 1060 1016 1064 1002 1054 1025 1065 1058 1058 1005 1049 1031 1055 1048 1033 1041 1047 1050 1051 1041 1052 1042 1043 1045 1025 1029 1048 1057 1055
1102 1136 1138 1149 1144 1150 1141 1124 1107 1097 1094 1083 1038 1036 1039 1045 1034 1030 1039 1021 1034 1020 1051 1077 1087 996 1084 1117 1090 1041 995 1003 993 977 972 981 964 970 969 976 963 973 973 980 998 992 1009 1007 1015 1030 1028 1001 1015 1015 1015 1014 1023 1050 1031 1023 1010 1019 1028 1029 1044 1048 1057 1045 1030 1054 1067 1049 1030 1055 1040 1047 1032 1054 1029 1038 1027 1046 1035 1060 1035
1117 1122 1108 1113 1126 1138 1124 1113 1124 1114 1089 1047 1036 1013 1035 1031 1033 1032 1012 1002 1021 1020 994 1006 1053 1033 1070 1065 1100 1069 1019 1006 1007 997 977 989 964 980 966 966 967 955 956 1004 986 984 984 990 1007 1013 1021 1015 1006 1048 1017 1038 1023 1026 1018 1038 1013 1051 1022 1049 1021 1022 1034 1025 1063 1047 1042 1050 1019 1058 1042 1045 1048 1060 1047 1037 1022 1026 1014 1035 1022
1107 1089 1093 1102 1120 1109 1105 1108 1088 1084 1068 1039 1046 1036 1010 1032 1032 1000 1031 1011 990 1024 995 999 1014 1064 1097 1081 1082 1080 1049 1036 990 1013 1030 980 969 948 948 947 996 949 929 993 990 976 981 996 989 999 1017 1029 1024 1039 1018 1048 1045 1025 1037 1029 1032 1040 999 1038 1024 1033 1029 1022 1052 1054 1059 1055 1048 1057 1066 1035 1055 1038 1064 1032 1061 1035 1031 1031 1035
1108 1096 1073 1073 1075 1070 1079 1061 1078 1112 1063 1063 1044 1051 1035 1014 1010 1001 1010 1027 974 1003 993 998 1033 1043 1043 1077 1050 1065 1013 1022 1007 971 1000 965 960 965 942 974 977 954 961 981 982 990 962 980 1009 1034 1002 1009 1023 1021 1042 999 1040 993 1008 1006 1035 1040 1009 1015 1012 1008 1056 1038 1012 1030 1046 1029 1041 1058 1057 1051 1067 1068 1046 1038 1031 1064 1056 1057 1025
1101 1100 1061 1099 1091 1087 1072 1075 1073 1071 1046 1058 1002 1013 1045 1038 1021 1035 1010 1002 988 1006 1007 1007 1027 1011 1015 1023 1075 1044 1006 1004 960 977 970 976 956 941 968 1008 1000 983 1014 993 978 978 967 982 1004 1013 977 996 1016 985 1019 1032 987 1012 1007 997 1003 1030 1038 1037 1000 1020 1022 1032 1037 1031 1018 1029 1049 1040 1064 1035 1041 1076 1066 1072 1056 1027 1044 1045 1043
1104 1094 1095 1120 1105 1089 1070 1074 1054 1054 1034 1039 1044 1037 1022 1028 1056 1029 1017 1001 1031 988 980 984 1001 1010 1042 1044 1065 1010 966 948 980 965 976 952 948 957 964 1019 980 1003 997 1004 998 1011 971 964 974 985 969 962 968 968 1034 1021 1002 985 993 992 1034 997 1019 1008 1022 1026 1033 1032 1024 1022 995 992 1020 1020 1021 1059 1015 1056 1061 1041 1013 1001 1022 1033 1026
1081 1090 1093 1076 1069 1068 1076 1066 1017 1051 1028 1028 1021 1015 1009 1027 1023 1005 1024 1003 982 977 1015 976 996 1010 1012 1027 1041 1035 983 965 974 970 952 962 953 969 981 979 992 974 959 939 943 962 962 955 939 979 964 966 994 979 1019 982 990 995 998 978 1004 991 1016 990 996 1021 1006 1023 1020 1023 987 986 998 994 992 1054 1029 1013 998 1004 1016 1020 1037 1046 1056
1058 1077 1053 1072 1067 1056 1062 1053 1024 1036 1039 1038 1014 1009 1020 1044 1017 1018 1004 988 993 1015 989 989 1027 992 976 980 1005 1010 992 956 965 957 953 963 943 944 988 1014 1020 989 972 949 960 946 941 970 963 981 984 972 971 1016 1010 1008 992 1004 940 953 998 1003 1006 997 1000 1001 1015 1007 988 975 985 997 989 987 1003 991 1002 999 975 989 1037 1025 1034 1029 1037
1071 1061 1042 1069 1045 1037 1042 1044 1033 1012 1030 1029 1036 1024 999 1038 1025 1051 991 1000 1001 986 995 983 987 982 1001 967 962 969 985 952 961 942 952 935 944 947 986 1017 976 987 948 936 980 949 959 955 952 962 951 997 992 1001 1013 1019 995 975 981 965 989 998 997 975 974 977 1021 973 972 956 989 978 996 982 976 977 971 1017 1019 1024 1028 1012 996 1049 1039
1067 1064 1062 1060 1055 1070 1065 1074 1056 1030 1059 1033 986 990 995 1028 1036 1017 1016 1008 1005 1005 998 963 989 984 976 984 959 997 987 953 938 938 930 945 962 952 975 1022 955 977 933 936 960 984 1019 943 969 982 993 989 992 995 1037 1010 1014 972 987 954 963 987 972 974 980 966 960 973 982 990 981 974 975 999 999 1003 969 1013 973 1026 1021 1011 1035 1042 1014
1064 1062 1050 1027 1038 1047 1070 1082 1046 1057 1064 1057 993 1000 1029 1022 1032 1017 1007 1010 991 959 957 962 944 951 981 958 952 935 962 936 944 936 921 974 962 955 965 966 929 928 936 939 947 974 1009 956 974 1019 1051 1022 1045 988 982 976 992 998 954 922 961 940 946 948 967 968 977 955 969 986 969 982 958 1001 1003 989 982 976 989 1017 1008 1013 1002 1017 1031
1094 1068 1043 1040 1053 1072 1075 1092 1035 1079 1094 1047 1040 1052 1059 1011 1028 1010 1021 984 992 998 960 965 970 947 961 970 933 936 940 929 958 929 948 975 971 942 934 946 934 924 952 927 930 938 954 1017 955 1004 962 1027 1037 994 998 970 931 961 961 913 926 940 939 944 933 935 993 976 949 980 956 981 976 983 1021 984 963 980 1012 983 1003 1014 1008 1000 1002
1076 1053 1054 1060 1039 1054 1069 1027 1076 1031 1034 1010 1016 996 1020 1006 1031 1013 1003 1014 1015 1001 988 1005 935 948 935 952 937 927 912 924 925 946 949 939 935 963 913 915 907 939 938 939 910 961 956 974 956 1018 944 938 966 977 985 957 915 918 904 918 905 898 924 957 924 922 946 974 969 968 968 967 966 980 988 968 938 984 992 993 964 987 981 993 1005
1090 1084 1036 1029 1011 993 991 1024 1041 1032 1035 1046 998 1005 990 1001 1028 994 989 958 1001 1007 974 966 933 950 919 935 915 913 914 913 908 916 928 926 929 925 920 924 903 920 914 915 907 927 955 918 949 953 913 926 903 930 932 910 899 894 893 910 887 929 952 964 918 927 965 949 954 939 933 966 965 948 973 954 975 963 964 988 988 1005 1009 1015 1019
1103 1078 1068 1035 1030 1017 1012 986 999 995 1007 995 981 970 1012 1024 1009 1007 967 964 967 939 939 937 943 945 949 899 944 941 937 941 935 905 910 929 922 904 915 908 914 907 892 918 908 924 910 903 898 928 923 914 918 904 908 938 914 932 891 912 884 910 906 920 908 919 943 946 966 945 949 970 946 938 981 978 977 938 954 950 961 985 996 1005 997
