Example/Hispaniola_PCA_20/his_pca_20_1.asc
ncols         743
nrows         319
xllcorner     -74.500956448335
yllcorner     17.448920549066
cellsize      0.0083333333333333
NODATA_value  -9999
[rows 185 to 221 of 319, columns 84 to 167 of 743]
-9999 -9999 -9999 -9999 -9999 -9999 -9999 -9999 -9999 741 747 845 798 735 -9999 -9999 713 708 699 694 693 721 689 684 687 684 663 -9999 -9999 -9999 -9999 -9999 -9999 -9999 -9999 -9999 -9999 -9999 -9999 -9999 -9999 -9999 -9999 -9999 -9999 -9999 -9999 -9999 -9999 -9999 -9999 -9999 -9999 -9999 -9999 -9999 -9999 -9999 -9999 -9999 -9999 -9999 -9999 -9999 -9999 -9999 -9999 -9999 -9999 -9999 -9999 -9999 -9999 -9999 -9999 -9999 -9999 -9999 -9999 -9999 -9999 -9999 -9999 -9999
-9999 -9999 -9999 -9999 -9999 -9999 -9999 -9999 -9999 -9999 803 767 749 735 -9999 -9999 713 -9999 -9999 -9999 -9999 -9999 -9999 674 -9999 -9999 -9999 -9999 -9999 -9999 -9999 -9999 -9999 -9999 -9999 -9999 -9999 -9999 -9999 -9999 -9999 -9999 -9999 -9999 -9999 -9999 -9999 -9999 -9999 -9999 -9999 -9999 -9999 -9999 -9999 -9999 -9999 -9999 -9999 -9999 -9999 -9999 -9999 -9999 -9999 -9999 -9999 -9999 -9999 -9999 -9999 -9999 -9999 -9999 -9999 -9999 -9999 -9999 -9999 -9999 -9999 -9999 -9999 -9999
847 -9999 -9999 -9999 -9999 -9999 773 939 808 -9999 -9999 -9999 -9999 -9999 -9999 -9999 -9999 -9999 -9999 -9999 -9999 -9999 -9999 -9999 -9999 -9999 -9999 -9999 -9999 -9999 -9999 -9999 -9999 -9999 -9999 -9999 -9999 -9999 -9999 -9999 -9999 -9999 -9999 -9999 -9999 -9999 -9999 -9999 -9999 -9999 -9999 -9999 -9999 -9999 -9999 -9999 -9999 -9999 -9999 -9999 -9999 -9999 -9999 -9999 -9999 -9999 -9999 -9999 -9999 -9999 -9999 -9999 -9999 -9999 -9999 -9999 -9999 -9999 -9999 -9999 -9999 -9999 -9999 -9999
994 840 820 919 962 1108 1075 1123 1103 1130 976 1201 1185 961 920 864 746 -9999 -9999 -9999 -9999 -9999 -9999 -9999 -9999 -9999 -9999 -9999 -9999 -9999 -9999 -9999 -9999 -9999 -9999 -9999 -9999 -9999 -9999 -9999 -9999 -9999 -9999 -9999 -9999 -9999 -9999 -9999 -9999 -9999 -9999 -9999 -9999 -9999 -9999 -9999 -9999 -9999 -9999 -9999 -9999 -9999 -9999 -9999 -9999 -9999 -9999 -9999 -9999 -9999 -9999 -9999 -9999 -9999 -9999 -9999 -9999 -9999 -9999 -9999 -9999 -9999 -9999 -9999
1255 1208 1105 1046 1006 1132 1251 1276 1337 1405 1418 1370 1239 1208 1196 1062 -9999 -9999 -9999 -9999 -9999 -9999 -9999 -9999 -9999 -9999 -9999 -9999 -9999 -9999 641 -9999 -9999 -9999 -9999 -9999 -9999 -9999 -9999 -9999 -9999 -9999 -9999 -9999 -9999 -9999 -9999 -9999 -9999 -9999 -9999 -9999 -9999 -9999 -9999 -9999 -9999 -9999 -9999 -9999 -9999 -9999 -9999 -9999 -9999 -9999 -9999 -9999 -9999 -9999 -9999 -9999 -9999 -9999 -9999 -9999 -9999 -9999 -9999 -9999 -9999 -9999 -9999 -9999
1330 1315 1338 1321 1312 1355 1351 1321 1294 1259 1199 1399 1391 1291 1059 864 -9999 796 -9999 -9999 -9999 -9999 -9999 -9999 -9999 -9999 -9999 -9999 -9999 -9999 -9999 648 640 632 631 624 622 615 612 607 600 598 599 592 586 -9999 -9999 -9999 -9999 -9999 -9999 -9999 -9999 -9999 -9999 -9999 -9999 -9999 -9999 -9999 -9999 -9999 -9999 -9999 -9999 -9999 -9999 -9999 -9999 -9999 -9999 -9999 -9999 -9999 -9999 -9999 -9999 -9999 -9999 -9999 -9999 -9999 -9999 -9999
1376 1383 1427 1404 1397 1385 1252 1094 1067 1145 1282 1342 1361 1199 966 -9999 -9999 -9999 -9999 -9999 -9999 -9999 -9999 -9999 -9999 -9999 -9999 -9999 -9999 671 679 675 659 643 637 639 633 630 627 620 619 618 621 601 598 594 581 576 566 560 542 -9999 -9999 -9999 -9999 -9999 -9999 -9999 -9999 -9999 -9999 -9999 -9999 -9999 -9999 -9999 -9999 -9999 -9999 -9999 -9999 -9999 -9999 -9999 -9999 -9999 -9999 -9999 -9999 -9999 -9999 -9999 -9999 -9999
1408 1484 1442 1434 1414 1384 1296 1326 1304 1290 1315 1299 1275 1145 911 784 -9999 -9999 -9999 751 -9999 -9999 -9999 -9999 -9999 -9999 772 751 816 1040 846 700 776 721 735 667 659 654 651 640 640 662 640 656 789 672 683 648 621 585 580 564 565 569 520 538 -9999 -9999 -9999 -9999 -9999 -9999 -9999 -9999 -9999 -9999 -9999 -9999 -9999 -9999 -9999 -9999 -9999 -9999 -9999 -9999 -9999 -9999 -9999 -9999 -9999 -9999 -9999 -9999
1351 1403 1457 1474 1472 1439 1371 1311 1291 1301 1376 1360 1331 893 820 820 779 972 907 760 997 928 997 993 819 1000 860 893 977 1123 1038 856 1107 1162 1099 867 753 690 697 856 768 717 684 900 1189 967 1105 1022 880 812 694 663 595 531 530 558 548 551 -9999 -9999 -9999 -9999 -9999 -9999 -9999 -9999 -9999 -9999 -9999 -9999 -9999 -9999 -9999 -9999 -9999 -9999 -9999 -9999 -9999 -9999 -9999 -9999 -9999 -9999
1476 1451 1463 1513 1445 1455 1438 1430 1297 1259 1309 1168 1057 918 1209 940 1029 951 851 776 1044 1080 1051 1232 1065 1062 827 1146 1114 953 827 908 1045 1113 872 797 944 796 688 783 978 869 825 974 985 853 867 984 984 1018 977 1003 768 643 678 608 573 543 513 514 -9999 -9999 -9999 -9999 -9999 -9999 -9999 -9999 -9999 -9999 -9999 -9999 550 537 542 -9999 -9999 -9999 -9999 -9999 -9999 -9999 -9999 -9999
1477 1519 1522 1511 1461 1469 1386 1295 1284 1336 1303 1246 1333 1370 1370 1110 840 812 791 784 783 1099 1201 1219 1025 1073 1027 1141 1367 1121 885 1175 1192 1257 1238 1248 1059 726 837 968 1014 930 984 730 768 882 796 704 671 760 720 788 714 628 781 699 657 601 527 521 520 533 543 545 530 527 -9999 -9999 -9999 537 529 596 608 551 624 580 570 550 537 -9999 -9999 -9999 -9999 -9999
1444 1454 1452 1486 1450 1452 1486 1461 1489 1503 1498 1383 1393 1346 1187 870 837 839 1064 957 1278 1342 1366 1429 1352 1308 1513 1498 1421 1197 1076 1100 1257 1279 1364 1470 1359 920 983 1210 1215 1206 1103 945 987 1132 1180 1119 736 645 612 605 587 608 715 643 603 566 556 524 552 591 582 602 585 576 539 540 552 595 621 691 791 645 796 767 630 591 559 539 540 -9999 -9999 -9999
1521 1499 1543 1579 1528 1510 1586 1563 1594 1490 1425 1388 1344 1375 902 879 936 1155 1373 1283 1397 1407 1421 1411 1551 1564 1644 1719 1681 1650 1468 1520 1482 1458 1591 1501 1341 1155 1130 1196 1371 1113 983 853 983 1375 1207 951 798 649 633 635 613 680 692 642 577 596 534 582 612 759 796 722 726 615 615 608 634 580 628 824 940 771 831 890 793 682 748 606 578 -9999 -9999 -9999
1617 1569 1637 1724 1688 1542 1458 1527 1532 1529 1499 1580 1610 1359 918 1154 1307 1492 1511 1499 1478 1523 1515 1514 1597 1379 1384 1361 1385 1411 1428 1316 1230 1279 1448 1572 1435 1176 1274 1357 1375 1495 1465 1343 1212 1319 1129 816 724 673 713 692 660 629 628 579 556 559 656 748 640 800 999 936 1000 822 758 693 667 723 731 707 703 834 1123 1048 917 760 847 795 699 699 557 -9999
1622 1672 1732 1724 1582 1682 1671 1466 1436 1533 1409 1301 1320 1034 983 1367 1553 1437 1621 1593 1531 1585 1630 1587 1395 1334 1343 1288 1262 1310 1366 1276 1219 1266 1233 1387 1346 1214 1211 1091 1121 1194 1305 1173 1012 1082 1089 889 738 705 681 682 674 635 640 591 559 619 678 884 684 807 816 908 1182 1028 841 831 825 820 883 953 990 880 889 1083 1168 1085 1019 858 870 754 664 609
1893 1905 1956 1796 1727 1676 1600 1565 1518 1374 1423 1518 1256 1013 1396 1560 1544 1586 1564 1597 1461 1427 1418 1383 1336 1354 1381 1449 1341 1248 1226 1306 1224 1216 1196 1228 1187 1127 1103 1081 1079 1050 1088 1074 897 868 875 803 764 780 791 738 766 602 582 571 702 841 735 820 807 833 816 873 1015 1086 1126 1245 1138 1066 1107 1204 1407 1326 1101 1008 1189 1279 1161 1061 942 909 922 842
1906 1961 2023 1886 1806 1633 1691 1611 1653 1448 1584 1602 1528 1421 1514 1580 1577 1634 1522 1381 1399 1385 1371 1366 1364 1327 1344 1423 1309 1367 1325 1250 1179 1170 1141 1153 1145 1108 1081 1046 1033 1018 1017 1034 1101 1124 922 957 986 812 767 827 797 733 713 990 1058 1037 1157 1105 1096 1124 1106 1278 1323 1351 1459 1516 1511 1551 1541 1625 1692 1591 1549 1420 1349 1324 1249 1240 1113 1108 981 882
1966 2058 2127 2061 1908 1828 1787 1646 1531 1618 1620 1583 1485 1406 1509 1573 1607 1629 1477 1473 1530 1455 1431 1428 1424 1428 1328 1341 1350 1304 1278 1260 1180 1142 1107 1125 1182 1235 1074 1049 1013 1020 974 1020 1061 997 883 1000 1008 992 898 984 966 1042 633 937 1230 1172 1294 1478 1494 1468 1482 1447 1505 1538 1669 1711 1710 1672 1754 1782 1733 1653 1660 1535 1571 1509 1442 1322 1278 1212 931 869
1724 1679 2058 1795 1747 1685 1557 1615 1685 1667 1627 1674 1629 1488 1532 1637 1648 1654 1615 1547 1523 1538 1523 1497 1461 1505 1457 1481 1421 1326 1331 1313 1253 1211 1160 1156 1059 989 959 988 1004 975 1006 1207 1047 885 891 744 933 1005 1021 853 685 635 628 645 664 860 1012 1010 1186 1358 1555 1682 1647 1739 1799 1828 1847 1850 1785 1733 1678 1684 1684 1659 1630 1484 1449 1379 1285 1125 927 803
1578 1516 1865 1871 1802 1727 1507 1529 1677 1697 1693 1734 1560 1596 1518 1521 1582 1523 1410 1423 1544 1488 1498 1510 1528 1562 1554 1461 1472 1502 1392 1337 1289 1252 1240 1197 1067 1082 1031 939 908 906 1012 1187 1230 881 865 892 780 781 853 788 746 817 834 862 902 853 902 983 1136 1145 1168 1312 1538 1572 1647 1681 1768 1761 1765 1712 1700 1684 1647 1659 1577 1528 1438 1382 1225 1088 880 807
1601 1655 1558 1794 1757 1730 1530 1460 1438 1534 1492 1660 1617 1587 1540 1480 1432 1498 1498 1425 1416 1462 1436 1411 1436 1465 1472 1485 1484 1500 1445 1390 1316 1339 1292 1214 1184 1145 1100 1042 969 923 873 913 944 881 804 928 951 835 712 781 986 986 902 1084 1141 1125 1169 1138 1136 1161 1106 1054 1166 1200 1257 1254 1444 1464 1497 1498 1658 1661 1614 1608 1547 1510 1441 1373 1313 1156 950 782
1510 1487 1502 1501 1471 1616 1641 1612 1610 1521 1503 1509 1506 1441 1468 1488 1525 1347 1243 1283 1374 1379 1437 1462 1470 1541 1491 1580 1541 1506 1462 1386 1356 1339 1258 1233 1210 1152 1069 1011 1019 924 918 882 845 837 801 826 912 945 829 933 989 992 1045 1056 1100 1139 1084 1113 1026 1127 1137 1080 1076 1057 1128 1189 1245 1193 1239 1276 1346 1539 1501 1505 1484 1373 1332 1263 1235 1076 815 807
1677 1593 1534 1590 1620 1609 1537 1576 1590 1478 1518 1500 1533 1517 1402 1450 1412 1137 1182 1058 1173 1333 1341 1342 1379 1381 1488 1534 1585 1537 1468 1490 1395 1401 1328 1283 1205 1147 1135 1060 1025 985 958 961 908 882 811 808 842 918 934 983 1087 980 1089 1107 1066 1043 1039 974 950 982 978 998 966 976 1040 1056 1007 1017 1044 1101 1145 1222 1206 1156 1131 1087 964 955 940 999 958 939
1664 1496 1417 1637 1608 1430 1513 1522 1486 1455 1574 1485 1398 1383 1323 1098 991 1010 1001 989 1018 1116 1143 1190 1205 1268 1322 1332 1380 1437 1518 1506 1440 1460 1385 1320 1212 1174 1154 1104 1042 1014 971 952 918 855 878 867 817 823 891 918 904 870 929 876 874 936 931 887 890 895 902 945 919 965 986 975 978 1022 1016 1010 1051 1020 958 913 945 884 878 878 873 936 890 902
1423 1293 1291 1326 1625 1544 1625 1477 1348 1320 1398 1404 1394 1245 1111 1020 976 968 975 980 1015 1108 1196 1295 1290 1316 1344 1347 1439 1637 1592 1668 1524 1687 1576 1472 1378 1470 1412 1330 1263 1181 1161 1030 1040 998 1002 951 892 896 916 938 896 997 1007 998 940 915 915 969 1029 1019 931 907 932 926 940 954 966 958 948 929 939 937 966 963 980 883 889 901 880 879 880 935
1381 1279 1272 1263 1201 1195 1167 1145 1165 1133 1066 1047 1036 1018 996 980 969 971 955 958 1007 1188 1367 1454 1509 1511 1603 1628 1443 1751 1761 1883 1654 1895 1749 1382 1535 1728 1632 1713 1561 1418 1359 1219 1371 1294 1384 1356 1336 1123 1088 979 964 1037 1194 1049 954 985 1112 1152 1222 1261 1218 1054 945 954 1012 986 950 949 965 956 920 908 915 901 1012 897 922 967 892 882 876 876
1350 1326 1272 1234 1217 1216 1318 1225 1130 1128 1090 1077 1064 1042 1035 1040 986 960 990 1193 1368 1243 1394 1416 1479 1702 1756 1676 1629 1830 1516 1719 2013 1772 1715 1676 1746 1939 1989 2013 1803 1557 1641 1665 1716 1679 1626 1617 1507 1310 1118 1065 1024 894 871 941 1054 1063 1216 1203 1211 1254 1287 1112 936 1118 1059 1177 1184 1172 1248 1145 986 929 923 903 904 997 1041 950 1019 907 934 921
1558 1515 1490 1411 1503 1448 1559 1610 1534 1390 1530 1582 1564 1492 1500 1421 1304 1019 931 1176 1297 1436 1578 1622 1700 1797 1896 1760 1673 1749 1430 1518 1683 2081 2155 2132 2029 1749 1688 1899 1772 1998 1857 1760 1757 1691 1647 1547 1537 1498 1122 1017 994 767 711 725 809 760 886 1074 1111 1121 1077 959 1027 1166 1162 1210 1175 1112 1147 1127 1251 1206 1017 967 941 989 1072 1081 1032 974 998 979
1785 1782 1786 1778 1721 1626 1655 1547 1534 1461 1473 1432 1460 1367 1311 1297 1191 953 947 1179 1053 1369 1489 1393 1440 1492 1608 1541 1380 1451 1344 1565 1607 1969 1845 1867 1670 1449 1538 1541 1617 2055 1821 1511 1419 1411 1513 1347 1300 1296 1148 877 907 874 677 688 654 647 690 705 763 836 927 942 987 934 1076 946 942 975 1083 1049 1074 1068 1189 1272 1285 1215 1237 1139 1045 1003 1058 1040
1787 1705 1720 1661 1619 1542 1421 1324 1461 1346 1389 1291 1243 1211 1138 1090 1053 933 942 1017 1073 1463 1453 1316 1349 1393 1422 1470 1138 1329 1515 1618 1751 1725 1821 1474 1495 1137 1315 1220 1399 1681 1524 1256 1116 1019 1238 1148 856 808 723 758 676 688 648 619 614 619 626 649 680 703 787 807 858 838 828 829 845 832 853 871 876 877 1068 1155 1303 1269 1225 1251 1107 1056 1025 1000
1405 1596 1414 1373 1325 1344 1244 1304 1347 1274 1310 1281 1209 1121 1123 960 930 934 1038 1126 1203 1147 1145 1362 1403 1398 1295 1120 1023 1322 1483 1431 1586 1711 1666 1481 1220 1089 1098 1475 1683 1805 1490 1228 983 889 928 943 820 818 747 676 653 634 613 607 599 601 614 630 652 682 762 784 799 819 799 789 801 783 789 812 823 827 995 1091 1068 1139 1138 1150 1192 1098 1017 972
1322 1366 1282 1291 1225 1291 1192 1295 1441 1301 1211 1164 1142 1079 1056 935 931 935 1132 1219 1008 1392 1426 1504 1395 1342 1187 1087 1258 968 1114 1429 1462 1418 1386 1353 1178 1103 1525 1631 1778 1724 1593 1338 1016 868 825 1148 958 794 730 933 654 622 611 601 595 602 618 629 645 675 729 907 1008 886 826 803 782 759 753 760 776 782 890 1292 1170 1044 994 1007 1081 1040 1068 1069
1356 1425 1250 1234 1199 1250 1183 1402 1436 1397 1196 1098 1134 1074 1029 941 921 924 1078 1224 967 1148 1266 1462 1421 1431 1236 1220 949 943 944 962 927 885 917 995 996 1255 1384 1575 1675 1540 1528 1249 870 1068 838 932 731 659 659 654 608 612 610 625 590 600 608 620 637 673 745 816 1158 1149 1106 934 834 845 792 772 756 757 817 1085 1303 1106 1099 981 951 954 953 1027
1326 1305 1252 1204 1180 1165 1327 1397 1427 1398 1371 1061 1117 1059 1042 938 921 918 1074 930 999 1122 1129 1090 1370 1135 1047 1040 999 1205 1254 1387 1172 874 894 1314 1322 1521 1567 1515 1435 1364 1462 1329 761 684 681 666 646 611 589 587 596 598 601 591 593 600 608 618 633 661 718 921 935 939 969 1017 970 1110 1060 1124 892 755 810 1184 1302 1247 1260 1053 984 1047 949 941
1321 1276 1238 1201 1176 1138 1261 1353 1443 1380 1343 1068 1100 984 947 938 921 923 919 931 1107 1157 1039 907 1121 947 931 1384 1417 1485 1561 1371 1324 870 1303 1447 1435 1391 1192 1302 1147 905 922 1007 771 686 665 629 607 -9999 -9999 587 579 588 584 588 595 602 648 631 649 676 704 817 878 894 981 1026 1037 1026 1123 1211 976 748 1006 1177 1162 1143 1219 1081 1009 980 1075 1044
1304 1253 1223 1196 1161 1129 1178 1243 1266 1251 1186 1021 1174 1006 960 935 928 1056 918 942 1169 1159 1019 903 921 940 1202 1313 1213 1115 1096 958 872 869 1258 1454 1281 984 836 1194 1025 761 718 758 699 666 652 625 603 -9999 585 586 585 579 580 592 598 720 831 664 715 771 701 968 974 873 806 1002 923 939 1019 977 838 706 826 1167 1249 1035 1142 1177 1118 1032 1014 1101
1279 1241 1212 1180 1148 1148 1173 1099 1162 1253 1135 1043 1024 1170 947 937 932 1065 916 1073 1035 1106 1087 915 901 926 1126 939 913 919 898 892 885 883 1058 1191 979 836 784 918 742 736 -9999 -9999 671 669 649 611 607 -9999 -9999 -9999 590 588 693 593 597 650 620 617 726 808 686 933 875 810 901 903 914 943 918 974 862 676 884 1055 1047 998 1036 1141 1029 1094 1112 1128
