Example/Hispaniola_PCA_20/his_pca_20_4.asc
ncols         743
nrows         319
xllcorner     -74.500956448335
yllcorner     17.448920549066
cellsize      0.0083333333333333
NODATA_value  -9999
[rows 117 to 155 of 319, columns 609 to 695 of 743]
-9999 -9999 -9999 -9999 -9999 -9999 -9999 -9999 -9999 -9999 -9999 -9999 -9999 -9999 -9999 -9999 -9999 -9999 -9999 -9999 -9999 -9999 -9999 -9999 -9999 -9999 -9999 -9999 -9999 -9999 -9999 -9999 -9999 -9999 -9999 -9999 -9999 -9999 -9999 -9999 -9999 -9999 -9999 -9999 -9999 -9999 -9999 -9999 -9999 -9999 -9999 -9999 -9999 -9999 -9999 -9999 -9999 -9999 -9999 -9999 -9999 -9999 -9999 -9999 -9999 -9999 -9999 -9999 -9999 -9999 -9999 -9999 -9999 -9999 -9999 -9999 -9999 -9999 -9999 -9999 -9999 -9999 -9999 -9999 -9999 -9999 -9999
-9999 -9999 -9999 -9999 -9999 -9999 -9999 -9999 -9999 -9999 -9999 -9999 -9999 -9999 -9999 -9999 -9999 -9999 -9999 -9999 -9999 -9999 -9999 -9999 -9999 -9999 -9999 -9999 -9999 -9999 -9999 -9999 -9999 -9999 -9999 -9999 -9999 -9999 -9999 -9999 -9999 -9999 -9999 -9999 -9999 -9999 -9999 -9999 -9999 -9999 -9999 -9999 -9999 -9999 -9999 -9999 -9999 -9999 -9999 -9999 -9999 -9999 -9999 -9999 -9999 -9999 -9999 -9999 -9999 -9999 -9999 -9999 -9999 -9999 -9999 -9999 -9999 -9999 -9999 -9999 -9999 -9999 -9999 -9999 -9999 -9999 -9999
-9999 -9999 -9999 -9999 -9999 -9999 -9999 -9999 -9999 -9999 -9999 -9999 -9999 -9999 -9999 -9999 -9999 -9999 -9999 -9999 -9999 -9999 -9999 -9999 -9999 -9999 -9999 -9999 -9999 -9999 -9999 -9999 -9999 -9999 -9999 -9999 -9999 -9999 -9999 -9999 -9999 -9999 -9999 -9999 -9999 -9999 -9999 -9999 -9999 -9999 -9999 -9999 -9999 -9999 -9999 -9999 -9999 -9999 -9999 -9999 -9999 -9999 -9999 -9999 -9999 -9999 -9999 -9999 -9999 -9999 -9999 -9999 -9999 -9999 -9999 -9999 -9999 -9999 -9999 -9999 -9999 -9999 -9999 -9999 -9999 -9999 -9999
-9999 721 -9999 -9999 -9999 -9999 -9999 -9999 -9999 -9999 -9999 -9999 -9999 -9999 -9999 -9999 -9999 -9999 -9999 -9999 -9999 -9999 -9999 -9999 -9999 -9999 -9999 -9999 -9999 -9999 -9999 -9999 -9999 -9999 -9999 -9999 -9999 -9999 -9999 -9999 -9999 -9999 -9999 -9999 -9999 -9999 -9999 -9999 -9999 -9999 -9999 -9999 -9999 -9999 -9999 -9999 -9999 -9999 -9999 -9999 -9999 -9999 -9999 -9999 -9999 -9999 -9999 -9999 -9999 -9999 -9999 -9999 -9999 -9999 -9999 -9999 -9999 -9999 -9999 -9999 -9999 -9999 -9999 -9999 -9999 -9999 -9999
729 724 736 -9999 -9999 -9999 -9999 -9999 -9999 -9999 -9999 -9999 -9999 -9999 -9999 -9999 -9999 -9999 -9999 -9999 -9999 -9999 -9999 -9999 -9999 -9999 -9999 -9999 -9999 -9999 -9999 -9999 -9999 -9999 -9999 -9999 -9999 -9999 -9999 -9999 -9999 -9999 -9999 -9999 -9999 -9999 -9999 -9999 -9999 -9999 -9999 -9999 -9999 -9999 -9999 -9999 -9999 -9999 -9999 -9999 -9999 -9999 -9999 -9999 -9999 -9999 -9999 -9999 -9999 -9999 -9999 -9999 -9999 -9999 -9999 -9999 -9999 -9999 -9999 -9999 -9999 -9999 -9999 -9999 -9999 -9999 -9999
719 729 731 735 -9999 -9999 -9999 -9999 -9999 -9999 -9999 -9999 -9999 -9999 -9999 -9999 -9999 -9999 -9999 -9999 -9999 -9999 -9999 -9999 -9999 -9999 -9999 -9999 -9999 -9999 -9999 -9999 -9999 -9999 -9999 -9999 -9999 -9999 -9999 -9999 -9999 -9999 -9999 -9999 -9999 -9999 -9999 -9999 -9999 -9999 -9999 -9999 -9999 -9999 -9999 -9999 -9999 -9999 -9999 -9999 -9999 -9999 -9999 -9999 -9999 -9999 -9999 -9999 -9999 -9999 -9999 -9999 -9999 -9999 -9999 -9999 -9999 -9999 -9999 -9999 -9999 -9999 -9999 -9999 -9999 -9999 -9999
718 720 735 742 742 -9999 -9999 -9999 -9999 -9999 -9999 -9999 -9999 -9999 -9999 -9999 -9999 -9999 -9999 -9999 -9999 -9999 -9999 -9999 -9999 -9999 -9999 -9999 -9999 -9999 -9999 -9999 -9999 -9999 -9999 -9999 -9999 -9999 -9999 -9999 -9999 -9999 -9999 -9999 -9999 -9999 -9999 -9999 -9999 -9999 -9999 -9999 -9999 -9999 -9999 -9999 -9999 -9999 -9999 -9999 -9999 -9999 -9999 -9999 -9999 -9999 -9999 -9999 -9999 -9999 -9999 -9999 -9999 -9999 -9999 -9999 -9999 -9999 -9999 -9999 -9999 -9999 -9999 -9999 -9999 -9999 -9999
733 737 739 743 745 -9999 -9999 -9999 -9999 -9999 -9999 -9999 -9999 -9999 -9999 -9999 -9999 -9999 -9999 -9999 -9999 -9999 -9999 -9999 -9999 -9999 -9999 -9999 -9999 -9999 -9999 -9999 -9999 -9999 -9999 -9999 -9999 -9999 -9999 -9999 -9999 -9999 -9999 -9999 -9999 -9999 -9999 -9999 -9999 -9999 -9999 -9999 -9999 -9999 -9999 -9999 -9999 -9999 -9999 -9999 -9999 -9999 -9999 -9999 -9999 -9999 -9999 -9999 -9999 -9999 -9999 -9999 -9999 -9999 -9999 -9999 -9999 -9999 -9999 -9999 -9999 -9999 -9999 -9999 -9999 -9999 -9999
732 743 736 737 748 -9999 -9999 -9999 -9999 -9999 -9999 -9999 -9999 -9999 -9999 -9999 -9999 -9999 -9999 -9999 -9999 -9999 -9999 -9999 -9999 -9999 -9999 -9999 -9999 -9999 -9999 -9999 -9999 -9999 -9999 -9999 -9999 -9999 -9999 -9999 -9999 -9999 -9999 -9999 -9999 -9999 -9999 -9999 -9999 -9999 -9999 -9999 -9999 -9999 -9999 -9999 -9999 -9999 -9999 -9999 -9999 -9999 -9999 -9999 -9999 -9999 -9999 -9999 -9999 -9999 -9999 -9999 -9999 -9999 -9999 -9999 -9999 -9999 -9999 -9999 -9999 -9999 -9999 -9999 -9999 -9999 -9999
746 749 724 748 755 751 779 778 -9999 -9999 -9999 -9999 -9999 -9999 -9999 -9999 -9999 -9999 -9999 -9999 -9999 -9999 -9999 -9999 -9999 -9999 -9999 -9999 -9999 -9999 -9999 -9999 -9999 -9999 -9999 -9999 -9999 -9999 -9999 -9999 -9999 -9999 -9999 -9999 -9999 -9999 -9999 -9999 -9999 -9999 -9999 -9999 -9999 -9999 -9999 -9999 -9999 -9999 -9999 -9999 -9999 -9999 -9999 -9999 -9999 -9999 -9999 -9999 -9999 -9999 -9999 -9999 -9999 -9999 -9999 -9999 -9999 -9999 -9999 -9999 -9999 -9999 -9999 -9999 -9999 -9999 -9999
721 738 733 759 752 757 738 736 742 789 -9999 -9999 773 770 767 -9999 -9999 -9999 -9999 -9999 -9999 -9999 -9999 -9999 -9999 -9999 -9999 -9999 -9999 -9999 -9999 -9999 -9999 -9999 -9999 -9999 -9999 -9999 -9999 -9999 -9999 -9999 -9999 -9999 -9999 -9999 -9999 -9999 -9999 -9999 -9999 -9999 -9999 -9999 -9999 -9999 -9999 -9999 -9999 -9999 -9999 -9999 -9999 -9999 -9999 -9999 -9999 -9999 -9999 -9999 -9999 -9999 -9999 -9999 -9999 -9999 -9999 -9999 -9999 -9999 -9999 -9999 -9999 -9999 -9999 -9999 -9999
741 740 729 747 757 752 752 755 749 761 762 763 755 757 763 -9999 -9999 -9999 -9999 -9999 -9999 -9999 -9999 -9999 -9999 -9999 -9999 -9999 -9999 -9999 -9999 -9999 -9999 -9999 759 -9999 -9999 -9999 -9999 -9999 -9999 -9999 -9999 -9999 -9999 -9999 -9999 -9999 -9999 -9999 -9999 -9999 -9999 -9999 -9999 -9999 -9999 -9999 -9999 -9999 -9999 -9999 -9999 -9999 -9999 -9999 -9999 -9999 -9999 -9999 -9999 -9999 -9999 -9999 -9999 -9999 -9999 -9999 -9999 -9999 -9999 -9999 -9999 -9999 -9999 -9999 -9999
749 766 751 773 741 748 765 758 762 764 753 768 761 760 774 772 756 774 -9999 -9999 -9999 -9999 -9999 -9999 -9999 -9999 -9999 -9999 -9999 -9999 -9999 -9999 -9999 -9999 -9999 764 -9999 -9999 -9999 -9999 -9999 -9999 -9999 -9999 -9999 -9999 -9999 -9999 -9999 -9999 -9999 -9999 -9999 -9999 781 811 -9999 831 834 832 -9999 -9999 -9999 -9999 -9999 -9999 -9999 -9999 -9999 -9999 -9999 -9999 -9999 -9999 -9999 -9999 -9999 -9999 -9999 -9999 -9999 -9999 -9999 -9999 -9999 -9999 -9999
770 774 759 763 761 762 761 745 780 777 758 767 767 759 792 779 780 776 758 -9999 -9999 770 772 769 762 -9999 -9999 -9999 -9999 -9999 -9999 -9999 -9999 -9999 -9999 773 761 -9999 -9999 -9999 -9999 -9999 -9999 -9999 -9999 -9999 -9999 -9999 -9999 -9999 -9999 -9999 -9999 -9999 809 804 808 812 824 821 839 838 -9999 -9999 -9999 -9999 -9999 -9999 -9999 -9999 -9999 -9999 -9999 -9999 -9999 -9999 -9999 -9999 -9999 -9999 -9999 -9999 -9999 -9999 -9999 -9999 -9999
784 800 771 762 773 764 776 781 780 776 804 760 779 770 783 776 794 766 783 773 773 763 770 775 779 764 -9999 -9999 767 -9999 -9999 746 776 -9999 -9999 757 760 755 -9999 -9999 -9999 -9999 -9999 -9999 -9999 -9999 -9999 -9999 -9999 787 787 803 816 805 804 797 793 806 833 842 849 863 865 867 -9999 -9999 -9999 -9999 -9999 -9999 -9999 -9999 -9999 -9999 -9999 -9999 -9999 -9999 -9999 -9999 -9999 -9999 -9999 -9999 -9999 -9999 -9999
788 786 758 763 757 785 750 780 787 796 823 809 780 784 812 813 799 798 784 754 786 768 767 781 758 778 768 776 758 773 763 764 742 -9999 -9999 763 761 764 764 735 -9999 -9999 -9999 -9999 -9999 -9999 -9999 -9999 -9999 -9999 -9999 792 819 816 809 826 830 828 827 838 845 858 855 855 857 -9999 -9999 -9999 -9999 -9999 -9999 -9999 -9999 -9999 -9999 -9999 -9999 -9999 -9999 -9999 -9999 -9999 -9999 -9999 -9999 -9999 -9999
780 767 769 769 777 778 773 782 769 820 843 810 812 803 822 820 806 761 789 793 797 808 779 774 775 760 785 761 769 772 763 768 756 750 734 742 766 767 747 746 739 -9999 -9999 -9999 -9999 -9999 -9999 -9999 -9999 -9999 -9999 786 807 798 815 853 856 832 844 831 830 845 857 863 860 860 -9999 -9999 -9999 -9999 -9999 -9999 -9999 -9999 -9999 -9999 -9999 -9999 -9999 -9999 -9999 -9999 -9999 -9999 -9999 -9999 -9999
771 780 770 785 777 784 794 790 789 789 815 822 809 814 807 851 841 790 774 798 826 833 787 788 795 791 782 789 760 779 788 745 787 766 791 766 743 743 744 748 755 745 -9999 -9999 -9999 -9999 -9999 -9999 -9999 776 782 787 795 816 815 815 861 864 843 860 874 866 843 839 865 862 849 859 855 862 868 878 -9999 -9999 -9999 -9999 -9999 -9999 -9999 -9999 -9999 -9999 -9999 -9999 -9999 -9999 -9999
794 783 786 799 796 785 777 772 770 771 784 821 830 828 814 826 849 812 798 786 816 833 836 789 777 780 791 776 781 779 817 750 763 810 773 788 794 768 784 796 778 769 762 745 764 758 768 754 779 769 778 783 784 791 801 836 835 858 829 887 892 866 888 852 859 864 859 886 889 873 869 879 884 893 891 885 -9999 -9999 -9999 -9999 -9999 -9999 -9999 -9999 -9999 -9999 -9999
782 822 797 772 776 773 786 795 784 812 783 801 809 832 821 854 833 830 845 847 824 849 842 818 778 795 827 787 807 801 846 783 785 831 808 752 761 789 820 827 753 744 764 783 771 772 761 765 778 801 808 813 809 817 833 844 872 825 842 867 876 879 850 858 872 873 880 866 877 888 897 900 886 906 897 893 905 896 -9999 -9999 -9999 -9999 -9999 -9999 -9999 -9999 -9999
807 835 814 797 814 801 825 809 796 800 803 808 807 825 842 831 827 834 836 837 823 812 815 804 794 798 784 817 816 815 845 791 814 801 831 801 788 814 822 795 785 771 789 783 778 775 777 784 789 776 806 824 833 841 828 857 870 859 876 850 864 876 874 887 899 879 888 892 885 900 891 887 873 888 887 888 884 886 887 877 -9999 -9999 -9999 -9999 -9999 -9999 -9999
799 835 804 803 808 810 820 794 808 819 812 795 832 808 819 840 826 830 830 841 854 842 831 836 851 829 796 781 805 838 826 817 844 844 837 836 804 793 850 800 818 817 839 801 784 778 795 843 798 785 796 800 804 840 853 855 864 846 863 883 874 887 889 875 896 887 888 895 913 901 891 914 902 898 909 895 890 894 875 878 881 879 874 -9999 -9999 -9999 -9999
821 841 820 808 808 809 797 822 825 837 839 800 822 809 811 810 857 847 852 851 841 861 838 822 847 839 840 843 791 805 858 850 848 841 856 829 801 846 831 839 840 837 809 812 810 788 772 813 821 816 830 820 827 827 842 872 854 859 866 866 898 876 890 867 896 896 929 920 916 908 884 911 907 906 882 868 903 902 895 881 877 877 869 878 -9999 -9999 -9999
853 853 821 808 822 814 833 804 824 834 817 838 831 822 832 810 805 842 860 838 860 880 856 871 832 858 848 835 866 833 839 855 857 869 859 867 854 830 839 850 854 820 816 811 803 805 793 817 832 849 813 830 841 840 845 873 878 844 883 873 877 879 882 891 878 902 910 897 929 917 927 923 914 891 886 898 884 886 890 886 892 878 879 884 864 881 -9999
861 853 866 849 828 835 816 824 840 827 831 852 879 826 839 858 827 835 843 850 852 872 861 861 878 881 859 850 860 859 861 865 859 864 880 874 863 858 860 840 852 840 838 842 806 809 833 848 861 816 833 855 823 832 878 842 878 867 865 875 860 884 891 908 900 887 907 901 913 897 922 896 920 901 907 907 891 901 896 896 877 882 894 875 887 880 876
848 861 865 860 863 830 828 838 835 846 863 870 862 881 830 838 856 843 844 836 858 850 884 870 862 880 870 855 873 866 859 858 858 854 865 871 881 877 855 877 854 861 821 834 860 834 850 859 841 826 823 848 865 866 856 844 874 875 890 882 887 889 894 903 881 889 885 865 921 931 931 917 897 897 908 916 897 907 900 884 892 883 884 882 878 872 870
878 873 885 870 885 860 857 860 843 846 858 867 849 864 856 870 847 850 864 853 836 845 843 859 834 864 865 881 858 862 862 863 871 870 876 874 873 873 862 868 830 829 823 857 870 863 848 839 843 864 861 874 855 870 866 867 862 882 858 867 873 882 864 890 913 913 886 857 865 868 914 913 909 904 915 907 903 895 892 882 880 881 885 879 883 881 859
883 871 884 879 868 855 836 851 871 861 859 848 891 854 872 853 859 851 868 871 862 864 837 857 858 836 858 850 852 847 872 884 867 872 878 867 865 874 878 878 858 876 845 834 848 852 861 864 851 846 845 844 872 861 861 875 878 873 881 865 852 881 863 862 864 882 887 892 867 892 907 908 915 887 910 895 898 921 921 905 906 878 901 890 885 881 862
863 865 879 887 876 881 876 875 890 868 876 866 888 864 862 850 860 859 853 886 849 868 870 872 872 862 863 859 870 876 877 878 868 862 868 872 860 864 875 879 869 874 871 837 844 858 855 858 844 852 867 867 875 857 869 849 864 873 886 883 861 896 886 858 875 864 878 876 866 890 877 890 927 901 913 892 915 907 904 898 883 880 892 873 883 882 884
880 866 874 872 886 889 880 884 867 878 881 892 887 879 864 874 864 872 876 863 866 868 849 882 878 867 872 861 868 877 872 884 877 878 874 850 852 860 859 904 883 850 834 844 862 852 846 869 864 865 858 851 868 875 865 880 868 870 885 900 880 898 898 884 892 863 860 870 869 871 877 877 904 901 917 900 901 911 889 909 893 874 882 894 872 864 884
867 885 865 882 888 879 874 895 893 903 882 875 882 891 893 886 890 881 892 892 878 876 881 879 868 870 877 861 868 860 873 856 870 876 885 869 852 846 862 850 863 869 871 854 862 855 849 879 866 867 879 873 858 865 867 871 878 849 889 880 918 887 905 899 886 872 876 868 878 875 886 869 905 917 890 893 905 903 911 891 877 890 908 895 889 872 863
885 861 883 886 884 881 886 882 900 879 890 897 880 889 886 883 876 878 885 897 874 875 884 888 872 867 873 873 883 858 861 862 875 870 879 864 876 859 857 859 860 856 878 870 848 852 851 855 859 873 872 869 890 881 878 880 895 867 898 898 916 881 899 866 863 881 890 899 905 898 892 880 884 920 924 907 905 903 906 907 880 888 894 883 897 879 875
889 886 879 888 882 891 888 882 873 878 884 892 894 896 897 872 891 875 867 873 867 885 887 877 895 879 883 870 861 864 880 875 891 851 889 891 880 861 853 883 862 865 854 880 865 852 879 871 876 860 878 854 866 887 881 885 888 884 888 889 878 915 884 905 903 876 886 913 921 903 903 897 867 905 903 919 905 888 916 885 873 906 905 896 884 875 871
917 869 865 881 882 892 901 892 917 886 892 899 886 885 865 875 904 880 887 874 887 887 884 886 887 905 881 876 889 861 896 871 877 866 862 884 852 863 864 859 862 856 861 856 889 862 872 861 882 879 874 866 877 865 885 883 882 892 885 900 902 879 895 911 905 905 903 912 910 905 906 892 880 872 903 887 905 898 883 909 900 893 881 894 876 863 872
879 876 872 876 889 890 871 897 903 877 898 866 895 881 878 901 903 887 888 894 896 892 892 900 894 888 870 879 870 903 890 877 879 860 859 882 889 883 883 885 889 891 874 881 854 864 896 866 904 892 865 890 881 882 866 900 878 876 881 905 893 884 891 916 884 899 921 907 879 907 904 869 865 865 881 889 872 903 879 900 885 889 885 898 877 884 872
884 898 884 899 882 909 898 885 905 900 871 873 881 884 883 904 893 910 905 899 894 901 911 885 870 898 886 875 871 890 898 915 886 875 883 855 856 858 861 897 886 865 881 858 871 862 854 883 877 862 892 886 883 887 868 893 895 902 882 899 907 881 879 925 910 893 919 912 892 901 910 897 891 880 883 870 874 881 891 906 882 871 875 888 878 873 876
910 907 907 905 906 887 904 895 896 896 904 898 916 879 894 925 895 898 911 926 907 909 905 901 886 916 887 890 887 899 893 906 893 914 865 867 874 869 872 885 873 867 890 887 882 888 879 869 896 876 883 881 902 888 890 890 904 878 909 907 898 885 882 904 909 882 903 906 924 913 893 904 912 884 880 893 862 896 906 897 879 881 908 891 884 869 868
884 881 911 903 911 913 902 896 910 905 897 898 904 919 910 903 918 894 896 932 902 899 937 920 897 904 891 902 913 893 874 893 904 904 899 901 876 872 882 863 893 898 875 876 882 909 875 883 895 878 883 909 896 886 877 877 903 920 912 878 869 896 907 930 906 877 900 920 904 907 888 904 911 898 911 915 911 896 877 887 901 870 886 869 879 868 877
911 908 901 916 906 906 919 902 903 907 911 925 913 920 941 916 918 923 913 906 903 911 908 921 914 898 910 905 903 877 882 912 884 887 901 885 914 913 900 884 873 885 877 894 890 888 902 886 882 898 890 882 884 883 897 896 884 905 900 909 891 901 899 881 912 905 903 886 919 918 909 908 894 886 874 883 914 882 894 877 890 885 878 891 884 883 866
