Example/Hispaniola_PCA_20/his_pca_20_1.asc
ncols         743
nrows         319
xllcorner     -74.500956448335
yllcorner     17.448920549066
cellsize      0.0083333333333333
NODATA_value  -9999
[rows 37 to 73 of 319, columns 420 to 503 of 743]
597 555 591 574 614 636 615 616 669 650 663 676 697 726 736 790 798 802 799 846 796 767 755 753 760 827 805 1000 1051 965 907 855 815 822 837 836 842 863 852 -9999 -9999 -9999 -9999 -9999 -9999 -9999 -9999 -9999 -9999 -9999 -9999 -9999 -9999 -9999 -9999 -9999 -9999 -9999 -9999 -9999 -9999 -9999 -9999 -9999 -9999 -9999 -9999 -9999 -9999 -9999 -9999 -9999 -9999 -9999 -9999 -9999 -9999 -9999 -9999 -9999 -9999 -9999 -9999 -9999
629 565 637 637 696 660 696 672 641 682 673 676 687 703 733 745 792 826 845 792 834 762 829 823 862 952 819 906 1034 946 897 894 827 871 892 861 861 896 875 859 854 -9999 -9999 -9999 -9999 -9999 -9999 -9999 -9999 -9999 -9999 -9999 -9999 -9999 -9999 -9999 -9999 -9999 -9999 -9999 -9999 -9999 -9999 -9999 -9999 -9999 -9999 -9999 -9999 -9999 -9999 -9999 -9999 -9999 -9999 -9999 -9999 -9999 -9999 -9999 -9999 -9999 -9999 -9999
676 590 627 711 688 784 802 715 649 749 703 680 696 719 767 742 770 824 877 966 889 843 909 986 1097 1067 961 973 1080 1093 1010 900 908 1040 1015 974 899 918 892 867 852 -9999 -9999 -9999 -9999 -9999 -9999 -9999 -9999 -9999 -9999 -9999 -9999 -9999 -9999 -9999 -9999 -9999 -9999 871 879 870 872 876 873 864 866 -9999 -9999 -9999 -9999 -9999 -9999 -9999 -9999 -9999 -9999 -9999 -9999 -9999 -9999 -9999 -9999 -9999
617 572 632 696 706 814 781 777 673 824 792 692 728 758 806 754 753 813 834 870 886 927 1020 942 1064 1166 1090 1097 1145 1040 897 853 1056 1100 1293 1188 1067 1108 988 893 884 855 854 -9999 -9999 -9999 -9999 -9999 -9999 -9999 -9999 -9999 -9999 -9999 -9999 -9999 -9999 -9999 878 887 891 898 918 903 878 863 858 861 -9999 -9999 -9999 -9999 -9999 -9999 -9999 -9999 -9999 -9999 -9999 -9999 -9999 -9999 -9999 -9999
655 610 717 792 781 851 791 761 691 803 759 726 715 803 783 790 756 774 793 803 887 919 945 921 997 1113 1006 1051 1138 1016 913 885 994 1260 1389 1387 1361 1165 996 938 870 854 846 844 851 849 851 -9999 -9999 -9999 -9999 846 856 853 -9999 -9999 -9999 -9999 890 922 921 928 948 932 907 884 868 857 855 857 -9999 -9999 -9999 -9999 -9999 -9999 -9999 -9999 -9999 -9999 -9999 -9999 -9999 -9999
644 672 602 687 728 748 739 724 676 711 747 743 745 763 857 857 844 782 807 832 823 900 876 906 931 954 950 1010 1123 1142 982 952 1006 1152 1150 1293 1187 1151 966 905 880 849 842 838 835 841 842 842 842 839 847 846 862 858 859 870 864 876 954 952 953 949 940 952 948 934 931 894 853 854 854 -9999 -9999 -9999 -9999 -9999 -9999 -9999 -9999 -9999 -9999 -9999 -9999 -9999
748 668 618 637 746 818 912 838 702 826 785 778 769 741 846 830 857 840 832 843 814 1040 1067 1089 950 1048 1032 1078 1143 1166 1085 1067 1093 1139 1035 999 1004 996 937 885 866 861 847 836 835 834 838 837 840 861 855 890 901 903 925 934 894 864 906 957 941 981 975 982 967 961 1007 934 874 855 849 851 848 -9999 -9999 -9999 -9999 -9999 -9999 -9999 -9999 -9999 -9999 -9999
791 700 657 711 691 734 794 785 739 769 858 863 798 758 814 829 810 847 862 826 802 914 1041 1063 1099 1147 1070 1078 1120 1178 1219 1173 1160 1184 1107 1001 940 893 883 878 869 867 915 885 853 830 833 832 838 836 923 910 928 948 943 976 887 875 877 916 1008 1023 1028 1028 1039 1048 1023 980 939 904 846 846 846 848 -9999 -9999 -9999 -9999 -9999 -9999 -9999 -9999 -9999 -9999
848 778 737 779 783 763 772 742 726 741 846 940 794 820 850 856 839 861 865 819 847 822 945 1159 1233 1219 1264 1344 1173 1168 1227 1084 1064 1153 1167 1101 1016 962 939 953 924 970 958 921 920 885 838 836 832 831 899 919 985 958 965 913 896 873 907 944 986 1077 1050 1081 1076 1083 1053 1021 985 960 876 847 845 845 -9999 -9999 -9999 -9999 -9999 -9999 -9999 -9999 -9999 -9999
1007 901 869 868 863 907 807 787 735 739 790 866 805 895 994 968 969 939 857 849 877 824 895 989 1074 1193 1300 1226 1299 1174 1164 1057 1008 1110 1075 1102 1084 1042 1030 1024 1022 1027 964 920 891 856 832 832 833 833 924 960 967 996 997 980 941 910 914 979 1014 1092 1101 1074 1096 1098 1102 1073 1053 1031 971 868 844 844 847 -9999 -9999 -9999 -9999 -9999 -9999 -9999 -9999 -9999
1293 1199 1148 1060 1004 943 865 769 853 817 824 950 840 864 1005 1084 1102 893 954 950 944 850 824 873 976 1029 1095 1120 1292 1339 1175 1125 949 959 957 1033 1042 942 935 962 993 1009 929 890 886 837 830 880 841 834 853 971 1006 1008 1049 1063 1003 961 936 995 1013 1107 1071 1103 1117 1125 1114 1102 1081 1052 1043 938 867 841 846 839 -9999 -9999 -9999 -9999 -9999 -9999 -9999 -9999
1242 1256 1319 1121 1020 898 897 1049 992 895 955 978 937 862 949 1017 1111 1045 944 972 978 937 894 871 893 1082 1095 1064 1089 1206 1271 1226 1077 1007 966 894 921 960 912 893 939 953 933 963 918 829 953 889 849 877 850 955 1021 1065 1065 1080 1077 1081 1039 1024 1040 1075 1083 1087 1122 1127 1068 1073 1078 1041 1030 901 852 843 842 839 -9999 -9999 -9999 -9999 -9999 -9999 -9999 -9999
1052 1174 1402 1269 1206 1151 1260 1121 1076 974 1052 934 912 940 990 1098 1066 1085 1102 952 1054 1020 927 952 864 926 1030 1014 1158 1136 1115 1090 1059 1170 1023 891 939 935 898 888 863 851 867 853 835 838 929 905 906 885 889 964 1033 1019 1038 1031 1108 1075 1105 1092 990 1086 1122 1079 1064 1047 1045 1020 996 951 861 851 838 839 839 844 840 -9999 -9999 -9999 -9999 -9999 -9999 -9999
1070 1179 1202 1358 1401 1355 1450 1292 1201 1163 1057 1001 987 1035 1024 1055 1064 1028 982 996 1123 1132 979 1045 935 999 907 1069 1027 1028 1068 1239 1077 1060 1023 920 1174 1211 1040 1053 991 953 915 863 939 942 929 961 937 914 923 981 1072 1060 1060 1051 1070 1085 1058 1080 1048 1044 1055 1041 1033 990 1014 966 932 876 852 849 839 838 836 841 840 842 842 -9999 -9999 -9999 -9999 -9999
1104 1163 1040 1243 1431 1537 1508 1473 1401 1146 1100 1118 1173 1134 1128 1136 1082 1113 1089 978 1084 1108 1156 1029 940 1153 1147 1026 999 971 1116 1073 1075 1249 1162 967 1044 1320 1283 1249 1221 1090 1030 1030 1023 1043 1057 1057 987 1003 1037 1012 997 1045 1043 1051 1052 1074 1094 1031 1081 1090 1087 1062 1005 984 970 940 903 879 854 840 835 841 839 842 840 836 836 843 -9999 -9999 -9999 -9999
825 899 929 1169 1247 1415 1595 1533 1546 1401 1130 1176 1317 1146 1247 1172 1076 1072 1062 1123 1050 1136 1131 1123 1079 984 1003 1098 1197 1070 1072 1216 1110 1147 1132 1013 1096 1283 1242 1275 1195 1188 1099 1087 1055 1057 1071 1076 1058 1032 1025 1000 1011 1067 1009 964 992 1010 963 944 960 991 988 1018 1018 1027 1015 942 917 886 848 845 842 838 841 836 835 835 833 846 846 -9999 -9999 -9999
632 690 681 941 1119 1199 1349 1432 1500 1524 1410 1343 1303 1317 1267 1154 1202 1158 1122 1132 1094 1098 1183 1128 1106 1066 1054 1018 1081 1150 1052 1110 1272 1206 1312 1133 1183 1215 1120 1116 1217 1109 1115 1091 1069 1027 1062 1124 1121 1096 1094 1087 1020 1025 1003 991 946 922 929 885 869 884 860 863 874 866 853 861 842 839 837 840 833 838 839 840 840 839 836 845 849 839 -9999 -9999
551 588 620 737 844 1023 1136 1191 1371 1480 1523 1503 1517 1418 1385 1337 1271 1156 1206 1156 1097 1133 1172 1184 1177 1196 1119 1029 1100 1121 1104 1068 1125 1350 1336 1290 1193 1118 1052 1047 1155 1157 1044 1135 1091 1060 991 1049 1065 1125 1107 1019 1039 1031 1012 951 995 998 970 889 913 875 864 872 873 874 874 908 893 866 868 843 840 838 840 843 852 841 834 841 844 843 852 848
500 519 555 576 633 827 985 976 1104 1245 1308 1406 1426 1417 1342 1293 1239 1323 1252 1181 1119 1199 1207 1139 1202 1211 1166 1095 1096 1109 1172 1174 1195 1111 1183 1243 1227 1238 1023 999 1128 978 958 960 941 958 996 975 987 978 1002 1073 1062 1050 1054 1078 1046 1024 965 904 1010 944 967 932 871 854 893 899 924 936 926 927 883 859 856 852 857 880 879 858 879 875 864 885
465 490 507 529 551 596 654 753 921 1019 1191 1254 1220 1200 1096 1151 1242 1213 1213 1183 1200 1209 1300 1275 1172 1200 1129 1201 1195 1266 1126 1107 1220 1329 1233 1159 1154 1162 1033 1186 1068 1206 1134 1168 1024 1022 1053 995 986 1011 985 991 999 988 1014 1033 1034 956 902 1010 1088 1040 1001 962 921 896 877 927 932 927 959 962 959 965 924 924 936 910 922 924 891 901 895 875
439 460 480 492 509 527 566 618 763 865 1110 1095 1052 1022 972 1046 1124 1208 1113 1145 1139 1196 1192 1274 1330 1192 1296 1194 1329 1236 1275 1146 1158 1309 1447 1312 1097 1052 1142 1344 1255 1187 1340 1312 1200 1118 1059 1018 975 1036 1007 981 966 1021 1017 1004 1017 989 980 1012 1019 1005 1037 1026 949 926 867 932 970 978 992 991 985 995 983 958 936 914 870 904 940 902 948 904
427 444 461 474 488 506 530 557 620 712 888 914 948 867 943 1069 1060 1177 1080 1045 1196 1184 1139 1185 1224 1371 1339 1269 1348 1342 1232 1138 1227 1247 1361 1488 1156 1132 1190 1087 1193 1190 1266 1490 1382 1267 1175 1070 983 1017 1031 1027 961 963 1016 1006 990 1041 949 1036 1032 1015 1052 1002 999 976 927 878 903 974 976 1005 973 998 993 988 995 988 906 872 917 993 944 973
432 445 458 465 476 489 500 526 558 602 674 764 742 830 872 965 1059 1073 1105 998 1219 1150 1059 1085 1148 1260 1437 1359 1355 1489 1310 1276 1207 1383 1301 1345 1234 1075 1226 1173 1125 1263 1399 1376 1536 1434 1364 1149 1076 1010 1048 1034 1022 950 939 984 1026 989 1026 1023 1043 1028 1017 1030 1026 948 968 905 894 928 975 992 1015 1014 999 1020 1042 1033 1007 896 898 964 972 1008
480 471 475 467 482 489 500 512 534 570 608 645 705 769 775 852 974 1059 1082 1031 1060 1059 1065 1081 1155 1206 1310 1500 1487 1562 1474 1350 1269 1368 1421 1331 1211 1213 1146 1221 1206 1185 1425 1350 1340 1323 1281 1189 1112 998 1075 1007 981 961 944 926 891 978 1002 1040 1029 1020 1038 1055 1041 1019 976 916 967 929 962 984 987 1033 1013 1013 1106 1095 1116 935 923 921 1015 1042
469 490 496 507 510 513 503 519 528 541 570 596 636 677 714 769 853 849 905 947 1045 956 1069 1121 1189 1311 1234 1334 1409 1638 1574 1437 1344 1394 1420 1377 1317 1375 1186 1207 1182 1125 1170 1245 1192 1183 1163 1106 974 1004 1229 1132 1026 994 974 973 924 954 1090 1098 1069 1043 1059 1073 1038 1024 984 960 944 955 916 957 1004 1042 1038 1059 1093 1103 1093 968 898 915 989 1019
444 473 508 501 532 538 549 554 564 548 551 570 600 628 662 691 742 757 815 931 951 887 1126 1328 1393 1294 1181 1346 1465 1588 1671 1550 1517 1297 1342 1281 1352 1268 1241 1146 1279 1199 1195 1192 1190 1055 1040 1018 1019 1116 1309 1286 1111 1109 1010 1001 1010 1087 1142 1106 1094 1066 1073 1046 1057 1017 957 948 975 990 964 962 1002 1009 1088 1096 1119 1111 1130 966 896 909 918 1071
421 443 475 478 524 517 531 537 550 557 557 566 576 595 595 634 665 699 748 785 852 845 1118 1154 1218 1232 1113 1387 1436 1595 1719 1530 1364 1409 1235 1319 1347 1383 1422 1334 1193 1318 1254 1267 1225 1089 1051 1022 1046 1204 1409 1370 1296 1234 1163 1092 1169 1181 1149 1145 1114 1097 1098 1060 1033 999 1023 1012 993 1006 985 964 948 947 980 944 958 1008 972 932 894 901 920 940
401 418 442 466 481 485 506 500 507 528 537 544 554 569 576 590 619 644 667 769 843 769 934 985 938 951 1087 1176 1209 1233 1354 1508 1435 1329 1237 1132 1262 1426 1491 1419 1345 1363 1403 1388 1289 1153 1113 1028 1124 1230 1425 1397 1388 1329 1308 1285 1246 1228 1182 1163 1147 1143 1101 1109 1028 1027 989 956 961 994 1002 943 1028 1070 1017 1141 1069 1042 1109 1013 926 899 967 999
400 407 429 440 459 461 481 478 477 494 508 522 537 558 564 589 597 618 643 710 761 719 716 712 745 846 814 924 987 1040 1098 1301 1356 1436 1298 1158 1146 1409 1321 1317 1330 1299 1394 1372 1325 1224 1096 1042 1146 1291 1435 1467 1418 1359 1360 1287 1291 1263 1257 1173 1185 1188 1135 1114 1027 1034 971 1026 1045 1032 946 966 1066 1073 1116 1187 1123 1119 1009 973 941 906 920 996
404 408 418 426 438 444 452 452 465 471 479 486 513 532 548 573 585 600 626 657 673 672 650 653 687 718 732 713 725 761 900 998 1196 1229 1296 1221 995 1151 1321 1252 1274 1180 1289 1444 1362 1213 1294 1144 1215 1297 1470 1517 1476 1428 1404 1354 1326 1285 1303 1200 1235 1214 1182 1039 997 976 1006 1061 1039 989 1000 1006 1098 1059 1081 1157 1134 1165 1069 1033 943 919 900 924
421 421 412 438 445 441 458 474 484 488 482 486 491 497 520 544 559 575 603 597 602 611 610 621 645 663 671 669 659 653 668 811 921 985 1068 1002 1115 1106 1102 1181 1150 1178 1276 1337 1348 1300 1438 1377 1517 1609 1568 1543 1508 1447 1416 1395 1363 1308 1327 1282 1276 1236 1221 1154 1121 979 1066 1096 999 984 1086 1033 1063 1069 1100 1226 1165 1187 1215 1098 1040 938 902 917
437 438 440 444 464 459 472 482 494 512 508 500 507 515 508 502 520 519 548 560 569 574 584 597 606 620 623 625 626 630 645 668 707 747 786 889 1038 984 1211 1115 1048 1058 1202 1270 1224 1385 1322 1238 1283 1338 1456 1621 1553 1515 1472 1430 1405 1359 1339 1318 1264 1256 1228 1244 1128 980 1127 1094 1007 976 1086 1027 1028 994 1060 1171 1203 1223 1217 1236 1117 1029 935 901
424 442 457 462 478 484 483 496 537 526 531 516 520 529 526 535 529 518 524 530 540 545 549 563 582 591 598 599 601 618 634 646 666 699 737 746 810 1039 1074 933 1047 1236 1104 1175 1179 1222 1216 1166 1196 1212 1246 1344 1444 1583 1527 1457 1426 1388 1351 1305 1300 1274 1279 1279 1184 1102 1210 1113 1008 1098 1029 1044 1066 1071 1161 1215 1182 1237 1250 1246 1224 1060 951 942
422 450 465 471 489 506 494 499 534 530 538 527 526 544 536 545 531 540 520 538 528 535 545 545 552 568 577 587 593 600 614 630 649 661 674 699 717 791 827 1027 1049 1107 1079 1019 1159 1174 1145 1118 1082 1152 1283 1257 1336 1382 1473 1515 1481 1427 1389 1359 1347 1262 1353 1319 1283 1193 1224 1037 1009 1078 1003 1089 1089 1186 1225 1247 1264 1198 1207 1242 1248 1087 989 924
428 461 485 489 508 515 506 516 529 534 547 540 552 558 582 546 557 551 542 539 532 528 533 541 548 554 562 577 585 594 604 615 625 636 645 658 678 707 742 820 936 930 914 1135 1086 1092 1021 1019 1043 1073 1208 1157 1261 1270 1303 1411 1526 1496 1431 1410 1342 1312 1284 1256 1166 1262 1225 1020 1187 1127 1109 1157 1073 1156 1307 1240 1260 1263 1289 1294 1282 1118 1003 959
434 472 494 585 615 609 550 550 547 549 564 551 556 594 565 578 569 563 553 551 558 547 535 538 542 545 553 566 575 582 590 597 606 614 621 648 664 675 711 748 803 850 887 941 953 988 989 993 1048 1077 1077 1058 1100 1159 1190 1276 1324 1414 1478 1451 1386 1352 1308 1268 1272 1177 1094 1166 1095 1099 1214 1153 1112 1184 1331 1276 1329 1319 1323 1316 1317 1088 981 941
451 450 479 512 604 708 696 695 629 627 592 589 580 608 610 585 582 575 568 560 556 565 567 563 555 563 546 556 568 575 581 586 601 596 602 615 635 658 680 719 759 787 799 819 831 861 884 957 1009 956 990 1019 976 1011 1113 1233 1192 1289 1289 1324 1466 1435 1378 1319 1245 1245 1152 1034 1283 1173 1160 1160 1274 1300 1359 1280 1346 1353 1337 1367 1358 1149 1043 956
