Example/Hispaniola_PCA_20/his_pca_20_4.asc
ncols         743
nrows         319
xllcorner     -74.500956448335
yllcorner     17.448920549066
cellsize      0.0083333333333333
NODATA_value  -9999
[rows 78 to 116 of 319, columns 174 to 260 of 743]
-9999 -9999 -9999 -9999 -9999 -9999 -9999 -9999 -9999 -9999 -9999 -9999 -9999 -9999 -9999 -9999 -9999 -9999 -9999 -9999 -9999 -9999 -9999 -9999 -9999 -9999 -9999 -9999 -9999 -9999 -9999 -9999 -9999 -9999 843 866 880 865 -9999 877 871 -9999 -9999 882 889 908 886 905 905 915 915 917 915 916 921 899 910 941 948 910 913 908 816 825 833 837 830 824 825 818 816 829 821 825 821 830 829 840 834 840 842 819 841 859 850 844 851
-9999 -9999 -9999 -9999 -9999 -9999 -9999 -9999 -9999 -9999 -9999 -9999 -9999 -9999 -9999 -9999 -9999 -9999 -9999 -9999 -9999 -9999 -9999 -9999 -9999 -9999 -9999 -9999 -9999 -9999 -9999 -9999 -9999 -9999 -9999 -9999 -9999 -9999 -9999 -9999 -9999 -9999 861 872 882 912 893 891 901 918 923 937 919 917 937 907 906 916 935 931 941 886 833 852 822 834 846 815 840 847 804 806 806 824 797 818 826 842 807 844 839 842 836 834 838 846 822
-9999 -9999 -9999 -9999 -9999 -9999 -9999 -9999 -9999 -9999 -9999 -9999 -9999 -9999 -9999 -9999 -9999 -9999 -9999 -9999 -9999 -9999 -9999 -9999 -9999 -9999 -9999 -9999 -9999 -9999 -9999 -9999 -9999 -9999 -9999 -9999 -9999 -9999 -9999 -9999 -9999 -9999 870 866 885 898 886 892 903 904 912 910 939 918 944 916 914 938 922 933 928 937 901 904 837 816 837 840 828 828 830 820 799 789 812 824 832 824 821 817 846 828 824 845 824 818 847
-9999 -9999 -9999 -9999 -9999 -9999 -9999 -9999 -9999 -9999 -9999 -9999 -9999 -9999 -9999 -9999 -9999 -9999 -9999 -9999 -9999 -9999 -9999 -9999 -9999 -9999 -9999 -9999 -9999 -9999 -9999 -9999 -9999 -9999 -9999 -9999 -9999 -9999 -9999 879 -9999 -9999 892 876 873 884 893 897 903 900 919 915 931 939 930 941 907 901 918 901 926 951 936 925 921 807 828 849 851 841 828 810 827 793 813 830 824 816 818 835 832 825 837 826 835 840 841
-9999 -9999 -9999 -9999 -9999 -9999 -9999 -9999 -9999 -9999 -9999 -9999 -9999 -9999 -9999 -9999 -9999 -9999 -9999 -9999 -9999 -9999 -9999 -9999 -9999 -9999 -9999 -9999 -9999 -9999 -9999 -9999 -9999 -9999 -9999 -9999 -9999 -9999 -9999 884 -9999 -9999 -9999 884 867 882 903 895 904 902 925 907 910 934 954 938 910 874 879 917 931 917 922 919 919 850 832 828 868 858 835 842 825 842 833 846 804 805 820 800 832 832 842 821 829 819 849
-9999 -9999 -9999 -9999 -9999 -9999 -9999 -9999 -9999 -9999 -9999 -9999 -9999 -9999 -9999 -9999 -9999 -9999 -9999 -9999 -9999 -9999 -9999 -9999 -9999 -9999 -9999 -9999 -9999 -9999 -9999 -9999 -9999 -9999 -9999 -9999 -9999 -9999 -9999 878 874 -9999 -9999 -9999 885 890 900 899 894 916 924 919 923 937 942 919 941 884 870 921 930 926 879 882 842 819 818 843 858 878 873 843 863 843 878 851 822 822 842 837 823 832 830 822 822 829 839
-9999 -9999 -9999 -9999 -9999 -9999 -9999 -9999 -9999 -9999 -9999 -9999 -9999 -9999 -9999 -9999 -9999 -9999 -9999 -9999 -9999 -9999 -9999 -9999 -9999 -9999 -9999 -9999 -9999 -9999 -9999 -9999 -9999 -9999 -9999 -9999 -9999 -9999 870 870 873 -9999 -9999 -9999 882 886 901 910 889 905 917 914 926 931 942 937 942 899 892 918 939 918 906 890 805 824 817 809 823 859 891 881 871 848 839 809 835 820 835 830 837 818 822 837 838 825 851
-9999 -9999 -9999 -9999 -9999 -9999 -9999 -9999 -9999 -9999 -9999 -9999 -9999 -9999 -9999 -9999 -9999 -9999 -9999 -9999 -9999 -9999 -9999 -9999 -9999 -9999 -9999 -9999 -9999 -9999 -9999 -9999 -9999 -9999 -9999 -9999 -9999 -9999 -9999 -9999 869 877 879 891 895 897 904 902 892 889 893 917 933 943 927 936 954 921 906 944 930 932 917 854 812 824 820 843 830 850 864 906 923 864 847 834 847 846 820 836 827 830 844 843 839 824 847
-9999 -9999 -9999 -9999 -9999 -9999 -9999 -9999 -9999 -9999 -9999 -9999 -9999 -9999 -9999 -9999 -9999 -9999 -9999 -9999 -9999 -9999 -9999 -9999 -9999 -9999 -9999 -9999 -9999 -9999 -9999 -9999 -9999 -9999 -9999 -9999 -9999 -9999 -9999 -9999 -9999 885 892 902 897 898 911 918 907 915 864 898 929 941 946 943 944 946 950 929 948 947 919 922 865 840 817 824 846 840 877 885 914 867 845 828 809 845 860 848 826 825 830 837 850 829 835
-9999 -9999 -9999 -9999 -9999 -9999 -9999 -9999 -9999 -9999 -9999 -9999 -9999 -9999 -9999 -9999 -9999 -9999 -9999 -9999 -9999 -9999 -9999 -9999 -9999 -9999 -9999 -9999 -9999 -9999 -9999 -9999 -9999 -9999 -9999 -9999 -9999 -9999 -9999 -9999 883 877 886 895 905 906 921 907 921 930 922 870 913 951 933 954 955 939 947 932 863 918 952 928 891 882 815 818 811 830 847 865 921 894 860 838 831 815 843 849 835 834 845 828 864 852 868
-9999 -9999 -9999 -9999 -9999 -9999 -9999 -9999 -9999 -9999 -9999 -9999 -9999 -9999 -9999 -9999 -9999 -9999 -9999 -9999 -9999 -9999 -9999 -9999 -9999 -9999 -9999 -9999 -9999 -9999 -9999 -9999 -9999 -9999 861 871 879 -9999 -9999 874 872 884 885 894 899 905 917 915 924 925 936 892 909 931 943 938 966 960 951 965 851 867 941 915 909 866 829 825 819 859 826 848 880 877 860 860 813 823 831 839 827 836 837 840 868 852 862
-9999 -9999 -9999 -9999 -9999 -9999 -9999 -9999 -9999 -9999 -9999 -9999 -9999 -9999 -9999 -9999 -9999 -9999 -9999 -9999 -9999 -9999 -9999 -9999 -9999 -9999 -9999 -9999 -9999 -9999 -9999 -9999 -9999 -9999 846 877 874 867 879 882 882 891 891 893 914 920 924 935 944 927 931 940 916 935 943 940 943 945 955 959 894 870 872 899 852 814 833 824 831 828 819 846 842 871 877 847 844 827 833 819 848 833 847 860 859 852 845
-9999 -9999 -9999 -9999 -9999 -9999 -9999 -9999 -9999 -9999 -9999 -9999 -9999 -9999 -9999 -9999 -9999 -9999 -9999 -9999 -9999 -9999 -9999 -9999 -9999 -9999 -9999 -9999 -9999 -9999 -9999 -9999 -9999 845 851 859 865 872 888 898 897 903 904 910 921 922 926 927 938 925 934 948 930 938 946 928 964 957 969 978 937 841 829 818 847 825 829 805 822 807 821 821 842 857 871 802 811 815 833 822 838 832 838 825 850 847 862
-9999 -9999 -9999 -9999 -9999 -9999 -9999 -9999 -9999 -9999 -9999 -9999 -9999 -9999 -9999 -9999 -9999 -9999 -9999 -9999 -9999 -9999 -9999 -9999 -9999 -9999 -9999 -9999 -9999 -9999 -9999 -9999 -9999 852 857 858 866 870 869 881 892 889 894 903 915 926 921 923 926 929 942 941 937 936 941 950 955 964 986 976 953 907 836 823 814 833 821 834 814 809 810 829 812 835 841 851 817 834 839 827 841 835 844 841 854 849 846
-9999 -9999 -9999 -9999 -9999 -9999 -9999 -9999 -9999 -9999 -9999 -9999 -9999 -9999 -9999 -9999 -9999 -9999 -9999 -9999 -9999 -9999 -9999 -9999 -9999 -9999 -9999 -9999 -9999 -9999 -9999 -9999 -9999 -9999 -9999 855 873 877 876 879 890 897 896 904 915 921 913 916 914 949 948 953 954 939 950 948 959 955 963 957 932 903 909 809 823 836 831 831 816 829 822 825 836 839 833 841 830 835 817 833 836 841 858 828 859 853 849
-9999 -9999 -9999 -9999 -9999 -9999 -9999 -9999 -9999 -9999 -9999 -9999 -9999 -9999 -9999 -9999 -9999 -9999 -9999 -9999 -9999 -9999 -9999 -9999 -9999 -9999 -9999 -9999 -9999 -9999 -9999 -9999 -9999 -9999 -9999 860 869 875 871 872 886 899 904 907 905 913 924 924 925 944 956 950 957 947 956 963 952 916 938 906 849 859 870 853 819 841 858 839 827 826 840 835 830 813 819 822 834 829 818 837 832 840 857 838 843 819 821
-9999 -9999 -9999 -9999 -9999 -9999 -9999 -9999 -9999 -9999 -9999 -9999 -9999 -9999 -9999 -9999 -9999 -9999 -9999 -9999 -9999 -9999 -9999 -9999 -9999 -9999 -9999 -9999 -9999 -9999 -9999 -9999 -9999 -9999 -9999 -9999 -9999 -9999 -9999 891 888 892 889 901 907 922 923 925 933 946 956 960 957 947 950 953 957 914 889 840 829 852 874 876 862 818 842 799 823 852 816 844 834 821 834 823 835 838 824 832 848 835 862 839 831 829 852
-9999 -9999 -9999 -9999 -9999 -9999 -9999 -9999 -9999 -9999 -9999 -9999 -9999 -9999 -9999 -9999 -9999 -9999 -9999 -9999 -9999 -9999 -9999 -9999 -9999 -9999 -9999 -9999 -9999 -9999 -9999 -9999 -9999 -9999 -9999 -9999 -9999 884 888 894 889 902 909 897 919 910 919 911 933 939 946 962 957 945 945 954 957 976 942 949 836 818 865 892 852 818 846 818 830 832 813 819 829 839 837 821 811 832 830 832 819 816 836 835 850 814 805
-9999 -9999 -9999 -9999 -9999 -9999 -9999 -9999 -9999 -9999 -9999 -9999 -9999 -9999 -9999 -9999 -9999 -9999 -9999 -9999 -9999 -9999 -9999 -9999 -9999 -9999 -9999 -9999 -9999 -9999 -9999 -9999 -9999 -9999 -9999 -9999 -9999 -9999 -9999 -9999 900 906 911 908 899 912 919 916 921 921 936 944 953 939 956 962 969 970 959 974 836 826 827 843 903 857 840 865 832 828 836 819 851 841 849 831 818 809 833 843 839 842 827 839 837 829 811
-9999 -9999 -9999 -9999 -9999 -9999 -9999 -9999 -9999 -9999 -9999 -9999 -9999 -9999 -9999 -9999 -9999 -9999 -9999 -9999 -9999 -9999 -9999 -9999 -9999 -9999 -9999 -9999 -9999 -9999 -9999 -9999 -9999 -9999 -9999 -9999 -9999 -9999 -9999 -9999 909 916 918 918 917 903 917 914 923 931 926 928 961 969 947 960 954 957 959 961 950 844 846 868 891 966 957 936 959 875 826 814 831 835 843 852 827 837 839 829 844 840 830 828 824 819 815
-9999 -9999 -9999 -9999 -9999 -9999 -9999 -9999 -9999 -9999 -9999 -9999 -9999 -9999 -9999 -9999 -9999 -9999 -9999 -9999 -9999 -9999 -9999 -9999 -9999 -9999 -9999 -9999 -9999 -9999 -9999 -9999 -9999 -9999 -9999 -9999 -9999 889 -9999 -9999 908 909 909 915 912 913 925 931 945 955 932 952 952 948 955 954 958 962 968 959 876 840 838 816 823 925 997 1002 1004 994 973 850 812 845 853 853 851 829 832 831 825 825 827 820 833 840 822
-9999 -9999 -9999 -9999 -9999 -9999 -9999 -9999 -9999 -9999 -9999 -9999 -9999 -9999 -9999 -9999 -9999 -9999 -9999 -9999 -9999 -9999 -9999 -9999 -9999 -9999 -9999 -9999 -9999 -9999 -9999 -9999 -9999 -9999 872 874 875 877 883 892 904 910 900 902 907 909 911 949 942 949 946 952 956 960 962 969 968 967 969 973 976 886 849 837 833 840 914 997 1020 1003 1026 850 829 827 861 848 842 847 834 835 833 828 830 850 845 826 826
-9999 -9999 -9999 -9999 -9999 -9999 -9999 -9999 -9999 -9999 -9999 -9999 -9999 -9999 -9999 -9999 -9999 -9999 -9999 -9999 -9999 -9999 -9999 -9999 -9999 -9999 -9999 -9999 -9999 -9999 -9999 -9999 -9999 -9999 871 872 873 876 870 875 886 904 901 904 915 917 932 944 964 961 966 963 972 967 956 974 966 984 991 998 986 984 970 944 930 926 878 954 999 998 1005 910 838 843 823 851 844 837 831 825 830 840 842 828 839 817 804
-9999 -9999 -9999 -9999 -9999 -9999 -9999 -9999 -9999 -9999 -9999 -9999 -9999 -9999 -9999 -9999 -9999 -9999 -9999 -9999 -9999 -9999 -9999 -9999 -9999 -9999 -9999 -9999 -9999 -9999 -9999 -9999 -9999 870 879 881 883 884 886 892 901 902 912 915 930 931 934 935 953 973 970 965 972 958 961 956 980 984 996 990 987 989 981 988 1013 912 889 1006 949 928 926 848 841 838 841 845 853 833 850 825 843 827 858 828 838 822 821
-9999 -9999 -9999 -9999 -9999 -9999 -9999 -9999 -9999 -9999 -9999 -9999 -9999 -9999 -9999 -9999 -9999 -9999 -9999 -9999 -9999 -9999 -9999 -9999 -9999 -9999 -9999 -9999 -9999 -9999 -9999 -9999 -9999 878 881 882 889 885 891 889 905 906 927 916 924 920 926 930 941 963 965 965 956 960 961 971 979 983 983 994 970 973 988 1010 1003 1001 1003 1010 857 866 841 852 832 830 836 833 838 867 835 863 831 837 851 843 848 819 819
-9999 -9999 -9999 -9999 -9999 -9999 -9999 -9999 -9999 -9999 -9999 -9999 -9999 -9999 -9999 -9999 -9999 -9999 -9999 -9999 -9999 -9999 -9999 -9999 -9999 -9999 -9999 -9999 -9999 -9999 -9999 -9999 -9999 880 880 878 890 894 897 888 898 904 920 921 930 934 943 942 945 948 967 965 962 974 976 979 973 993 984 987 977 990 989 1003 1005 999 992 998 996 986 844 863 861 837 839 832 826 859 839 857 868 833 847 846 846 818 851
-9999 -9999 -9999 -9999 -9999 -9999 -9999 -9999 -9999 -9999 -9999 -9999 -9999 -9999 -9999 -9999 -9999 -9999 -9999 -9999 -9999 -9999 -9999 -9999 -9999 -9999 -9999 -9999 -9999 -9999 -9999 -9999 866 -9999 -9999 892 892 906 911 904 906 917 917 920 925 932 936 946 949 954 972 971 961 972 960 956 958 969 985 995 996 995 983 996 991 996 997 1001 1016 1012 948 860 871 843 852 847 852 853 854 865 842 849 844 842 875 857 859
-9999 -9999 -9999 -9999 -9999 -9999 -9999 -9999 -9999 -9999 -9999 -9999 -9999 -9999 -9999 -9999 -9999 -9999 -9999 -9999 -9999 -9999 -9999 -9999 -9999 -9999 -9999 -9999 -9999 -9999 -9999 -9999 -9999 -9999 877 892 894 887 913 919 921 914 906 933 933 934 941 937 944 947 967 968 973 968 963 959 974 973 990 996 994 983 994 995 1001 974 987 985 1019 1019 1028 984 885 949 896 920 888 867 852 887 881 865 872 868 856 880 867
-9999 -9999 -9999 -9999 -9999 -9999 -9999 -9999 -9999 -9999 -9999 -9999 -9999 -9999 -9999 -9999 -9999 -9999 -9999 -9999 -9999 -9999 -9999 -9999 -9999 -9999 -9999 -9999 -9999 -9999 858 870 872 874 877 878 888 890 908 914 916 923 926 927 934 931 940 950 957 955 953 974 960 963 957 968 972 978 986 996 998 992 986 987 1000 1016 1019 1029 1035 1040 1007 1041 1019 976 890 852 849 876 865 848 861 902 889 897 866 903 876
-9999 -9999 -9999 -9999 -9999 -9999 -9999 -9999 -9999 -9999 -9999 -9999 -9999 -9999 -9999 -9999 -9999 -9999 -9999 -9999 -9999 -9999 -9999 -9999 -9999 -9999 -9999 -9999 -9999 -9999 -9999 881 871 872 870 880 883 892 898 911 915 916 922 925 943 932 956 956 958 958 953 956 960 964 961 966 978 979 983 987 986 995 999 1000 1011 1024 1030 1028 1019 1038 1021 1050 964 896 898 861 868 847 846 836 845 856 868 888 890 890 890
-9999 -9999 -9999 -9999 -9999 -9999 -9999 -9999 -9999 -9999 -9999 -9999 -9999 -9999 -9999 -9999 -9999 -9999 -9999 -9999 -9999 -9999 -9999 -9999 -9999 -9999 -9999 -9999 -9999 -9999 -9999 -9999 879 872 879 885 885 889 894 899 913 913 914 930 938 941 948 959 952 941 937 949 958 961 959 971 982 984 989 992 992 998 1009 1011 1036 1031 1020 1018 1021 1028 1037 1029 1019 1017 907 882 864 869 878 877 849 860 876 867 903 897 894
-9999 -9999 -9999 -9999 -9999 -9999 -9999 -9999 -9999 -9999 -9999 -9999 -9999 -9999 -9999 -9999 -9999 -9999 -9999 -9999 -9999 -9999 -9999 -9999 -9999 -9999 -9999 -9999 -9999 -9999 -9999 -9999 -9999 875 877 900 903 909 909 914 904 913 916 930 929 943 946 950 951 943 929 967 955 976 975 977 995 980 983 987 1004 1012 1023 1029 1033 1018 1017 1009 1031 1033 1043 1007 1034 1031 946 896 878 874 893 896 882 841 849 879 880 895 899
-9999 -9999 -9999 -9999 -9999 -9999 -9999 -9999 -9999 -9999 -9999 -9999 -9999 -9999 -9999 -9999 -9999 -9999 -9999 -9999 -9999 -9999 -9999 -9999 -9999 -9999 -9999 -9999 -9999 -9999 -9999 -9999 -9999 886 887 888 902 897 901 913 922 918 912 916 919 925 942 943 936 945 937 963 972 976 979 976 986 984 992 1007 1018 1021 1012 1010 1016 1010 1026 1025 1025 1027 1023 1010 1034 1034 1037 1030 897 859 888 903 893 891 893 873 897 907 903
-9999 -9999 -9999 -9999 -9999 -9999 -9999 -9999 -9999 -9999 -9999 -9999 -9999 -9999 -9999 -9999 -9999 -9999 -9999 -9999 -9999 -9999 -9999 -9999 -9999 -9999 -9999 -9999 -9999 -9999 -9999 -9999 -9999 -9999 876 888 877 892 899 898 901 890 919 914 923 912 948 933 937 940 955 954 970 981 970 975 984 999 1007 1025 1025 1021 1013 1013 1001 1007 1033 1046 1024 1021 1023 1052 1040 1051 1038 998 946 866 868 906 904 891 883 879 873 884 891
-9999 -9999 -9999 -9999 -9999 -9999 -9999 -9999 -9999 -9999 -9999 -9999 -9999 -9999 -9999 -9999 -9999 -9999 -9999 -9999 -9999 -9999 -9999 -9999 -9999 -9999 -9999 -9999 -9999 -9999 -9999 -9999 -9999 -9999 896 884 853 878 878 895 893 892 903 917 937 925 939 949 947 952 953 981 961 974 968 990 992 1009 1014 1024 1016 1017 1013 998 1004 1019 1031 1006 1020 1023 1017 981 1015 1041 1042 1060 875 881 887 877 897 898 897 897 895 892 878
-9999 -9999 -9999 -9999 -9999 -9999 -9999 -9999 -9999 -9999 -9999 -9999 -9999 -9999 -9999 -9999 -9999 -9999 -9999 -9999 -9999 -9999 -9999 -9999 -9999 -9999 -9999 -9999 -9999 -9999 -9999 -9999 -9999 -9999 -9999 875 884 868 880 878 883 909 908 918 903 928 930 945 956 950 962 970 973 980 986 998 1007 1011 1017 1006 1018 1013 999 1003 1020 1029 1019 1022 1017 1031 1041 1029 986 1045 1032 1029 974 894 870 890 891 915 909 907 885 896 886
-9999 -9999 -9999 -9999 -9999 -9999 -9999 -9999 -9999 -9999 -9999 -9999 -9999 -9999 -9999 -9999 -9999 -9999 -9999 -9999 -9999 -9999 -9999 -9999 -9999 -9999 -9999 -9999 -9999 -9999 -9999 -9999 -9999 -9999 -9999 -9999 885 876 871 881 868 882 908 911 909 923 917 948 968 951 963 970 983 980 980 1002 1005 1008 1006 991 995 999 1011 1017 1026 1016 1031 1029 1051 1049 1060 1041 1031 1051 1025 1005 1040 952 874 895 900 900 909 921 901 892 899
-9999 -9999 -9999 -9999 -9999 -9999 -9999 -9999 -9999 -9999 -9999 -9999 -9999 -9999 -9999 -9999 -9999 -9999 -9999 -9999 -9999 -9999 -9999 -9999 -9999 -9999 -9999 -9999 -9999 -9999 -9999 -9999 -9999 -9999 -9999 -9999 -9999 -9999 889 881 874 896 894 891 922 922 909 932 951 954 952 976 982 1002 1010 1004 989 994 996 993 998 1005 1024 1026 1022 1035 1014 1041 1033 1060 1049 1037 996 1043 1025 1012 1011 995 951 884 888 880 887 923 930 879 897
-9999 -9999 -9999 -9999 -9999 -9999 -9999 -9999 -9999 -9999 -9999 -9999 -9999 -9999 -9999 -9999 -9999 -9999 -9999 -9999 -9999 -9999 -9999 -9999 -9999 -9999 -9999 -9999 -9999 -9999 -9999 -9999 -9999 -9999 -9999 -9999 -9999 -9999 -9999 -9999 905 892 914 905 908 933 926 930 946 949 957 964 950 969 957 995 990 987 983 993 1016 1018 1014 1018 1014 1030 1052 1071 1062 1026 1043 1038 1011 1050 1035 988 935 897 923 949 960 864 896 918 915 904 909
