Example/Hispaniola_PCA_20/his_pca_20_4.asc
ncols         743
nrows         319
xllcorner     -74.500956448335
yllcorner     17.448920549066
cellsize      0.0083333333333333
NODATA_value  -9999
[rows 117 to 155 of 319, columns 174 to 260 of 743]
-9999 -9999 -9999 -9999 -9999 -9999 -9999 -9999 -9999 -9999 -9999 -9999 -9999 -9999 -9999 -9999 -9999 -9999 -9999 -9999 -9999 -9999 -9999 -9999 -9999 -9999 -9999 -9999 -9999 -9999 -9999 -9999 -9999 -9999 -9999 -9999 -9999 -9999 -9999 -9999 -9999 -9999 908 910 914 909 942 932 928 924 939 925 946 926 947 975 973 995 1005 1015 1013 1007 1012 1005 1018 1019 1047 1074 1056 1029 1052 1029 1072 1051 956 898 908 935 970 902 934 915 901 905 900 908 909
-9999 -9999 -9999 -9999 -9999 -9999 -9999 -9999 -9999 -9999 -9999 -9999 -9999 -9999 -9999 -9999 -9999 -9999 -9999 -9999 -9999 -9999 -9999 -9999 -9999 -9999 -9999 -9999 -9999 -9999 -9999 -9999 -9999 -9999 -9999 -9999 -9999 -9999 -9999 -9999 -9999 -9999 930 912 917 908 901 911 917 932 911 934 917 896 892 907 950 991 1004 1011 1007 1002 1022 1023 1012 1038 1054 1049 1050 1021 1048 1078 1055 1040 1023 953 918 969 973 898 928 943 915 917 907 906 895
-9999 -9999 -9999 -9999 -9999 -9999 -9999 -9999 -9999 -9999 -9999 -9999 -9999 -9999 -9999 -9999 -9999 -9999 -9999 -9999 -9999 -9999 -9999 -9999 -9999 -9999 -9999 -9999 -9999 -9999 -9999 -9999 -9999 -9999 -9999 -9999 -9999 -9999 -9999 -9999 -9999 -9999 927 912 904 929 893 934 915 941 928 935 901 898 898 922 934 942 964 983 1002 1008 1028 1041 1031 1037 1038 1046 1033 1048 1068 1044 1046 1037 1038 1024 1049 1046 931 919 949 976 959 908 918 905 907
-9999 -9999 -9999 -9999 -9999 -9999 -9999 -9999 -9999 -9999 -9999 -9999 -9999 -9999 -9999 -9999 -9999 -9999 -9999 -9999 -9999 -9999 -9999 -9999 -9999 -9999 -9999 -9999 -9999 -9999 -9999 -9999 -9999 -9999 -9999 -9999 -9999 -9999 -9999 -9999 -9999 916 908 907 923 925 927 935 931 930 931 931 904 909 911 901 896 913 959 998 1013 1019 1032 1038 1040 1032 1027 1031 1033 1052 1074 1077 1080 1075 1024 1029 949 933 1000 983 943 907 957 947 938 920 910
-9999 -9999 -9999 -9999 -9999 -9999 -9999 -9999 -9999 -9999 -9999 -9999 -9999 -9999 -9999 -9999 -9999 -9999 -9999 -9999 -9999 -9999 -9999 -9999 -9999 -9999 -9999 -9999 -9999 -9999 -9999 -9999 -9999 -9999 -9999 -9999 -9999 -9999 -9999 -9999 915 876 920 931 923 919 929 931 927 928 918 923 924 929 929 919 901 911 936 1009 979 969 995 1013 1036 1016 1012 1037 1039 1059 1057 1068 1055 1062 1075 1040 1025 951 957 975 1028 960 1012 977 935 975 964
-9999 -9999 -9999 -9999 -9999 -9999 -9999 -9999 -9999 -9999 -9999 -9999 -9999 -9999 -9999 -9999 -9999 -9999 -9999 -9999 -9999 -9999 -9999 -9999 -9999 -9999 -9999 -9999 -9999 -9999 -9999 -9999 884 870 872 876 873 888 914 895 895 896 904 917 911 908 919 920 947 947 928 922 914 935 945 930 933 902 929 951 943 967 1003 1007 1010 1035 1008 1049 1047 1059 1080 1062 1067 1074 1047 1041 1056 1001 921 931 946 1010 942 955 933 917 956
-9999 -9999 -9999 -9999 -9999 -9999 -9999 -9999 -9999 -9999 -9999 -9999 -9999 -9999 -9999 -9999 -9999 -9999 -9999 -9999 -9999 -9999 -9999 -9999 -9999 -9999 -9999 -9999 -9999 884 883 879 868 880 884 886 887 899 895 906 920 920 901 901 894 908 912 895 919 915 903 926 901 906 895 886 911 924 951 942 940 928 927 958 1019 1021 1041 1064 1076 1057 1046 1091 1089 1055 1059 1072 1068 1052 979 943 942 968 936 926 947 930 933
-9999 -9999 -9999 -9999 -9999 -9999 -9999 -9999 -9999 -9999 -9999 -9999 -9999 -9999 -9999 -9999 -9999 -9999 -9999 -9999 -9999 -9999 -9999 -9999 -9999 -9999 -9999 -9999 881 873 851 871 859 867 859 861 874 883 900 890 898 896 887 905 910 910 875 883 899 901 897 925 917 907 893 906 900 911 919 968 916 896 900 956 985 1025 1042 1038 1054 1060 1052 1070 1096 1054 1059 1041 1075 1059 1052 1026 934 931 995 934 925 925 888
-9999 -9999 -9999 -9999 -9999 -9999 -9999 -9999 -9999 -9999 -9999 -9999 -9999 -9999 -9999 -9999 -9999 -9999 -9999 -9999 -9999 -9999 -9999 -9999 -9999 -9999 -9999 881 878 863 865 848 850 864 851 860 873 871 886 880 893 897 889 884 878 884 888 880 880 883 877 895 924 919 893 888 925 925 947 951 930 922 941 926 967 986 1018 1037 1048 1051 1064 1058 1090 1062 1037 1039 1081 1057 1064 1045 1029 994 935 927 928 938 899
-9999 -9999 -9999 -9999 -9999 -9999 -9999 -9999 -9999 -9999 -9999 -9999 -9999 -9999 -9999 -9999 -9999 -9999 -9999 -9999 -9999 -9999 -9999 -9999 -9999 -9999 -9999 883 848 863 860 850 852 864 852 861 886 894 888 889 891 877 900 881 867 861 879 875 878 870 881 882 879 877 885 861 893 922 901 926 910 905 912 928 928 918 964 1018 1054 1048 1058 1062 1055 1074 1077 1082 1059 1079 1083 1074 1053 996 1000 941 923 921 937
-9999 -9999 -9999 -9999 -9999 -9999 -9999 -9999 -9999 -9999 -9999 -9999 -9999 -9999 -9999 -9999 -9999 -9999 -9999 -9999 -9999 -9999 -9999 -9999 -9999 -9999 -9999 878 882 872 862 882 870 859 873 900 883 895 888 888 868 883 854 849 874 870 850 882 880 904 895 908 891 871 861 868 883 922 914 907 889 902 920 949 934 937 923 978 1023 1065 1045 1045 1067 1067 1085 1074 1075 1055 1085 1087 1072 1022 926 956 930 901 932
-9999 -9999 -9999 -9999 -9999 -9999 -9999 -9999 -9999 -9999 -9999 -9999 -9999 -9999 -9999 -9999 -9999 -9999 -9999 -9999 -9999 -9999 -9999 -9999 -9999 -9999 -9999 -9999 876 886 877 878 881 875 876 886 900 898 870 883 869 881 871 860 870 869 886 890 916 913 902 875 894 884 878 888 887 872 911 899 893 890 901 896 935 936 973 950 1012 1038 1030 1065 1051 1070 1081 1075 1076 1081 1088 1093 1081 975 935 950 935 915 924
-9999 -9999 -9999 -9999 -9999 -9999 -9999 -9999 -9999 -9999 -9999 -9999 -9999 -9999 -9999 -9999 -9999 -9999 -9999 -9999 -9999 -9999 -9999 -9999 -9999 -9999 -9999 -9999 -9999 -9999 895 876 887 879 872 899 900 895 895 862 871 857 888 872 872 911 908 925 907 916 930 917 938 916 902 913 892 880 900 878 906 911 900 898 932 915 969 989 1024 1023 1020 998 1018 1052 1063 1069 1081 1079 1087 1075 1096 1081 1041 1060 944 943 921
-9999 -9999 -9999 -9999 -9999 -9999 -9999 -9999 -9999 -9999 -9999 -9999 -9999 -9999 -9999 -9999 -9999 -9999 -9999 -9999 -9999 -9999 -9999 -9999 -9999 -9999 -9999 -9999 -9999 -9999 -9999 -9999 -9999 898 881 888 878 901 882 872 876 868 878 871 880 882 893 884 910 928 930 924 926 927 940 936 906 912 897 877 892 889 881 878 902 902 934 978 959 972 949 946 967 1014 1032 1048 1065 1089 1085 1091 1085 1056 1068 1053 962 932 928
-9999 -9999 -9999 -9999 -9999 -9999 -9999 -9999 -9999 -9999 -9999 -9999 -9999 -9999 -9999 -9999 -9999 -9999 -9999 -9999 -9999 -9999 -9999 -9999 -9999 -9999 -9999 -9999 -9999 -9999 -9999 -9999 -9999 -9999 -9999 887 904 910 898 880 901 897 896 897 881 889 896 914 924 917 921 933 923 915 918 936 912 902 908 901 915 900 887 890 896 884 894 932 959 901 924 928 985 985 1030 1033 1082 1078 1084 1086 1086 1077 1104 1076 1012 930 928
-9999 -9999 -9999 -9999 -9999 -9999 -9999 -9999 -9999 -9999 -9999 -9999 -9999 -9999 -9999 -9999 -9999 -9999 -9999 -9999 -9999 -9999 -9999 -9999 -9999 -9999 -9999 -9999 -9999 -9999 -9999 -9999 -9999 -9999 -9999 -9999 891 883 898 906 892 870 881 870 883 897 938 918 934 912 944 925 914 915 942 921 913 921 917 923 923 926 888 884 895 896 897 915 929 919 936 950 940 939 1014 1015 1063 1062 1071 1071 1067 1071 1078 1058 1027 976 954
-9999 -9999 -9999 -9999 -9999 -9999 -9999 -9999 -9999 -9999 -9999 -9999 -9999 -9999 -9999 -9999 -9999 -9999 -9999 -9999 -9999 -9999 -9999 -9999 -9999 -9999 -9999 -9999 -9999 -9999 -9999 -9999 -9999 -9999 -9999 -9999 -9999 880 885 897 898 890 904 906 909 920 928 943 949 914 930 918 919 906 928 914 931 914 928 921 940 905 892 909 891 878 902 902 899 927 902 917 951 940 978 1019 1049 1054 1059 1051 1045 1075 1080 1075 1083 1081 1022
-9999 -9999 -9999 -9999 -9999 -9999 -9999 -9999 -9999 -9999 -9999 -9999 -9999 -9999 -9999 -9999 -9999 -9999 -9999 -9999 -9999 -9999 -9999 -9999 -9999 -9999 -9999 -9999 -9999 -9999 -9999 -9999 -9999 -9999 -9999 -9999 -9999 -9999 903 886 896 906 918 883 904 888 884 894 907 922 886 950 888 897 894 905 918 929 916 922 945 958 939 931 919 906 912 899 908 900 906 916 916 956 996 1017 1058 1060 1047 1074 1075 1070 1087 1079 1084 1080 1045
-9999 -9999 -9999 -9999 -9999 -9999 -9999 -9999 -9999 -9999 -9999 -9999 -9999 -9999 -9999 -9999 -9999 -9999 -9999 -9999 -9999 -9999 -9999 -9999 -9999 -9999 -9999 -9999 -9999 -9999 -9999 -9999 -9999 -9999 -9999 -9999 -9999 -9999 909 906 910 906 909 908 922 899 897 883 912 886 894 884 907 916 904 897 903 911 936 931 942 938 934 918 937 935 937 906 902 914 903 927 927 925 953 989 1036 1048 1058 1073 1064 1070 1077 1059 1054 1074 1053
-9999 -9999 -9999 -9999 -9999 -9999 -9999 -9999 -9999 -9999 -9999 -9999 -9999 -9999 -9999 -9999 -9999 -9999 -9999 -9999 -9999 -9999 -9999 -9999 -9999 -9999 -9999 -9999 -9999 -9999 -9999 -9999 -9999 -9999 -9999 -9999 -9999 -9999 -9999 914 905 912 915 914 918 905 910 920 908 893 917 882 910 877 892 904 887 890 906 907 933 939 913 914 971 960 935 921 944 913 907 915 921 959 925 970 1004 1032 1041 1042 1053 1063 1068 1068 1064 1059 1059
-9999 -9999 -9999 -9999 -9999 -9999 -9999 -9999 -9999 -9999 -9999 -9999 -9999 -9999 -9999 -9999 -9999 -9999 -9999 -9999 -9999 -9999 -9999 -9999 -9999 -9999 -9999 -9999 -9999 -9999 -9999 -9999 -9999 -9999 -9999 -9999 -9999 -9999 -9999 904 921 921 921 921 884 880 889 889 873 875 911 899 903 890 891 891 892 914 913 905 906 914 897 933 903 960 955 965 954 923 922 927 931 934 930 944 1019 1015 1028 1041 1070 1063 1075 1065 1046 1052 1065
-9999 -9999 -9999 -9999 -9999 -9999 -9999 -9999 -9999 -9999 -9999 -9999 -9999 -9999 -9999 -9999 -9999 -9999 -9999 -9999 -9999 -9999 -9999 -9999 -9999 -9999 -9999 -9999 -9999 -9999 -9999 -9999 -9999 -9999 -9999 -9999 -9999 -9999 -9999 910 905 921 908 901 880 897 883 889 897 876 883 878 933 924 929 900 901 897 902 898 926 909 897 919 906 935 919 948 970 978 913 932 923 900 919 963 963 1003 1024 1056 1061 1042 1043 1050 1062 1051 1057
-9999 -9999 -9999 -9999 -9999 -9999 -9999 -9999 -9999 -9999 -9999 -9999 -9999 -9999 -9999 -9999 -9999 -9999 -9999 -9999 -9999 -9999 -9999 -9999 -9999 -9999 -9999 -9999 -9999 -9999 -9999 -9999 -9999 -9999 -9999 -9999 -9999 -9999 -9999 -9999 -9999 909 915 935 905 897 906 898 904 892 921 909 905 905 937 942 931 965 907 904 896 921 937 939 924 932 937 942 947 977 957 950 938 932 915 930 952 963 995 1049 1042 1035 1048 1056 1039 1064 1052
-9999 -9999 -9999 -9999 -9999 -9999 -9999 -9999 -9999 -9999 -9999 -9999 -9999 -9999 -9999 -9999 -9999 -9999 -9999 -9999 -9999 -9999 -9999 -9999 -9999 -9999 -9999 -9999 -9999 -9999 -9999 -9999 -9999 -9999 -9999 -9999 -9999 -9999 -9999 -9999 -9999 -9999 -9999 -9999 925 909 911 886 907 932 913 929 923 915 950 947 959 972 941 941 926 917 916 949 941 961 933 938 950 960 964 961 933 927 925 944 940 956 995 994 1032 1034 1057 1067 1080 1084 1073
-9999 -9999 -9999 -9999 -9999 -9999 -9999 -9999 -9999 -9999 -9999 -9999 -9999 -9999 -9999 -9999 -9999 -9999 -9999 -9999 -9999 -9999 -9999 -9999 -9999 -9999 -9999 -9999 -9999 -9999 -9999 -9999 -9999 -9999 -9999 -9999 -9999 -9999 -9999 -9999 -9999 -9999 -9999 -9999 -9999 -9999 913 915 907 900 934 936 935 952 936 948 938 930 945 972 940 943 926 940 963 963 956 972 947 965 966 962 948 913 933 914 943 940 945 971 1012 1042 1049 1053 1071 1065 1078
-9999 -9999 -9999 -9999 -9999 -9999 -9999 -9999 -9999 -9999 -9999 -9999 -9999 -9999 -9999 -9999 -9999 -9999 -9999 -9999 -9999 -9999 -9999 -9999 -9999 -9999 -9999 -9999 -9999 -9999 -9999 -9999 -9999 -9999 -9999 -9999 -9999 -9999 -9999 -9999 -9999 -9999 -9999 -9999 -9999 -9999 -9999 -9999 931 923 921 943 931 939 949 965 962 957 918 954 961 973 950 959 955 963 960 969 958 958 956 955 979 952 948 932 907 909 929 936 964 960 1030 1040 1060 1037 1072
853 -9999 -9999 -9999 -9999 -9999 -9999 -9999 -9999 -9999 -9999 -9999 -9999 -9999 -9999 -9999 -9999 -9999 -9999 -9999 -9999 -9999 -9999 -9999 -9999 -9999 -9999 -9999 -9999 -9999 -9999 -9999 -9999 -9999 -9999 -9999 -9999 -9999 -9999 -9999 -9999 -9999 -9999 -9999 -9999 -9999 -9999 -9999 -9999 918 914 937 910 942 931 959 973 965 943 925 970 940 966 963 957 944 951 950 947 942 970 960 983 970 970 970 959 948 942 961 966 963 1006 1022 1064 1052 1080
844 863 861 863 -9999 -9999 -9999 -9999 -9999 -9999 -9999 -9999 -9999 -9999 -9999 -9999 -9999 -9999 -9999 -9999 -9999 -9999 -9999 -9999 -9999 -9999 -9999 -9999 -9999 -9999 -9999 -9999 -9999 -9999 -9999 -9999 -9999 -9999 -9999 -9999 -9999 -9999 -9999 -9999 -9999 -9999 -9999 -9999 -9999 -9999 926 922 917 936 932 947 958 951 941 951 911 945 975 953 945 939 958 972 972 957 973 929 977 986 973 969 965 947 953 938 937 951 996 974 998 1020 1057
844 850 876 854 858 865 -9999 -9999 -9999 -9999 -9999 -9999 -9999 -9999 -9999 -9999 -9999 -9999 -9999 -9999 -9999 -9999 -9999 -9999 -9999 -9999 -9999 -9999 -9999 -9999 -9999 -9999 -9999 -9999 -9999 -9999 -9999 -9999 -9999 -9999 -9999 -9999 -9999 -9999 -9999 -9999 -9999 -9999 -9999 -9999 -9999 923 929 910 921 936 935 955 953 956 921 931 936 950 939 963 967 960 956 953 934 913 966 953 968 968 968 962 958 946 948 940 975 955 1019 1003 1038
847 860 846 851 863 868 872 -9999 -9999 -9999 -9999 -9999 -9999 -9999 -9999 -9999 -9999 -9999 -9999 -9999 -9999 -9999 -9999 -9999 -9999 -9999 -9999 -9999 -9999 -9999 -9999 -9999 -9999 -9999 -9999 -9999 -9999 -9999 -9999 -9999 -9999 -9999 -9999 -9999 -9999 -9999 -9999 -9999 -9999 -9999 -9999 -9999 930 918 928 912 925 930 954 958 965 915 915 932 957 941 945 903 942 926 957 962 916 936 941 973 991 970 968 950 951 926 938 951 992 1002 996
864 854 866 858 867 866 866 867 -9999 -9999 -9999 -9999 -9999 -9999 -9999 -9999 -9999 -9999 -9999 -9999 -9999 -9999 -9999 -9999 -9999 -9999 -9999 -9999 -9999 -9999 -9999 -9999 -9999 -9999 -9999 -9999 -9999 -9999 -9999 -9999 -9999 -9999 -9999 -9999 -9999 -9999 -9999 -9999 -9999 -9999 -9999 -9999 946 936 934 926 928 939 923 946 921 916 918 929 935 920 955 931 932 927 920 960 968 937 945 953 947 973 988 957 992 948 969 934 933 1011 988
865 858 867 874 850 873 867 873 870 873 -9999 -9999 -9999 -9999 -9999 -9999 -9999 -9999 -9999 -9999 -9999 -9999 -9999 -9999 -9999 -9999 -9999 -9999 -9999 -9999 -9999 -9999 -9999 -9999 -9999 -9999 -9999 -9999 -9999 -9999 -9999 -9999 -9999 -9999 -9999 -9999 -9999 -9999 -9999 -9999 -9999 -9999 935 931 948 939 950 927 915 941 925 925 930 952 939 941 941 933 932 940 926 939 931 927 935 954 968 970 974 989 969 966 959 942 926 946 959
854 863 869 867 874 885 856 885 865 869 866 877 876 -9999 -9999 -9999 -9999 -9999 -9999 -9999 -9999 -9999 -9999 -9999 -9999 -9999 -9999 -9999 -9999 -9999 -9999 -9999 -9999 -9999 -9999 -9999 -9999 -9999 -9999 -9999 -9999 -9999 -9999 -9999 -9999 -9999 -9999 -9999 -9999 -9999 -9999 -9999 -9999 907 937 941 947 959 935 911 931 904 947 956 925 934 926 945 954 932 915 931 946 932 941 964 951 923 958 957 981 956 951 943 944 967 951
882 873 858 888 868 871 885 869 882 873 885 875 878 904 873 888 -9999 -9999 -9999 -9999 -9999 -9999 -9999 -9999 -9999 -9999 -9999 -9999 -9999 -9999 -9999 -9999 -9999 -9999 -9999 -9999 -9999 -9999 -9999 -9999 -9999 -9999 -9999 -9999 -9999 -9999 -9999 -9999 -9999 -9999 -9999 -9999 -9999 -9999 -9999 933 956 939 935 928 921 928 945 967 925 932 931 928 949 940 939 962 916 957 967 978 942 923 939 966 944 956 953 933 968 951 965
865 874 873 878 877 875 872 881 868 874 896 881 887 893 899 891 896 906 897 900 -9999 -9999 -9999 -9999 -9999 -9999 -9999 -9999 -9999 -9999 -9999 -9999 -9999 -9999 -9999 -9999 -9999 -9999 -9999 -9999 -9999 -9999 -9999 -9999 -9999 -9999 -9999 -9999 -9999 -9999 -9999 -9999 -9999 -9999 -9999 945 934 940 949 948 946 938 930 958 940 934 926 933 972 942 964 954 943 954 959 955 946 947 951 948 955 958 963 941 957 933 962
887 878 887 882 880 877 883 874 877 865 876 874 894 897 873 896 895 910 907 897 901 917 917 -9999 -9999 -9999 -9999 -9999 -9999 -9999 -9999 -9999 -9999 -9999 -9999 -9999 -9999 -9999 -9999 -9999 -9999 -9999 -9999 -9999 -9999 -9999 -9999 -9999 -9999 -9999 -9999 -9999 -9999 -9999 -9999 -9999 -9999 958 934 937 947 949 955 945 937 958 955 945 965 945 952 948 950 966 965 952 970 986 932 925 960 955 952 952 964 970 962
884 870 883 883 886 884 876 880 872 887 866 876 896 879 890 885 894 903 896 906 904 905 901 885 -9999 -9999 -9999 -9999 -9999 -9999 -9999 -9999 -9999 -9999 -9999 -9999 -9999 -9999 -9999 -9999 -9999 -9999 -9999 -9999 -9999 -9999 -9999 -9999 -9999 -9999 -9999 -9999 -9999 -9999 -9999 -9999 -9999 937 954 945 919 954 959 944 960 965 978 955 961 959 974 966 943 955 942 947 952 951 963 939 959 954 960 954 957 977 967
875 868 879 887 891 887 879 876 871 863 870 880 886 883 882 876 883 875 882 880 881 891 894 891 907 897 -9999 -9999 -9999 -9999 -9999 -9999 -9999 -9999 -9999 -9999 -9999 -9999 -9999 -9999 -9999 -9999 -9999 -9999 -9999 -9999 -9999 -9999 -9999 -9999 -9999 -9999 -9999 -9999 -9999 -9999 -9999 938 928 917 925 933 923 941 952 944 948 964 952 957 937 945 957 946 951 947 946 954 968 947 990 987 949 980 993 966 965
874 884 890 877 888 872 873 875 888 880 854 859 880 872 883 873 865 890 877 888 882 899 887 903 887 899 902 -9999 -9999 -9999 -9999 -9999 -9999 -9999 -9999 -9999 -9999 -9999 -9999 -9999 -9999 -9999 -9999 -9999 -9999 -9999 -9999 -9999 -9999 -9999 -9999 -9999 -9999 -9999 -9999 -9999 -9999 -9999 941 924 929 942 920 948 944 939 927 964 957 960 967 953 967 958 965 971 953 955 949 993 1005 967 964 950 962 966 952
