Example/Hispaniola_PCA_20/his_pca_20_1.asc
ncols         743
nrows         319
xllcorner     -74.500956448335
yllcorner     17.448920549066
cellsize      0.0083333333333333
NODATA_value  -9999
[rows 74 to 110 of 319, columns 336 to 419 of 743]
734 727 747 764 794 842 894 941 975 1164 999 963 976 974 1022 914 908 927 879 869 838 806 804 796 792 763 772 818 799 827 803 754 741 728 672 697 692 697 699 693 698 668 694 716 709 713 716 726 748 721 716 696 715 707 719 748 753 754 779 842 782 722 655 733 746 732 718 578 562 539 510 489 463 468 485 505 496 510 522 525 512 488 478 478
739 765 767 793 819 861 889 942 974 1009 1013 1114 1073 1119 1073 978 978 933 926 888 840 838 838 829 804 800 826 895 844 807 805 753 718 714 695 720 706 722 721 730 714 674 710 713 723 721 740 739 746 743 735 722 719 729 734 734 749 782 821 828 762 745 739 887 841 914 851 818 820 690 666 573 573 478 504 532 538 538 542 554 538 515 497 486
758 767 783 783 824 857 884 938 971 1013 1049 1130 1349 1199 1099 1066 1071 988 949 913 866 900 891 851 849 836 838 858 839 800 782 796 764 751 728 752 749 746 751 756 743 705 697 694 702 714 705 735 758 755 756 745 702 724 761 765 752 776 811 821 755 727 720 773 891 869 904 938 813 917 883 853 775 579 467 590 677 670 608 576 562 545 521 503
779 788 815 823 830 835 868 910 956 1014 1218 1135 1403 1396 1154 1165 1118 1124 955 905 918 948 941 889 879 853 846 853 843 807 822 808 804 760 783 764 774 765 784 775 755 733 725 717 708 692 724 712 730 746 765 749 727 729 742 790 784 795 807 832 772 709 794 793 880 932 948 887 755 876 844 678 522 523 493 813 901 875 854 835 706 658 528 537
836 828 821 861 844 858 872 914 948 1068 1121 1223 1408 1400 1312 1137 1163 1105 981 979 971 976 933 942 938 879 874 867 849 836 844 794 762 773 814 789 806 833 839 803 776 777 766 747 744 727 733 730 735 747 766 747 734 753 776 799 799 831 836 817 799 734 772 835 839 917 922 820 833 772 764 606 501 538 545 640 735 836 926 861 758 763 555 850
872 846 832 890 869 853 896 917 945 980 1021 1084 1213 1232 1246 1156 1109 1075 1076 1084 1071 996 969 965 931 896 887 901 902 876 851 829 767 800 980 963 914 900 838 832 813 831 822 775 772 765 715 760 749 766 779 768 749 775 777 807 834 853 874 858 790 765 786 882 871 898 867 768 787 744 681 655 593 517 604 667 696 733 780 842 682 653 572 672
917 854 863 913 901 880 912 925 953 970 981 994 1027 1088 1147 1122 1086 1191 1152 1174 1215 1069 999 957 932 919 912 899 883 878 848 825 810 840 874 935 926 905 873 854 835 860 879 806 801 779 798 758 793 786 815 804 780 767 791 831 853 862 895 890 797 785 823 874 901 846 786 755 702 692 661 648 601 528 661 645 666 776 776 698 670 621 609 627
916 926 954 957 924 942 896 924 935 956 961 991 1042 1103 1121 1115 1104 1140 1294 1234 1115 1091 1151 1063 969 955 956 913 872 888 873 873 857 843 899 866 886 963 903 897 880 910 868 840 807 771 837 815 839 843 854 794 782 822 820 814 821 859 906 869 868 762 826 890 912 807 800 795 834 820 754 735 629 536 591 676 666 707 738 705 701 678 623 647
948 929 964 995 950 968 959 953 976 975 983 1008 1097 1122 1127 1113 1109 1194 1324 1163 1273 1216 1166 1078 1071 984 961 929 884 951 889 883 875 895 855 905 899 954 934 982 936 933 936 891 893 899 917 899 876 891 889 804 807 844 902 908 922 902 916 921 897 866 849 898 941 853 913 866 854 803 820 755 672 646 566 608 747 738 791 824 784 695 639 701
1048 982 1028 1014 990 962 999 997 1001 1038 1053 1003 1037 1106 1125 1124 1116 1131 1139 1131 1118 1131 1102 1021 980 944 943 906 909 941 908 927 928 929 883 865 914 907 1005 1076 1097 1030 923 882 915 1063 973 917 910 926 857 838 833 866 857 959 950 956 991 942 912 930 945 929 952 937 924 897 891 831 688 690 693 698 618 678 763 886 845 805 765 824 783 764
1030 1031 1105 1057 1020 971 1019 1041 1046 1079 1078 1008 1032 1117 1137 1129 1131 1130 1138 1087 1056 1039 1024 1013 1011 1026 984 949 969 948 919 926 938 960 906 882 936 927 937 1085 1097 1052 1037 984 1045 1027 1029 989 990 926 885 886 839 860 896 960 991 1006 991 966 966 955 969 953 956 976 967 900 844 720 841 780 802 820 717 878 848 891 833 839 824 866 931 904
1083 1089 1286 1143 1061 1038 1017 1096 1128 1189 1109 1052 1123 1127 1141 1146 1136 1151 1222 1102 1061 1036 1035 1090 1077 1065 1019 945 1006 980 942 934 957 957 910 892 957 947 998 948 1021 1095 1076 1006 1062 1061 1059 1046 985 961 908 921 964 900 896 974 1054 1042 1053 1013 950 964 1007 938 981 921 849 802 758 700 846 811 888 907 864 917 950 934 936 887 933 973 984 1025
1153 1277 1423 1377 1275 1119 1022 1122 1290 1202 1084 1136 1162 1142 1153 1160 1154 1150 1134 1108 1057 1062 1071 1060 1105 1094 1039 943 992 1012 970 983 969 961 914 963 1090 1095 1076 1069 1029 1091 1039 997 1098 1071 1047 998 937 920 957 992 1009 1032 990 1053 1098 1085 1097 965 1052 884 818 843 948 864 735 734 717 710 851 809 807 896 958 1014 1019 1062 1030 1032 1026 1057 1086 1068
1194 1483 1444 1448 1354 1163 1053 1084 1143 1289 1218 1281 1217 1184 1179 1169 1163 1152 1118 1079 1062 1066 1096 1064 1072 999 1034 941 1027 1043 1090 1047 1078 1022 947 982 1045 1124 1138 1111 1122 1117 1076 1072 1131 1079 1043 1035 1028 997 1010 995 1012 1028 1013 1114 1137 1092 922 919 920 878 999 885 930 791 832 893 857 715 811 868 892 867 989 1064 1114 1093 1061 1076 1103 1091 1076 1048
1388 1358 1310 1283 1171 1197 1109 1119 1169 1320 1341 1253 1272 1192 1173 1205 1190 1159 1199 1176 1190 1119 1099 1118 1065 996 972 968 1076 1108 1063 1073 1036 957 984 997 1047 1124 1160 1143 1147 1138 1097 1113 1132 1117 1138 1134 1111 1134 1100 1078 1047 1067 1089 1123 1119 937 924 954 1087 1080 1126 918 807 922 1010 1033 908 842 980 926 885 926 998 1111 1089 1097 1108 1083 999 1044 1049 1009
1502 1520 1447 1360 1385 1245 1219 1150 1387 1413 1400 1406 1371 1345 1306 1228 1343 1424 1376 1386 1335 1164 1155 1084 1053 1009 1028 1001 1105 1123 1085 1058 1046 984 1087 1083 1069 995 1143 1152 1210 1178 1079 1210 1202 1243 1234 1261 1278 1251 1248 1126 1143 1146 1150 1193 1034 914 991 1205 1178 1123 962 984 898 941 1105 1097 1009 759 975 1059 932 1007 979 1091 1103 1091 1012 958 947 971 914 873
1479 1454 1473 1485 1461 1485 1472 1397 1353 1464 1406 1397 1408 1387 1360 1400 1479 1609 1584 1505 1376 1317 1239 1187 1104 1115 1009 1028 1100 1115 1124 1075 1026 1147 1096 1173 1148 974 1141 1147 1136 1101 1090 1160 1340 1311 1267 1279 1244 1204 1195 1197 1181 1189 1142 1088 1130 1106 1117 1159 1223 1198 1091 1064 1111 995 1039 1154 1121 936 928 1095 1110 1079 1114 1094 1067 1025 961 955 923 900 895 981
1466 1477 1446 1445 1451 1454 1450 1475 1414 1435 1445 1445 1413 1471 1520 1621 1586 1709 1868 1644 1560 1475 1429 1373 1212 1089 1045 1050 1125 1127 1125 1078 1108 1130 1106 1197 1107 1023 1128 1150 1154 1110 1094 1120 1173 1154 1220 1233 1220 1216 1236 1193 1167 1157 1208 1067 1117 962 1222 1231 1384 1231 1192 1143 1089 1107 1077 1116 1125 972 941 1172 1165 1143 1112 1125 1112 1118 1047 940 998 940 946 900
1476 1456 1449 1445 1445 1440 1424 1420 1449 1433 1414 1440 1468 1507 1513 1714 1770 1578 1622 1604 1586 1808 1443 1340 1219 1100 1105 1054 1106 1155 1149 1102 1118 1134 1153 1177 1170 1064 1132 1148 1155 1150 1196 1097 1114 1160 1269 1248 1234 1224 1207 1311 1200 1125 1072 1039 1033 1072 1174 1288 1390 1354 1195 1154 1173 1293 1181 1126 1098 1012 933 1131 1244 1167 1128 1154 1162 1081 1151 977 1113 1051 977 1053
1428 1437 1433 1424 1480 1444 1416 1419 1505 1432 1470 1421 1473 1461 1437 1474 1517 1451 1483 1412 1582 1686 1491 1327 1204 1212 1113 1184 1140 1148 1126 1100 1128 1143 1156 1154 1126 1095 1139 1189 1201 1220 1170 1178 1180 1181 1291 1293 1257 1240 1212 1217 1168 1083 1028 1137 1122 1178 1277 1264 1394 1226 1307 1207 1179 1251 1278 1283 1127 893 1108 1009 1199 1252 1154 1279 1319 1168 1046 1024 1103 1167 1140 1042
1452 1380 1431 1415 1562 1451 1447 1414 1404 1423 1438 1509 1509 1568 1437 1386 1384 1496 1519 1391 1418 1589 1499 1378 1313 1317 1151 1254 1191 1155 1128 1119 1141 1197 1179 1202 1162 1131 1128 1217 1266 1325 1195 1184 1306 1233 1460 1386 1332 1274 1309 1217 1164 1155 1053 1176 1209 1071 1194 1233 1324 1260 1267 1336 1257 1228 1273 1258 1039 1070 1161 1268 1205 1250 1265 1344 1314 1084 1132 1145 1169 1168 1186 1068
1451 1408 1382 1390 1395 1380 1378 1414 1398 1425 1375 1421 1420 1522 1432 1344 1385 1463 1408 1413 1626 1697 1725 1603 1543 1452 1239 1290 1237 1155 1151 1139 1221 1201 1192 1239 1175 1144 1183 1167 1328 1358 1288 1309 1413 1363 1388 1288 1304 1207 1230 1169 1167 1098 1157 1133 1193 1148 1200 1272 1350 1295 1253 1280 1234 1205 1169 1145 1100 1161 1305 1346 1391 1429 1255 1188 1243 1131 1110 1185 1201 1288 1092 1180
1401 1407 1344 1382 1396 1385 1424 1414 1445 1442 1392 1365 1355 1487 1553 1466 1335 1379 1343 1420 1562 1485 1497 1531 1784 1467 1337 1324 1289 1241 1162 1155 1216 1190 1215 1228 1162 1172 1190 1262 1381 1457 1339 1289 1259 1236 1247 1239 1243 1222 1170 1187 1172 1211 1138 1231 1296 1237 1325 1329 1436 1300 1323 1226 1187 1189 1236 1140 997 1260 1469 1327 1269 1324 1259 1208 1189 1295 1094 1264 1445 1432 1223 1312
1427 1378 1411 1390 1398 1420 1415 1536 1504 1578 1424 1382 1374 1315 1392 1397 1361 1315 1347 1388 1514 1556 1416 1439 1648 1589 1493 1470 1376 1371 1233 1257 1225 1205 1216 1268 1186 1241 1361 1357 1372 1351 1268 1290 1269 1260 1217 1217 1194 1185 1186 1118 1236 1264 1189 1290 1391 1418 1311 1445 1366 1308 1269 1256 1279 1249 1129 1042 1239 1168 1321 1492 1322 1223 1282 1223 1124 1222 1071 1229 1305 1502 1273 1342
1350 1342 1363 1428 1458 1418 1424 1417 1558 1498 1413 1351 1391 1315 1384 1329 1305 1350 1378 1369 1438 1519 1433 1374 1556 1531 1447 1434 1459 1520 1406 1317 1271 1300 1273 1374 1366 1429 1418 1386 1352 1241 1241 1213 1244 1284 1206 1202 1173 1167 1178 1182 1293 1367 1169 1254 1326 1438 1531 1434 1432 1427 1368 1409 1482 1278 1232 1221 1288 1391 1382 1535 1292 1239 1199 1334 1318 1110 1235 1385 1328 1440 1320 1457
1406 1326 1336 1343 1397 1369 1446 1334 1333 1350 1453 1372 1260 1398 1279 1256 1273 1291 1331 1335 1418 1392 1324 1388 1448 1432 1452 1459 1486 1511 1617 1422 1523 1504 1494 1504 1404 1456 1442 1400 1387 1289 1334 1263 1308 1262 1246 1190 1303 1258 1279 1281 1423 1249 1216 1340 1485 1694 1641 1638 1593 1614 1598 1572 1445 1259 1391 1337 1374 1496 1505 1313 1391 1346 1276 1204 1276 1345 1461 1472 1536 1598 1362 1431
1375 1368 1298 1291 1322 1309 1326 1341 1297 1332 1362 1413 1267 1370 1430 1380 1278 1281 1306 1301 1352 1314 1360 1373 1319 1357 1515 1492 1511 1691 1710 1603 1661 1500 1452 1475 1469 1356 1406 1402 1302 1330 1506 1457 1386 1251 1258 1309 1294 1349 1341 1470 1427 1389 1282 1362 1463 1803 1908 1906 1908 1868 1608 1463 1351 1212 1419 1525 1640 1548 1403 1462 1704 1542 1407 1297 1283 1271 1286 1523 1675 1693 1628 1600
1334 1331 1331 1328 1273 1303 1349 1286 1281 1294 1295 1314 1214 1333 1298 1467 1438 1311 1284 1376 1304 1378 1525 1472 1389 1424 1479 1523 1607 1591 1845 1912 1719 1597 1394 1368 1369 1331 1324 1332 1280 1358 1435 1356 1302 1280 1238 1315 1346 1385 1534 1350 1350 1314 1340 1343 1456 1649 1957 2266 2027 1811 1636 1574 1560 1288 1407 1785 1611 1460 1618 1702 1679 1826 1751 1517 1388 1304 1314 1318 1392 1589 1554 1467
1290 1285 1293 1253 1258 1264 1279 1280 1258 1252 1219 1233 1247 1375 1344 1387 1346 1371 1369 1403 1341 1411 1575 1453 1374 1404 1401 1423 1483 1564 1722 1993 1855 1578 1565 1514 1433 1337 1404 1365 1303 1428 1427 1481 1382 1312 1302 1280 1420 1555 1540 1396 1507 1340 1497 1506 1435 1567 1824 2128 2059 2042 1938 1785 1509 1264 1573 1684 1737 1611 1610 1668 1866 1664 1629 1560 1370 1562 1316 1342 1368 1624 1844 1558
1259 1264 1252 1226 1263 1245 1254 1245 1218 1204 1223 1259 1233 1373 1472 1560 1490 1524 1483 1371 1389 1316 1457 1406 1473 1480 1465 1594 1495 1528 1730 1908 1941 1831 1750 1721 1468 1382 1445 1462 1351 1324 1493 1376 1338 1261 1381 1322 1446 1555 1566 1408 1541 1433 1349 1355 1582 1749 1992 2136 1951 1776 1606 1521 1436 1353 1390 1677 1965 1946 1697 1928 1784 1617 1527 1397 1516 1416 1378 1475 1490 1492 1582 1674
1247 1259 1254 1241 1203 1234 1198 1234 1252 1220 1246 1241 1284 1386 1477 1823 1725 1747 1666 1439 1384 1420 1439 1448 1540 1507 1539 1721 1716 1743 1657 1674 1811 1899 1937 1665 1477 1462 1546 1607 1457 1427 1578 1459 1301 1365 1316 1465 1451 1603 1527 1497 1641 1532 1506 1413 1582 1684 1703 2018 2033 1882 1871 1665 1488 1555 1355 1544 1852 2136 1966 2060 1967 1753 1489 1550 1703 1439 1482 1537 1558 1592 1533 1591
1277 1289 1282 1264 1295 1247 1232 1240 1197 1230 1259 1236 1219 1262 1368 1652 1567 1629 1776 1622 1456 1379 1432 1582 1653 1637 1612 1718 1799 1676 1635 1683 1581 1729 1842 1764 1615 1690 1754 1598 1403 1561 1679 1377 1322 1310 1480 1504 1679 1705 1629 1558 1729 1580 1729 1532 1478 1568 1693 2103 2358 2182 2010 1881 1515 1762 1433 1641 1950 2153 2221 1984 1781 1571 1438 1565 1697 1707 1501 1568 1661 1605 1774 1628
1294 1278 1280 1287 1259 1276 1255 1226 1207 1174 1196 1192 1221 1233 1304 1325 1270 1372 1521 1720 1558 1433 1467 1590 1929 1969 1799 1843 1833 1708 1653 1535 1578 1607 1707 1868 1864 1940 1781 1570 1434 1711 1537 1362 1481 1486 1363 1516 1674 1806 1723 1673 1732 1775 1756 1751 1533 1743 1951 2140 2258 2161 2064 1825 1684 1953 1608 1555 1852 2133 2128 1812 1622 1618 1594 1780 2027 1713 1612 1733 1863 1817 1725 1615
1327 1335 1274 1319 1284 1315 1274 1214 1236 1149 1192 1170 1184 1192 1184 1203 1255 1294 1359 1542 1804 1528 1488 1543 1782 1950 2445 2361 2108 1923 1683 1506 1713 1711 1734 1609 1664 1716 1878 1793 1628 1685 1476 1522 1694 1609 1478 1388 1618 1694 1833 1778 1778 1892 1967 1785 1582 1747 1917 2284 2158 2089 1925 1800 1797 1768 1549 1610 1838 2256 1938 1768 1845 1719 1633 1969 2012 1972 1884 1762 2006 1843 1604 1619
1466 1333 1302 1308 1308 1300 1261 1225 1193 1205 1120 1237 1274 1209 1235 1306 1422 1352 1396 1383 1693 1901 1831 1882 2339 2150 2155 2089 1866 1577 1351 1908 2104 1852 1658 1544 1612 1667 1681 1791 1891 1783 1735 1821 1970 1875 1649 1447 1446 1604 1793 1929 2101 1981 2145 1844 1707 1732 2021 2176 2427 2292 2007 1771 2000 1924 1753 1592 2136 2384 1945 2047 1945 1665 1876 1900 2210 2343 2052 2089 2086 2098 1774 1552
1692 1498 1471 1429 1499 1374 1337 1271 1183 1188 1223 1232 1272 1239 1307 1335 1440 1713 1573 1443 1594 1743 1886 1919 1971 1845 1697 1781 1682 1392 1359 1669 1771 1652 1720 1531 1508 1573 1591 1726 1968 1986 1939 2035 1879 1681 1673 1620 1510 1523 1581 1752 1937 2222 2189 1932 1836 1883 1960 2301 2551 2160 1965 1968 2229 2171 1794 1642 2059 2453 2250 2531 2157 1737 1822 1964 2378 2464 2173 2387 2180 1893 1846 1589
1476 1751 1760 1746 1772 1640 1491 1404 1280 1113 1313 1320 1270 1328 1331 1319 1393 1422 1447 1412 1371 1463 1639 1760 1647 1616 1555 1418 1451 1362 1307 1416 1488 1380 1624 1648 1440 1490 1610 1859 1978 1932 1997 2057 2071 1971 1825 1728 1664 1711 1757 1733 1843 2025 2131 1939 2117 2058 2214 2459 2271 2173 2086 2061 2318 2101 1887 1765 1947 2483 2585 2419 2126 2163 1887 2219 2513 2409 2523 2555 2343 2005 1798 1764
