Example/Hispaniola_PCA_20/his_pca_20_1.asc
ncols         743
nrows         319
xllcorner     -74.500956448335
yllcorner     17.448920549066
cellsize      0.0083333333333333
NODATA_value  -9999
[rows 222 to 258 of 319, columns 336 to 419 of 743]
2481 2550 2610 2695 2743 2713 2678 2570 2566 2517 2470 2375 2328 2214 2139 2054 2148 2200 2140 1932 1893 2012 1915 1816 1622 1524 1520 1537 1515 1476 1235 1187 870 625 581 411 385 383 396 404 416 459 497 472 433 465 616 660 528 419 434 426 427 428 451 454 466 476 495 505 518 514 523 530 541 549 552 557 552 543 539 -9999 -9999 -9999 -9999 -9999 -9999 -9999 -9999 -9999 -9999 -9999 -9999 -9999
2393 2442 2454 2531 2668 2768 2831 2734 2679 2689 2593 2492 2403 2351 2318 2207 2143 2097 2118 2125 2155 2099 2054 2035 1921 1742 1612 1689 1629 1620 1581 1494 1500 1423 1236 569 454 409 420 427 442 452 458 456 460 473 519 614 532 479 471 466 458 476 503 501 494 511 523 539 558 547 546 541 548 554 575 581 578 558 545 531 -9999 -9999 -9999 -9999 -9999 -9999 -9999 -9999 -9999 -9999 -9999 -9999
2347 2388 2413 2458 2534 2668 2727 2761 2715 2705 2686 2608 2495 2413 2415 2367 2272 2303 2188 2143 2187 2264 2208 2083 2078 1919 1871 1757 1784 1780 1716 1678 1695 1656 1562 1035 602 451 454 460 473 492 500 498 492 479 527 602 610 576 531 525 501 545 548 551 538 545 614 572 590 609 613 585 551 578 594 609 615 602 581 561 -9999 -9999 -9999 -9999 -9999 -9999 -9999 -9999 -9999 -9999 -9999 -9999
2310 2372 2409 2438 2469 2519 2621 2710 2792 2788 2710 2658 2577 2517 2481 2509 2448 2337 2251 2220 2234 2258 2307 2283 2160 2043 1986 1968 1836 1747 1737 1754 1733 1685 1627 1510 1114 532 493 503 519 526 537 538 529 543 583 721 805 674 616 593 568 584 593 586 619 660 652 654 641 655 647 662 662 673 623 621 631 625 603 595 562 -9999 -9999 -9999 -9999 -9999 -9999 -9999 -9999 -9999 -9999 -9999
2242 2299 2330 2393 2447 2464 2501 2606 2686 2756 2753 2660 2563 2504 2561 2555 2558 2502 2431 2336 2327 2340 2352 2330 2328 2227 2163 1974 1929 1839 1769 1685 1675 1624 1561 1242 767 754 545 542 562 586 589 579 594 637 706 884 901 863 793 709 653 636 634 649 675 686 742 685 695 729 704 721 759 758 694 708 649 640 620 593 569 540 -9999 -9999 -9999 -9999 -9999 -9999 -9999 -9999 -9999 -9999
2143 2230 2235 2301 2380 2405 2462 2534 2617 2658 2694 2687 2600 2516 2540 2557 2612 2529 2490 2404 2376 2394 2410 2404 2348 2328 2228 2144 1992 1836 1812 1757 1696 1638 1581 1528 1353 821 665 583 611 641 634 659 693 732 823 993 1124 1217 965 857 784 717 698 781 869 858 856 847 857 876 856 911 882 801 714 689 697 660 639 605 561 -9999 -9999 -9999 -9999 -9999 -9999 -9999 -9999 -9999 -9999 -9999
1943 2117 2205 2271 2311 2357 2391 2441 2490 2542 2619 2641 2595 2533 2475 2523 2604 2589 2475 2484 2415 2401 2419 2439 2439 2412 2391 2329 2152 1986 1836 1722 1752 1798 1786 1663 1278 874 898 671 651 684 710 789 814 845 943 1193 1294 1392 1338 1036 894 796 764 757 797 895 972 1058 1044 1018 967 878 797 749 712 747 758 755 655 596 560 546 -9999 -9999 -9999 -9999 -9999 -9999 -9999 -9999 -9999 -9999
1771 1923 2080 2199 2264 2323 2361 2398 2407 2474 2526 2552 2565 2570 2496 2468 2542 2600 2520 2478 2463 2421 2393 2434 2420 2473 2449 2378 2289 2155 1967 1797 1762 1781 1628 1666 1563 1170 1091 791 783 837 772 872 960 1095 1144 1394 1462 1629 1595 1327 1130 925 850 864 902 912 1069 1141 1087 958 878 857 826 795 796 759 762 782 755 636 585 559 -9999 -9999 -9999 -9999 -9999 -9999 -9999 -9999 -9999 -9999
1699 1740 1886 2054 2183 2226 2297 2340 2382 2411 2459 2487 2526 2526 2516 2547 2477 2575 2605 2541 2342 2394 2408 2399 2419 2469 2477 2436 2369 2275 2164 1987 1899 1886 1906 1795 1532 1390 1174 914 1034 1020 835 995 1078 1378 1567 1538 1720 1803 1789 1643 1412 1062 1002 1129 1049 1041 1068 1124 1048 973 942 924 875 847 821 816 842 861 824 768 701 610 571 -9999 -9999 -9999 -9999 -9999 -9999 -9999 -9999 -9999
1683 1694 1753 1872 1977 2107 2205 2274 2341 2351 2377 2402 2381 2399 2442 2429 2449 2491 2527 2446 2402 2311 2333 2385 2401 2492 2502 2490 2429 2333 2240 2158 2041 2023 1860 1946 1803 1906 1633 1177 1282 1061 1068 999 1308 1386 1657 1828 1969 2006 2005 1738 1524 1160 1210 1331 1339 1259 1236 1199 1139 1043 1038 1020 1016 1002 962 979 963 950 946 898 786 720 641 550 -9999 -9999 -9999 -9999 -9999 -9999 -9999 -9999
1665 1664 1687 1729 1843 1941 2068 2143 2235 2270 2295 2325 2351 2372 2376 2350 2305 2394 2401 2470 2388 2345 2220 2258 2327 2376 2482 2493 2464 2397 2304 2241 2133 2149 1881 1689 1741 1676 1818 1449 1216 1207 1039 1114 1384 1589 1652 1819 1973 2125 2237 1844 1526 1282 1388 1573 1546 1509 1450 1327 1246 1201 1106 1105 1235 1173 1189 1112 1147 1181 1114 1079 918 777 653 574 -9999 -9999 -9999 -9999 -9999 -9999 -9999 -9999
1577 1647 1683 1675 1745 1816 1867 1977 2064 2220 2269 2273 2296 2308 2304 2298 2274 2250 2272 2350 2355 2329 2218 2073 2132 2173 2256 2388 2432 2437 2382 2258 2209 2182 1965 1763 1599 1757 1713 1627 1686 1475 1095 1381 1526 1634 1701 1873 1991 2193 2233 1987 1592 1378 1500 1596 1715 1589 1609 1455 1397 1302 1272 1265 1264 1233 1191 1447 1415 1378 1295 1130 940 854 770 661 611 -9999 -9999 -9999 -9999 -9999 -9999 -9999
1472 1532 1568 1624 1678 1688 1745 1857 1953 2102 2163 2201 2247 2311 2311 2287 2272 2232 2208 2236 2233 2187 2165 2113 1928 1918 1957 2080 2229 2337 2406 2339 2173 2206 1998 1786 1540 1576 1629 1638 1617 1731 1180 1322 1689 1707 1647 1802 1963 2148 2226 2049 1628 1488 1487 1564 1705 1799 1644 1637 1623 1625 1381 1568 1517 1405 1335 1482 1468 1384 1231 1151 953 937 800 722 608 -9999 -9999 -9999 -9999 -9999 -9999 -9999
1391 1401 1460 1516 1590 1623 1699 1766 1898 2029 2136 2185 2217 2236 2251 2234 2220 2209 2163 2184 2119 2006 1946 2022 1881 1756 1771 1804 1885 2075 2235 2301 2259 2249 1917 1698 1544 1459 1441 1411 1354 1520 1309 1310 1587 1716 1789 1754 1945 2042 2142 2079 1625 1723 1677 1674 1798 1855 1948 1818 1785 1730 1588 1634 1729 1699 1625 1519 1509 1323 1225 1078 992 901 748 676 536 -9999 -9999 -9999 -9999 -9999 -9999 -9999
1262 1293 1354 1413 1472 1507 1623 1692 1709 1820 1924 2022 2081 2112 2150 2175 2172 2169 2146 2121 1989 1960 1816 1763 1829 1742 1640 1643 1703 1742 1963 2120 2223 2201 1986 1759 1726 1553 1448 1389 1560 1598 1519 1296 1545 1698 1774 1790 1943 1986 1902 1907 1705 1762 1874 1730 1881 1917 2031 1891 1877 1709 1723 1853 1934 1912 1757 1690 1492 1291 1129 954 820 902 740 671 557 -9999 -9999 -9999 -9999 -9999 -9999 -9999
1151 1202 1250 1306 1360 1430 1501 1560 1612 1701 1775 1848 1921 1965 2052 2083 2074 2076 2125 2128 2015 1829 1808 1667 1481 1709 1580 1605 1595 1583 1682 1730 1948 2066 2068 1947 1871 1728 1544 1546 1607 1848 1664 1463 1509 1622 1794 1838 1855 1903 1847 1737 1837 1807 2020 2014 1976 2050 2016 2023 1939 1896 1933 2002 2118 1986 1826 1717 1578 1252 1164 1149 1060 886 747 678 -9999 -9999 -9999 -9999 -9999 -9999 -9999 -9999
1063 1112 1147 1188 1243 1312 1412 1482 1535 1614 1741 1782 1863 1923 2005 2023 2045 2080 2077 2079 2050 1859 1733 1424 1153 1116 1471 1527 1635 1651 1582 1503 1571 1635 1758 1687 1719 1802 1756 1702 1866 1870 1772 1736 1794 1731 1791 1947 1796 1727 1721 1639 1777 1900 1956 2110 2053 2011 2035 2217 2196 2129 2055 1933 1906 1801 1571 1442 1337 1308 1241 1049 846 755 641 572 -9999 -9999 -9999 -9999 -9999 -9999 -9999 -9999
992 1009 1052 1078 1128 1185 1239 1250 1412 1515 1576 1726 1781 1815 1867 1903 1938 1983 2019 2011 1997 1879 1705 1538 1043 1006 1168 1384 1424 1629 1673 1695 1652 1648 1637 1521 1526 1633 1760 1840 1893 1883 1854 1916 1939 2016 2017 2087 1845 1707 1590 1628 1768 1792 1855 2024 2060 2026 1840 1921 1831 1787 1740 1703 1564 1660 1622 1426 1309 1067 1090 913 797 741 673 545 -9999 -9999 -9999 -9999 -9999 -9999 -9999 -9999
914 973 995 1017 1031 1085 1085 1151 1219 1377 1456 1578 1679 1706 1749 1792 1840 1878 1928 1980 2025 1965 1799 1689 1431 960 948 923 1110 1219 1269 1485 1550 1582 1608 1691 1609 1696 1749 1721 1726 1795 1792 1936 2025 2089 2049 2065 1864 1665 1662 1670 1759 1716 1793 1832 1926 1941 1907 1739 1758 1921 1844 1691 1461 1297 1208 1340 1217 1056 839 860 804 685 594 -9999 -9999 -9999 -9999 -9999 -9999 -9999 -9999 -9999
817 881 952 977 972 940 959 1009 1104 1163 1310 1433 1514 1610 1674 1715 1767 1823 1883 1958 1990 2023 1944 1687 1708 1173 927 919 921 947 946 1033 1219 1380 1516 1537 1578 1537 1612 1634 1613 1642 1701 1849 1974 2027 1980 1979 1913 1747 1564 1560 1727 1666 1646 1667 1705 1704 1691 1432 1702 1901 1734 1701 1587 1490 1285 866 1064 975 770 693 787 659 -9999 -9999 -9999 -9999 -9999 -9999 -9999 -9999 -9999 -9999
719 802 863 941 939 918 893 938 993 1052 1154 1261 1336 1437 1584 1656 1698 1769 1834 1885 1949 2006 2021 1866 1798 1742 1207 971 922 962 946 1205 1551 1668 1628 1569 1509 1506 1600 1588 1660 1644 1650 1706 1851 1908 1957 1906 1710 1680 1536 1515 1523 1641 1552 1651 1636 1528 1565 1481 1767 1888 1728 1537 1436 1238 1038 872 771 929 997 798 634 607 -9999 -9999 -9999 -9999 -9999 -9999 -9999 -9999 -9999 -9999
597 698 773 821 873 928 930 898 889 969 1010 1101 1189 1340 1420 1566 1627 1711 1774 1844 1910 1965 2006 2007 1859 1831 1765 1517 1009 1059 1051 1240 1489 1609 1496 1512 1603 1507 1545 1603 1607 1664 1683 1661 1748 1744 1792 1712 1607 1550 1637 1533 1575 1386 1548 1459 1611 1584 1501 1333 1524 1683 1776 1615 1387 1211 1198 1051 786 750 801 646 599 -9999 -9999 -9999 -9999 -9999 -9999 -9999 -9999 -9999 -9999 -9999
515 520 580 649 626 732 902 936 865 850 905 1004 1074 1175 1273 1429 1624 1668 1715 1783 1858 1910 1956 2006 1939 1884 1820 1767 1540 1275 1147 1166 1317 1432 1569 1637 1719 1573 1495 1539 1632 1620 1693 1700 1667 1714 1732 1604 1588 1675 1753 1652 1584 1526 1217 1394 1385 1277 1186 1076 1369 1607 1749 1660 1508 1415 1294 1089 1092 933 724 613 585 -9999 -9999 -9999 -9999 -9999 -9999 -9999 -9999 -9999 -9999 -9999
432 443 469 541 573 599 636 837 859 834 851 875 982 1032 1194 1357 1540 1574 1642 1694 1779 1828 1920 1926 1902 1927 1889 1888 1805 1560 1299 1249 1240 1303 1392 1580 1719 1664 1492 1494 1556 1621 1615 1660 1632 1646 1702 1667 1693 1648 1746 1849 1689 1551 1707 1238 1045 915 951 986 1162 1464 1639 1710 1650 1597 1513 1257 1166 905 631 -9999 -9999 -9999 -9999 -9999 -9999 -9999 -9999 -9999 -9999 -9999 -9999 -9999
324 383 422 452 508 559 577 602 816 823 811 817 914 955 1031 1194 1355 1463 1532 1623 1719 1775 1817 1840 1873 1866 1853 1838 1857 1707 1498 1264 1173 1200 1290 1468 1642 1699 1630 1646 1582 1594 1582 1529 1648 1687 1710 1758 1786 1803 1762 1920 1915 1908 1801 1598 1190 967 877 891 1119 1337 1455 1633 1709 1608 1504 1375 1243 889 -9999 -9999 -9999 -9999 -9999 -9999 -9999 -9999 -9999 -9999 -9999 -9999 -9999 -9999
279 304 363 381 417 488 536 552 618 675 794 783 846 917 973 1154 1224 1351 1481 1584 1653 1677 1734 1725 1765 1780 1786 1808 1848 1779 1658 1455 1185 1164 1196 1360 1514 1617 1656 1670 1598 1581 1480 1472 1514 1612 1639 1674 1825 1938 1944 1900 2023 1954 1801 1617 1405 1048 900 795 1038 1171 1491 1480 1632 1545 1384 1125 1180 672 -9999 -9999 -9999 -9999 -9999 -9999 -9999 -9999 -9999 -9999 -9999 -9999 -9999 -9999
214 274 310 331 355 399 422 486 533 599 623 734 821 866 914 1068 1142 1241 1459 1528 1575 1600 1626 1663 1685 1697 1755 1780 1805 1811 1676 1559 1300 1192 1173 1235 1384 1525 1597 1555 1569 1543 1521 1249 1429 1499 1579 1689 1713 1939 2014 2067 2047 1865 1570 1467 1449 1299 1044 826 897 1075 1146 1438 1490 1336 1171 857 719 -9999 -9999 -9999 -9999 -9999 -9999 -9999 -9999 -9999 -9999 -9999 -9999 -9999 -9999 -9999
204 237 304 308 322 342 368 421 503 545 579 667 819 885 939 978 1059 1198 1280 1384 1492 1557 1600 1624 1662 1702 1723 1750 1765 1764 1673 1628 1574 1298 1204 1212 1237 1379 1458 1380 1472 1501 1404 1208 1263 1336 1494 1545 1715 1880 1893 2052 2057 1960 1831 1803 1556 1306 1438 1051 790 833 1264 1550 1518 1203 935 609 -9999 -9999 -9999 -9999 -9999 -9999 -9999 -9999 -9999 -9999 -9999 -9999 -9999 -9999 -9999 -9999
196 217 236 266 345 332 346 389 457 508 561 642 927 866 827 926 1003 1086 1198 1296 1359 1546 1576 1584 1610 1610 1626 1653 1685 1695 1648 1691 1665 1526 1317 1244 1193 1105 1100 1109 1180 1344 1139 1111 1208 1226 1371 1559 1675 1793 1873 1900 2091 2044 1926 1727 1530 1180 1153 1217 882 735 989 1391 1494 1387 870 565 -9999 -9999 -9999 -9999 -9999 -9999 -9999 -9999 -9999 -9999 -9999 -9999 -9999 -9999 -9999 -9999
189 202 221 265 411 389 351 378 431 460 488 645 768 840 914 917 942 1004 1101 1209 1292 1324 1354 1336 1326 1410 1522 1538 1549 1553 1563 1640 1677 1652 1452 1282 1170 1107 1086 1081 1076 1172 1125 1026 1026 1129 1238 1521 1634 1720 1850 1895 1938 1999 1950 1920 1632 1728 1089 925 897 787 727 901 1114 1175 842 620 -9999 -9999 -9999 -9999 -9999 -9999 -9999 -9999 -9999 -9999 -9999 -9999 -9999 -9999 -9999 -9999
190 195 202 225 267 286 314 361 425 438 493 638 755 922 786 804 802 864 1011 1131 1217 1276 1303 1300 1292 1328 1399 1448 1421 1433 1508 1575 1637 1613 1505 1246 1159 1186 1111 1100 1091 1142 1143 987 976 1050 1154 1333 1559 1654 1742 1824 1801 1871 1796 1921 1791 1755 1496 1148 851 761 741 669 807 883 -9999 -9999 -9999 -9999 -9999 -9999 -9999 -9999 -9999 -9999 -9999 -9999 -9999 -9999 -9999 -9999 -9999 -9999
-9999 195 201 207 213 232 248 330 362 396 496 571 624 678 682 736 815 838 938 1069 1089 1120 1187 1308 1284 1293 1344 1390 1410 1389 1481 1542 1435 1498 1397 1274 1163 1219 1260 1157 1154 1188 1033 948 935 967 1032 1208 1422 1582 1656 1665 1723 1797 1712 1799 1706 1625 1600 1265 981 846 749 652 604 -9999 -9999 -9999 -9999 -9999 -9999 -9999 -9999 -9999 -9999 -9999 -9999 -9999 -9999 -9999 -9999 -9999 -9999 -9999
-9999 -9999 206 208 219 225 252 267 327 358 479 546 552 530 603 698 718 771 839 908 1000 1091 1128 1231 1338 1316 1314 1378 1389 1413 1480 1504 1355 1317 1333 1217 1184 1216 1263 1219 1183 1204 1176 945 895 913 999 1110 1372 1490 1599 1573 1611 1740 1686 1723 1547 1520 1519 1512 1187 877 756 646 -9999 -9999 -9999 -9999 -9999 -9999 -9999 -9999 -9999 -9999 -9999 -9999 -9999 -9999 -9999 -9999 -9999 -9999 -9999 -9999
-9999 -9999 -9999 210 213 220 243 259 291 348 356 470 485 504 521 609 679 713 761 880 965 1045 1078 1159 1205 1287 1326 1343 1405 1350 1444 1349 1302 1252 1233 1188 1183 1084 1184 1152 1103 1052 1147 1070 902 861 891 989 1225 1372 1473 1500 1635 1661 1614 1607 1556 1357 1274 1395 1316 1125 743 602 -9999 -9999 -9999 -9999 -9999 -9999 -9999 -9999 -9999 -9999 -9999 -9999 -9999 -9999 -9999 -9999 -9999 -9999 -9999 -9999
-9999 -9999 -9999 -9999 217 221 228 254 267 310 326 388 450 486 502 549 589 667 722 819 944 1014 1058 1079 1208 1243 1285 1263 1203 1189 1273 1322 1317 1215 1215 1155 1095 1086 1044 1031 987 1072 1130 1036 1021 857 824 893 1040 1216 1334 1428 1589 1616 1639 1432 1535 1202 1148 1116 997 823 667 -9999 -9999 -9999 -9999 -9999 -9999 -9999 -9999 -9999 -9999 -9999 -9999 -9999 -9999 -9999 -9999 -9999 -9999 -9999 -9999 -9999
-9999 -9999 -9999 -9999 218 223 230 232 275 278 303 334 421 451 480 526 557 598 640 762 856 950 1039 1089 1147 1201 1198 1112 1070 1153 1182 1266 1285 1301 1192 1195 1176 1103 1099 1041 946 949 1051 1056 985 879 796 845 971 1058 1160 1233 1425 1534 1558 1534 1102 1293 947 967 888 792 596 -9999 -9999 -9999 -9999 -9999 -9999 -9999 -9999 -9999 -9999 -9999 -9999 -9999 -9999 -9999 -9999 -9999 -9999 -9999 -9999 -9999
-9999 -9999 -9999 -9999 -9999 227 232 237 245 264 271 353 407 472 482 504 537 578 623 657 747 846 892 1036 1121 1151 1061 1017 1053 1115 1123 1093 1149 1197 1143 1187 1161 1129 1092 1062 1010 905 943 863 829 860 839 777 942 950 1014 1090 1287 1372 1323 1399 1373 958 925 760 696 615 -9999 -9999 -9999 -9999 -9999 -9999 -9999 -9999 -9999 -9999 -9999 -9999 -9999 -9999 -9999 -9999 -9999 -9999 -9999 -9999 -9999 -9999
