Example/Hispaniola_PCA_20/his_pca_20_3.asc
ncols         743
nrows         319
xllcorner     -74.500956448335
yllcorner     17.448920549066
cellsize      0.0083333333333333
NODATA_value  -9999
[rows 152 to 189 of 319, columns 595 to 679 of 743]
995 999 987 997 996 1000 1002 1007 1001 996 990 994 985 976 993 1027 1025 1020 1017 1038 1033 990 996 990 972 990 982 970 966 1013 1073 1072 1092 1038 997 1025 1052 1003 980 999 1006 996 997 1056 1054 1055 1064 1028 1018 1007 1016 1021 1005 1078 1062 1009 1036 1011 1028 1017 1014 1101 1092 1043 1075 1050 1072 1080 1051 1057 1073 1087 1035 1050 1093 1087 1034 1086 1081 1055 1071 1056 1033 1055 1072
973 1001 1008 987 973 969 990 982 990 1001 984 1009 986 985 1026 1025 1016 1022 1026 1028 1062 1007 984 973 1022 1049 1046 969 979 1043 1053 1065 1044 1035 992 1019 1017 1023 990 1012 998 986 1006 1044 1028 1032 1070 1050 1005 1014 1002 1018 1025 1029 1020 1006 1061 1059 1032 1080 1044 1048 1072 1051 1082 1046 1066 1114 1086 1046 1076 1023 1061 1070 1096 1095 1036 1060 1085 1038 1048 1047 1077 1085 1055
992 987 986 990 971 962 1002 1001 980 972 986 989 988 1022 984 996 995 1013 1024 1020 1007 964 982 971 990 1034 1084 1012 1003 1027 1042 989 1017 1024 980 974 1022 1002 1001 986 993 1010 1009 1009 1034 1004 1019 1027 1018 1026 995 998 1011 989 1036 1058 1038 1037 1026 1063 1035 1098 1075 1032 1048 1072 1048 1065 1068 1020 1050 1078 1092 1047 1090 1100 1063 1093 1074 1030 1044 1067 1060 1086 1036
978 981 989 981 968 940 1001 1001 1003 968 976 982 978 1011 991 987 975 1003 1012 992 1003 977 964 970 972 1021 995 1018 1012 1007 1001 995 996 1003 974 997 973 993 987 978 1003 992 1010 978 993 1018 1009 995 1014 1021 1039 1043 1027 1013 1000 1019 1014 1040 1027 1029 1048 1042 1041 1049 1060 1029 1024 1031 1049 1049 1023 1053 1069 1089 1051 1062 1046 1023 1082 1081 1044 1027 1083 1078 1061
958 977 965 948 951 955 1014 930 974 927 952 1004 984 976 959 987 1000 988 989 994 1019 996 958 973 969 964 997 1003 980 978 1002 971 981 1008 981 1001 987 968 984 976 1000 984 992 1003 1017 975 984 1014 1002 1019 1000 1020 999 1045 1045 1031 1022 1018 1030 1050 1044 1010 1044 1019 1115 1066 1050 1045 1051 1024 1073 1049 1061 1065 1071 1047 1083 1016 1092 1079 1074 1028 1039 1079 1066
930 924 945 931 938 911 943 933 954 937 930 1002 993 955 952 961 975 1001 1016 1033 994 1012 990 995 971 952 936 988 973 971 960 974 990 982 995 999 993 967 984 986 980 982 973 975 976 1002 978 996 1004 999 993 1031 1001 1039 1035 1007 996 1019 1006 1000 1034 1016 1058 1035 1047 1055 1040 1045 1051 1024 1064 1053 1067 1049 1054 1074 1017 1047 1071 1066 1017 1078 1067 1073 1057
921 945 943 949 940 917 931 924 981 914 930 959 964 952 947 936 964 992 1048 1018 965 949 948 932 941 940 969 934 952 987 969 986 971 963 969 977 967 969 986 981 1016 961 972 987 984 1003 975 978 983 991 1011 991 1009 972 1001 1017 1035 1019 1035 1005 1015 1039 1036 1013 1021 1023 1035 1077 1048 1048 1064 1041 1054 1067 1049 1072 1067 1055 1075 1034 1079 1034 1093 1066 1069
923 917 927 918 919 901 934 905 911 924 923 948 956 961 968 951 962 979 989 1000 982 955 978 951 955 941 940 963 985 961 969 961 962 953 968 974 977 952 980 982 970 973 986 976 997 998 1010 995 978 996 973 975 986 1032 1015 1000 1027 1011 997 1006 1019 1022 1032 1032 1042 1058 1065 1094 1082 1065 1056 1052 1043 1031 1040 1058 1074 1040 1054 1031 1006 1083 1099 1080 1081
926 952 931 920 933 937 934 945 929 928 920 925 932 919 961 949 943 935 955 977 931 929 970 954 956 941 928 927 967 967 984 970 976 952 937 956 974 1002 975 958 986 979 969 986 972 974 973 960 986 985 996 998 1017 1006 1005 1016 1000 1021 1029 1037 1028 1017 1027 1036 1047 1012 1047 1073 1065 1107 1110 1056 1032 1050 1026 1055 1062 1062 1024 1028 1070 1078 1099 1104 1069
901 920 915 930 903 916 912 899 915 911 922 919 920 938 933 940 926 921 940 945 940 949 944 950 1013 941 938 953 963 961 956 940 937 962 962 960 980 1025 936 960 959 963 972 1004 979 973 980 981 996 987 970 1000 995 997 984 1013 989 987 1033 1006 1012 1002 1022 1025 1024 1031 1032 1017 1080 1067 1052 1071 1054 1042 1014 1062 1048 1015 1049 1068 1075 1081 1087 1100 1059
902 916 911 899 927 917 919 896 902 922 914 912 908 919 925 958 916 941 939 953 928 941 948 926 945 957 925 975 949 963 950 952 950 929 980 997 984 970 980 966 960 970 969 963 957 972 985 955 974 988 986 994 1004 1011 992 986 984 1003 1002 1032 1022 1029 1018 1028 1011 1032 1050 1056 1093 1059 1067 1036 1055 1065 1062 1047 1046 1034 1061 1068 1096 1097 1091 1065 1062
913 913 904 903 922 890 927 908 907 902 923 906 910 924 933 937 924 943 938 927 939 935 930 965 950 923 942 965 957 961 959 945 947 953 931 986 977 967 958 967 951 970 959 976 978 991 983 991 961 985 1002 984 993 993 992 998 1005 1028 992 1023 995 1041 1028 1010 1040 1055 1022 1066 1072 1105 1024 1049 1019 1047 1047 1023 1058 1047 1059 1086 1084 1087 1073 1071 1084
880 875 910 893 886 899 903 893 888 878 908 912 898 926 926 923 945 940 931 949 925 917 931 914 959 941 978 935 922 962 944 938 953 972 953 962 967 975 977 979 955 966 951 965 960 954 948 972 968 968 977 984 999 993 1000 1001 1016 1032 1006 1010 1023 1022 1001 1028 1051 1040 1036 1066 1034 1059 1055 1036 1007 1023 1007 1026 1050 1052 1055 1040 1063 1068 1070 1047 1074
913 874 894 907 885 897 911 904 903 921 927 897 905 931 922 934 932 927 939 942 927 915 920 926 947 964 932 964 957 954 959 938 961 948 953 975 952 953 957 957 968 955 969 949 991 963 942 970 961 957 958 962 989 999 1006 993 1007 1007 1005 1035 1000 997 1018 1011 1042 1057 1043 1025 1011 1059 1070 1057 1043 1027 1033 1049 1013 1086 1055 1054 1057 1073 1061 1056 1056
889 870 888 876 852 868 917 879 889 913 883 917 913 910 930 928 937 939 943 935 943 924 938 916 939 967 939 943 943 941 964 942 952 960 944 948 947 959 948 955 965 968 960 963 974 964 949 945 959 1011 1003 964 990 953 998 976 1004 972 1003 1022 1018 996 1000 1009 1014 1030 1039 1090 1048 1019 1054 1052 1028 1019 1029 1004 1040 1061 1066 1056 1060 1060 1047 1035 1066
911 865 854 911 896 898 902 885 887 910 904 902 912 897 924 912 904 910 922 946 929 942 938 924 928 945 956 945 965 955 950 944 968 960 953 972 965 955 966 979 956 958 960 953 988 950 969 947 939 941 942 980 984 968 994 1023 990 971 1010 1012 1000 996 993 989 1037 1020 1036 1032 1070 1063 1054 1067 1028 1036 1043 1051 1073 1098 1076 1051 1070 1044 1066 1047 1052
883 868 864 895 875 899 916 878 913 910 888 891 910 895 907 902 897 911 906 923 938 939 935 944 930 926 968 948 939 945 947 940 961 950 944 948 947 976 965 968 941 973 974 964 962 948 972 963 975 947 988 965 980 1008 993 991 986 982 984 1027 1010 992 1021 1017 1037 1033 1031 1028 1068 1031 999 1022 1020 1022 1038 1032 1067 1097 1076 1048 1031 1057 1046 1040 1045
876 893 880 900 888 894 909 889 891 915 884 885 892 913 912 937 932 920 915 925 925 928 932 944 922 928 936 957 965 955 944 932 954 972 942 946 962 938 940 966 964 956 948 968 993 952 987 954 945 949 969 976 986 981 979 1007 990 973 1010 1053 1024 988 1004 1016 1051 1048 1050 1068 1067 1034 1036 1000 1029 1000 1037 1020 1024 1097 1087 1059 1029 1053 1039 1045 1040
885 896 885 875 883 881 908 901 883 906 883 907 900 917 908 911 922 929 901 927 946 937 928 956 944 926 941 933 933 928 968 944 952 952 955 944 944 939 945 941 961 984 968 957 977 964 939 946 964 988 959 954 995 986 965 978 980 975 978 982 1000 996 1006 1032 1060 1040 1028 1021 1012 998 1038 1006 1040 1046 1045 1035 1044 1038 1097 1068 1095 1061 1058 1057 1056
876 880 884 876 887 877 867 922 925 895 919 889 885 889 919 917 912 939 931 925 933 954 918 935 945 941 964 948 963 952 957 943 960 944 952 950 949 962 952 950 981 956 966 951 932 958 949 976 961 973 995 960 954 978 980 981 962 968 998 988 1013 983 1046 1015 1047 1004 1040 1050 1015 1018 1012 1020 1022 1036 1052 1053 1070 1020 1045 1054 1056 1016 1051 1079 1083
880 875 879 877 893 885 882 891 892 904 887 893 892 872 882 905 946 910 949 933 924 894 906 934 946 927 950 943 959 943 939 962 954 966 966 949 945 944 963 952 976 972 954 921 985 951 952 979 957 984 975 950 987 989 997 986 983 981 978 978 1000 995 998 1054 1046 1006 1028 1007 1024 1018 1025 1010 1043 1030 1017 1045 1023 1012 1054 1037 1034 1056 1040 1061 1059
876 884 877 887 891 872 886 895 897 881 898 884 893 875 900 888 908 924 902 913 925 908 934 942 938 937 944 948 935 945 949 934 937 957 924 930 936 958 956 961 976 968 946 951 958 951 962 929 937 947 963 942 961 961 988 989 984 1000 981 998 1022 1026 1031 994 1026 985 1042 1035 1046 1010 1029 1017 1005 1015 998 1014 1053 1046 1043 1026 1035 1056 1024 1032 1070
862 881 882 879 884 872 892 893 869 894 898 902 881 897 884 889 890 895 920 949 950 954 926 931 912 941 927 938 948 933 936 948 927 947 943 961 959 984 941 948 934 957 979 931 948 943 942 942 965 948 944 954 963 963 972 955 981 978 1000 969 977 990 1016 1009 991 1006 1005 992 996 1019 1030 1015 992 995 994 1020 1042 1039 1058 1003 1038 1015 1022 1033 1038
873 861 868 875 882 857 882 880 868 863 870 874 887 894 893 908 880 922 945 936 960 944 925 925 929 949 917 930 954 936 956 951 946 939 928 945 940 959 953 943 937 977 972 971 948 967 962 949 963 944 971 951 984 971 958 959 975 974 981 989 985 996 1040 989 1007 1024 1027 1029 1016 1007 1031 1012 1013 1009 1017 1018 1012 1000 1030 1025 999 1051 1036 1039 1059
874 854 857 864 865 856 890 853 867 872 889 887 897 889 881 915 908 906 942 940 939 941 924 917 943 948 944 942 944 955 951 953 957 944 941 941 939 937 953 958 957 952 928 958 952 965 967 955 977 977 951 963 989 973 981 972 1020 978 983 983 1014 975 998 1029 998 1042 1017 968 1000 1020 1003 1009 1000 1011 986 1000 1038 1001 994 1006 994 1006 1046 1008 1037
877 883 859 869 862 865 867 870 876 898 890 891 899 880 886 904 911 906 896 936 949 946 917 917 945 928 961 934 952 948 929 953 945 942 949 937 940 950 940 959 945 932 929 939 957 964 939 948 966 971 985 967 961 1004 963 980 964 960 1001 1006 999 1005 996 988 994 1024 1007 999 1007 1007 1013 997 1023 1015 989 997 1014 1023 1009 997 1034 1012 1012 1014 1052
870 906 860 848 870 903 867 878 884 867 886 897 919 891 911 919 897 892 907 906 905 904 922 930 951 937 950 934 946 968 951 932 937 932 953 942 941 936 944 947 946 933 945 922 921 937 956 968 969 963 958 958 991 967 956 986 974 981 1001 1004 1014 1007 981 989 978 993 999 995 999 995 1020 989 1006 1018 992 980 1006 1008 987 1042 1038 1051 1001 1038 1050
880 886 852 849 890 855 867 867 870 869 869 900 913 904 907 909 876 888 932 912 903 905 934 939 921 928 941 954 938 938 930 939 934 942 937 947 965 950 934 934 937 951 954 949 930 948 958 954 954 965 961 983 984 975 962 959 961 982 992 988 998 985 976 977 986 994 1001 989 995 1007 1005 1000 1011 1019 988 1002 981 1011 1010 1007 1021 1009 1029 1033 1034
871 881 882 863 859 882 883 869 860 867 864 867 871 892 884 914 875 882 877 886 935 929 927 943 928 929 920 922 943 957 947 943 920 919 900 931 950 950 956 960 960 971 943 944 941 966 965 955 944 970 982 960 955 956 968 998 978 963 985 986 983 957 982 971 991 1008 1015 986 1010 1008 989 1000 992 1009 996 996 987 1003 1005 1027 1037 1038 1017 1042 1026
864 868 869 852 865 869 849 866 858 859 868 875 870 875 892 875 894 881 920 895 896 888 897 938 912 913 922 924 928 940 947 954 946 936 918 933 940 930 925 936 933 926 950 949 959 953 965 931 946 941 963 941 942 953 957 978 942 986 970 969 977 977 976 1006 1000 1015 1012 1009 997 1033 1010 1001 989 1011 1012 983 1002 994 995 1006 1033 1028 1015 1004 1016
861 873 864 874 874 857 849 852 862 868 879 870 877 862 871 895 894 889 878 879 878 913 935 927 924 932 924 904 919 932 929 930 947 950 948 956 929 954 945 938 930 936 930 937 917 952 956 963 929 925 962 934 944 923 938 947 954 958 969 958 971 980 980 1007 985 1007 981 981 1006 985 1004 1008 1042 1019 1019 1009 1012 1020 996 998 1000 1015 998 1009 1020
868 864 871 872 875 865 875 861 863 857 870 856 885 895 896 879 881 884 884 887 900 911 926 925 916 947 932 930 942 914 928 927 942 940 939 953 949 960 961 962 928 951 946 949 962 929 946 925 954 946 953 945 945 954 968 955 978 965 957 982 979 1000 998 980 987 975 975 991 1007 992 989 1001 1003 1031 987 999 1004 1027 998 991 984 986 999 1017 1016
872 863 886 887 886 888 871 891 873 880 870 877 869 897 915 891 883 889 887 896 882 923 925 887 943 954 947 949 915 949 946 914 921 921 947 926 921 955 948 948 936 963 953 896 941 928 948 936 930 920 949 939 941 963 987 970 977 978 968 986 995 960 975 987 952 985 975 987 991 991 986 989 988 996 1017 999 994 1018 1027 1010 1000 1006 987 992 1006
866 881 891 889 894 895 891 892 894 884 893 874 913 906 914 890 895 916 901 885 891 884 879 914 899 913 893 932 949 946 931 911 926 917 943 942 931 908 917 950 940 933 917 905 953 948 935 934 932 953 954 953 973 975 960 962 968 974 976 985 965 966 973 959 964 971 979 996 1002 988 998 992 1018 992 991 998 1022 1040 1014 1005 1027 987 1009 982 1015
884 872 873 871 865 900 901 902 904 901 898 890 905 873 889 900 898 896 898 894 873 898 898 888 889 895 883 888 902 929 928 917 929 944 941 942 933 902 914 925 904 908 909 947 947 958 956 946 953 940 952 970 957 987 961 962 964 975 965 955 960 961 951 974 968 975 990 990 999 976 985 1000 996 1002 990 1002 1016 1040 1016 1007 1012 999 997 1026 1016
871 876 879 874 870 871 901 898 897 885 879 887 873 893 904 905 907 896 900 896 901 902 903 898 888 910 876 911 901 899 905 906 908 930 925 924 911 905 905 904 920 906 933 928 931 913 932 930 939 952 937 947 959 976 987 938 958 954 949 945 944 945 980 967 987 995 983 976 991 984 986 973 982 994 994 983 1008 1011 1025 1020 996 1029 1009 1023 1018
875 875 872 860 874 879 890 885 885 885 878 875 886 898 902 881 894 884 905 905 922 909 912 885 889 897 895 905 903 888 880 897 916 897 918 908 911 903 941 938 927 936 924 916 925 916 920 931 940 951 952 940 946 977 936 945 955 938 955 942 970 970 977 965 985 983 996 979 968 974 968 968 980 982 986 995 1013 1012 1024 988 1008 1024 1010 1010 1004
873 858 880 881 873 876 871 875 885 883 868 878 883 877 879 892 884 885 888 886 906 899 920 902 916 912 894 892 890 889 886 887 871 882 933 916 907 922 906 923 933 925 936 933 930 926 920 929 936 937 932 937 930 930 943 953 943 937 939 934 977 970 980 979 989 1000 965 961 954 963 960 980 977 988 987 1012 989 1005 1001 997 1010 1008 1001 1014 1012
