Example/Hispaniola_PCA_20/his_pca_20_3.asc
ncols         743
nrows         319
xllcorner     -74.500956448335
yllcorner     17.448920549066
cellsize      0.0083333333333333
NODATA_value  -9999
[rows 190 to 227 of 319, columns 0 to 84 of 743]
-9999 -9999 -9999 -9999 -9999 -9999 -9999 717 706 727 756 797 805 851 813 814 773 808 807 787 767 847 837 829 782 799 821 866 853 869 864 920 927 922 878 931 994 987 980 961 937 1006 1028 978 964 931 956 998 1012 1040 1043 1008 1001 1052 1070 1024 1043 1064 1018 997 1014 1036 1034 1020 1012 1011 1010 995 1035 989 1019 1010 1045 1037 1052 1054 1068 1069 1031 1054 1056 1049 1050 1054 1056
-9999 -9999 -9999 -9999 -9999 -9999 -9999 676 709 715 757 724 743 866 898 887 791 858 825 781 785 836 863 870 856 822 885 886 915 929 958 961 967 938 907 922 993 971 979 1016 993 985 1052 1056 992 955 998 1014 1019 1075 1037 1047 1047 1049 1010 1010 1044 1098 1114 1118 1080 1062 1087 1073 1016 1024 1042 986 1011 997 1007 1010 1012 1072 1066 1060 1058 1034 1060 1032 1053 1049 1038 1039 1048
-9999 -9999 -9999 -9999 -9999 -9999 693 733 715 823 803 707 760 863 837 781 833 894 820 760 811 911 899 925 884 836 907 926 953 1025 1009 964 945 976 956 965 938 929 1028 1045 1001 984 985 948 1002 1062 1096 1101 1093 1084 1061 1114 1085 1130 1031 979 1022 1060 1100 1125 1096 1093 1086 1057 1069 1090 1030 1078 1007 1012 1031 1023 1015 1033 1029 1045 1043 1044 1045 1026 1067 1047 1036 1040 1067
-9999 -9999 -9999 -9999 -9999 730 699 726 741 761 787 708 737 805 820 791 831 882 823 813 835 870 1036 969 941 789 857 1010 1015 968 971 1014 991 1005 969 1030 1044 1014 1070 1038 1042 1072 1078 961 1028 1096 1068 1079 1096 1046 1117 1112 1099 1108 1013 1002 1091 1102 1099 1102 1104 1098 1088 1083 1110 1107 1065 1105 1074 1068 1062 1065 1073 1064 1038 1029 1056 1044 1081 1052 1050 1048 1050 1065 1069
-9999 -9999 -9999 -9999 -9999 -9999 706 715 720 755 737 783 773 831 822 811 867 771 759 790 843 888 965 864 823 796 896 975 999 1002 1003 996 975 1037 1020 1054 1088 1060 1055 1081 1084 1054 965 943 1064 1124 1072 1093 1113 1112 1100 1118 1105 1109 1067 1044 1030 1096 1097 1085 1117 1091 1142 1098 1144 1152 1153 1161 1107 1098 1085 1114 1093 1078 1082 1083 1090 1053 1034 1050 1090 1099 1072 1047 1064
-9999 -9999 -9999 -9999 -9999 -9999 681 728 744 728 727 798 856 877 811 842 853 822 782 818 801 850 842 908 865 809 849 926 1006 1085 1046 1033 1065 1086 1055 1070 1052 1035 1073 1061 1092 1070 942 984 1075 1109 1054 1093 1089 1115 1112 1144 1130 1117 1090 1028 1048 1090 1131 1139 1131 1109 1137 1156 1157 1169 1143 1129 1149 1143 1122 1147 1094 1080 1118 1094 1095 1075 1085 1056 1055 1058 1088 1087 1091
-9999 -9999 -9999 -9999 -9999 -9999 746 718 748 783 743 782 824 919 922 907 876 839 896 835 895 921 968 976 962 869 876 867 976 1032 1089 1077 1081 1064 1064 1061 1055 1043 1006 957 988 943 971 1044 1069 1084 1067 1085 1076 1101 1088 1104 1134 1096 1118 1013 1116 1139 1123 1153 1143 1105 1114 1135 1132 1162 1148 1138 1113 1138 1122 1134 1081 1083 1097 1094 1078 1082 1104 1082 1121 1077 1062 1081 1072
-9999 -9999 -9999 -9999 -9999 717 744 746 751 790 746 857 889 851 940 945 949 938 909 868 804 872 892 933 893 856 900 987 1021 1086 1074 1066 1077 1065 1062 998 967 926 961 1006 1018 986 1040 1120 1126 1094 1065 1100 1082 1082 1061 1040 1067 1100 1082 1092 1103 1079 1118 1128 1133 1126 1121 1142 1129 1120 1139 1162 1143 1130 1113 1125 1093 1082 1080 1107 1096 1088 1078 1051 1079 1086 1078 1081 1094
-9999 -9999 -9999 -9999 706 710 755 780 761 821 829 797 824 916 889 918 862 887 827 846 882 928 932 958 909 834 942 988 1035 1086 1094 1082 1076 1049 1031 1017 966 975 1013 1076 1052 1012 1052 1086 1070 1086 1071 1088 1130 1051 1041 1039 1059 1116 1063 1033 1142 1099 1130 1138 1122 1070 1107 1042 1118 1084 1087 1097 1138 1146 1134 1158 1094 1114 1081 1103 1111 1109 1096 1122 1116 1086 1075 1092 1070
-9999 -9999 -9999 -9999 722 738 751 754 801 782 874 903 862 911 848 831 882 862 821 874 945 985 923 880 892 859 928 1008 1077 1039 1063 1090 1066 1018 970 958 971 1021 1035 1009 1076 1048 1008 1098 1065 1072 1077 1059 1080 1084 1045 1102 1094 1087 1093 1090 1119 1108 1107 1094 1151 1117 1107 1132 1110 1137 1129 1141 1117 1130 1133 1135 1133 1112 1115 1118 1105 1095 1103 1095 1111 1076 1107 1081 1078
-9999 -9999 -9999 730 749 742 753 759 774 838 885 820 830 910 918 829 832 798 801 918 949 920 959 978 1017 897 879 962 1044 1027 1097 1092 1073 1027 1020 979 1066 1084 1059 1074 1045 1102 1048 1064 1087 1068 1058 1041 1066 1070 1115 1093 1119 1093 1108 1099 1106 1112 1110 1119 1109 1111 1127 1112 1130 1078 1108 1114 1103 1118 1089 1120 1130 1133 1131 1116 1107 1073 1086 1096 1103 1085 1075 1046 1082
-9999 -9999 -9999 741 760 788 761 746 805 818 797 798 832 856 864 877 835 865 929 959 994 989 1002 1035 1018 976 918 971 964 1048 1054 1079 1089 1038 1019 1005 1006 1041 1088 1064 1099 1078 1073 1078 1087 1080 1068 1052 1062 1066 1085 1093 1088 1112 1087 1070 1064 1095 1074 1092 1103 1083 1063 1124 1112 1114 1106 1092 1084 1077 1089 1124 1113 1092 1083 1087 1084 1117 1096 1110 1106 1096 1053 1069 1065
-9999 -9999 -9999 742 746 755 763 732 786 829 798 794 818 820 833 833 811 828 853 880 914 895 934 1016 1042 1005 910 949 938 1015 1066 1057 1060 1037 1027 1069 1020 1075 1074 1044 1099 1076 1078 1075 1072 1082 1033 1052 1065 1084 1067 1083 1063 1110 1111 1086 1074 1105 1081 1092 1050 1067 1044 1065 1108 1107 1083 1078 1074 1094 1089 1105 1069 1091 1100 1121 1090 1077 1096 1083 1104 1052 1082 1076 1055
-9999 -9999 -9999 -9999 -9999 735 741 735 780 822 804 795 862 925 881 826 823 824 816 829 885 878 903 951 1031 962 927 896 927 940 981 1030 1055 1091 1060 1061 1022 1068 1069 1063 1075 1083 1024 1098 1081 1053 1050 1040 1065 1081 1065 1076 1089 1079 1087 1127 1142 1141 1113 1074 1073 1073 1074 1060 1070 1057 1051 1068 1066 1084 1086 1087 1091 1098 1104 1091 1105 1061 1060 1062 1073 1046 1056 1061 1058
-9999 -9999 -9999 -9999 -9999 -9999 754 759 798 876 838 820 847 883 895 868 859 858 885 836 936 924 946 986 954 969 923 921 982 983 1003 978 984 1066 1085 1032 1024 1041 1045 1063 1079 1067 1073 1079 1099 1058 1064 1074 1072 1082 1069 1055 1106 1062 1084 1075 1067 1095 1097 1088 1074 1083 1069 1082 1040 1044 1047 1074 1069 1081 1104 1095 1062 1098 1089 1082 1060 1123 1056 1129 1067 1092 1072 1086 1098
-9999 -9999 -9999 -9999 -9999 -9999 761 753 831 843 817 803 840 831 875 964 954 915 954 924 893 975 965 1060 1010 954 908 1007 1027 1035 1077 1074 1069 1060 1021 1067 1093 1073 1059 1064 1053 1071 1058 1059 1073 1082 1088 1066 1073 1058 1064 1062 1080 1046 1057 1056 1076 1074 1059 1042 1046 1052 1031 1034 1065 1057 1046 1063 1082 1077 1091 1088 1071 1095 1133 1081 1093 1091 1109 1108 1070 1111 1082 1074 1044
-9999 -9999 -9999 -9999 -9999 -9999 758 855 862 877 857 865 830 871 848 869 948 947 1027 983 936 1014 1018 1046 1057 966 971 970 1027 1041 1048 1052 1067 1078 1058 1035 1088 1066 1043 1085 1082 1059 1090 1061 1077 1043 1066 1077 1061 1055 1061 1072 1051 1063 1082 1116 1110 1090 1058 1082 1054 1071 1058 1048 1042 1030 1051 1081 1066 1102 1086 1096 1070 1120 1150 1140 1101 1093 1095 1098 1088 1088 1094 1085 1090
-9999 -9999 -9999 -9999 -9999 -9999 778 842 915 887 852 883 950 984 901 896 912 1005 1020 1027 961 971 1022 1047 1046 1021 977 960 984 1014 1065 1070 1032 1047 1079 1054 1059 1086 1079 1071 1068 1072 1105 1069 1096 1068 1060 1048 1068 1051 1063 1087 1029 1085 1053 1059 1058 1067 1075 1072 1058 1041 1025 1019 1048 1083 1123 1070 1072 1049 1084 1073 1100 1086 1135 1089 1097 1102 1084 1072 1059 1075 1078 1079 1057
-9999 -9999 -9999 -9999 -9999 -9999 746 755 797 891 887 914 994 984 965 979 947 957 1023 1036 975 980 1022 1033 1031 1072 1014 1015 1041 1032 1072 1056 1064 1071 1063 1088 1085 1035 1043 1063 1050 1064 1074 1069 1053 1105 1061 1070 1065 1040 1056 1070 1062 1080 1042 1057 1087 1058 1046 1022 1067 1108 1116 1084 1101 1094 1111 1100 1085 1098 1097 1080 1082 1097 1089 1048 1032 1067 1030 1055 1069 1069 1042 1049 1061
-9999 -9999 -9999 -9999 -9999 -9999 765 813 853 922 967 960 993 1040 1024 1029 1049 1000 1055 1011 1039 1023 1026 1037 1041 1051 1027 1044 1041 1079 1056 1038 1014 1056 1012 1055 1029 1020 1033 1015 1031 1042 987 1034 1041 1074 1047 1074 1083 1077 1044 1050 1038 1063 1087 1091 1080 1085 1053 1065 1066 1058 1059 1046 1070 1081 1100 1095 1103 1108 1099 1104 1074 1055 1024 1065 1065 1049 1068 1063 1030 1051 1047 985 1014
-9999 -9999 -9999 -9999 -9999 -9999 760 816 883 981 952 1005 1005 1029 1014 1033 969 1039 951 967 957 964 944 996 1000 982 1017 993 1000 1000 1008 966 972 955 962 966 948 992 982 984 976 979 964 960 995 1012 1047 1033 1051 1090 1076 1049 1060 1038 1056 1062 1078 1084 1095 1051 1073 1053 1056 1060 1090 1055 1062 1060 1085 1085 1071 1121 1088 1123 1073 1031 1049 1067 1069 1084 1055 1046 1061 975 981
-9999 -9999 -9999 -9999 -9999 -9999 -9999 755 828 795 836 866 883 872 879 869 869 897 835 847 829 844 845 905 821 850 903 912 959 989 1033 994 975 951 967 985 921 947 972 981 1050 1047 969 971 1021 1031 1057 1052 1079 1056 1064 1054 1084 1074 1048 1043 1045 1053 1049 1043 1037 1045 1042 1050 1062 1051 1070 1069 1037 1052 1085 1102 1101 1065 1035 1052 1077 1057 1049 1037 1032 1058 1025 1025 1025
-9999 -9999 -9999 -9999 -9999 -9999 -9999 -9999 -9999 -9999 -9999 760 790 812 800 796 794 785 814 805 814 814 824 812 868 933 976 1008 1027 1028 951 896 862 895 923 932 890 900 969 966 993 965 899 1046 1080 1036 1045 1068 1044 1065 1063 1047 1073 1081 1049 1050 1049 1050 1052 1053 1061 1038 1056 1050 1039 1035 1081 1047 1095 1084 1074 1069 1064 1038 1042 1022 1054 1074 1028 1040 1038 1030 1053 1002 1031
-9999 -9999 -9999 -9999 -9999 -9999 -9999 -9999 -9999 -9999 -9999 -9999 796 793 786 796 801 820 807 833 841 852 859 836 871 932 1014 990 958 898 877 851 887 902 907 890 874 905 886 908 940 931 959 946 1005 1024 1011 1047 1066 991 1028 1045 1044 1086 1067 1061 1071 1045 1042 1071 1036 1033 1098 1064 1083 1116 1076 1080 1078 1101 1086 1068 1027 1060 1084 1025 1021 1033 1032 1039 1024 1062 1042 1034 1037
-9999 -9999 -9999 -9999 -9999 -9999 -9999 -9999 -9999 -9999 -9999 -9999 785 811 825 814 832 829 820 873 870 863 837 837 868 857 866 838 856 858 840 842 893 900 852 852 870 872 927 919 951 945 997 1002 1058 1032 987 999 1019 1013 1029 1035 1091 1057 1129 1076 1035 1060 1089 1062 1107 1102 1103 1053 1120 1112 1043 1063 1040 1047 1061 1043 1044 1010 1043 1031 1071 1057 1044 1011 1045 1052 1013 1027 1020
-9999 -9999 -9999 -9999 -9999 -9999 -9999 -9999 -9999 -9999 -9999 -9999 -9999 -9999 777 781 808 808 822 820 824 868 829 830 839 833 836 845 840 826 838 -9999 832 867 877 864 868 898 935 986 998 1031 1087 1048 1063 1004 973 965 957 967 994 1020 1057 1061 1071 1067 1087 1074 1077 1059 1093 1110 1105 1083 1048 1082 1107 1079 1058 1062 1053 1028 1050 1053 1070 1029 1023 1070 1019 1029 998 997 992 991 972
-9999 -9999 -9999 -9999 -9999 -9999 -9999 -9999 -9999 -9999 -9999 -9999 -9999 -9999 -9999 791 798 798 823 804 804 796 822 803 824 828 819 -9999 -9999 -9999 -9999 -9999 -9999 -9999 841 846 844 931 975 997 1021 964 1025 995 1010 973 961 950 999 994 1019 1078 1070 1033 1067 1093 1098 1087 1052 1073 1081 1111 1059 1074 1091 1063 1062 1077 1061 1061 1020 1049 1021 1048 1050 1037 1026 1016 1003 1020 1013 1005 985 985 974
-9999 -9999 -9999 -9999 -9999 -9999 -9999 -9999 -9999 -9999 -9999 -9999 -9999 -9999 -9999 -9999 -9999 776 791 789 783 807 819 825 827 -9999 -9999 -9999 -9999 -9999 -9999 -9999 -9999 -9999 -9999 -9999 -9999 -9999 882 943 918 937 969 915 939 931 954 943 953 1033 988 1000 960 1012 986 1045 1066 1103 1086 1063 1068 1119 1124 1103 1063 1068 1071 1059 1050 1054 1008 1045 1030 1011 1040 1051 1020 1057 1021 1007 1005 974 958 987 961
-9999 -9999 -9999 -9999 -9999 -9999 -9999 -9999 -9999 -9999 -9999 -9999 -9999 -9999 -9999 -9999 -9999 -9999 -9999 -9999 -9999 804 819 -9999 -9999 -9999 -9999 -9999 -9999 -9999 -9999 -9999 -9999 -9999 -9999 -9999 -9999 -9999 -9999 877 893 903 893 907 933 912 959 937 958 985 997 996 969 962 1018 1019 1017 1036 1069 1083 1091 1090 1093 1069 1090 1057 1059 1048 1015 1016 1016 984 997 1014 1014 1061 1030 979 977 967 992 949 1017 956 972
-9999 -9999 -9999 -9999 -9999 -9999 -9999 -9999 -9999 -9999 -9999 -9999 -9999 -9999 -9999 -9999 -9999 -9999 -9999 -9999 -9999 -9999 -9999 -9999 -9999 -9999 -9999 -9999 -9999 -9999 -9999 -9999 -9999 -9999 -9999 -9999 -9999 -9999 -9999 -9999 901 896 916 922 910 946 959 987 939 973 981 965 1033 1043 1008 1022 1008 1031 1071 1084 1087 1093 1100 1119 1075 1059 1037 1098 1009 986 978 991 974 1016 1043 1013 1032 959 978 989 986 976 973 957 950
-9999 -9999 -9999 -9999 -9999 -9999 -9999 -9999 -9999 -9999 -9999 -9999 -9999 -9999 -9999 -9999 -9999 -9999 -9999 -9999 -9999 -9999 -9999 -9999 -9999 -9999 -9999 -9999 -9999 -9999 -9999 -9999 -9999 -9999 -9999 -9999 -9999 -9999 -9999 -9999 -9999 895 905 905 912 921 914 982 932 954 936 950 1004 1055 1033 1046 1058 1056 1067 1082 1097 1092 1105 1087 1055 1058 987 1031 1024 1044 987 977 964 968 1015 1028 972 976 983 957 975 962 955 934 932
-9999 -9999 -9999 -9999 -9999 -9999 -9999 -9999 -9999 -9999 -9999 -9999 -9999 -9999 -9999 -9999 -9999 -9999 -9999 -9999 -9999 -9999 -9999 -9999 -9999 -9999 -9999 -9999 -9999 -9999 -9999 -9999 -9999 -9999 -9999 -9999 -9999 -9999 -9999 -9999 -9999 -9999 -9999 -9999 -9999 924 917 917 927 963 971 976 1029 1027 1003 1065 1053 1072 1075 1083 1099 1073 1008 1010 1055 1037 990 974 1019 1031 1007 978 978 977 988 969 974 954 979 994 976 935 968 944 910
-9999 -9999 -9999 -9999 -9999 -9999 -9999 -9999 -9999 -9999 -9999 -9999 -9999 -9999 -9999 -9999 -9999 -9999 -9999 -9999 -9999 -9999 -9999 -9999 -9999 -9999 -9999 -9999 -9999 -9999 -9999 -9999 -9999 -9999 -9999 -9999 -9999 -9999 -9999 -9999 -9999 -9999 -9999 -9999 -9999 -9999 -9999 928 908 969 975 964 992 992 971 1006 1035 1067 1099 1072 1065 1072 1055 981 982 1003 978 1004 984 988 995 995 966 1008 972 982 964 956 967 967 977 944 933 929 933
-9999 -9999 -9999 -9999 -9999 -9999 -9999 -9999 -9999 -9999 -9999 -9999 -9999 -9999 -9999 -9999 -9999 -9999 -9999 -9999 -9999 -9999 -9999 -9999 -9999 -9999 -9999 -9999 -9999 -9999 -9999 -9999 -9999 -9999 -9999 -9999 -9999 -9999 -9999 -9999 -9999 -9999 -9999 -9999 -9999 -9999 -9999 -9999 -9999 908 956 930 958 968 957 964 1041 1058 1050 1082 1048 1021 1081 1068 993 975 977 1026 1035 976 987 1024 964 975 963 970 975 974 939 935 944 970 931 921 919
-9999 -9999 -9999 -9999 -9999 -9999 -9999 -9999 -9999 -9999 -9999 -9999 -9999 -9999 -9999 -9999 -9999 -9999 -9999 -9999 -9999 -9999 -9999 -9999 -9999 -9999 -9999 -9999 -9999 -9999 -9999 -9999 -9999 -9999 -9999 -9999 -9999 -9999 -9999 -9999 -9999 -9999 -9999 -9999 -9999 -9999 -9999 -9999 -9999 -9999 954 941 919 952 976 962 987 990 1061 1047 1059 1008 1027 1084 1068 964 987 993 1025 990 984 962 963 987 957 963 963 922 967 931 971 931 939 928 893
-9999 -9999 -9999 -9999 -9999 -9999 -9999 -9999 -9999 -9999 -9999 -9999 -9999 -9999 -9999 -9999 -9999 -9999 -9999 -9999 -9999 -9999 -9999 -9999 -9999 -9999 -9999 -9999 -9999 -9999 -9999 -9999 -9999 -9999 -9999 -9999 -9999 -9999 -9999 -9999 -9999 -9999 -9999 -9999 -9999 -9999 -9999 -9999 -9999 -9999 -9999 -9999 905 916 955 944 959 984 998 1027 984 971 1041 1083 1028 1000 1001 971 988 1028 993 974 970 992 952 983 958 970 960 944 947 938 910 908 903
-9999 -9999 -9999 -9999 -9999 -9999 -9999 -9999 -9999 -9999 -9999 -9999 -9999 -9999 -9999 -9999 -9999 -9999 -9999 -9999 -9999 -9999 -9999 -9999 -9999 -9999 -9999 -9999 -9999 -9999 -9999 -9999 -9999 -9999 -9999 -9999 -9999 -9999 -9999 -9999 -9999 -9999 -9999 -9999 -9999 -9999 -9999 -9999 -9999 -9999 -9999 -9999 -9999 909 962 929 914 928 966 965 975 956 1001 1030 1033 1062 1006 995 1013 986 1008 1005 952 948 974 951 941 946 952 936 946 924 908 914 896
-9999 -9999 -9999 -9999 -9999 -9999 -9999 -9999 -9999 -9999 -9999 -9999 -9999 -9999 -9999 -9999 -9999 -9999 -9999 -9999 -9999 -9999 -9999 -9999 -9999 -9999 -9999 -9999 -9999 -9999 -9999 -9999 -9999 -9999 -9999 -9999 -9999 -9999 -9999 -9999 -9999 -9999 -9999 -9999 -9999 -9999 -9999 -9999 -9999 -9999 -9999 -9999 -9999 -9999 915 930 962 961 963 981 997 946 975 1004 1004 1023 1034 995 986 971 966 980 971 960 948 931 969 952 939 951 941 938 898 909 899
